1   2   3 
4   5   2 
6   7   8 
9   10   11 
12   13   14 
15   16   13 
17   18   19 
20   12   18 
21   22   4 
23   24   22 
25   26   27 
28   1   26 
29   30   28 
31   21   30 
32   33   15 
34   35   33 
36   37   20 
38   32   37 
39   40   41 
42   17   40 
43   44   42 
45   36   44 
46   47   23 
48   49   47 
50   51   31 
52   46   51 
53   54   55 
56   39   54 
57   58   48 
59   60   58 
61   62   63 
64   53   62 
65   66   59 
67   68   66 
69   70   67 
71   61   70 
72   73   56 
74   43   73 
75   76   52 
77   57   76 
78   79   80 
81   25   79 
82   83   81 
84   29   83 
85   86   84 
87   50   86 
88   89   87 
90   75   89 
91   92   34 
93   94   92 
95   96   38 
97   91   96 
98   99   45 
100   95   99 
101   102   74 
103   98   102 
104   105   106 
107   78   105 
108   109   110 
111   104   109 
112   113   6 
114   108   113 
115   112   116 
117   118   93 
119   120   118 
121   122   119 
123   124   122 
125   126   123 
127   9   126 
128   129   127 
130   131   64 
132   133   131 
134   72   133 
135   136   71 
137   130   136 
138   139   134 
140   101   139 
141   142   69 
143   135   142 
144   145   65 
146   141   145 
147   148   77 
149   144   148 
150   151   90 
152   147   151 
153   154   107 
155   156   154 
157   82   156 
158   159   157 
160   85   159 
161   162   160 
163   88   162 
164   165   163 
166   150   165 
167   168   97 
169   170   168 
171   117   170 
172   173   100 
174   167   173 
175   176   103 
177   172   176 
178   179   140 
180   175   179 
181   182   111 
183   184   182 
185   153   184 
186   187   114 
188   181   187 
189   190   115 
191   186   190 
192   193   194 
195   189   193 
196   192   128 
197   198   125 
199   196   198 
200   201   121 
202   197   201 
203   204   171 
205   200   204 
206   207   199 
208   195   207 
209   191   208 
210   211   209 
212   188   211 
213   214   212 
215   183   214 
216   217   202 
218   206   217 
219   220   218 
221   210   220 
222   223   205 
224   216   223 
225   226   221 
227   213   226 
228   229   224 
230   219   229 
231   232   230 
233   225   232 
234   235   169 
236   203   235 
237   222   236 
238   239   174 
240   234   239 
241   242   237 
243   228   242 
244   245   240 
246   241   245 
247   248   177 
249   238   248 
250   251   249 
252   244   251 
253   254   180 
255   247   254 
256   257   255 
258   250   257 
259   260   243 
261   231   260 
262   263   246 
264   259   263 
265   266   252 
267   262   266 
268   265   258 
269   270   152 
271   149   270 
272   273   271 
274   146   273 
275   276   274 
277   143   276 
278   279   166 
280   281   279 
282   269   281 
283   284   215 
285   185   284 
286   287   285 
288   155   287 
289   158   288 
290   291   227 
292   283   291 
293   294   233 
295   290   294 
296   297   261 
298   293   297 
299   300   264 
301   296   300 
302   303   267 
304   299   303 
305   306   268 
307   308   306 
309   302   308 
310   311   282 
312   272   311 
313   314   312 
315   275   314 
316   317   292 
318   286   317 
319   320   318 
321   289   320 
322   323   321 
324   161   323 
325   164   324 
326   327   295 
328   316   327 
329   330   298 
331   326   330 
332   333   301 
334   329   333 
335   336   304 
337   332   336 
338   339   309 
340   335   339 
341   342   319 
343   322   342 
344   345   328 
346   341   345 
347   348   331 
349   344   348 
350   351   343 
352   325   351 
353   354   352 
355   278   354 
356   357   334 
358   347   357 
359   360   337 
361   356   360 
362   363   340 
364   359   363 
365   366   349 
367   346   366 
368   369   367 
370   350   369 
371   372   358 
373   365   372 
374   375   370 
376   353   375 
377   378   361 
379   371   378 
380   381   364 
382   377   381 
383   384   368 
385   374   384 
386   387   373 
388   383   387 
389   390   379 
391   386   390 
392   393   382 
394   389   393 
395   396   391 
397   388   396 
398   399   394 
400   395   399 
401   402   397 
403   404   402 
405   385   404 
406   407   405 
408   409   407 
410   376   409 
411   412   410 
413   355   412 
414   280   413 
415   416   414 
417   310   416 
418   419   411 
420   415   419 
421   418   408 
422   423   400 
424   401   423 
425   426   403 
427   406   426 
428   429   427 
430   421   429 
431   432   424 
433   425   432 
434   435   307 
436   338   435 
437   438   436 
439   362   438 
440   441   439 
442   443   441 
444   380   443 
445   446   444 
447   392   446 
448   449   447 
450   398   449 
451   452   450 
453   422   452 
454   455   453 
456   457   455 
458   431   457 
459   460   433 
461   428   460 
462   463   458 
464   459   463 
465   466   417 
467   468   466 
469   313   468 
470   471   420 
472   465   471 
473   474   430 
475   470   474 
476   477   461 
478   473   477 
479   480   464 
481   476   480 
482   483   277 
484   485   483 
486   137   485 
487   488   486 
489   132   488 
490   138   489 
491   492   315 
493   482   492 
494   495   469 
496   491   495 
497   498   490 
499   500   498 
501   178   500 
502   503   501 
504   253   503 
505   506   504 
507   256   506 
508   509   507 
510   305   509 
511   434   510 
512   513   487 
514   497   513 
515   512   484 
516   517   493 
518   515   517 
519   520   496 
521   516   520 
522   523   456 
524   462   523 
525   526   524 
527   479   526 
528   529   454 
530   531   529 
532   522   531 
533   534   451 
535   528   534 
536   537   448 
538   539   537 
540   533   539 
541   542   445 
543   536   542 
544   541   442 
545   546   440 
547   544   546 
548   549   437 
550   551   549 
552   545   551 
553   554   511 
555   548   554 
556   557   508 
558   553   557 
559   556   505 
560   561   502 
562   559   561 
563   564   499 
565   560   564 
566   567   514 
568   563   567 
569   570   518 
571   566   570 
572   573   521 
574   569   573 
575   576   555 
577   550   576 
578   579   558 
580   581   579 
582   575   581 
583   584   562 
585   578   584 
586   587   565 
588   583   587 
589   590   568 
591   586   590 
592   589   571 
593   594   574 
595   592   594 
596   597   577 
598   552   597 
599   600   595 
601   591   600 
602   603   601 
604   588   603 
605   606   604 
607   585   606 
608   580   607 
609   610   598 
611   612   610 
613   547   612 
614   615   613 
616   543   615 
617   618   616 
619   538   618 
620   621   619 
622   540   621 
623   624   622 
625   535   624 
626   627   625 
628   530   627 
629   630   628 
631   532   630 
632   633   631 
634   525   633 
635   636   608 
637   582   636 
638   639   637 
640   596   639 
641   642   640 
643   609   642 
644   645   605 
646   647   645 
648   635   647 
649   650   602 
651   644   650 
652   653   599 
654   649   653 
655   656   593 
657   658   656 
659   652   658 
660   661   572 
662   655   661 
663   664   662 
665   657   664 
666   667   665 
668   659   667 
669   670   668 
671   654   670 
672   673   671 
674   651   673 
675   646   674 
676   677   648 
678   638   677 
679   680   678 
681   641   680 
682   683   675 
684   676   683 
685   686   684 
687   679   686 
688   689   672 
690   691   689 
692   682   691 
693   694   692 
695   685   694 
696   697   669 
698   688   697 
699   700   611 
701   614   700 
702   703   643 
704   699   703 
705   706   681 
707   702   706 
708   709   687 
710   705   709 
711   712   701 
713   617   712 
714   715   713 
716   620   715 
717   718   695 
719   708   718 
720   721   666 
722   723   721 
724   696   723 
725   726   716 
727   728   726 
729   623   728 
730   731   729 
732   626   731 
733   734   732 
735   629   734 
736   737   735 
738   632   737 
739   740   704 
741   742   740 
743   711   742 
744   739   707 
745   746   710 
747   744   746 
748   749   719 
750   745   749 
751   752   747 
753   741   752 
754   755   750 
756   757   755 
758   751   757 
759   760   748 
761   754   760 
762   763   717 
764   765   763 
766   759   765 
767   768   693 
769   762   768 
770   767   690 
771   772   698 
773   770   772 
774   775   724 
776   771   775 
777   778   769 
779   764   778 
780   781   773 
782   777   781 
783   784   776 
785   780   784 
786   787   785 
788   782   787 
789   790   753 
791   792   790 
793   743   792 
794   795   793 
796   714   795 
797   798   796 
799   725   798 
800   801   758 
802   789   801 
803   804   791 
805   794   804 
806   807   802 
808   803   807 
809   810   805 
811   797   810 
812   813   779 
814   766   813 
815   816   788 
817   812   816 
818   819   814 
820   761   819 
821   822   820 
823   756   822 
824   825   823 
826   800   825 
827   828   826 
829   806   828 
830   831   808 
832   833   831 
834   809   833 
835   836   829 
837   830   836 
838   839   634 
840   527   839 
841   842   738 
843   838   842 
844   845   817 
846   847   845 
848   818   847 
849   850   848 
851   821   850 
852   853   849 
854   855   856 
857   851   855 
858   824   857 
859   860   858 
861   827   860 
862   863   846 
864   852   863 
865   866   854 
867   859   866 
868   865   869 
870   871   862 
872   873   871 
874   870   844 
875   876   815 
877   874   876 
878   872   877 
879   880   878 
881   882   861 
883   835   882 
884   881   867 
885   886   868 
887   884   886 
888   885   889 
890   891   892 
893   888   891 
894   887   893 
895   896   894 
897   883   896 
898   899   897 
900   837   899 
901   832   900 
902   903   519 
904   905   903 
906   660   905 
907   908   906 
909   663   908 
910   911   909 
912   720   911 
913   914   494 
915   902   914 
916   917   467 
918   913   917 
919   916   472 
920   921   475 
922   919   921 
923   924   478 
925   920   924 
926   927   481 
928   923   927 
929   930   840 
931   926   930 
932   933   922 
934   918   933 
935   936   934 
937   915   936 
938   939   937 
940   904   939 
941   942   940 
943   907   942 
944   910   943 
945   946   925 
947   932   946 
948   949   928 
950   945   949 
951   948   931 
952   953   947 
954   935   953 
955   956   954 
957   938   956 
958   959   957 
960   941   959 
961   962   950 
963   952   962 
964   965   951 
966   961   965 
967   968   929 
969   964   968 
970   971   843 
972   967   971 
973   974   963 
975   976   974 
977   955   976 
978   979   977 
980   958   979 
981   982   966 
983   973   982 
984   985   969 
986   981   985 
987   988   972 
989   984   988 
990   991   960 
992   944   991 
993   994   980 
995   990   994 
996   997   992 
998   999   997 
1000   912   999 
1001   722   1000 
1002   1003   1001 
1004   774   1003 
1005   1006   1004 
1007   783   1006 
1008   1009   1007 
1010   786   1009 
1011   1012   1010 
1013   875   1012 
1014   1015   1013 
1016   879   1015 
1017   1018   1016 
1019   1020   1018 
1021   1022   998 
1023   1002   1022 
1024   1025   1023 
1026   1005   1025 
1027   1028   1026 
1029   1008   1028 
1030   1011   1029 
1031   1032   1030 
1017   1014   1032 
1033   1034   1019 
1035   1036   1034 
1037   1038   1031 
1039   1033   1038 
1040   1041   1027 
1042   1037   1041 
1043   1044   1024 
1045   1040   1044 
1046   1047   1042 
1048   1039   1047 
1049   1050   1045 
1051   1046   1050 
1052   1053   1048 
1054   1035   1053 
1055   1056   1054 
1057   1058   975 
1059   978   1058 
1060   1061   983 
1062   1057   1061 
1063   1064   986 
1065   1060   1064 
1066   1067   1059 
1068   993   1067 
1069   1070   989 
1071   1063   1070 
1072   1073   996 
1074   1021   1073 
1075   1076   1074 
1077   1043   1076 
1078   1049   1077 
1079   1080   995 
1081   1072   1080 
1082   1083   1068 
1084   1079   1083 
1085   1086   1081 
1087   1075   1086 
1088   1089   1087 
1090   1078   1089 
1091   1092   1090 
1093   1051   1092 
1094   1052   1093 
1095   1096   1094 
1097   1055   1096 
1098   1099   1097 
1100   1101   1098 
1102   890   1101 
1103   1104   1102 
1105   895   1104 
1106   1107   1105 
1108   898   1107 
1109   1110   1100 
1111   1103   1110 
1112   1109   1095 
1113   1114   1111 
1115   1106   1114 
1116   1117   1112 
1118   1113   1117 
1119   1116   1091 
1120   1121   1088 
1122   1119   1121 
1123   1118   1122 
1124   1125   1084 
1126   1085   1125 
1127   1120   1126 
1128   1129   1123 
1130   1115   1129 
1131   1108   1130 
1132   901   1131 
1133   1134   1127 
1135   1128   1134 
1136   1137   1135 
1138   1132   1137 
1139   834   1138 
1140   1141   1133 
1142   1136   1141 
1143   1144   1142 
1145   1139   1144 
1146   811   1145 
1147   1148   1124 
1149   1140   1148 
1150   1151   1082 
1152   1153   1151 
1154   1147   1153 
1155   1156   1066 
1157   1150   1156 
1158   1159   1062 
1160   1155   1159 
1161   1158   1065 
1162   1163   1071 
1164   1165   1163 
1166   1161   1165 
1167   1168   1166 
1169   1160   1168 
1170   1171   1169 
1172   1157   1171 
1173   1174   1172 
1175   1152   1174 
1176   1177   1175 
1178   1154   1177 
1179   1180   1178 
1181   1149   1180 
1182   1183   1181 
1184   1143   1183 
1185   1186   1184 
1187   1146   1186 
1188   1189   1187 
1190   799   1189 
1191   1192   1190 
1193   727   1192 
1194   730   1193 
1195   1196   1194 
1197   733   1196 
1198   1199   1197 
1200   736   1199 
1201   1202   1164 
1203   1167   1202 
1204   1205   1203 
1206   1170   1205 
1207   1208   1206 
1209   1173   1208 
1210   1211   1209 
1212   1176   1211 
1213   1214   1212 
1215   1179   1214 
1216   1217   1215 
1218   1182   1217 
1219   1185   1218 
1220   1221   1219 
1222   1188   1221 
1223   1191   1222 
1224   1225   1223 
1226   1195   1225 
1227   1228   1226 
1229   1198   1228 
1230   1231   1216 
1232   1220   1231 
1233   1234   1232 
1235   1224   1234 
1236   1237   1235 
1238   1227   1237 
1239   1240   1213 
1241   1242   1240 
1243   1230   1242 
1244   1245   1210 
1246   1239   1245 
1247   1248   1207 
1249   1244   1248 
1250   1251   1204 
1252   1247   1251 
1253   1254   1233 
1255   1236   1254 
1256   1257   1243 
1258   1253   1257 
1259   1260   1241 
1261   1256   1260 
1262   1259   1246 
1263   1264   1249 
1265   1262   1264 
1266   1265   1267 
1268   1269   1263 
1270   1268   1252 
1271   1272   1270 
1273   1266   1274 
1275   1261   1273 
1276   1258   1275 
1277   1276   1278 
1279   1280   1250 
1281   1271   1280 
1282   1283   1281 
1284   1285   1201 
1286   1279   1285 
1287   1284   1162 
1288   1289   1286 
1290   1282   1289 
1291   1292   1290 
1293   1294   1287 
1295   1288   1294 
1296   1297   1069 
1298   1293   1297 
1299   1300   1277 
1301   1255   1300 
1302   1299   1303 
1304   1238   1301 
1305   1306   1295 
1307   1291   1306 
1308   1305   1298 
1309   1310   1307 
1311   1312   987 
1313   1296   1312 
1314   1311   970 
1315   1316   841 
1317   1314   1316 
1318   1319   1200 
1320   1315   1319 
1321   1322   1229 
1323   1318   1322 
1324   1325   1304 
1326   1321   1325 
1327   1324   1302 
1328   1327   1329 
1330   1331   1313 
1332   1308   1331 
1333   1334   1332 
1335   1309   1334 
1336   1337   1317 
1338   1330   1337 
1339   1336   1320 
1340   1333   1338 
1341   1342   1335 
1343   1344   1323 
1345   1339   1344 
1346   1347   1345 
1341   1340   1347 
1348   1349   1346 
1350   1328   1348 
1343   1326   1350 
1351   3   2 
1352   1   3 
1353   2   1 
1351   2   5 
1353   4   2 
1354   5   4 
1355   8   7 
1356   6   8 
1357   7   6 
1358   11   10 
1359   9   11 
1360   10   9 
1361   14   13 
1362   12   14 
1363   13   12 
1361   13   16 
1363   15   13 
1364   16   15 
1362   19   18 
1365   17   19 
1366   18   17 
1362   18   12 
1366   20   18 
1363   12   20 
1354   4   22 
1353   21   4 
1367   22   21 
1354   22   24 
1367   23   22 
1368   24   23 
1352   27   26 
1369   25   27 
1370   26   25 
1352   26   1 
1370   28   26 
1353   1   28 
1353   28   30 
1370   29   28 
1371   30   29 
1353   30   21 
1371   31   30 
1367   21   31 
1364   15   33 
1363   32   15 
1372   33   32 
1364   33   35 
1372   34   33 
1373   35   34 
1363   20   37 
1366   36   20 
1374   37   36 
1363   37   32 
1374   38   37 
1372   32   38 
1365   41   40 
1375   39   41 
1376   40   39 
1365   40   17 
1376   42   40 
1366   17   42 
1366   42   44 
1376   43   42 
1377   44   43 
1366   44   36 
1377   45   44 
1374   36   45 
1368   23   47 
1367   46   23 
1378   47   46 
1368   47   49 
1378   48   47 
1379   49   48 
1367   31   51 
1371   50   31 
1380   51   50 
1367   51   46 
1380   52   51 
1378   46   52 
1375   55   54 
1381   53   55 
1382   54   53 
1375   54   39 
1382   56   54 
1376   39   56 
1379   48   58 
1378   57   48 
1383   58   57 
1379   58   60 
1383   59   58 
1384   60   59 
1381   63   62 
1385   61   63 
1386   62   61 
1381   62   53 
1386   64   62 
1382   53   64 
1384   59   66 
1383   65   59 
1387   66   65 
1384   66   68 
1387   67   66 
1385   68   67 
1385   67   70 
1387   69   67 
1388   70   69 
1385   70   61 
1388   71   70 
1386   61   71 
1376   56   73 
1382   72   56 
1389   73   72 
1376   73   43 
1389   74   73 
1377   43   74 
1378   52   76 
1380   75   52 
1390   76   75 
1378   76   57 
1390   77   76 
1383   57   77 
1369   80   79 
1391   78   80 
1392   79   78 
1369   79   25 
1392   81   79 
1370   25   81 
1370   81   83 
1392   82   81 
1393   83   82 
1370   83   29 
1393   84   83 
1371   29   84 
1371   84   86 
1393   85   84 
1394   86   85 
1371   86   50 
1394   87   86 
1380   50   87 
1380   87   89 
1394   88   87 
1395   89   88 
1380   89   75 
1395   90   89 
1390   75   90 
1373   34   92 
1372   91   34 
1396   92   91 
1373   92   94 
1396   93   92 
1397   94   93 
1372   38   96 
1374   95   38 
1398   96   95 
1372   96   91 
1398   97   96 
1396   91   97 
1374   45   99 
1377   98   45 
1399   99   98 
1374   99   95 
1399   100   99 
1398   95   100 
1377   74   102 
1389   101   74 
1400   102   101 
1377   102   98 
1400   103   102 
1399   98   103 
1391   106   105 
1401   104   106 
1402   105   104 
1391   105   78 
1402   107   105 
1392   78   107 
1401   110   109 
1357   108   110 
1403   109   108 
1401   109   104 
1403   111   109 
1402   104   111 
1357   6   113 
1356   112   6 
1404   113   112 
1357   113   108 
1404   114   113 
1403   108   114 
1356   116   112 
1405   115   116 
1404   112   115 
1397   93   118 
1396   117   93 
1406   118   117 
1397   118   120 
1406   119   118 
1407   120   119 
1407   119   122 
1406   121   119 
1408   122   121 
1407   122   124 
1408   123   122 
1359   124   123 
1359   123   126 
1408   125   123 
1409   126   125 
1359   126   9 
1409   127   126 
1360   9   127 
1360   127   129 
1409   128   127 
1410   129   128 
1382   64   131 
1386   130   64 
1411   131   130 
1382   131   133 
1411   132   131 
1412   133   132 
1382   133   72 
1412   134   133 
1389   72   134 
1386   71   136 
1388   135   71 
1413   136   135 
1386   136   130 
1413   137   136 
1411   130   137 
1389   134   139 
1412   138   134 
1414   139   138 
1389   139   101 
1414   140   139 
1400   101   140 
1388   69   142 
1387   141   69 
1415   142   141 
1388   142   135 
1415   143   142 
1413   135   143 
1387   65   145 
1383   144   65 
1416   145   144 
1387   145   141 
1416   146   145 
1415   141   146 
1383   77   148 
1390   147   77 
1417   148   147 
1383   148   144 
1417   149   148 
1416   144   149 
1390   90   151 
1395   150   90 
1418   151   150 
1390   151   147 
1418   152   151 
1417   147   152 
1392   107   154 
1402   153   107 
1419   154   153 
1392   154   156 
1419   155   154 
1420   156   155 
1392   156   82 
1420   157   156 
1393   82   157 
1393   157   159 
1420   158   157 
1421   159   158 
1393   159   85 
1421   160   159 
1394   85   160 
1394   160   162 
1421   161   160 
1422   162   161 
1394   162   88 
1422   163   162 
1395   88   163 
1395   163   165 
1422   164   163 
1423   165   164 
1395   165   150 
1423   166   165 
1418   150   166 
1396   97   168 
1398   167   97 
1424   168   167 
1396   168   170 
1424   169   168 
1425   170   169 
1396   170   117 
1425   171   170 
1406   117   171 
1398   100   173 
1399   172   100 
1426   173   172 
1398   173   167 
1426   174   173 
1424   167   174 
1399   103   176 
1400   175   103 
1427   176   175 
1399   176   172 
1427   177   176 
1426   172   177 
1400   140   179 
1414   178   140 
1428   179   178 
1400   179   175 
1428   180   179 
1427   175   180 
1402   111   182 
1403   181   111 
1429   182   181 
1402   182   184 
1429   183   182 
1430   184   183 
1402   184   153 
1430   185   184 
1419   153   185 
1403   114   187 
1404   186   114 
1431   187   186 
1403   187   181 
1431   188   187 
1429   181   188 
1404   115   190 
1405   189   115 
1432   190   189 
1404   190   186 
1432   191   190 
1431   186   191 
1405   194   193 
1410   192   194 
1433   193   192 
1405   193   189 
1433   195   193 
1432   189   195 
1410   128   192 
1409   196   128 
1433   192   196 
1409   125   198 
1408   197   125 
1434   198   197 
1409   198   196 
1434   199   198 
1433   196   199 
1408   121   201 
1406   200   121 
1435   201   200 
1408   201   197 
1435   202   201 
1434   197   202 
1406   171   204 
1425   203   171 
1436   204   203 
1406   204   200 
1436   205   204 
1435   200   205 
1433   199   207 
1434   206   199 
1437   207   206 
1433   207   195 
1437   208   207 
1432   195   208 
1432   208   191 
1437   209   208 
1431   191   209 
1431   209   211 
1437   210   209 
1438   211   210 
1431   211   188 
1438   212   211 
1429   188   212 
1429   212   214 
1438   213   212 
1439   214   213 
1429   214   183 
1439   215   214 
1430   183   215 
1434   202   217 
1435   216   202 
1440   217   216 
1434   217   206 
1440   218   217 
1437   206   218 
1437   218   220 
1440   219   218 
1441   220   219 
1437   220   210 
1441   221   220 
1438   210   221 
1435   205   223 
1436   222   205 
1442   223   222 
1435   223   216 
1442   224   223 
1440   216   224 
1438   221   226 
1441   225   221 
1443   226   225 
1438   226   213 
1443   227   226 
1439   213   227 
1440   224   229 
1442   228   224 
1444   229   228 
1440   229   219 
1444   230   229 
1441   219   230 
1441   230   232 
1444   231   230 
1445   232   231 
1441   232   225 
1445   233   232 
1443   225   233 
1425   169   235 
1424   234   169 
1446   235   234 
1425   235   203 
1446   236   235 
1436   203   236 
1436   236   222 
1446   237   236 
1442   222   237 
1424   174   239 
1426   238   174 
1447   239   238 
1424   239   234 
1447   240   239 
1446   234   240 
1442   237   242 
1446   241   237 
1448   242   241 
1442   242   228 
1448   243   242 
1444   228   243 
1446   240   245 
1447   244   240 
1449   245   244 
1446   245   241 
1449   246   245 
1448   241   246 
1426   177   248 
1427   247   177 
1450   248   247 
1426   248   238 
1450   249   248 
1447   238   249 
1447   249   251 
1450   250   249 
1451   251   250 
1447   251   244 
1451   252   251 
1449   244   252 
1427   180   254 
1428   253   180 
1452   254   253 
1427   254   247 
1452   255   254 
1450   247   255 
1450   255   257 
1452   256   255 
1453   257   256 
1450   257   250 
1453   258   257 
1451   250   258 
1444   243   260 
1448   259   243 
1454   260   259 
1444   260   231 
1454   261   260 
1445   231   261 
1448   246   263 
1449   262   246 
1455   263   262 
1448   263   259 
1455   264   263 
1454   259   264 
1449   252   266 
1451   265   252 
1456   266   265 
1449   266   262 
1456   267   266 
1455   262   267 
1451   258   265 
1453   268   258 
1456   265   268 
1417   152   270 
1418   269   152 
1457   270   269 
1417   270   149 
1457   271   270 
1416   149   271 
1416   271   273 
1457   272   271 
1458   273   272 
1416   273   146 
1458   274   273 
1415   146   274 
1415   274   276 
1458   275   274 
1459   276   275 
1415   276   143 
1459   277   276 
1413   143   277 
1418   166   279 
1423   278   166 
1460   279   278 
1418   279   281 
1460   280   279 
1461   281   280 
1418   281   269 
1461   282   281 
1457   269   282 
1430   215   284 
1439   283   215 
1462   284   283 
1430   284   185 
1462   285   284 
1419   185   285 
1419   285   287 
1462   286   285 
1463   287   286 
1419   287   155 
1463   288   287 
1420   155   288 
1420   288   158 
1463   289   288 
1421   158   289 
1439   227   291 
1443   290   227 
1464   291   290 
1439   291   283 
1464   292   291 
1462   283   292 
1443   233   294 
1445   293   233 
1465   294   293 
1443   294   290 
1465   295   294 
1464   290   295 
1445   261   297 
1454   296   261 
1466   297   296 
1445   297   293 
1466   298   297 
1465   293   298 
1454   264   300 
1455   299   264 
1467   300   299 
1454   300   296 
1467   301   300 
1466   296   301 
1455   267   303 
1456   302   267 
1468   303   302 
1455   303   299 
1468   304   303 
1467   299   304 
1456   268   306 
1453   305   268 
1469   306   305 
1456   306   308 
1469   307   306 
1470   308   307 
1456   308   302 
1470   309   308 
1468   302   309 
1457   282   311 
1461   310   282 
1471   311   310 
1457   311   272 
1471   312   311 
1458   272   312 
1458   312   314 
1471   313   312 
1472   314   313 
1458   314   275 
1472   315   314 
1459   275   315 
1462   292   317 
1464   316   292 
1473   317   316 
1462   317   286 
1473   318   317 
1463   286   318 
1463   318   320 
1473   319   318 
1474   320   319 
1463   320   289 
1474   321   320 
1421   289   321 
1421   321   323 
1474   322   321 
1475   323   322 
1421   323   161 
1475   324   323 
1422   161   324 
1422   324   164 
1475   325   324 
1423   164   325 
1464   295   327 
1465   326   295 
1476   327   326 
1464   327   316 
1476   328   327 
1473   316   328 
1465   298   330 
1466   329   298 
1477   330   329 
1465   330   326 
1477   331   330 
1476   326   331 
1466   301   333 
1467   332   301 
1478   333   332 
1466   333   329 
1478   334   333 
1477   329   334 
1467   304   336 
1468   335   304 
1479   336   335 
1467   336   332 
1479   337   336 
1478   332   337 
1468   309   339 
1470   338   309 
1480   339   338 
1468   339   335 
1480   340   339 
1479   335   340 
1474   319   342 
1473   341   319 
1481   342   341 
1474   342   322 
1481   343   342 
1475   322   343 
1473   328   345 
1476   344   328 
1482   345   344 
1473   345   341 
1482   346   345 
1481   341   346 
1476   331   348 
1477   347   331 
1483   348   347 
1476   348   344 
1483   349   348 
1482   344   349 
1475   343   351 
1481   350   343 
1484   351   350 
1475   351   325 
1484   352   351 
1423   325   352 
1423   352   354 
1484   353   352 
1485   354   353 
1423   354   278 
1485   355   354 
1460   278   355 
1477   334   357 
1478   356   334 
1486   357   356 
1477   357   347 
1486   358   357 
1483   347   358 
1478   337   360 
1479   359   337 
1487   360   359 
1478   360   356 
1487   361   360 
1486   356   361 
1479   340   363 
1480   362   340 
1488   363   362 
1479   363   359 
1488   364   363 
1487   359   364 
1482   349   366 
1483   365   349 
1489   366   365 
1482   366   346 
1489   367   366 
1481   346   367 
1481   367   369 
1489   368   367 
1490   369   368 
1481   369   350 
1490   370   369 
1484   350   370 
1483   358   372 
1486   371   358 
1491   372   371 
1483   372   365 
1491   373   372 
1489   365   373 
1484   370   375 
1490   374   370 
1492   375   374 
1484   375   353 
1492   376   375 
1485   353   376 
1486   361   378 
1487   377   361 
1493   378   377 
1486   378   371 
1493   379   378 
1491   371   379 
1487   364   381 
1488   380   364 
1494   381   380 
1487   381   377 
1494   382   381 
1493   377   382 
1490   368   384 
1489   383   368 
1495   384   383 
1490   384   374 
1495   385   384 
1492   374   385 
1489   373   387 
1491   386   373 
1496   387   386 
1489   387   383 
1496   388   387 
1495   383   388 
1491   379   390 
1493   389   379 
1497   390   389 
1491   390   386 
1497   391   390 
1496   386   391 
1493   382   393 
1494   392   382 
1498   393   392 
1493   393   389 
1498   394   393 
1497   389   394 
1496   391   396 
1497   395   391 
1499   396   395 
1496   396   388 
1499   397   396 
1495   388   397 
1497   394   399 
1498   398   394 
1500   399   398 
1497   399   395 
1500   400   399 
1499   395   400 
1495   397   402 
1499   401   397 
1501   402   401 
1495   402   404 
1501   403   402 
1502   404   403 
1495   404   385 
1502   405   404 
1492   385   405 
1492   405   407 
1502   406   405 
1503   407   406 
1492   407   409 
1503   408   407 
1504   409   408 
1492   409   376 
1504   410   409 
1485   376   410 
1485   410   412 
1504   411   410 
1505   412   411 
1485   412   355 
1505   413   412 
1460   355   413 
1460   413   280 
1505   414   413 
1461   280   414 
1461   414   416 
1505   415   414 
1506   416   415 
1461   416   310 
1506   417   416 
1471   310   417 
1505   411   419 
1504   418   411 
1507   419   418 
1505   419   415 
1507   420   419 
1506   415   420 
1504   408   418 
1503   421   408 
1507   418   421 
1499   400   423 
1500   422   400 
1508   423   422 
1499   423   401 
1508   424   423 
1501   401   424 
1502   403   426 
1501   425   403 
1509   426   425 
1502   426   406 
1509   427   426 
1503   406   427 
1503   427   429 
1509   428   427 
1510   429   428 
1503   429   421 
1510   430   429 
1507   421   430 
1501   424   432 
1508   431   424 
1511   432   431 
1501   432   425 
1511   433   432 
1509   425   433 
1470   307   435 
1469   434   307 
1512   435   434 
1470   435   338 
1512   436   435 
1480   338   436 
1480   436   438 
1512   437   436 
1513   438   437 
1480   438   362 
1513   439   438 
1488   362   439 
1488   439   441 
1513   440   439 
1514   441   440 
1488   441   443 
1514   442   441 
1515   443   442 
1488   443   380 
1515   444   443 
1494   380   444 
1494   444   446 
1515   445   444 
1516   446   445 
1494   446   392 
1516   447   446 
1498   392   447 
1498   447   449 
1516   448   447 
1517   449   448 
1498   449   398 
1517   450   449 
1500   398   450 
1500   450   452 
1517   451   450 
1518   452   451 
1500   452   422 
1518   453   452 
1508   422   453 
1508   453   455 
1518   454   453 
1519   455   454 
1508   455   457 
1519   456   455 
1520   457   456 
1508   457   431 
1520   458   457 
1511   431   458 
1509   433   460 
1511   459   433 
1521   460   459 
1509   460   428 
1521   461   460 
1510   428   461 
1511   458   463 
1520   462   458 
1522   463   462 
1511   463   459 
1522   464   463 
1521   459   464 
1471   417   466 
1506   465   417 
1523   466   465 
1471   466   468 
1523   467   466 
1524   468   467 
1471   468   313 
1524   469   468 
1472   313   469 
1506   420   471 
1507   470   420 
1525   471   470 
1506   471   465 
1525   472   471 
1523   465   472 
1507   430   474 
1510   473   430 
1526   474   473 
1507   474   470 
1526   475   474 
1525   470   475 
1510   461   477 
1521   476   461 
1527   477   476 
1510   477   473 
1527   478   477 
1526   473   478 
1521   464   480 
1522   479   464 
1528   480   479 
1521   480   476 
1528   481   480 
1527   476   481 
1413   277   483 
1459   482   277 
1529   483   482 
1413   483   485 
1529   484   483 
1530   485   484 
1413   485   137 
1530   486   485 
1411   137   486 
1411   486   488 
1530   487   486 
1531   488   487 
1411   488   132 
1531   489   488 
1412   132   489 
1412   489   138 
1531   490   489 
1414   138   490 
1459   315   492 
1472   491   315 
1532   492   491 
1459   492   482 
1532   493   492 
1529   482   493 
1472   469   495 
1524   494   469 
1533   495   494 
1472   495   491 
1533   496   495 
1532   491   496 
1414   490   498 
1531   497   490 
1534   498   497 
1414   498   500 
1534   499   498 
1535   500   499 
1414   500   178 
1535   501   500 
1428   178   501 
1428   501   503 
1535   502   501 
1536   503   502 
1428   503   253 
1536   504   503 
1452   253   504 
1452   504   506 
1536   505   504 
1537   506   505 
1452   506   256 
1537   507   506 
1453   256   507 
1453   507   509 
1537   508   507 
1538   509   508 
1453   509   305 
1538   510   509 
1469   305   510 
1469   510   434 
1538   511   510 
1512   434   511 
1531   487   513 
1530   512   487 
1539   513   512 
1531   513   497 
1539   514   513 
1534   497   514 
1530   484   512 
1529   515   484 
1539   512   515 
1529   493   517 
1532   516   493 
1540   517   516 
1529   517   515 
1540   518   517 
1539   515   518 
1532   496   520 
1533   519   496 
1541   520   519 
1532   520   516 
1541   521   520 
1540   516   521 
1520   456   523 
1519   522   456 
1542   523   522 
1520   523   462 
1542   524   523 
1522   462   524 
1522   524   526 
1542   525   524 
1543   526   525 
1522   526   479 
1543   527   526 
1528   479   527 
1519   454   529 
1518   528   454 
1544   529   528 
1519   529   531 
1544   530   529 
1545   531   530 
1519   531   522 
1545   532   531 
1542   522   532 
1518   451   534 
1517   533   451 
1546   534   533 
1518   534   528 
1546   535   534 
1544   528   535 
1517   448   537 
1516   536   448 
1547   537   536 
1517   537   539 
1547   538   537 
1548   539   538 
1517   539   533 
1548   540   539 
1546   533   540 
1516   445   542 
1515   541   445 
1549   542   541 
1516   542   536 
1549   543   542 
1547   536   543 
1515   442   541 
1514   544   442 
1549   541   544 
1514   440   546 
1513   545   440 
1550   546   545 
1514   546   544 
1550   547   546 
1549   544   547 
1513   437   549 
1512   548   437 
1551   549   548 
1513   549   551 
1551   550   549 
1552   551   550 
1513   551   545 
1552   552   551 
1550   545   552 
1512   511   554 
1538   553   511 
1553   554   553 
1512   554   548 
1553   555   554 
1551   548   555 
1538   508   557 
1537   556   508 
1554   557   556 
1538   557   553 
1554   558   557 
1553   553   558 
1537   505   556 
1536   559   505 
1554   556   559 
1536   502   561 
1535   560   502 
1555   561   560 
1536   561   559 
1555   562   561 
1554   559   562 
1535   499   564 
1534   563   499 
1556   564   563 
1535   564   560 
1556   565   564 
1555   560   565 
1534   514   567 
1539   566   514 
1557   567   566 
1534   567   563 
1557   568   567 
1556   563   568 
1539   518   570 
1540   569   518 
1558   570   569 
1539   570   566 
1558   571   570 
1557   566   571 
1540   521   573 
1541   572   521 
1559   573   572 
1540   573   569 
1559   574   573 
1558   569   574 
1551   555   576 
1553   575   555 
1560   576   575 
1551   576   550 
1560   577   576 
1552   550   577 
1553   558   579 
1554   578   558 
1561   579   578 
1553   579   581 
1561   580   579 
1562   581   580 
1553   581   575 
1562   582   581 
1560   575   582 
1554   562   584 
1555   583   562 
1563   584   583 
1554   584   578 
1563   585   584 
1561   578   585 
1555   565   587 
1556   586   565 
1564   587   586 
1555   587   583 
1564   588   587 
1563   583   588 
1556   568   590 
1557   589   568 
1565   590   589 
1556   590   586 
1565   591   590 
1564   586   591 
1557   571   589 
1558   592   571 
1565   589   592 
1558   574   594 
1559   593   574 
1566   594   593 
1558   594   592 
1566   595   594 
1565   592   595 
1552   577   597 
1560   596   577 
1567   597   596 
1552   597   552 
1567   598   597 
1550   552   598 
1565   595   600 
1566   599   595 
1568   600   599 
1565   600   591 
1568   601   600 
1564   591   601 
1564   601   603 
1568   602   601 
1569   603   602 
1564   603   588 
1569   604   603 
1563   588   604 
1563   604   606 
1569   605   604 
1570   606   605 
1563   606   585 
1570   607   606 
1561   585   607 
1561   607   580 
1570   608   607 
1562   580   608 
1550   598   610 
1567   609   598 
1571   610   609 
1550   610   612 
1571   611   610 
1572   612   611 
1550   612   547 
1572   613   612 
1549   547   613 
1549   613   615 
1572   614   613 
1573   615   614 
1549   615   543 
1573   616   615 
1547   543   616 
1547   616   618 
1573   617   616 
1574   618   617 
1547   618   538 
1574   619   618 
1548   538   619 
1548   619   621 
1574   620   619 
1575   621   620 
1548   621   540 
1575   622   621 
1546   540   622 
1546   622   624 
1575   623   622 
1576   624   623 
1546   624   535 
1576   625   624 
1544   535   625 
1544   625   627 
1576   626   625 
1577   627   626 
1544   627   530 
1577   628   627 
1545   530   628 
1545   628   630 
1577   629   628 
1578   630   629 
1545   630   532 
1578   631   630 
1542   532   631 
1542   631   633 
1578   632   631 
1579   633   632 
1542   633   525 
1579   634   633 
1543   525   634 
1562   608   636 
1570   635   608 
1580   636   635 
1562   636   582 
1580   637   636 
1560   582   637 
1560   637   639 
1580   638   637 
1581   639   638 
1560   639   596 
1581   640   639 
1567   596   640 
1567   640   642 
1581   641   640 
1582   642   641 
1567   642   609 
1582   643   642 
1571   609   643 
1570   605   645 
1569   644   605 
1583   645   644 
1570   645   647 
1583   646   645 
1584   647   646 
1570   647   635 
1584   648   647 
1580   635   648 
1569   602   650 
1568   649   602 
1585   650   649 
1569   650   644 
1585   651   650 
1583   644   651 
1568   599   653 
1566   652   599 
1586   653   652 
1568   653   649 
1586   654   653 
1585   649   654 
1566   593   656 
1559   655   593 
1587   656   655 
1566   656   658 
1587   657   656 
1588   658   657 
1566   658   652 
1588   659   658 
1586   652   659 
1559   572   661 
1541   660   572 
1589   661   660 
1559   661   655 
1589   662   661 
1587   655   662 
1587   662   664 
1589   663   662 
1590   664   663 
1587   664   657 
1590   665   664 
1588   657   665 
1588   665   667 
1590   666   665 
1591   667   666 
1588   667   659 
1591   668   667 
1586   659   668 
1586   668   670 
1591   669   668 
1592   670   669 
1586   670   654 
1592   671   670 
1585   654   671 
1585   671   673 
1592   672   671 
1593   673   672 
1585   673   651 
1593   674   673 
1583   651   674 
1583   674   646 
1593   675   674 
1584   646   675 
1580   648   677 
1584   676   648 
1594   677   676 
1580   677   638 
1594   678   677 
1581   638   678 
1581   678   680 
1594   679   678 
1595   680   679 
1581   680   641 
1595   681   680 
1582   641   681 
1584   675   683 
1593   682   675 
1596   683   682 
1584   683   676 
1596   684   683 
1594   676   684 
1594   684   686 
1596   685   684 
1597   686   685 
1594   686   679 
1597   687   686 
1595   679   687 
1593   672   689 
1592   688   672 
1598   689   688 
1593   689   691 
1598   690   689 
1599   691   690 
1593   691   682 
1599   692   691 
1596   682   692 
1596   692   694 
1599   693   692 
1600   694   693 
1596   694   685 
1600   695   694 
1597   685   695 
1592   669   697 
1591   696   669 
1601   697   696 
1592   697   688 
1601   698   697 
1598   688   698 
1572   611   700 
1571   699   611 
1602   700   699 
1572   700   614 
1602   701   700 
1573   614   701 
1571   643   703 
1582   702   643 
1603   703   702 
1571   703   699 
1603   704   703 
1602   699   704 
1582   681   706 
1595   705   681 
1604   706   705 
1582   706   702 
1604   707   706 
1603   702   707 
1595   687   709 
1597   708   687 
1605   709   708 
1595   709   705 
1605   710   709 
1604   705   710 
1573   701   712 
1602   711   701 
1606   712   711 
1573   712   617 
1606   713   712 
1574   617   713 
1574   713   715 
1606   714   713 
1607   715   714 
1574   715   620 
1607   716   715 
1575   620   716 
1597   695   718 
1600   717   695 
1608   718   717 
1597   718   708 
1608   719   718 
1605   708   719 
1591   666   721 
1590   720   666 
1609   721   720 
1591   721   723 
1609   722   721 
1610   723   722 
1591   723   696 
1610   724   723 
1601   696   724 
1575   716   726 
1607   725   716 
1611   726   725 
1575   726   728 
1611   727   726 
1612   728   727 
1575   728   623 
1612   729   728 
1576   623   729 
1576   729   731 
1612   730   729 
1613   731   730 
1576   731   626 
1613   732   731 
1577   626   732 
1577   732   734 
1613   733   732 
1614   734   733 
1577   734   629 
1614   735   734 
1578   629   735 
1578   735   737 
1614   736   735 
1615   737   736 
1578   737   632 
1615   738   737 
1579   632   738 
1602   704   740 
1603   739   704 
1616   740   739 
1602   740   742 
1616   741   740 
1617   742   741 
1602   742   711 
1617   743   742 
1606   711   743 
1603   707   739 
1604   744   707 
1616   739   744 
1604   710   746 
1605   745   710 
1618   746   745 
1604   746   744 
1618   747   746 
1616   744   747 
1605   719   749 
1608   748   719 
1619   749   748 
1605   749   745 
1619   750   749 
1618   745   750 
1616   747   752 
1618   751   747 
1620   752   751 
1616   752   741 
1620   753   752 
1617   741   753 
1618   750   755 
1619   754   750 
1621   755   754 
1618   755   757 
1621   756   755 
1622   757   756 
1618   757   751 
1622   758   757 
1620   751   758 
1619   748   760 
1608   759   748 
1623   760   759 
1619   760   754 
1623   761   760 
1621   754   761 
1608   717   763 
1600   762   717 
1624   763   762 
1608   763   765 
1624   764   763 
1625   765   764 
1608   765   759 
1625   766   765 
1623   759   766 
1600   693   768 
1599   767   693 
1626   768   767 
1600   768   762 
1626   769   768 
1624   762   769 
1599   690   767 
1598   770   690 
1626   767   770 
1598   698   772 
1601   771   698 
1627   772   771 
1598   772   770 
1627   773   772 
1626   770   773 
1601   724   775 
1610   774   724 
1628   775   774 
1601   775   771 
1628   776   775 
1627   771   776 
1624   769   778 
1626   777   769 
1629   778   777 
1624   778   764 
1629   779   778 
1625   764   779 
1626   773   781 
1627   780   773 
1630   781   780 
1626   781   777 
1630   782   781 
1629   777   782 
1627   776   784 
1628   783   776 
1631   784   783 
1627   784   780 
1631   785   784 
1630   780   785 
1630   785   787 
1631   786   785 
1632   787   786 
1630   787   782 
1632   788   787 
1629   782   788 
1617   753   790 
1620   789   753 
1633   790   789 
1617   790   792 
1633   791   790 
1634   792   791 
1617   792   743 
1634   793   792 
1606   743   793 
1606   793   795 
1634   794   793 
1635   795   794 
1606   795   714 
1635   796   795 
1607   714   796 
1607   796   798 
1635   797   796 
1636   798   797 
1607   798   725 
1636   799   798 
1611   725   799 
1620   758   801 
1622   800   758 
1637   801   800 
1620   801   789 
1637   802   801 
1633   789   802 
1634   791   804 
1633   803   791 
1638   804   803 
1634   804   794 
1638   805   804 
1635   794   805 
1633   802   807 
1637   806   802 
1639   807   806 
1633   807   803 
1639   808   807 
1638   803   808 
1635   805   810 
1638   809   805 
1640   810   809 
1635   810   797 
1640   811   810 
1636   797   811 
1625   779   813 
1629   812   779 
1641   813   812 
1625   813   766 
1641   814   813 
1623   766   814 
1629   788   816 
1632   815   788 
1642   816   815 
1629   816   812 
1642   817   816 
1641   812   817 
1623   814   819 
1641   818   814 
1643   819   818 
1623   819   761 
1643   820   819 
1621   761   820 
1621   820   822 
1643   821   820 
1644   822   821 
1621   822   756 
1644   823   822 
1622   756   823 
1622   823   825 
1644   824   823 
1645   825   824 
1622   825   800 
1645   826   825 
1637   800   826 
1637   826   828 
1645   827   826 
1646   828   827 
1637   828   806 
1646   829   828 
1639   806   829 
1638   808   831 
1639   830   808 
1647   831   830 
1638   831   833 
1647   832   831 
1648   833   832 
1638   833   809 
1648   834   833 
1640   809   834 
1639   829   836 
1646   835   829 
1649   836   835 
1639   836   830 
1649   837   836 
1647   830   837 
1543   634   839 
1579   838   634 
1650   839   838 
1543   839   527 
1650   840   839 
1528   527   840 
1579   738   842 
1615   841   738 
1651   842   841 
1579   842   838 
1651   843   842 
1650   838   843 
1641   817   845 
1642   844   817 
1652   845   844 
1641   845   847 
1652   846   845 
1653   847   846 
1641   847   818 
1653   848   847 
1643   818   848 
1643   848   850 
1653   849   848 
1654   850   849 
1643   850   821 
1654   851   850 
1644   821   851 
1654   849   853 
1653   852   849 
1655   853   852 
1654   856   855 
1656   854   856 
1657   855   854 
1654   855   851 
1657   857   855 
1644   851   857 
1644   857   824 
1657   858   857 
1645   824   858 
1645   858   860 
1657   859   858 
1658   860   859 
1645   860   827 
1658   861   860 
1646   827   861 
1653   846   863 
1652   862   846 
1659   863   862 
1653   863   852 
1659   864   863 
1655   852   864 
1657   854   866 
1656   865   854 
1660   866   865 
1657   866   859 
1660   867   866 
1658   859   867 
1656   869   865 
1661   868   869 
1660   865   868 
1659   862   871 
1652   870   862 
1662   871   870 
1659   871   873 
1662   872   871 
1663   873   872 
1652   844   870 
1642   874   844 
1662   870   874 
1642   815   876 
1632   875   815 
1664   876   875 
1642   876   874 
1664   877   876 
1662   874   877 
1662   877   872 
1664   878   877 
1663   872   878 
1663   878   880 
1664   879   878 
1665   880   879 
1646   861   882 
1658   881   861 
1666   882   881 
1646   882   835 
1666   883   882 
1649   835   883 
1658   867   881 
1660   884   867 
1666   881   884 
1660   868   886 
1661   885   868 
1667   886   885 
1660   886   884 
1667   887   886 
1666   884   887 
1661   889   885 
1668   888   889 
1667   885   888 
1668   892   891 
1669   890   892 
1670   891   890 
1668   891   888 
1670   893   891 
1667   888   893 
1667   893   887 
1670   894   893 
1666   887   894 
1666   894   896 
1670   895   894 
1671   896   895 
1666   896   883 
1671   897   896 
1649   883   897 
1649   897   899 
1671   898   897 
1672   899   898 
1649   899   837 
1672   900   899 
1647   837   900 
1647   900   832 
1672   901   900 
1648   832   901 
1541   519   903 
1533   902   519 
1673   903   902 
1541   903   905 
1673   904   903 
1674   905   904 
1541   905   660 
1674   906   905 
1589   660   906 
1589   906   908 
1674   907   906 
1675   908   907 
1589   908   663 
1675   909   908 
1590   663   909 
1590   909   911 
1675   910   909 
1676   911   910 
1590   911   720 
1676   912   911 
1609   720   912 
1533   494   914 
1524   913   494 
1677   914   913 
1533   914   902 
1677   915   914 
1673   902   915 
1524   467   917 
1523   916   467 
1678   917   916 
1524   917   913 
1678   918   917 
1677   913   918 
1523   472   916 
1525   919   472 
1678   916   919 
1525   475   921 
1526   920   475 
1679   921   920 
1525   921   919 
1679   922   921 
1678   919   922 
1526   478   924 
1527   923   478 
1680   924   923 
1526   924   920 
1680   925   924 
1679   920   925 
1527   481   927 
1528   926   481 
1681   927   926 
1527   927   923 
1681   928   927 
1680   923   928 
1528   840   930 
1650   929   840 
1682   930   929 
1528   930   926 
1682   931   930 
1681   926   931 
1678   922   933 
1679   932   922 
1683   933   932 
1678   933   918 
1683   934   933 
1677   918   934 
1677   934   936 
1683   935   934 
1684   936   935 
1677   936   915 
1684   937   936 
1673   915   937 
1673   937   939 
1684   938   937 
1685   939   938 
1673   939   904 
1685   940   939 
1674   904   940 
1674   940   942 
1685   941   940 
1686   942   941 
1674   942   907 
1686   943   942 
1675   907   943 
1675   943   910 
1686   944   943 
1676   910   944 
1679   925   946 
1680   945   925 
1687   946   945 
1679   946   932 
1687   947   946 
1683   932   947 
1680   928   949 
1681   948   928 
1688   949   948 
1680   949   945 
1688   950   949 
1687   945   950 
1681   931   948 
1682   951   931 
1688   948   951 
1683   947   953 
1687   952   947 
1689   953   952 
1683   953   935 
1689   954   953 
1684   935   954 
1684   954   956 
1689   955   954 
1690   956   955 
1684   956   938 
1690   957   956 
1685   938   957 
1685   957   959 
1690   958   957 
1691   959   958 
1685   959   941 
1691   960   959 
1686   941   960 
1687   950   962 
1688   961   950 
1692   962   961 
1687   962   952 
1692   963   962 
1689   952   963 
1688   951   965 
1682   964   951 
1693   965   964 
1688   965   961 
1693   966   965 
1692   961   966 
1682   929   968 
1650   967   929 
1694   968   967 
1682   968   964 
1694   969   968 
1693   964   969 
1650   843   971 
1651   970   843 
1695   971   970 
1650   971   967 
1695   972   971 
1694   967   972 
1689   963   974 
1692   973   963 
1696   974   973 
1689   974   976 
1696   975   974 
1697   976   975 
1689   976   955 
1697   977   976 
1690   955   977 
1690   977   979 
1697   978   977 
1698   979   978 
1690   979   958 
1698   980   979 
1691   958   980 
1692   966   982 
1693   981   966 
1699   982   981 
1692   982   973 
1699   983   982 
1696   973   983 
1693   969   985 
1694   984   969 
1700   985   984 
1693   985   981 
1700   986   985 
1699   981   986 
1694   972   988 
1695   987   972 
1701   988   987 
1694   988   984 
1701   989   988 
1700   984   989 
1686   960   991 
1691   990   960 
1702   991   990 
1686   991   944 
1702   992   991 
1676   944   992 
1691   980   994 
1698   993   980 
1703   994   993 
1691   994   990 
1703   995   994 
1702   990   995 
1676   992   997 
1702   996   992 
1704   997   996 
1676   997   999 
1704   998   997 
1705   999   998 
1676   999   912 
1705   1000   999 
1609   912   1000 
1609   1000   722 
1705   1001   1000 
1610   722   1001 
1610   1001   1003 
1705   1002   1001 
1706   1003   1002 
1610   1003   774 
1706   1004   1003 
1628   774   1004 
1628   1004   1006 
1706   1005   1004 
1707   1006   1005 
1628   1006   783 
1707   1007   1006 
1631   783   1007 
1631   1007   1009 
1707   1008   1007 
1708   1009   1008 
1631   1009   786 
1708   1010   1009 
1632   786   1010 
1632   1010   1012 
1708   1011   1010 
1709   1012   1011 
1632   1012   875 
1709   1013   1012 
1664   875   1013 
1664   1013   1015 
1709   1014   1013 
1710   1015   1014 
1664   1015   879 
1710   1016   1015 
1665   879   1016 
1665   1016   1018 
1710   1017   1016 
1711   1018   1017 
1665   1018   1020 
1711   1019   1018 
1712   1020   1019 
1705   998   1022 
1704   1021   998 
1713   1022   1021 
1705   1022   1002 
1713   1023   1022 
1706   1002   1023 
1706   1023   1025 
1713   1024   1023 
1714   1025   1024 
1706   1025   1005 
1714   1026   1025 
1707   1005   1026 
1707   1026   1028 
1714   1027   1026 
1715   1028   1027 
1707   1028   1008 
1715   1029   1028 
1708   1008   1029 
1708   1029   1011 
1715   1030   1029 
1709   1011   1030 
1709   1030   1032 
1715   1031   1030 
1711   1032   1031 
1709   1032   1014 
1711   1017   1032 
1710   1014   1017 
1712   1019   1034 
1711   1033   1019 
1716   1034   1033 
1712   1034   1036 
1716   1035   1034 
1717   1036   1035 
1711   1031   1038 
1715   1037   1031 
1718   1038   1037 
1711   1038   1033 
1718   1039   1038 
1716   1033   1039 
1715   1027   1041 
1714   1040   1027 
1719   1041   1040 
1715   1041   1037 
1719   1042   1041 
1718   1037   1042 
1714   1024   1044 
1713   1043   1024 
1720   1044   1043 
1714   1044   1040 
1720   1045   1044 
1719   1040   1045 
1718   1042   1047 
1719   1046   1042 
1721   1047   1046 
1718   1047   1039 
1721   1048   1047 
1716   1039   1048 
1719   1045   1050 
1720   1049   1045 
1722   1050   1049 
1719   1050   1046 
1722   1051   1050 
1721   1046   1051 
1716   1048   1053 
1721   1052   1048 
1723   1053   1052 
1716   1053   1035 
1723   1054   1053 
1717   1035   1054 
1717   1054   1056 
1723   1055   1054 
1724   1056   1055 
1697   975   1058 
1696   1057   975 
1725   1058   1057 
1697   1058   978 
1725   1059   1058 
1698   978   1059 
1696   983   1061 
1699   1060   983 
1726   1061   1060 
1696   1061   1057 
1726   1062   1061 
1725   1057   1062 
1699   986   1064 
1700   1063   986 
1727   1064   1063 
1699   1064   1060 
1727   1065   1064 
1726   1060   1065 
1698   1059   1067 
1725   1066   1059 
1728   1067   1066 
1698   1067   993 
1728   1068   1067 
1703   993   1068 
1700   989   1070 
1701   1069   989 
1729   1070   1069 
1700   1070   1063 
1729   1071   1070 
1727   1063   1071 
1704   996   1073 
1702   1072   996 
1730   1073   1072 
1704   1073   1021 
1730   1074   1073 
1713   1021   1074 
1713   1074   1076 
1730   1075   1074 
1731   1076   1075 
1713   1076   1043 
1731   1077   1076 
1720   1043   1077 
1720   1077   1049 
1731   1078   1077 
1722   1049   1078 
1702   995   1080 
1703   1079   995 
1732   1080   1079 
1702   1080   1072 
1732   1081   1080 
1730   1072   1081 
1703   1068   1083 
1728   1082   1068 
1733   1083   1082 
1703   1083   1079 
1733   1084   1083 
1732   1079   1084 
1730   1081   1086 
1732   1085   1081 
1734   1086   1085 
1730   1086   1075 
1734   1087   1086 
1731   1075   1087 
1731   1087   1089 
1734   1088   1087 
1735   1089   1088 
1731   1089   1078 
1735   1090   1089 
1722   1078   1090 
1722   1090   1092 
1735   1091   1090 
1736   1092   1091 
1722   1092   1051 
1736   1093   1092 
1721   1051   1093 
1721   1093   1052 
1736   1094   1093 
1723   1052   1094 
1723   1094   1096 
1736   1095   1094 
1737   1096   1095 
1723   1096   1055 
1737   1097   1096 
1724   1055   1097 
1724   1097   1099 
1737   1098   1097 
1669   1099   1098 
1669   1098   1101 
1737   1100   1098 
1738   1101   1100 
1669   1101   890 
1738   1102   1101 
1670   890   1102 
1670   1102   1104 
1738   1103   1102 
1739   1104   1103 
1670   1104   895 
1739   1105   1104 
1671   895   1105 
1671   1105   1107 
1739   1106   1105 
1740   1107   1106 
1671   1107   898 
1740   1108   1107 
1672   898   1108 
1738   1100   1110 
1737   1109   1100 
1741   1110   1109 
1738   1110   1103 
1741   1111   1110 
1739   1103   1111 
1737   1095   1109 
1736   1112   1095 
1741   1109   1112 
1739   1111   1114 
1741   1113   1111 
1742   1114   1113 
1739   1114   1106 
1742   1115   1114 
1740   1106   1115 
1741   1112   1117 
1736   1116   1112 
1743   1117   1116 
1741   1117   1113 
1743   1118   1117 
1742   1113   1118 
1736   1091   1116 
1735   1119   1091 
1743   1116   1119 
1735   1088   1121 
1734   1120   1088 
1744   1121   1120 
1735   1121   1119 
1744   1122   1121 
1743   1119   1122 
1743   1122   1118 
1744   1123   1122 
1742   1118   1123 
1732   1084   1125 
1733   1124   1084 
1745   1125   1124 
1732   1125   1085 
1745   1126   1125 
1734   1085   1126 
1734   1126   1120 
1745   1127   1126 
1744   1120   1127 
1742   1123   1129 
1744   1128   1123 
1746   1129   1128 
1742   1129   1115 
1746   1130   1129 
1740   1115   1130 
1740   1130   1108 
1746   1131   1130 
1672   1108   1131 
1672   1131   901 
1746   1132   1131 
1648   901   1132 
1744   1127   1134 
1745   1133   1127 
1747   1134   1133 
1744   1134   1128 
1747   1135   1134 
1746   1128   1135 
1746   1135   1137 
1747   1136   1135 
1748   1137   1136 
1746   1137   1132 
1748   1138   1137 
1648   1132   1138 
1648   1138   834 
1748   1139   1138 
1640   834   1139 
1747   1133   1141 
1745   1140   1133 
1749   1141   1140 
1747   1141   1136 
1749   1142   1141 
1748   1136   1142 
1748   1142   1144 
1749   1143   1142 
1750   1144   1143 
1748   1144   1139 
1750   1145   1144 
1640   1139   1145 
1640   1145   811 
1750   1146   1145 
1636   811   1146 
1745   1124   1148 
1733   1147   1124 
1751   1148   1147 
1745   1148   1140 
1751   1149   1148 
1749   1140   1149 
1733   1082   1151 
1728   1150   1082 
1752   1151   1150 
1733   1151   1153 
1752   1152   1151 
1753   1153   1152 
1733   1153   1147 
1753   1154   1153 
1751   1147   1154 
1728   1066   1156 
1725   1155   1066 
1754   1156   1155 
1728   1156   1150 
1754   1157   1156 
1752   1150   1157 
1725   1062   1159 
1726   1158   1062 
1755   1159   1158 
1725   1159   1155 
1755   1160   1159 
1754   1155   1160 
1726   1065   1158 
1727   1161   1065 
1755   1158   1161 
1727   1071   1163 
1729   1162   1071 
1756   1163   1162 
1727   1163   1165 
1756   1164   1163 
1757   1165   1164 
1727   1165   1161 
1757   1166   1165 
1755   1161   1166 
1755   1166   1168 
1757   1167   1166 
1758   1168   1167 
1755   1168   1160 
1758   1169   1168 
1754   1160   1169 
1754   1169   1171 
1758   1170   1169 
1759   1171   1170 
1754   1171   1157 
1759   1172   1171 
1752   1157   1172 
1752   1172   1174 
1759   1173   1172 
1760   1174   1173 
1752   1174   1152 
1760   1175   1174 
1753   1152   1175 
1753   1175   1177 
1760   1176   1175 
1761   1177   1176 
1753   1177   1154 
1761   1178   1177 
1751   1154   1178 
1751   1178   1180 
1761   1179   1178 
1762   1180   1179 
1751   1180   1149 
1762   1181   1180 
1749   1149   1181 
1749   1181   1183 
1762   1182   1181 
1763   1183   1182 
1749   1183   1143 
1763   1184   1183 
1750   1143   1184 
1750   1184   1186 
1763   1185   1184 
1764   1186   1185 
1750   1186   1146 
1764   1187   1186 
1636   1146   1187 
1636   1187   1189 
1764   1188   1187 
1765   1189   1188 
1636   1189   799 
1765   1190   1189 
1611   799   1190 
1611   1190   1192 
1765   1191   1190 
1766   1192   1191 
1611   1192   727 
1766   1193   1192 
1612   727   1193 
1612   1193   730 
1766   1194   1193 
1613   730   1194 
1613   1194   1196 
1766   1195   1194 
1767   1196   1195 
1613   1196   733 
1767   1197   1196 
1614   733   1197 
1614   1197   1199 
1767   1198   1197 
1768   1199   1198 
1614   1199   736 
1768   1200   1199 
1615   736   1200 
1757   1164   1202 
1756   1201   1164 
1769   1202   1201 
1757   1202   1167 
1769   1203   1202 
1758   1167   1203 
1758   1203   1205 
1769   1204   1203 
1770   1205   1204 
1758   1205   1170 
1770   1206   1205 
1759   1170   1206 
1759   1206   1208 
1770   1207   1206 
1771   1208   1207 
1759   1208   1173 
1771   1209   1208 
1760   1173   1209 
1760   1209   1211 
1771   1210   1209 
1772   1211   1210 
1760   1211   1176 
1772   1212   1211 
1761   1176   1212 
1761   1212   1214 
1772   1213   1212 
1773   1214   1213 
1761   1214   1179 
1773   1215   1214 
1762   1179   1215 
1762   1215   1217 
1773   1216   1215 
1774   1217   1216 
1762   1217   1182 
1774   1218   1217 
1763   1182   1218 
1763   1218   1185 
1774   1219   1218 
1764   1185   1219 
1764   1219   1221 
1774   1220   1219 
1775   1221   1220 
1764   1221   1188 
1775   1222   1221 
1765   1188   1222 
1765   1222   1191 
1775   1223   1222 
1766   1191   1223 
1766   1223   1225 
1775   1224   1223 
1776   1225   1224 
1766   1225   1195 
1776   1226   1225 
1767   1195   1226 
1767   1226   1228 
1776   1227   1226 
1777   1228   1227 
1767   1228   1198 
1777   1229   1228 
1768   1198   1229 
1774   1216   1231 
1773   1230   1216 
1778   1231   1230 
1774   1231   1220 
1778   1232   1231 
1775   1220   1232 
1775   1232   1234 
1778   1233   1232 
1779   1234   1233 
1775   1234   1224 
1779   1235   1234 
1776   1224   1235 
1776   1235   1237 
1779   1236   1235 
1780   1237   1236 
1776   1237   1227 
1780   1238   1237 
1777   1227   1238 
1773   1213   1240 
1772   1239   1213 
1781   1240   1239 
1773   1240   1242 
1781   1241   1240 
1782   1242   1241 
1773   1242   1230 
1782   1243   1242 
1778   1230   1243 
1772   1210   1245 
1771   1244   1210 
1783   1245   1244 
1772   1245   1239 
1783   1246   1245 
1781   1239   1246 
1771   1207   1248 
1770   1247   1207 
1784   1248   1247 
1771   1248   1244 
1784   1249   1248 
1783   1244   1249 
1770   1204   1251 
1769   1250   1204 
1785   1251   1250 
1770   1251   1247 
1785   1252   1251 
1784   1247   1252 
1779   1233   1254 
1778   1253   1233 
1786   1254   1253 
1779   1254   1236 
1786   1255   1254 
1780   1236   1255 
1778   1243   1257 
1782   1256   1243 
1787   1257   1256 
1778   1257   1253 
1787   1258   1257 
1786   1253   1258 
1782   1241   1260 
1781   1259   1241 
1788   1260   1259 
1782   1260   1256 
1788   1261   1260 
1787   1256   1261 
1781   1246   1259 
1783   1262   1246 
1788   1259   1262 
1783   1249   1264 
1784   1263   1249 
1789   1264   1263 
1783   1264   1262 
1789   1265   1264 
1788   1262   1265 
1789   1267   1265 
1790   1266   1267 
1788   1265   1266 
1789   1263   1269 
1784   1268   1263 
1791   1269   1268 
1784   1252   1268 
1785   1270   1252 
1791   1268   1270 
1791   1270   1272 
1785   1271   1270 
1792   1272   1271 
1790   1274   1266 
1793   1273   1274 
1788   1266   1273 
1788   1273   1261 
1793   1275   1273 
1787   1261   1275 
1787   1275   1258 
1793   1276   1275 
1786   1258   1276 
1793   1278   1276 
1794   1277   1278 
1786   1276   1277 
1785   1250   1280 
1769   1279   1250 
1795   1280   1279 
1785   1280   1271 
1795   1281   1280 
1792   1271   1281 
1792   1281   1283 
1795   1282   1281 
1796   1283   1282 
1769   1201   1285 
1756   1284   1201 
1797   1285   1284 
1769   1285   1279 
1797   1286   1285 
1795   1279   1286 
1756   1162   1284 
1729   1287   1162 
1797   1284   1287 
1795   1286   1289 
1797   1288   1286 
1798   1289   1288 
1795   1289   1282 
1798   1290   1289 
1796   1282   1290 
1796   1290   1292 
1798   1291   1290 
1799   1292   1291 
1797   1287   1294 
1729   1293   1287 
1800   1294   1293 
1797   1294   1288 
1800   1295   1294 
1798   1288   1295 
1729   1069   1297 
1701   1296   1069 
1801   1297   1296 
1729   1297   1293 
1801   1298   1297 
1800   1293   1298 
1786   1277   1300 
1794   1299   1277 
1802   1300   1299 
1786   1300   1255 
1802   1301   1300 
1780   1255   1301 
1794   1303   1299 
1803   1302   1303 
1802   1299   1302 
1780   1301   1238 
1802   1304   1301 
1777   1238   1304 
1798   1295   1306 
1800   1305   1295 
1804   1306   1305 
1798   1306   1291 
1804   1307   1306 
1799   1291   1307 
1800   1298   1305 
1801   1308   1298 
1804   1305   1308 
1799   1307   1310 
1804   1309   1307 
1805   1310   1309 
1701   987   1312 
1695   1311   987 
1806   1312   1311 
1701   1312   1296 
1806   1313   1312 
1801   1296   1313 
1695   970   1311 
1651   1314   970 
1806   1311   1314 
1651   841   1316 
1615   1315   841 
1807   1316   1315 
1651   1316   1314 
1807   1317   1316 
1806   1314   1317 
1615   1200   1319 
1768   1318   1200 
1808   1319   1318 
1615   1319   1315 
1808   1320   1319 
1807   1315   1320 
1768   1229   1322 
1777   1321   1229 
1809   1322   1321 
1768   1322   1318 
1809   1323   1322 
1808   1318   1323 
1777   1304   1325 
1802   1324   1304 
1810   1325   1324 
1777   1325   1321 
1810   1326   1325 
1809   1321   1326 
1802   1302   1324 
1803   1327   1302 
1810   1324   1327 
1803   1329   1327 
1811   1328   1329 
1810   1327   1328 
1801   1313   1331 
1806   1330   1313 
1812   1331   1330 
1801   1331   1308 
1812   1332   1331 
1804   1308   1332 
1804   1332   1334 
1812   1333   1332 
1813   1334   1333 
1804   1334   1309 
1813   1335   1334 
1805   1309   1335 
1806   1317   1337 
1807   1336   1317 
1814   1337   1336 
1806   1337   1330 
1814   1338   1337 
1812   1330   1338 
1807   1320   1336 
1808   1339   1320 
1814   1336   1339 
1812   1338   1333 
1814   1340   1338 
1813   1333   1340 
1805   1335   1342 
1813   1341   1335 
1815   1342   1341 
1808   1323   1344 
1809   1343   1323 
1816   1344   1343 
1808   1344   1339 
1816   1345   1344 
1814   1339   1345 
1814   1345   1347 
1816   1346   1345 
1815   1347   1346 
1814   1347   1340 
1815   1341   1347 
1813   1340   1341 
1815   1346   1349 
1816   1348   1346 
1811   1349   1348 
1811   1348   1328 
1816   1350   1348 
1810   1328   1350 
1810   1350   1326 
1816   1343   1350 
1809   1326   1343 
