0.00000000   0.00000000 
30.00000000   0.00000000 
30.00000000   20.00000000 
0.00000000   20.00000000 
5.00000000   10.55500000 
5.00000000   10.44500000 
5.00000000   9.55500000 
5.00000000   9.44500000 
0.00000000   19.13043478 
0.00000000   18.26086957 
0.00000000   17.39130435 
0.00000000   16.52173913 
0.00000000   15.65217391 
0.00000000   14.78260870 
0.00000000   13.91304348 
0.00000000   13.04347826 
0.00000000   12.17391304 
0.00000000   11.30434783 
0.00000000   10.43478261 
0.00000000   9.56521739 
0.00000000   8.69565217 
0.00000000   7.82608696 
0.00000000   6.95652174 
0.00000000   6.08695652 
0.00000000   5.21739130 
0.00000000   4.34782609 
0.00000000   3.47826087 
0.00000000   2.60869565 
0.00000000   1.73913043 
0.00000000   0.86956522 
0.86689792   0.00000000 
1.74005832   0.00000000 
2.61952653   0.00000000 
3.50534822   0.00000000 
4.39756912   0.00000000 
5.29623567   0.00000000 
6.20139423   0.00000000 
7.11309182   0.00000000 
8.03137560   0.00000000 
8.95629327   0.00000000 
9.88789245   0.00000000 
10.82622189   0.00000000 
11.77133005   0.00000000 
12.72326567   0.00000000 
13.68207804   0.00000000 
14.64781720   0.00000000 
15.62053314   0.00000000 
16.60027594   0.00000000 
17.58709662   0.00000000 
18.58104621   0.00000000 
19.58217615   0.00000000 
20.59053854   0.00000000 
21.60618527   0.00000000 
22.62916944   0.00000000 
23.65954369   0.00000000 
24.69736143   0.00000000 
25.74267679   0.00000000 
26.79554345   0.00000000 
27.85601625   0.00000000 
28.92415004   0.00000000 
30.00000000   1.05263158 
30.00000000   2.10526316 
30.00000000   3.15789474 
30.00000000   4.21052632 
30.00000000   5.26315789 
30.00000000   6.31578947 
30.00000000   7.36842105 
30.00000000   8.42105263 
30.00000000   9.47368421 
30.00000000   10.52631579 
30.00000000   11.57894737 
30.00000000   12.63157895 
30.00000000   13.68421053 
30.00000000   14.73684211 
30.00000000   15.78947368 
30.00000000   16.84210526 
30.00000000   17.89473684 
30.00000000   18.94736842 
28.92415004   20.00000000 
27.85601625   20.00000000 
26.79554345   20.00000000 
25.74267679   20.00000000 
24.69736143   20.00000000 
23.65954369   20.00000000 
22.62916944   20.00000000 
21.60618527   20.00000000 
20.59053854   20.00000000 
19.58217615   20.00000000 
18.58104621   20.00000000 
17.58709662   20.00000000 
16.60027594   20.00000000 
15.62053314   20.00000000 
14.64781720   20.00000000 
13.68207804   20.00000000 
12.72326567   20.00000000 
11.77133005   20.00000000 
10.82622189   20.00000000 
9.88789245   20.00000000 
8.95629327   20.00000000 
8.03137560   20.00000000 
7.11309182   20.00000000 
6.20139423   20.00000000 
5.29623567   20.00000000 
4.39756912   20.00000000 
3.50534822   20.00000000 
2.61952653   20.00000000 
1.74005832   20.00000000 
0.86689792   20.00000000 
5.03889087   10.46110913 
5.05500000   10.50000000 
5.03889087   10.53889087 
4.96110913   10.53889087 
4.94500000   10.50000000 
4.96110913   10.46110913 
5.03889087   9.46110913 
5.05500000   9.50000000 
5.03889087   9.53889087 
4.96110913   9.53889087 
4.94500000   9.50000000 
4.96110913   9.46110913 
0.80789162   13.43325781 
0.67861516   14.26777606 
2.33325183   3.73280711 
1.77457396   3.41152095 
2.41199053   2.98530972 
1.97955966   4.74468663 
2.56845021   4.80808572 
2.25867696   5.42520079 
27.65838591   11.93550241 
28.39644362   12.29706487 
27.84882006   13.00302472 
28.41583482   11.43323833 
2.90069648   5.18290406 
1.97009354   13.31095364 
2.25159959   13.79852301 
1.58921755   13.58654906 
6.96061356   15.59198550 
6.60138507   15.78885215 
6.63262798   15.27878389 
6.22195112   15.68509396 
7.35856883   15.44202150 
7.27616846   15.82282665 
7.72592333   15.65228822 
3.65057005   9.42240244 
3.44189404   9.47203934 
3.49567963   9.23960592 
3.19486811   9.36987915 
18.43090356   5.47890404 
18.17198694   6.42663857 
17.48947036   5.72915446 
19.09085590   6.14988665 
8.92504629   4.28648549 
8.82510518   4.90746244 
8.34758961   4.53545887 
9.47638538   4.80069576 
25.82757551   7.31437249 
24.79901274   7.39939407 
25.25915545   6.48899616 
9.44775406   0.80505590 
9.53192302   1.49740832 
8.91288338   1.39073622 
6.86510770   4.24366267 
6.94900061   4.73321799 
6.54328685   4.58595678 
6.58457507   5.01735442 
3.39307493   8.69849618 
3.24483562   9.02301649 
2.99801428   8.76975766 
0.47871906   4.40830507 
0.75567267   5.03881662 
2.91382718   7.99569591 
2.68559697   7.56303893 
3.18439298   7.61594777 
2.50591159   7.92056814 
3.83566917   9.37780545 
3.79136474   9.59558393 
3.76949752   9.15003621 
24.11443227   6.43206000 
5.97611611   2.59851021 
6.21077201   3.06974172 
5.62800071   3.30480387 
3.39385111   10.56231674 
3.62567368   10.66042908 
3.50302748   10.79796456 
3.60972873   10.44015867 
29.13653768   3.70635780 
29.07735291   2.74060410 
29.07526016   17.25854147 
29.13848106   16.31780383 
22.90074801   15.86844652 
22.00019626   16.16729896 
22.35674004   15.32573090 
21.50866813   15.40606433 
2.36737524   7.14805802 
2.11531093   6.70551072 
2.57372808   6.76415797 
28.95573561   14.22610665 
28.96714366   13.05607004 
29.15986833   6.73328169 
29.13462464   5.65418868 
1.69392565   7.16924295 
28.25291217   6.14080366 
24.80760517   18.75230055 
23.97584298   18.87810311 
24.40667065   17.61926297 
25.55039368   18.08434162 
25.30713056   16.70938755 
25.55796558   1.87158046 
24.50652975   2.29944425 
24.71600848   1.14472556 
25.39172131   3.15453396 
1.26219755   10.18605617 
1.19135396   10.98810335 
0.60644048   10.73195963 
2.19875944   7.58720860 
1.17569095   9.34536244 
0.61700860   9.92272036 
0.53163479   9.08648262 
2.93693034   7.09918896 
22.01355252   7.04719616 
21.00231285   7.81734636 
20.69936022   6.86603131 
1.72811215   6.47527370 
2.41565804   6.20762365 
22.59987789   16.84621920 
23.52133174   16.73737342 
23.21159073   17.83986739 
5.75424142   4.26565230 
6.11981805   4.69945581 
5.60169087   4.70047683 
6.30719972   4.13069575 
5.50086470   3.89183410 
5.88694641   3.82558685 
5.10892875   4.34586444 
1.89073573   10.11016991 
1.72526188   9.64861201 
6.24442553   3.53494823 
2.48237302   13.24826945 
2.13085709   12.79625173 
1.49743689   12.90240162 
8.36688265   3.21770323 
7.80625984   3.51898733 
7.88730737   2.98057771 
8.33726492   3.84132287 
22.01564669   8.37467731 
3.87603555   14.67356028 
3.43001642   14.57244651 
3.75623117   14.18166362 
7.32287261   3.83311278 
7.83850877   4.14735889 
19.92726477   19.21640030 
20.58853420   18.89149841 
3.18726191   14.20453954 
11.37195958   1.25099319 
10.78547329   0.92499989 
11.37054408   0.58768160 
13.91937875   4.82467359 
13.06403069   4.71013302 
13.38402826   3.86391844 
12.12414840   0.76735347 
12.68707746   1.34534554 
11.96970807   1.50509005 
13.18101892   5.46758305 
11.49269415   2.06883461 
18.65944985   17.84282325 
18.98991984   19.01237473 
18.01824539   18.61019420 
5.43104799   13.82469853 
5.78461101   13.70579082 
5.81172397   14.21974772 
6.16556310   13.86946247 
16.20871295   11.38838620 
16.59410488   10.62520153 
17.09423303   11.55808936 
17.43627276   10.50015848 
5.35781839   10.12467073 
5.28850494   10.13427137 
5.31469881   10.07562848 
5.61419525   15.00279255 
6.08319123   15.17264009 
5.64027703   15.55078728 
5.26114400   10.08286204 
4.74646867   10.35412329 
4.75355264   10.42455471 
4.65521922   10.41339769 
21.24502841   0.78585865 
22.05640062   0.85665143 
3.68658807   11.71987175 
3.63923484   12.14475164 
3.40874570   11.81911568 
3.22955015   12.06792127 
6.42471334   14.81513548 
6.91916290   14.80305191 
7.15358698   15.17204310 
11.32103732   18.38565468 
10.74445658   18.92478398 
10.56071085   18.10414225 
8.90026056   18.81072662 
9.34249622   19.34626136 
8.57936583   19.34545313 
15.89414438   5.54980102 
15.26456715   6.18258880 
14.87177116   5.40459571 
16.04416459   6.66353784 
13.53644898   1.74643851 
13.16347534   0.80676446 
14.22783351   0.98144923 
4.93323612   10.25944572 
4.98251225   10.29673428 
4.92544628   10.31742292 
4.98960216   10.25348709 
5.25063640   5.02571666 
4.93647948   5.36992840 
4.71913404   4.96882533 
4.48679610   5.41420172 
7.42256005   14.77825687 
7.20493213   14.30910838 
6.69220340   14.40275242 
5.91861357   16.13405688 
5.45622327   16.03778353 
5.00618998   15.66231968 
28.33494528   16.72904633 
28.17742631   17.45028254 
28.44936103   3.28850765 
28.10738438   2.59431432 
16.91175724   9.67673489 
16.19531126   9.77059984 
27.77702341   9.25449976 
28.97841801   9.06767596 
28.41225463   10.24773353 
9.10358202   2.13317726 
9.76576823   2.11001474 
4.73405811   10.49040734 
1.03413862   3.28968549 
0.61110950   2.58309179 
1.11653214   17.46098997 
1.78957453   17.43765624 
1.07879202   18.09827965 
10.10333220   2.77999140 
9.68620524   3.30885582 
9.40673782   2.77457313 
0.54858626   17.41874650 
1.09619341   16.77929631 
16.80867844   13.40828381 
17.31482403   12.60019091 
17.70296154   13.51039687 
26.24074860   19.06233311 
27.25373201   19.06738714 
16.22607976   12.40517034 
27.27745057   0.92329511 
26.18477209   0.91488776 
18.41816282   13.56996051 
18.12687017   14.46293964 
18.93221031   14.15670871 
18.52038729   9.37408388 
18.17322315   10.25584423 
17.66971216   9.58067938 
19.09690440   10.46259580 
17.20442101   8.88395991 
16.37072137   8.69981021 
3.55029059   18.75367864 
2.89788261   19.19458204 
2.86370411   18.39846318 
5.54019106   8.20592283 
5.78042027   8.23664556 
5.60827823   8.45990786 
3.08830782   1.53131317 
2.78067456   0.79380972 
3.42314263   0.91843935 
13.99372997   14.63986578 
14.11655818   13.77861323 
14.85526360   14.47420368 
5.93487507   10.10331524 
6.04887591   10.04272253 
5.99370905   10.18868787 
15.04288483   13.33431331 
4.79443415   10.10484376 
4.71465303   10.12364227 
4.73778787   10.05919250 
4.97517985   9.62460109 
4.97776455   9.67780879 
4.92644620   9.64501030 
4.76960279   10.17586258 
2.08707019   18.43179499 
2.10198520   1.63408478 
12.26609704   19.19907492 
11.48504256   19.17867432 
11.96623041   18.58153961 
1.56037097   2.56863383 
1.99683701   16.53335232 
6.12164860   10.18141379 
27.23623765   17.56741141 
27.74463274   18.22380939 
6.70736467   5.44146108 
7.12917108   5.68641777 
6.61028597   5.87110673 
9.49146089   9.35348373 
9.06983908   9.54221925 
9.00281168   9.02152324 
27.78186186   1.76539562 
27.40475057   2.36011532 
6.95951411   6.16105128 
4.96574307   10.21286861 
4.90503405   10.20437316 
29.16101261   15.36825922 
4.79533625   15.07137551 
4.77920532   14.51119563 
5.18904624   14.77227549 
4.33216897   14.84145396 
29.17195321   4.67275238 
5.53176043   14.57322036 
27.68804118   16.77634093 
28.25966827   15.91939704 
5.97054647   14.72245960 
18.22336604   1.61541539 
17.65175577   1.09143461 
18.23832317   0.75897041 
28.22901733   4.18846378 
27.70950706   3.22213861 
17.26387445   2.11430593 
3.39653769   17.97801313 
2.63215789   17.72301302 
6.33391924   10.72277608 
6.45706410   10.85985006 
6.25885906   10.83069400 
6.32262742   10.99927282 
5.43520497   9.34378673 
5.39616418   9.24612864 
5.50443656   9.26383520 
5.11398588   10.56903898 
5.12198443   10.50129938 
5.17649849   10.53820647 
5.08296884   10.88608672 
5.18242360   10.84729550 
5.17225676   10.94915112 
5.10446751   10.79512005 
27.64966814   11.00238266 
26.84304164   11.50802928 
5.02994358   10.31988210 
5.02866226   10.27251422 
25.40775713   19.17979506 
25.37975687   0.78623875 
22.31900327   10.38901386 
21.69231627   9.40053882 
22.62128319   9.39052151 
25.98845517   17.22483728 
26.86463284   16.97776636 
26.69438852   18.04247486 
21.13166552   10.29743532 
23.04232289   8.47725851 
23.55842486   9.40057004 
26.63382309   1.91756881 
26.84170231   2.97703350 
26.05603377   2.70823440 
24.16977160   8.46241352 
2.09817497   9.32646335 
2.20993710   9.76647284 
7.66033493   7.14877987 
7.36083122   7.33163527 
7.41714324   7.04238238 
7.13113321   7.11328658 
6.43698995   10.21496436 
6.52014733   10.33271831 
6.34999196   10.33635083 
4.34219425   9.73797725 
4.31386618   9.85506113 
4.23089772   9.80670877 
6.50631130   6.39040665 
6.22051427   6.07030548 
6.24569901   5.66624437 
18.00525755   7.46099888 
18.90604235   7.15465857 
17.16344174   6.81956071 
19.01061505   8.25270631 
17.96466187   8.55367852 
3.23648922   13.01266772 
3.30147616   12.51476487 
3.67665534   12.89768945 
2.74084140   12.67798535 
5.33419418   0.93838391 
5.88559677   0.74528610 
5.65857336   1.44191889 
11.18142245   4.37161961 
11.33699637   3.64329535 
11.78992776   4.32632000 
22.14081125   3.36260249 
21.01947214   3.01244334 
21.97608081   2.50393515 
2.17842709   10.79298764 
2.61679509   10.89194628 
2.35749486   11.26905793 
10.71647350   4.02153991 
21.25162735   1.79856005 
4.17893887   13.36848922 
3.92187778   13.65059599 
3.89614849   13.26377362 
4.38338641   13.62518228 
8.89090835   15.61198796 
9.16978971   15.00917350 
9.47423928   15.54627836 
8.52441237   15.14675883 
9.35313697   16.01353972 
8.85572046   16.33404787 
9.93113683   15.14034020 
9.56435599   14.53759252 
19.68941744   4.52752776 
20.68928096   4.93929068 
19.46403357   5.30554376 
20.33252204   3.91564668 
14.68328428   11.69362759 
14.75587481   10.80790007 
15.47665655   11.55332098 
27.58798730   15.06443794 
28.45150757   14.89632260 
27.25533674   16.01414194 
28.42001389   5.14069043 
27.54954825   5.07041446 
27.22482674   3.92439710 
13.97470203   10.97897064 
5.06184646   9.92419614 
5.04743696   9.97523217 
5.00599200   9.94698471 
4.99274762   10.00668152 
19.14835121   1.08800204 
1.19213440   12.35182435 
0.71129025   12.66380135 
1.79144643   12.25568704 
4.90574332   10.01295750 
4.95128235   10.02972487 
4.91862070   10.08120093 
4.98452503   10.07099231 
0.93700849   7.24475348 
1.31996615   7.68213578 
1.81985190   7.72486637 
5.64434725   18.50543736 
5.90388927   19.21315408 
5.32839004   19.01867134 
4.94794303   10.17572846 
4.90282052   10.15136745 
4.95578009   10.12889503 
18.71439478   15.12946950 
19.42045030   14.76517033 
19.39175347   15.67192327 
20.09056631   15.03892276 
17.85702144   15.28313544 
17.21060689   14.44793337 
14.50462731   12.48076407 
14.06520272   11.86608179 
16.47213556   1.71239093 
16.10157313   0.89275629 
16.94611858   0.96848129 
7.28834101   13.83064329 
6.86264755   13.97430125 
7.68760658   14.03595963 
6.50901110   14.11909921 
6.55932830   13.73307982 
3.74857952   8.67361654 
3.82224832   8.92249709 
3.57898592   8.95121141 
13.70153734   12.46879123 
19.97332664   13.82882740 
20.86150159   13.13812926 
20.97871343   14.44804240 
19.90532046   12.54515261 
24.15643616   13.88978576 
23.07137939   13.86940379 
23.49451269   12.83540653 
23.21628709   14.87482803 
26.32533787   16.24139178 
26.34387444   3.58714032 
6.44104686   10.47986143 
5.51678426   10.41111981 
5.46242952   10.33146025 
5.54054508   10.32415338 
1.03694964   6.71503401 
5.46101521   10.46933970 
5.55431391   10.47788701 
4.71311435   10.56913578 
4.62604501   10.59419370 
4.65877419   10.50944868 
9.56033914   3.90182309 
10.20883123   3.61156390 
10.06466836   4.35637237 
7.99045142   14.80360938 
8.03885072   15.24864971 
7.62798859   15.13815895 
27.88717174   14.10536776 
23.07228620   19.05718777 
24.00699631   1.36634578 
4.58413848   10.52178705 
4.83784268   10.23798806 
4.84496181   10.16469047 
23.19581966   0.87129602 
5.09096340   9.81463517 
5.15021330   9.79002750 
5.14252291   9.85258812 
5.19693418   9.84573973 
5.05762491   9.63875019 
5.08260906   9.59567532 
5.10671868   9.62503644 
5.04549556   9.57976216 
5.15901559   9.63655632 
5.10719936   9.67213932 
3.68932415   2.17934670 
4.53314480   2.37039005 
4.01023706   2.94090232 
26.70042443   15.20758920 
4.29906944   1.55358753 
26.67531106   4.50119191 
4.19154162   3.50596894 
3.58740848   3.45432930 
3.82820465   4.08396536 
25.72990998   15.43841497 
26.09003353   14.27526783 
4.03798554   17.01773888 
4.54013674   17.55853167 
3.88713959   17.58150073 
26.71877074   5.45639035 
4.20976793   18.31767488 
3.59722050   16.55431283 
4.15975932   16.48861215 
3.81762314   15.94785148 
5.15716239   9.69453891 
4.87785751   9.89753516 
4.85519812   9.94304497 
4.82105235   9.90432719 
4.80086018   9.95966282 
25.81482437   4.19178049 
5.52356547   9.76474726 
5.49075801   9.84548524 
5.45096372   9.77430257 
7.82501185   4.75956532 
20.07117313   16.02430598 
20.70798089   15.49526713 
20.89496287   16.54916644 
19.56840704   16.88785312 
23.46918275   1.97151896 
18.48552924   16.18581791 
5.42671745   9.82460181 
22.19449969   18.51894928 
23.79390657   2.97687726 
5.42037432   10.39750959 
22.41057363   1.68419387 
7.94420632   6.85849534 
7.57090188   6.79685109 
7.79653849   6.46485407 
5.47480785   9.71534168 
5.56567278   9.82184834 
2.71270049   14.17465664 
2.88807995   13.69378852 
4.56285493   12.33313093 
4.36513932   12.22185878 
4.57421747   12.12273364 
29.08775940   7.83467469 
4.30997845   12.48380054 
3.06362126   6.09718580 
2.73897517   5.69068684 
3.36005741   5.62832274 
5.39172596   9.78113383 
26.32125271   6.38019478 
25.73929759   5.63188812 
5.39820760   9.71450561 
5.08742106   10.13843373 
5.07020146   10.19214392 
5.03887050   10.15302727 
24.72626351   15.69138110 
5.03762211   9.78275355 
5.03519246   9.84241453 
24.91908797   4.09045950 
25.00974673   14.60529420 
5.23603819   10.13853011 
5.27247677   10.18875923 
12.51541173   12.75354562 
11.92534920   12.71386460 
12.25790845   12.19835581 
24.22507622   11.62941918 
24.81018315   12.79850878 
11.74205101   12.20615351 
22.90149808   2.62739776 
5.24384072   9.89205171 
5.17120148   9.91142974 
20.66706697   9.32802308 
20.04225817   10.04639201 
19.56497014   9.26090641 
28.27735600   8.38031517 
5.26011146   9.82973719 
5.31186069   9.81134331 
5.30144205   9.86122790 
5.28437853   9.76979457 
14.07194951   18.25263428 
13.99045652   17.21100001 
14.77751576   17.82965589 
5.34522670   9.89236554 
5.29034585   9.91092358 
14.74536841   18.84524116 
14.05901503   19.23653881 
5.33067776   9.95871466 
3.84824300   10.39904422 
3.94395415   10.21813126 
4.08672731   10.41731488 
9.44731955   13.26679888 
9.55155482   13.65203398 
9.20270642   13.56598787 
9.27949426   14.02260253 
7.85216059   13.03262794 
7.78657628   13.35702928 
7.52933744   13.11693728 
7.40600570   13.43862584 
5.70398247   10.13213838 
5.60878298   10.14977295 
5.65534895   10.03566360 
24.08982113   10.37203820 
25.15731082   10.96549119 
9.10103736   6.48964094 
8.72000881   6.10365847 
9.27141458   6.20476215 
5.24043313   10.03982641 
5.20431974   10.09209961 
5.19393481   10.04343426 
4.82945799   9.61085646 
4.75953820   9.60582336 
4.80386105   9.56221546 
4.73595622   9.53846353 
5.55710999   10.06925068 
4.76864142   9.91461286 
5.08262691   9.86771553 
14.56876940   2.08587028 
13.75597857   2.84447783 
4.72275264   9.88075409 
4.75254693   9.80314666 
4.78354796   9.84874522 
4.12559251   7.83703654 
4.22813991   7.57942841 
4.37856263   7.84116959 
4.49907344   7.58360097 
4.03232499   8.04340016 
3.86935653   7.86258395 
3.75188916   8.11039657 
7.10868763   10.86689628 
7.31489494   10.87780737 
7.20492844   11.11483918 
7.50397488   11.02402807 
11.36978138   12.64916154 
11.43730093   13.21733138 
12.07659019   13.22929336 
15.37291269   19.27329734 
7.07251592   5.19386987 
7.38155223   4.89578465 
7.31458741   4.38247067 
21.43131156   4.12675499 
21.78301809   5.12616508 
21.24250900   6.00516539 
13.93465139   5.83757735 
14.57824196   6.38760646 
14.26813780   3.80207417 
4.86090613   9.67371557 
4.88408926   9.61024795 
13.15843599   12.92722806 
12.62043690   13.39872500 
5.12916481   10.12989482 
5.10492149   10.08676912 
5.04600439   10.09090611 
5.55323857   9.88167891 
3.98942390   11.93465178 
3.96571226   9.45200503 
4.00120128   9.26899967 
4.17239123   9.41497716 
4.24828858   10.46310259 
4.33327123   10.53846215 
4.21896011   10.57656206 
4.35343205   10.43544717 
4.20367906   10.73850282 
4.05638298   10.60856770 
4.02436112   10.80360857 
25.33044787   8.27501018 
6.44925320   7.35010752 
6.33527156   7.10412587 
6.56569766   7.08505777 
11.36950676   5.08816253 
12.31895379   5.09430965 
12.52932317   4.18636121 
6.19479102   7.33082872 
4.19560616   9.18650347 
4.82517407   9.74814405 
4.74515280   9.72815938 
4.68077284   9.76711454 
5.82493668   6.86898328 
5.68322771   6.54012258 
6.09668242   6.60218545 
5.39164333   9.94871347 
5.41634893   9.87955816 
5.92760537   6.26726349 
5.45816075   7.76282170 
5.47036973   7.99673836 
5.26279628   7.90728374 
5.30731113   8.14146684 
8.78595388   13.70190400 
8.31136888   13.65724841 
8.51402105   13.32156382 
4.18417061   10.94056570 
4.00698206   11.03673205 
3.77834763   10.88737970 
20.17487373   6.03443664 
19.66280661   6.78968351 
19.91856690   7.54884393 
8.47892182   14.04037617 
7.96188993   12.33787466 
7.90093903   12.01299622 
8.24457182   12.10525063 
8.11448747   11.83949381 
5.04329865   12.27929388 
4.94619663   12.10222572 
5.21494410   12.09725628 
5.11915770   11.89810971 
5.21993145   12.32820217 
5.42716844   12.18625908 
4.60168157   9.73455922 
4.61250786   9.82150158 
4.53189128   9.78478836 
4.43835535   9.83933378 
4.45295305   9.71271802 
8.07921578   13.97462043 
7.92317505   13.65874679 
13.80521500   15.48193713 
14.29642424   16.31483224 
13.43652783   16.42149888 
13.19748934   14.89322156 
7.59898043   13.72531370 
19.80764500   3.04559381 
19.99175005   2.05692146 
20.27465025   1.03318255 
5.06760303   10.24910684 
5.11058803   10.21824692 
5.02748425   10.21629667 
7.75924598   11.14866572 
7.70982052   10.92099265 
8.02298493   10.92305736 
7.82274495   10.62108990 
13.48075169   10.32411393 
13.39900800   9.73782658 
14.05031436   10.17670076 
12.87042259   9.97653988 
6.46324767   10.66986766 
8.25879871   6.49316189 
8.33499933   6.95740071 
5.45413063   10.18143285 
5.42896611   10.12910256 
5.50953216   10.15852400 
7.99981162   7.29895903 
7.66911527   7.56435610 
5.46950986   10.07362006 
8.34420878   7.42600797 
4.11936243   7.30367554 
3.83345794   7.32748851 
4.02620562   7.07012294 
3.68444362   7.09176632 
4.37683357   7.28253153 
6.68460368   6.76496391 
6.84889949   7.09104021 
6.38614512   6.82225513 
4.76438856   12.04627368 
4.61796257   11.87810585 
4.33449505   11.96444058 
4.86804884   11.85410712 
4.76467774   11.63834375 
11.21980619   5.78405366 
11.12261721   6.36809651 
10.70095167   5.98178729 
10.54371883   6.45126540 
4.05047152   10.06043515 
4.01387725   9.90379770 
4.14343749   9.92591818 
3.85563896   9.98817940 
4.14369899   10.22247810 
4.20910338   10.08730472 
7.51419724   10.72376733 
7.36197866   10.44885689 
7.58849255   10.44023831 
11.02421192   15.56862905 
11.44779823   16.21029596 
10.71801465   16.21836938 
11.07751056   16.85740729 
7.24268650   10.65950600 
9.39402967   7.64363849 
9.08897637   7.34613060 
9.61104037   7.16750531 
9.20402939   6.87129014 
10.18531564   18.61813171 
5.39511530   10.22279147 
5.39502333   10.16718380 
9.28901374   12.93764101 
9.68058724   12.90362841 
9.92256173   13.44571929 
8.99642813   12.73190824 
9.37923915   12.51531565 
9.01680152   12.32063346 
9.88137527   12.38271509 
7.81981607   11.73134585 
7.57183493   11.90518647 
7.67983650   12.19285626 
8.61976203   12.88268560 
8.20890463   12.94793569 
8.09936775   13.32919199 
8.71502239   12.53295609 
4.97599045   7.88001523 
5.09170150   8.05330883 
5.16287633   7.67273920 
4.77225445   13.57443757 
5.07297097   13.83218439 
4.63551741   14.00931583 
12.49808898   11.63335136 
11.85611587   11.63292479 
9.23482359   5.74998116 
9.20174126   5.21822423 
9.77299835   5.45675057 
8.80948878   5.50812456 
5.39518417   7.49675991 
5.68843787   7.63427241 
5.70462090   7.95589432 
8.72825721   7.12464704 
8.70698655   6.66360915 
8.69034283   7.48344367 
8.92918236   7.79018958 
5.32359207   10.24862075 
5.38910386   10.30663535 
5.29652670   10.30688828 
13.37682112   8.10927815 
12.76349461   7.83532853 
13.19310607   7.37453626 
12.67478572   8.51167122 
5.18113853   10.13816688 
5.13536374   10.17786117 
5.32933483   10.38700878 
12.46603015   14.68161229 
12.56573843   15.29359855 
11.98697086   15.17165074 
11.59611426   15.59031994 
11.34716818   15.05520967 
7.78017741   11.45702544 
7.48641834   11.31023000 
8.10453726   11.57434689 
4.28534802   6.48390180 
4.64339018   6.20305019 
4.65536494   6.64729590 
4.25827498   6.09963140 
5.01652145   6.78914884 
4.71732260   6.97247857 
4.99669347   7.10711804 
4.75245102   8.31424920 
4.54765498   8.33984330 
4.62375408   8.14724004 
5.32739923   7.23052396 
5.26342719   6.99606917 
5.57662328   7.06502322 
5.44153883   6.78858393 
5.05662670   7.40348745 
8.26487383   10.45500983 
8.10956981   10.66059194 
8.04372734   10.41599956 
7.39648992   19.04084114 
6.94891074   18.58002619 
7.59297177   18.25868995 
6.94775923   17.90282028 
2.46686777   17.07343491 
0.93557797   8.70434079 
8.39529493   10.75011698 
24.54373333   3.33309830 
23.96812570   3.87821352 
7.92799352   12.67352959 
7.62959073   12.50230950 
0.75621509   15.92301125 
3.69368045   19.41381257 
1.46560880   16.15957873 
0.84118238   3.89148464 
1.07214745   1.81414441 
23.79130711   15.79913821 
24.42288311   16.66608314 
2.13500550   10.40674751 
1.62889120   10.55546550 
28.81639003   18.14080962 
28.43798451   19.05541963 
2.90239216   9.64076010 
2.80685748   9.15974107 
1.41759490   3.80512087 
2.56937859   10.47635963 
1.76299727   11.15834898 
1.40468086   18.85310720 
28.82290873   1.85554452 
28.44485381   0.94153567 
3.00445671   3.70034121 
3.25415936   2.91738795 
2.51152606   4.25626813 
6.64096919   19.29571272 
0.77027862   12.07793304 
0.64514878   11.49662619 
1.40526121   1.15153492 
1.08670009   8.20989693 
0.46153121   8.28560256 
0.63420099   7.70083291 
7.86721987   19.41615204 
8.09595847   1.22206422 
7.32867821   1.31236214 
7.61120492   0.64695493 
8.51451152   0.67907347 
0.95887318   0.55835883 
1.94573699   0.67902101 
2.80840485   2.19034110 
0.75415784   1.20839069 
1.94269931   19.31746361 
0.94870286   19.43860936 
0.68658360   18.76925993 
27.01964779   14.42803050 
2.56963861   9.80165030 
2.38312118   10.09766541 
2.76500251   10.07023810 
29.36308743   19.00638909 
5.90037255   5.52821405 
6.22329884   5.25071312 
5.74762885   5.13911164 
29.36531877   0.99249582 
2.79795374   11.21573207 
3.19217298   11.12887015 
3.03816739   11.43979678 
3.37139935   11.45554821 
10.12489635   1.39152685 
10.81158885   1.69456772 
10.32413800   2.08341144 
10.80551502   2.44766227 
18.70886984   4.70321681 
2.53426604   8.76524842 
2.02505711   8.80202001 
2.27803935   8.33951938 
1.72754725   8.20972762 
24.77074584   5.60540222 
25.30997284   4.90382592 
24.29562669   4.75275933 
2.19730671   12.01351734 
2.30295129   12.38221331 
2.60870361   12.09058425 
8.28641279   2.47515209 
8.82892127   2.83108393 
8.95261796   3.48431562 
2.11989529   7.99747719 
6.63665962   0.70364261 
2.93196689   10.92959140 
3.20569777   10.79667158 
6.65287660   3.19405611 
6.78075774   3.68480507 
24.12398367   14.92041087 
26.81495754   7.18350300 
27.32598578   6.14096399 
27.73705401   7.04894089 
23.08296289   3.62617962 
23.41520352   4.55266191 
2.74660379   11.62834578 
28.48391377   7.08581256 
2.75555882   8.34207493 
26.05588796   4.95651928 
24.14744091   0.54474411 
12.31120992   2.85596757 
12.61563452   3.54931444 
12.00336401   3.57417168 
5.62543546   10.47816429 
5.61477195   10.55992857 
2.37925229   9.11727489 
1.44332085   8.71217769 
8.52369233   1.87433903 
6.85182137   16.71359229 
7.18084112   17.37025498 
6.54872686   17.28145006 
7.51531294   16.83815420 
1.71483497   9.15714738 
4.60557188   9.98493890 
4.71499397   9.97957495 
4.66651323   10.05908290 
2.53470645   9.46725297 
3.11607493   11.71249717 
8.06135271   7.67134281 
7.74281732   7.92024845 
6.94996012   9.70643524 
7.18543788   9.68559716 
7.09606744   9.92351171 
1.89009692   4.08756865 
15.66334524   10.55011373 
1.27545934   4.47605087 
1.37314845   5.41494561 
1.30281965   11.70350026 
1.91661899   11.64010067 
17.20285607   7.99952749 
12.15400121   2.15651057 
4.11731169   19.12080218 
8.97683766   17.10085274 
9.51398198   16.59165560 
9.61529118   17.35368166 
8.49871861   16.87895382 
28.40270634   13.59418933 
2.86554935   10.66794904 
3.13886729   8.38315305 
3.53439485   8.38522791 
3.31503508   8.05069800 
26.94379747   13.52546258 
26.85375418   12.48683499 
7.32428068   9.90404894 
18.17460610   11.30440148 
16.29856942   19.07707813 
17.30976018   19.22537791 
2.36145278   11.71562968 
13.44717862   18.53469279 
3.51156721   11.08302571 
6.23275340   14.39581829 
3.72631554   1.47185739 
4.01506703   0.79521648 
7.21820552   10.16590626 
7.09446714   10.38620015 
5.95483483   7.75548930 
5.93153987   7.47257666 
4.88450472   9.84145134 
4.82842729   9.81481026 
4.88458119   9.78501214 
4.84020889   9.86236212 
13.14451700   19.21960710 
3.37722961   10.27169314 
3.11553661   10.00365584 
3.44180377   9.97062654 
3.04174937   10.40698344 
3.27754972   9.68411198 
7.79630110   1.89521194 
7.53605840   2.50827379 
3.23616601   17.09374835 
22.09756516   19.41749506 
21.37441864   19.12703604 
21.16918900   17.93427346 
16.05698625   3.65897225 
15.38646722   2.79489566 
16.24426049   2.57236192 
6.45561182   16.18544348 
6.17845835   16.68870368 
6.96144146   16.10236193 
3.67721125   10.20886887 
5.30023536   2.57522613 
5.77708094   2.03417819 
5.09160789   1.67729991 
1.34303011   15.40123627 
4.98065229   10.34996936 
2.14871604   2.37613587 
5.09756612   9.13889594 
5.03010030   9.23757432 
4.97424767   9.17976783 
5.09170961   9.26892640 
5.02554838   11.70298896 
4.93050468   11.52463439 
5.16112793   11.52174446 
5.02887681   11.36150322 
28.18197494   7.67136196 
6.14929791   7.61131325 
6.22644733   7.84477682 
7.15237860   16.43613594 
7.52024236   16.19213150 
10.91166631   6.98278189 
11.51310932   6.90134159 
17.84623363   17.08747787 
17.47769257   16.17250466 
12.12970238   6.72844487 
11.87110943   7.29495155 
12.48572863   7.30496448 
10.32915408   11.16901552 
10.40119060   10.61341818 
10.83568786   11.01694480 
10.88330422   10.47130122 
5.23554121   17.37414408 
5.06222763   18.25592044 
4.80749108   16.82972753 
12.47554169   14.02853588 
12.94603207   14.28685590 
27.36257986   8.07120017 
11.93307905   13.69184441 
10.08841123   19.26210095 
10.54173462   10.06146566 
9.96625398   10.26330351 
8.21577616   18.69446593 
8.19149787   17.96995792 
7.69268836   17.54525371 
1.24754658   13.98894685 
4.95247996   9.97355960 
4.96253624   9.91377155 
4.90581110   9.94319836 
10.20762901   0.62522997 
5.95260664   12.86647436 
6.17562147   12.62601640 
6.31015220   12.93826641 
5.89352706   12.53536734 
5.16001586   10.23474838 
5.20266904   10.25292542 
5.16821063   10.29116127 
17.79044954   4.63356145 
1.27257789   6.12675785 
25.20512056   13.73142533 
6.35817653   17.82496396 
5.92453725   17.28300082 
5.22605406   10.30035543 
5.74215992   17.89813897 
11.54206010   2.85476855 
11.35352933   11.32801464 
11.32734060   11.83599570 
3.56931520   9.69934376 
11.41800565   10.74697103 
6.99851328   11.84244986 
7.13281223   11.62024636 
7.25452900   11.89713079 
6.85068986   11.63985434 
7.37576682   12.22628379 
10.63837470   17.38677257 
11.18663489   17.63233707 
11.57730256   17.28489502 
8.39468647   17.42733679 
8.98262726   18.01944073 
6.19905413   11.69244215 
6.16979791   11.96461734 
5.96210837   11.76269031 
21.78455683   17.01681022 
5.92422697   12.06589392 
4.68811280   7.27519347 
4.82497321   7.60773213 
4.64435617   7.90016828 
4.86923922   8.13885917 
7.28926193   12.57552725 
0.59007367   6.31765432 
9.70069102   8.01253476 
10.26922497   8.02901944 
9.87642618   8.49643074 
0.65937607   15.01511626 
10.43221646   8.62998724 
9.22428161   8.10091614 
15.49443991   8.45100538 
15.43662761   9.30113879 
14.93906104   8.63969225 
15.76198066   7.71334732 
7.24991610   11.40748244 
1.42978360   14.63737944 
6.95135822   11.35071100 
19.28300401   3.80799522 
6.91932449   11.05733746 
5.67942695   12.13652184 
5.86720343   12.30636915 
5.64389737   12.41730287 
5.25560418   14.26919462 
5.60649832   12.69884587 
5.37755319   12.50121582 
5.33113073   12.79969916 
10.61928771   7.54496863 
10.23493474   6.97001022 
11.00066291   8.19612846 
29.16589792   11.99755348 
7.48936172   10.18188605 
9.50070209   8.81684856 
9.46451248   8.34616140 
9.60274746   6.60488478 
10.09832012   6.45533929 
10.02622455   15.95635044 
9.98600683   7.53663612 
9.54408460   18.68342866 
9.83434073   18.05431471 
7.00085484   10.62800473 
6.88448699   10.81816477 
10.14649759   17.53842562 
15.17012078   0.83622334 
15.54559020   1.75457192 
11.04061965   14.30759253 
10.89623528   13.60877062 
11.31987036   13.85210183 
10.39987838   14.02834595 
3.60331253   7.77739973 
3.59293056   7.43169579 
3.90627088   7.59307629 
10.76144465   12.88356848 
1.76073710   14.08521144 
5.22722624   10.44800983 
5.19443133   10.41359621 
5.24560930   10.40186509 
4.82083175   3.15300142 
5.16974613   10.46252030 
12.24639879   9.98187429 
12.38411147   10.53762352 
11.79919261   10.34847119 
10.77473988   3.22190243 
11.22787838   10.04698688 
6.52579899   7.95449385 
6.43787259   7.59851825 
6.82950675   7.72025367 
6.69001290   7.37785396 
6.55126983   2.59731592 
6.38933782   2.00979542 
5.35097679   10.01972882 
5.42542725   10.00758013 
4.36991203   10.86375286 
4.38541151   10.69342224 
4.46106549   10.38741248 
4.35245013   10.33093172 
4.46642136   10.25413780 
3.84341343   10.61432573 
11.04191749   8.93944572 
11.73517549   8.61065163 
22.24194841   17.73783596 
5.42510649   10.63832714 
5.31154409   10.68185886 
5.34322420   10.57563685 
6.11533515   12.29719536 
8.46497266   11.78100012 
8.39567009   11.38055528 
8.31211846   11.10328352 
8.68410860   11.10521863 
4.72686721   9.65564939 
4.67000549   9.59754837 
4.66828995   9.68367331 
9.44552147   10.57366185 
9.47510057   9.95805491 
9.92964772   10.84567082 
5.20633185   9.68270597 
5.21460461   9.63033856 
5.19389964   9.56903211 
5.26864322   9.58981941 
0.64084078   5.70300148 
5.25315425   9.53071936 
7.01846425   2.69729878 
5.12719262   9.58210293 
10.80289560   9.52227312 
10.44810427   9.10395026 
7.29206425   3.17235485 
9.95696297   9.01494880 
9.13068759   8.53593200 
8.63638407   12.18686542 
9.03065144   11.88315025 
6.16109898   10.97525307 
6.10547551   10.78108093 
4.66697618   10.30262828 
4.56763834   10.33646209 
6.66472904   11.20218432 
6.66645348   11.46207459 
15.19011632   6.98553546 
29.21688840   10.97050465 
6.77189300   1.39180587 
6.18652358   1.38777118 
7.06005216   2.01449325 
8.02574907   17.04956180 
8.08688105   16.46030678 
6.31199923   18.45910307 
8.80434275   10.66520635 
9.09752325   10.89872597 
9.48419664   11.09739048 
4.88229521   10.39821677 
4.92087139   10.42361574 
4.87108943   10.44126112 
6.00968226   10.94177912 
6.41435396   11.54512897 
6.14455082   11.42122395 
5.38834220   10.72873664 
6.62274643   11.68842462 
3.10465612   4.47232082 
5.71423112   10.50082419 
5.61496176   10.30375166 
5.56592149   10.24579485 
4.53680426   11.34669559 
4.69184401   11.16797430 
4.81526764   11.36025662 
5.47369601   10.25303939 
26.68663992   9.03730863 
4.65277591   8.97414359 
4.52519564   9.01400142 
4.55676764   8.87809757 
5.35870791   9.62019180 
5.32210371   9.53065800 
18.33862694   12.57307296 
4.39635616   8.88730284 
5.48962347   9.16317492 
5.59726061   9.18518423 
5.61617719   9.30460912 
5.69976681   11.87453179 
5.41602662   11.95034359 
1.91434199   15.82948972 
5.75039137   11.63036063 
5.93443086   11.51591444 
6.01237118   9.81323302 
5.86581378   9.78386059 
5.96840629   9.64317294 
4.98035816   10.90959933 
4.94104155   11.03855417 
4.88483525   10.92257346 
4.78470939   11.00310833 
5.92968144   11.27174640 
5.00933815   10.81306161 
5.38777749   9.48455524 
5.32621599   9.46227729 
5.37060809   9.41042097 
4.92186189   10.36891184 
5.85000901   10.03163953 
5.80935611   10.11944127 
5.86182608   10.20102751 
5.73197503   10.70979107 
5.63548961   10.65173497 
5.72346408   10.60338783 
13.74249191   6.77357772 
2.14530195   15.20481616 
5.07762729   8.72578331 
4.92005476   8.68128986 
5.03825622   8.52832324 
4.87256455   8.54780113 
6.06317315   10.32501677 
6.22090388   10.45043464 
6.04870613   10.49437388 
6.17296910   10.64593102 
6.55628735   13.12719672 
6.34552019   13.23530239 
5.20242681   9.49882180 
5.13785026   9.51985747 
8.05515372   6.04371606 
5.34123489   8.39625452 
7.84468488   9.42288016 
7.72936736   9.16829536 
7.98872575   9.23265930 
7.52007481   9.36304352 
5.70361461   10.41528971 
6.67821780   12.87262280 
5.83418992   10.30600509 
5.93185548   10.27863135 
5.93267137   10.39004152 
4.73113216   8.65871527 
4.83591211   8.78053209 
5.75433607   10.21584860 
5.75110796   10.03267833 
6.52696475   10.07490186 
6.35358336   10.05129239 
2.55133590   15.89622010 
2.72200923   15.35670785 
6.61979103   10.24332379 
2.88273458   14.81412670 
3.20360918   15.52834043 
6.17948321   10.04827785 
6.10882549   9.93196764 
5.34829201   9.33572352 
5.46305196   9.43123809 
5.27804532   9.33722196 
5.32356198   9.27275006 
2.69393667   16.55779027 
10.23746182   16.81740053 
5.23795819   9.28828904 
10.61183146   14.87604809 
5.17639287   9.02618162 
5.11024908   8.89771926 
5.25769957   8.90887165 
11.66873425   14.42507900 
4.54391591   9.90410253 
4.45235244   9.97126323 
5.06749378   9.02454565 
16.61159577   16.27220489 
15.94378519   15.70670154 
16.91232598   15.46123215 
7.42683788   9.64655152 
7.25325539   9.43964706 
8.30230064   8.48555993 
8.21198094   8.78667347 
7.97145556   8.63063247 
8.57266983   8.78228136 
6.75065967   10.11501185 
6.66838908   9.94400428 
5.11883469   11.21853109 
5.05333923   11.09628921 
5.15853221   11.07634641 
4.96619525   11.20501948 
7.05574245   9.26629353 
7.28766950   9.18365203 
5.38995642   5.63009333 
7.01797362   9.47621483 
5.27008650   11.02061974 
5.36542179   10.93643154 
5.39520901   11.08668660 
5.48363498   10.97625948 
5.06231885   10.98291875 
5.80948016   11.14893805 
5.75384133   11.25861969 
5.67899322   11.14468104 
22.90845855   5.29962752 
22.09496847   6.01787244 
23.05659659   6.27265671 
22.27823221   4.35932480 
2.94637919   11.95512261 
21.13648646   8.65469191 
20.23026430   8.41263751 
4.79288103   10.02574924 
13.47985666   8.72136387 
14.15581760   8.42902826 
12.45629302   5.99785488 
13.31500565   6.16742759 
12.88705461   6.72446763 
4.92198108   9.69005098 
4.89640378   9.73152546 
4.95357966   9.72676541 
22.11341526   14.45088020 
22.45045726   13.31597438 
5.24900895   15.21191010 
4.76396405   10.26725942 
5.06585116   10.29239418 
5.11221070   10.27845017 
21.79519034   12.70177345 
21.59553521   13.77820560 
25.85454645   8.97821514 
26.32228527   8.18566585 
5.82006065   5.89135648 
26.94171872   9.79130502 
25.86168580   9.94296584 
26.82982744   10.57768927 
3.34570544   7.18449611 
4.36099337   9.46099327 
4.34291660   9.28019028 
3.18331523   16.26304392 
11.98576721   16.86422595 
11.94487337   17.77515061 
13.69545434   13.17273064 
14.21221240   13.04704250 
14.64345503   3.03484171 
15.28888570   3.67014259 
14.72144575   4.58745908 
15.51215772   4.58841492 
14.55141221   15.70834908 
15.08396829   16.10203909 
15.07960664   15.33865861 
12.99762176   3.08454708 
7.27259830   12.84744749 
7.17921162   13.14605986 
14.91096560   16.96416927 
7.57759102   12.78678481 
5.15096970   13.49094910 
5.51040811   13.43032455 
5.01163680   9.64529048 
5.02760306   9.68019586 
20.18125853   11.21781081 
4.57240505   3.89081123 
4.35871736   4.53880420 
15.74826121   17.59699231 
5.12774784   9.72957775 
5.06895067   9.70810529 
17.05676732   16.83357182 
16.34267867   17.04078002 
25.95920321   13.08827011 
16.86852888   17.59205825 
16.37325402   14.88491299 
7.63923825   14.44356951 
8.07936341   14.30971528 
16.40288019   14.09328976 
15.99471822   13.39272159 
4.85387159   10.05939352 
4.85239422   9.99066774 
4.32199122   15.44868118 
3.97478508   8.81022595 
2.96539010   12.26127567 
4.04870062   8.56944264 
3.21604924   13.42786132 
2.91276656   13.21211447 
21.04847351   11.29592824 
20.91498139   12.11471570 
5.48416063   16.63060418 
21.75925187   11.80066681 
4.52870575   10.13745895 
4.59676351   10.06855292 
4.62930913   10.13859587 
19.00391963   2.20834586 
18.03567669   2.44170165 
18.81672881   3.00244082 
14.74890327   9.88049959 
2.95538411   6.56126531 
3.34629856   6.39937394 
3.39606839   6.80006155 
3.69966429   6.47526145 
6.45313639   12.70418262 
16.83715377   5.11306566 
7.61593044   5.30366371 
5.38778226   10.06918392 
6.96987365   13.50055096 
14.96380890   7.90103829 
4.86003668   10.11370781 
22.63271069   12.26017668 
23.48699993   11.77868194 
22.50448153   11.39210356 
5.00135740   10.12138633 
4.99115878   10.16788058 
3.76279892   4.76668915 
3.37336303   5.07280745 
3.94723648   15.07109985 
3.51684900   15.01013247 
25.07330239   9.19693661 
6.12830412   6.98679113 
4.21348406   13.97891705 
4.87351487   10.28872863 
3.57114662   13.34559087 
12.27803991   15.98408498 
8.30062444   15.78505635 
4.90268690   13.20578398 
5.26805689   13.14090615 
4.83887679   5.75629397 
4.44015247   5.83629514 
15.54300020   18.47932064 
16.30052585   18.24877446 
14.46585384   7.14176372 
7.92359065   16.03284676 
13.98298324   7.62153707 
5.24824418   9.72555086 
5.22149800   9.78490289 
5.18910638   9.74856747 
5.08982754   9.76208846 
4.28679729   14.37302079 
4.50425026   9.50502400 
4.64167018   9.50443713 
4.58525979   9.61900895 
12.71150972   18.33902838 
7.30933410   6.46543310 
7.31670176   6.04789106 
7.62169771   6.15644685 
19.88126005   18.17978226 
24.87411732   10.02687051 
6.56965309   13.43568617 
6.27922133   13.49937887 
4.48301028   9.61396223 
4.52791082   9.69385840 
7.99464011   5.60560347 
8.37250756   5.69640699 
8.28673718   5.19852421 
29.29453261   9.86177172 
4.52848348   16.10479519 
19.13478746   12.52844591 
19.11707244   13.20036135 
19.12920629   11.76245603 
3.92193451   9.77538072 
3.74804387   9.79455648 
6.00646978   13.52520195 
5.60825772   9.74996847 
5.44669091   9.64333621 
5.41197703   9.56287941 
5.50501755   9.57591248 
1.83425073   5.92747303 
17.69086539   17.90978056 
15.59612957   14.94445794 
5.25471524   10.24827581 
2.17387825   14.49855302 
4.73895722   0.82741464 
4.68200089   9.83429905 
4.63478469   9.90414578 
23.16677574   10.13411237 
8.60074656   14.56015652 
16.91300534   4.15830904 
16.23971310   4.65951889 
5.33514590   10.17983668 
4.54556060   10.43427284 
4.46026390   10.52377667 
4.73525035   19.11884481 
23.80250527   5.48028739 
5.26938917   9.65797663 
23.28755833   7.40018077 
9.79628039   14.03196377 
12.92125754   2.30905710 
3.93134264   12.18860595 
4.14189353   12.20811178 
3.92098180   12.45531305 
3.91229379   6.73673300 
3.94905995   6.26661140 
23.29779769   10.95165968 
21.75257514   11.03502956 
3.63398021   9.95608563 
18.69086205   17.07550532 
15.71085507   14.18731655 
9.69845570   6.07564542 
3.99514575   11.29240864 
3.98500581   11.58631779 
3.72571879   11.37884541 
4.24680438   11.42129908 
4.79108125   9.67020693 
4.53113288   10.02264665 
5.12620619   3.71726302 
4.96456582   10.40800226 
4.87408035   10.34977747 
5.09593651   10.37975366 
5.13166533   10.33953874 
5.14517520   10.40178816 
5.18427599   10.35605031 
4.13212383   13.05650256 
4.52546882   13.22282656 
5.05672782   10.59170533 
5.07752961   10.52948800 
4.47977329   9.35033143 
6.16831005   8.58534239 
6.17806918   8.31922200 
6.37382642   8.48074908 
6.43450803   8.24265657 
5.13648611   6.08419503 
4.92655938   6.46511778 
4.67701372   10.20888187 
12.64952557   11.10879604 
13.29635564   11.57714666 
13.10931150   10.75053178 
12.96886803   12.23755798 
5.01078606   9.60379667 
4.17324615   5.11843655 
18.42872842   3.88501119 
5.45068543   9.05345581 
5.38067180   9.15061068 
17.72326821   3.34349897 
5.05784614   16.25157913 
5.07923430   10.33055356 
5.03979850   10.37330248 
13.41216271   17.85867703 
4.22273687   9.60765375 
3.80460651   11.13590038 
4.39435635   9.60638809 
12.87839073   17.28607789 
5.00290020   10.39940751 
3.56535429   6.09584230 
16.81441421   3.16916268 
16.50863289   7.57915672 
4.98335889   9.77267123 
4.93220055   9.76546461 
4.94313544   9.81543070 
5.01890476   9.88846726 
4.97856226   9.85586055 
4.92588163   9.87596693 
3.76146180   15.40122108 
7.00884769   7.42214634 
5.39092242   8.91904137 
5.52947249   8.94849182 
5.48167592   8.78555445 
4.58787064   10.23414747 
4.02720688   9.03111760 
25.84061941   11.95002149 
24.09269374   7.42351209 
6.87789349   13.15410580 
4.09254514   12.74659036 
4.42298629   12.83964617 
5.53102464   6.16246268 
5.64530993   13.05429300 
3.45380884   13.79055525 
11.95976028   11.04532689 
5.11518960   9.96177526 
5.08794215   10.03046724 
5.08306248   9.54645992 
5.15256562   10.01710677 
7.28652992   7.70960992 
5.93199789   7.19236833 
5.67584057   7.31468598 
10.68950745   4.74819868 
7.00497961   12.79071067 
4.26968176   9.94328932 
4.36514560   9.93232022 
4.35564018   10.05242288 
4.99235487   9.81324079 
15.72161585   16.57952378 
5.01510163   9.72780957 
4.66344813   12.58195273 
4.76971838   12.89075748 
5.28449665   6.47215652 
4.96331394   10.74652281 
5.03259959   10.73646136 
4.94052334   14.17027313 
4.90279864   10.81675784 
11.36071003   7.55250576 
12.06302631   7.88104742 
3.73860620   5.31380049 
5.54514241   9.67088650 
24.34924529   9.49614445 
5.80849929   10.53477822 
5.20448559   8.78914411 
4.96483621   8.84658410 
10.11332245   14.56464384 
5.54944894   10.65080126 
15.32264227   12.47472797 
5.49223710   10.73571105 
14.87737748   1.38856262 
4.90983722   9.51848548 
4.91093441   9.56369804 
4.85936075   9.54905313 
5.03669287   12.57698577 
6.00440505   10.64285619 
5.94377776   10.78736277 
5.02929793   10.04082619 
6.50257460   9.69334482 
6.33963241   9.75835386 
6.37918530   9.57597184 
4.82206705   10.39440869 
6.22615597   9.64438365 
13.94264640   9.33089370 
14.64461118   9.11625052 
5.61331988   11.00461031 
5.54544062   10.86190433 
5.66084658   10.89870906 
5.64195702   9.67454697 
5.72975460   9.72149903 
5.71157104   10.32486608 
6.84938250   9.28994079 
6.90898375   9.11412757 
7.09726577   9.03322450 
6.79893424   9.49852589 
6.64085494   9.29965139 
6.57504584   9.49041938 
10.42648284   15.46757537 
5.88536175   10.92480237 
5.78103813   10.82818608 
9.52466576   4.36334533 
5.43954515   11.26071892 
5.47391337   11.46136082 
5.31770092   11.39433075 
5.58828923   11.31333952 
7.62188468   5.78588065 
4.81703288   10.32249095 
5.43568078   10.84071139 
5.62806800   10.76240540 
5.32999362   10.80644700 
4.73241600   9.46943257 
4.80824638   9.49132428 
5.25489679   10.88693802 
5.20901644   10.19339354 
5.53481151   11.13381980 
5.27435720   11.19056856 
4.79066275   9.39531136 
5.77421722   11.00875885 
7.66271501   8.49219831 
7.37037943   8.39213259 
7.69343753   8.18716050 
7.37939463   8.06380431 
7.64595123   8.80782597 
7.97379406   8.95327467 
4.88788146   9.24077596 
4.81878771   9.31716009 
4.79307694   9.20729108 
4.73073317   9.29668024 
6.88528044   6.50505241 
7.02618419   6.79015633 
13.21893771   13.68709869 
3.63858994   12.49930784 
5.69384699   8.95412177 
5.65399482   8.81146317 
5.60852225   9.07983493 
5.57989073   8.66865936 
5.77128430   8.64798085 
7.14539499   8.21948190 
7.08561015   8.48950081 
12.66743774   16.53296440 
12.99174138   15.76788425 
10.03671549   4.97667267 
5.46256179   9.51010388 
10.56904412   5.42645752 
6.72723654   9.71037789 
11.87691060   5.63911968 
6.45703611   9.17735580 
6.38682406   9.37022345 
11.67642332   6.18296653 
6.67380601   9.08483154 
18.09721365   19.36958937 
6.25548464   9.48735516 
6.10942600   9.55038022 
6.16482695   9.38388541 
5.97619519   9.45655005 
4.36310696   9.09213303 
4.23349581   9.00309174 
5.22225781   9.93470842 
5.17056788   9.96600040 
6.23533467   9.17692518 
6.57679368   8.40751840 
6.83637385   8.45868535 
6.60284007   8.60057876 
5.21756184   9.99035777 
6.85410148   8.67478736 
5.11488846   9.90806636 
6.38822650   8.71864260 
6.68015850   8.21649604 
26.12943331   11.07739123 
6.92270911   8.22723034 
4.74142468   9.08914203 
4.81026948   8.94045701 
4.61595481   9.11145232 
5.18076103   11.33814510 
4.95991555   9.40418916 
4.91959990   9.42664440 
7.26516887   8.93885154 
7.47059689   9.02319299 
4.80995014   10.47043654 
4.81373813   10.55547061 
5.06702726   12.91734969 
3.85335161   8.37806973 
4.98584744   9.07787146 
5.35449538   11.56965649 
5.20903554   9.13147738 
13.12001372   9.25458633 
5.28952972   9.19644197 
5.17265908   9.22705080 
5.36254557   9.83184935 
14.44708098   15.09620031 
4.79872818   12.29179948 
4.89887487   10.54586781 
4.92133738   10.58718636 
4.87634951   10.59738402 
9.46974037   12.06571964 
25.04486158   11.77361198 
5.99451869   8.67740902 
6.14743541   8.84113444 
5.98763142   8.49334015 
8.72658654   8.27704064 
9.09611228   14.45683126 
8.86617489   14.15463124 
4.89321908   8.38197329 
4.72360122   8.46754770 
4.89078828   10.24251118 
4.53969865   8.55895302 
11.82490435   9.79751416 
12.35336294   9.24922271 
11.49768904   9.36101570 
4.97477921   9.57937613 
4.96984438   8.98159873 
4.34526664   6.96940557 
4.54601209   11.14183662 
4.62845913   11.00096608 
4.47805685   11.00845630 
4.83981157   11.15498258 
5.69600620   9.61921184 
4.60252898   9.27174680 
4.69926431   9.19757330 
5.77810298   9.59173402 
10.19300065   11.56979756 
9.89113191   11.27833712 
22.60125267   7.83518791 
9.85172226   11.80424032 
5.65743749   10.22770169 
6.70159434   12.52257428 
6.80890701   12.24348171 
7.03607979   12.41663723 
7.04198892   12.13780816 
5.70198918   9.94542573 
5.76016010   9.84311382 
5.82900649   9.92527411 
5.64345406   9.84628272 
4.48549146   9.17564944 
5.02948437   10.42076343 
8.97778941   9.91085833 
8.69960198   9.65667142 
8.63250572   10.00294669 
7.88105510   9.69825216 
8.12988608   9.78910020 
7.91886336   9.96784371 
8.20671094   10.10988945 
10.16401401   12.87358052 
8.77226989   9.35272384 
8.61963282   9.13559507 
8.46946392   9.40761023 
4.17051973   11.17024502 
4.89708577   9.35694740 
4.86636897   9.43824971 
6.41931210   12.43579142 
9.45166410   11.57131144 
9.07944175   11.34218923 
5.20919848   10.76168321 
5.29301453   10.51869835 
5.36357823   10.47949362 
8.99253529   10.29003600 
5.28202727   10.45609183 
8.56906611   10.33845122 
8.48171057   7.83826393 
5.78245313   13.36530972 
6.02879353   13.19754039 
8.13045271   7.98022142 
7.97943845   8.26524406 
6.01582511   8.06806172 
5.41421150   10.55011815 
5.50102049   10.55670041 
4.32956965   11.03055288 
4.38462782   11.18651425 
4.69742212   10.86650307 
4.64606117   10.74873486 
4.77799512   10.74208048 
4.68120941   10.65739004 
4.45948779   10.06956336 
4.42399422   10.14613372 
5.07858867   10.47599343 
8.96433327   13.19418469 
20.34953167   17.46145831 
5.11229483   10.43906602 
4.86909894   9.48654423 
4.91352008   9.47272659 
6.68446683   10.96047909 
6.64270338   10.77250707 
5.48120253   9.93433353 
10.41829773   13.36368354 
5.15563019   10.07979803 
5.98800972   8.29595170 
5.82559659   8.43413492 
5.06583229   10.42499802 
17.09437008   18.42703068 
6.87081329   10.47265974 
6.65608829   10.42553125 
6.82789620   10.29681509 
4.55896797   10.65563274 
4.53775582   10.83392402 
6.77316786   10.61763853 
4.43340161   11.64835328 
8.34011449   12.48214300 
7.46043542   11.62331240 
4.88037029   9.10241488 
6.18209281   9.81170182 
6.27472443   9.91325439 
5.54907216   9.49537242 
5.61570033   9.57235245 
10.04444496   9.60994848 
5.80587521   9.46353697 
5.75498652   9.33294137 
5.87949655   9.34062247 
5.86320830   9.20768010 
5.17408506   10.60711174 
5.23146584   10.67428735 
5.14851995   10.67538703 
5.25189039   10.58532499 
5.15774919   9.46462588 
5.21189664   9.43733639 
4.18300207   8.80039784 
5.14188697   9.40826848 
16.69613989   5.94804908 
13.52010479   14.21700212 
7.63325932   9.89696981 
4.02793490   9.60265893 
3.97342430   5.70829845 
5.11027640   10.72613190 
5.10320225   8.29505931 
5.76276257   11.41439346 
4.68007836   9.39099882 
4.36749707   8.67752063 
4.30752478   8.44850899 
6.26558299   10.18488557 
5.95725255   9.96274337 
6.75361964   11.93469436 
6.57952261   12.19192285 
6.44188345   11.86694082 
5.90908013   10.52307635 
5.85059758   10.66301174 
6.05709055   11.59507191 
5.05655600   9.74641512 
8.37907740   9.74163749 
8.13629575   9.48360696 
7.29785423   6.80116176 
5.28286922   10.01681622 
27.55341703   10.14406159 
4.20740737   11.73046295 
4.24905218   10.34772668 
4.30971604   10.21708562 
4.33890014   8.10256086 
3.96115688   10.50109215 
4.09346979   9.77035301 
5.53793186   9.37981165 
8.05209984   11.25666082 
6.21312334   6.33545519 
4.54542791   8.74587763 
4.68111576   8.81467647 
6.97555778   10.13816376 
11.04593330   12.25941577 
10.46674237   12.34112759 
10.72426574   11.68992464 
6.87411101   9.94438395 
7.81473717   10.23341669 
5.61980101   11.50826227 
5.52364852   11.72185694 
6.21729649   11.18263932 
4.93875634   9.59363740 
5.01194901   9.38325995 
4.96974947   9.35217407 
5.07715105   9.36367066 
5.08011037   9.42355432 
5.04162026   9.41531881 
6.35181913   12.14805455 
5.26974134   9.47639588 
5.23340051   10.50147530 
5.58510549   9.96044473 
5.50339511   10.01047792 
6.05226495   11.11386123 
5.27619582   11.73708316 
5.33185583   8.77164345 
6.38912964   8.97478790 
6.20352596   9.01412287 
9.08752829   10.60868930 
4.96372040   9.28107444 
5.70556023   9.19495224 
4.05544855   8.27539649 
10.19382291   5.94957722 
5.25636018   10.35043358 
5.34475360   9.76797997 
4.89419776   10.71326259 
4.97328169   10.67581909 
5.31980324   9.69925318 
4.58245908   9.40838481 
4.23297285   8.62408345 
5.12336634   10.05111477 
4.90848993   10.64965879 
6.02030284   9.05622242 
7.06014579   7.98850478 
4.87571505   10.49627501 
5.28616748   9.40403273 
5.26459220   9.95059539 
11.54610822   8.06632077 
6.27837353   8.06845236 
10.22342126   11.95756104 
5.84428497   9.66327378 
5.87963822   9.55237392 
5.02325773   9.31920700 
6.08571589   11.24343511 
4.83930722   10.64873653 
5.86779851   8.86397077 
8.72850650   11.49733859 
17.70503072   12.08311659 
6.02569712   9.26187840 
4.76507284   10.63456269 
8.28094872   9.11383662 
6.59089682   10.59395560 
4.91563775   10.46461397 
6.19271755   10.29153437 
6.86972092   8.91213897 
6.60383272   8.82983680 
4.96186346   10.60413029 
5.05659650   10.66200784 
5.00696266   10.61822666 
5.10949740   10.62110011 
5.14952340   9.32715968 
5.10100268   9.46940450 
6.79733938   7.99064855 
6.49484337   11.34614431 
6.42387132   11.18677670 
6.09111468   9.68253898 
7.66118240   9.60553943 
5.30665725   9.05878717 
5.79320652   9.05946371 
6.31385563   10.59025575 
4.63967224   11.50063499 
7.09496265   8.77669867 
5.71305866   9.53050860 
5.65964833   9.44002833 
8.86523109   8.65310188 
6.51278556   11.05176707 
5.60685609   10.39206930 
5.21442962   9.36910973 
5.80960136   10.41339654 
6.48472931   9.87793279 
5.42846958   8.61560982 
5.22788188   8.61163928 
5.91671283   9.87745740 
5.91011463   11.06831434 
6.33094606   11.33865236 
7.37534954   8.67748951 
8.35167254   8.17148755 
4.80955210   10.87020463 
5.09439901   9.50893069 
5.17324375   8.45471654 
