15   121   122 
123   124   125 
15   16   121 
126   127   128 
129   130   131 
129   132   130 
127   133   128 
134   135   136 
137   138   139 
138   140   139 
137   141   142 
141   143   142 
144   145   146 
145   147   146 
148   149   150 
148   151   149 
152   153   154 
152   155   153 
156   157   158 
159   160   161 
162   163   164 
163   165   164 
166   167   168 
25   169   170 
25   26   169 
171   172   173 
171   174   172 
144   175   176 
144   177   175 
157   178   158 
179   180   181 
182   183   184 
182   185   183 
186   187   63 
187   62   63 
76   188   189 
76   77   188 
190   191   192 
191   193   192 
194   195   196 
197   198   73 
198   72   73 
66   199   200 
66   67   199 
194   201   195 
202   200   199 
203   83   204 
83   84   204 
203   205   206 
205   207   206 
208   209   210 
208   211   209 
212   213   214 
194   172   215 
216   217   218 
217   20   218 
194   219   172 
220   221   222 
223   224   195 
225   226   227 
228   229   230 
228   231   229 
228   232   233 
228   234   232 
235   212   236 
181   237   233 
181   180   237 
238   134   239 
134   240   239 
241   242   243 
241   244   242 
220   245   221 
246   247   248 
249   242   250 
242   244   250 
87   251   252 
87   88   251 
247   253   248 
254   255   256 
257   258   259 
260   261   262 
257   263   258 
262   264   254 
265   266   267 
256   43   260 
268   269   270 
269   271   270 
272   273   274 
273   275   274 
276   277   278 
279   280   281 
280   140   281 
277   282   278 
283   284   285 
286   53   287 
288   289   290 
289   291   290 
292   293   139 
293   294   139 
292   139   280 
295   296   297 
139   140   280 
298   299   300 
299   99   300 
301   302   303 
301   304   302 
305   306   307 
306   45   307 
308   309   310 
308   311   309 
312   313   314 
313   315   314 
316   293   317 
293   318   317 
319   320   281 
320   321   281 
188   322   189 
188   323   322 
186   324   187 
324   325   187 
326   273   327 
326   275   273 
328   329   330 
331   160   332 
284   333   285 
334   27   335 
336   337   338 
339   340   341 
336   342   343 
342   12   343 
344   345   346 
81   347   348 
81   82   347 
344   349   345 
350   351   58 
351   57   58 
352   353   346 
352   354   353 
355   356   357 
355   358   356 
326   359   357 
326   360   359 
361   362   363 
364   365   366 
367   368   369 
368   34   369 
370   371   372 
373   374   375 
371   376   372 
377   378   379 
380   381   382 
377   383   378 
363   362   384 
385   368   367 
386   387   388 
334   389   124 
386   96   387 
390   337   343 
374   391   375 
392   323   393 
394   395   396 
397   398   399 
400   325   401 
395   402   396 
403   308   404 
403   311   308 
405   74   75 
406   407   408 
406   409   407 
64   65   410 
408   411   279 
322   412   413 
411   414   279 
415   416   417 
418   419   324 
415   420   416 
361   363   421 
363   422   421 
423   424   425 
426   425   424 
427   428   429 
430   431   432 
433   434   435 
433   436   434 
323   412   322 
323   392   412 
437   129   438 
324   419   325 
419   401   325 
437   132   129 
439   309   440 
82   441   347 
82   83   441 
309   311   440 
351   442   57 
442   56   57 
443   444   445 
446   447   448 
443   449   444 
445   450   451 
452   453   454 
450   455   451 
236   456   457 
458   459   460 
459   461   460 
462   463   464 
465   466   467 
468   469   396 
469   470   396 
471   149   472 
471   473   149 
472   474   471 
474   475   471 
476   477   478 
476   479   477 
480   481   482 
483   484   485 
480   36   481 
486   487   488 
489   490   491 
483   492   484 
487   493   488 
494   495   496 
494   497   495 
498   499   500 
498   501   499 
500   502   498 
502   503   498 
20   21   218 
500   499   504 
236   457   235 
499   505   504 
506   507   508 
506   509   507 
405   197   74 
197   73   74 
510   511   512 
65   200   410 
65   66   200 
413   513   514 
413   515   513 
197   405   514 
516   517   418 
517   518   418 
516   410   200 
448   447   392 
447   412   392 
510   519   511 
401   453   452 
401   419   453 
520   521   522 
521   523   522 
415   417   524 
417   50   524 
525   240   526 
525   527   240 
528   529   530 
529   531   530 
532   201   533 
201   534   533 
535   536   537 
538   539   540 
536   103   537 
541   542   543 
542   544   543 
545   353   541 
545   546   353 
538   404   539 
510   547   548 
549   550   551 
550   48   551 
552   317   553 
552   554   317 
553   555   556 
555   271   556 
412   515   413 
412   447   515 
514   405   413 
418   518   419 
518   453   419 
418   410   516 
557   558   559 
547   560   548 
83   203   441 
561   562   563 
561   564   562 
565   566   567 
442   210   56 
565   568   566 
206   207   446 
207   569   446 
206   441   203 
454   211   208 
454   570   211 
210   442   208 
463   571   464 
526   240   121 
572   573   574 
575   201   532 
576   572   577 
578   579   580 
581   582   583 
581   340   582 
584   585   586 
584   501   585 
197   514   587 
514   513   587 
202   516   200 
202   517   516 
446   569   447 
569   515   447 
453   570   454 
453   518   570 
204   205   203 
586   316   584 
204   84   588 
84   85   588 
210   209   589 
579   590   580 
404   591   592 
593   54   55 
594   595   596 
595   597   596 
598   599   600 
598   601   599 
600   602   603 
604   605   606 
513   515   607 
515   569   607 
604   608   605 
609   518   517 
609   570   518 
610   611   606 
610   612   611 
607   613   614 
615   616   617 
618   609   517 
616   619   617 
615   620   621 
620   622   621 
602   623   603 
624   625   626 
569   613   607 
569   207   613 
625   627   626 
609   628   570 
628   211   570 
629   630   631 
632   250   154 
250   244   154 
633   634   635 
227   204   588 
227   205   204 
634   193   635 
633   636   543 
593   589   637 
589   209   637 
636   638   543 
635   636   633 
227   226   205 
630   639   631 
227   588   640 
209   641   637 
572   642   573 
643   593   637 
644   645   646 
647   629   631 
648   630   629 
253   649   650 
649   135   650 
651   652   653 
67   654   199 
67   68   654 
651   655   652 
656   657   658 
656   224   657 
659   631   639 
660   661   618 
659   662   631 
663   664   665 
666   613   207 
667   594   668 
211   628   669 
613   670   614 
613   666   670 
671   277   672 
671   282   277 
673   674   675 
676   677   567 
674   678   675 
643   637   679 
637   641   679 
597   680   681 
682   683   684 
682   449   683 
355   474   684 
355   475   474 
685   329   328 
686   687   688 
686   689   687 
690   691   692 
688   693   694 
695   93   696 
693   697   694 
698   699   700 
701   702   703 
702   704   703 
705   706   707 
706   708   707 
709   710   711 
676   712   713 
714   715   716 
717   718   719 
717   282   718 
720   721   722 
721   723   722 
710   724   711 
626   627   725 
668   594   726 
307   727   305 
727   728   305 
729   730   731 
732   733   734 
733   735   734 
736   737   732 
736   738   737 
739   740   741 
740   742   741 
743   674   744 
674   745   744 
695   746   93 
746   92   93 
747   163   748 
163   749   748 
747   395   394 
750   487   486 
750   751   507 
751   752   507 
303   753   257 
303   754   753 
259   755   257 
259   728   755 
382   756   757 
758   759   673 
759   745   673 
760   663   761 
663   762   761 
763   630   648 
764   289   288 
765   766   767 
768   769   770 
768   771   769 
772   773   770 
772   774   773 
775   157   156 
776   777   778 
779   485   780 
485   781   780 
776   782   777 
767   766   783 
784   730   785 
730   786   785 
787   788   789 
790   693   791 
790   697   693 
639   630   791 
789   788   792 
793   794   795 
794   796   795 
797   798   799 
800   801   774 
801   802   774 
508   507   803 
222   804   803 
222   805   804 
797   806   798 
807   808   809 
808   810   809 
811   812   813 
812   814   813 
813   815   811 
813   816   815 
817   818   819 
817   786   818 
820   821   819 
798   822   823 
824   825   826 
825   691   826 
827   370   824 
798   806   822 
823   828   706 
828   708   706 
487   829   830 
487   509   829 
830   524   831 
524   51   831 
832   664   833 
832   834   664 
835   836   837 
836   838   837 
839   840   841 
839   842   840 
423   843   424 
644   844   845 
846   847   848 
849   850   458 
847   851   848 
845   852   849 
853   854   855 
854   856   855 
857   733   853 
857   735   733 
778   858   859 
778   860   858 
861   653   862 
653   863   862 
861   864   812 
864   814   812 
862   864   861 
862   865   864 
866   867   868 
867   869   868 
870   871   872 
873   871   870 
874   870   875 
874   699   870 
876   877   878 
879   880   881 
880   882   881 
876   883   877 
884   885   886 
885   887   886 
297   296   888 
889   890   846 
890   847   846 
891   892   701 
892   893   701 
894   895   891 
894   896   895 
891   895   892 
895   897   892 
898   808   899 
808   900   899 
901   799   902 
799   903   902 
901   904   894 
904   896   894 
905   795   906 
905   907   795 
870   699   873 
908   909   910 
911   675   912 
675   678   912 
913   914   915 
913   916   914 
917   918   793 
918   919   793 
920   845   921 
845   844   921 
920   885   922 
885   923   922 
910   497   908 
924   925   926 
927   928   929 
927   930   928 
931   718   671 
718   282   671 
932   760   931 
926   925   933 
934   935   936 
934   827   935 
937   938   936 
937   879   938 
939   940   835 
940   742   835 
939   941   898 
941   810   898 
942   943   944 
942   945   943 
944   946   947 
946   948   947 
949   950   951 
576   642   572 
952   953   954 
953   955   954 
917   956   952 
917   907   956 
957   958   959 
960   961   962 
961   963   962 
390   964   337 
964   422   337 
218   965   216 
957   966   958 
967   968   641 
967   669   968 
969   970   807 
12   13   971 
361   972   362 
973   390   343 
974   169   27 
169   26   27 
334   335   389 
975   389   335 
972   105   362 
976   977   226 
80   81   348 
976   666   977 
978   979   235 
350   58   59 
980   188   77 
980   323   188 
393   980   981 
982   983   147 
334   984   974 
334   124   984 
490   489   985 
213   979   986 
980   393   323 
987   338   384 
337   384   338 
62   187   988 
979   489   986 
978   489   979 
187   325   988 
989   988   400 
990   123   125 
991   990   125 
123   990   992 
960   101   993 
325   400   988 
994   17   995 
385   975   996 
997   998   999 
998   22   999 
960   1000   101 
101   1000   100 
975   385   389 
1001   1002   1003 
1003   1004   1001 
996   1005   1006 
1007   604   991 
1008   996   975 
1008   1005   996 
1009   1010   987 
338   987   1011 
848   851   724 
218   998   965 
987   1010   1011 
9   1011   1010 
218   21   998 
513   1012   587 
1011   9   10 
513   607   1012 
1008   30   1005 
457   1013   1014 
29   30   1008 
324   186   418 
418   186   410 
413   189   322 
405   189   413 
1013   1015   1014 
1016   79   981 
1017   1018   470 
1017   1019   1018 
981   79   80 
989   60   1020 
1021   1022   1023 
59   60   989 
1022   1024   1023 
1025   1026   1027 
1026   1028   1027 
236   212   216 
452   454   208 
212   217   216 
508   148   1029 
508   151   148 
1030   1031   1032 
1031   1033   1032 
1034   1035   661 
208   351   452 
1021   491   490 
442   351   208 
1034   1036   1035 
527   1037   1038 
983   1030   168 
206   446   448 
1037   1039   1038 
448   347   206 
206   347   441 
1040   1041   241 
63   64   186 
64   410   186 
1041   1042   241 
39   1004   1003 
161   1004   159 
448   348   347 
1004   40   159 
40   41   159 
351   350   452 
189   75   76 
215   1043   534 
189   405   75 
988   1020   62 
987   384   1009 
362   1009   384 
215   174   1043 
1044   1003   1002 
1044   38   1003 
1022   1045   1046 
1022   1021   1045 
1009   362   106 
1006   385   996 
180   1047   237 
1047   1048   237 
976   1049   666 
976   568   1049 
1050   1051   1052 
1050   660   1051 
641   968   1053 
968   1054   1053 
1055   491   1021 
199   1056   202 
168   1030   1057 
1056   1052   202 
628   1058   1035 
1058   661   1035 
202   1051   517 
385   1006   368 
1051   618   517 
643   287   593 
287   54   593 
33   368   1006 
593   1059   589 
593   55   1059 
1060   1061   1062 
1062   1061   781 
970   900   807 
77   1016   980 
577   1063   1064 
1031   1065   456 
1031   1030   1065 
400   452   350 
338   10   342 
10   338   1011 
1066   1033   1031 
400   401   452 
348   981   80 
161   1067   1001 
161   331   1067 
1068   1069   1070 
1068   1071   1069 
216   1072   236 
348   393   981 
1073   1074   1075 
902   705   969 
254   1026   255 
264   1026   254 
10   11   342 
983   1076   1065 
335   29   975 
1065   1076   456 
1065   1030   983 
1008   975   29 
335   28   29 
291   1077   290 
1024   288   290 
342   336   338 
1005   32   1006 
290   1077   1024 
850   1078   1079 
1080   1081   1082 
123   1083   124 
992   1083   123 
273   272   1084 
1084   327   273 
995   18   214 
1085   126   1086 
1086   170   1085 
1009   107   1010 
986   1087   213 
663   932   664 
986   1088   1087 
59   989   350 
61   62   1020 
359   1089   475 
475   357   359 
360   1089   359 
1016   77   78 
55   56   1059 
210   589   1059 
989   400   350 
1059   56   210 
261   1090   262 
361   421   619 
262   1090   264 
108   4   1010 
619   1091   361 
1010   4   9 
1092   1093   1094 
1095   503   1092 
503   1093   1092 
1096   131   198 
1096   197   587 
1005   1   31 
30   1   1005 
989   1020   988 
980   1016   981 
1016   3   79 
78   3   1016 
1020   2   61 
198   197   1096 
60   2   1020 
490   1097   1045 
1045   1097   1046 
1045   1021   490 
1098   1099   166 
1100   1099   1098 
1096   587   131 
31   32   1005 
1010   107   108 
587   1101   131 
614   1101   1012 
1012   1101   587 
1012   607   614 
488   643   679 
679   486   488 
493   643   488 
131   1101   1102 
348   448   393 
448   392   393 
749   162   249 
249   162   1048 
1081   1103   1082 
1104   274   275 
902   903   705 
1105   1106   91 
695   696   690 
690   692   695 
473   150   149 
151   472   149 
628   609   1058 
618   661   1058 
1058   609   618 
1037   1107   1039 
1037   527   1088 
1088   1107   1037 
994   526   17 
1108   690   696 
525   526   994 
1109   1024   1022 
1022   1046   1109 
287   643   493 
493   286   287 
292   1110   318 
997   965   998 
21   22   998 
533   997   999 
999   532   533 
219   173   172 
174   215   172 
1111   1112   608 
1113   877   1114 
369   1112   1111 
1115   918   1116 
663   760   932 
932   833   664 
1117   1118   1119 
624   1120   1117 
1044   37   38 
280   414   292 
101   102   993 
414   1110   292 
696   94   1121 
696   1121   1108 
1121   94   95 
1122   1123   1124 
1125   1123   1122 
1124   1123   1126 
546   346   353 
354   541   353 
1126   1123   982 
1040   1127   1067 
1067   1127   1001 
1127   1040   1128 
995   17   18 
294   586   141 
141   137   294 
141   586   143 
1036   1054   968 
968   669   1036 
544   563   634 
634   563   193 
634   633   544 
1129   421   422 
1130   1131   640 
1132   640   1131 
1067   331   1040 
1125   985   1015 
86   1131   1130 
997   533   1033 
534   1033   533 
212   214   217 
217   19   20 
217   214   19 
1051   202   1052 
1051   660   618 
1133   1134   1135 
1115   919   918 
214   18   19 
1136   1068   1137 
1138   1068   1136 
1124   1139   1122 
1122   1139   185 
179   1140   1141 
1140   1142   1141 
1072   1031   456 
1140   179   181 
456   236   1072 
1057   171   1098 
1098   171   1100 
973   971   1143 
1144   310   309 
309   439   1144 
1007   125   1145 
337   422   384 
1007   385   367 
363   384   422 
1146   1147   1148 
368   33   34 
105   106   362 
971   973   343 
1146   1149   1147 
337   336   343 
334   974   27 
342   11   12 
27   28   335 
1006   32   33 
1150   1151   1152 
106   107   1009 
1151   1153   1152 
12   971   343 
1018   229   165 
1003   38   39 
654   1154   1056 
1116   1155   1115 
1056   1154   1052 
1056   199   654 
293   292   318 
1155   1156   1115 
293   316   294 
1071   1068   1157 
1138   1158   1157 
1157   1068   1138 
1157   1158   1071 
1159   867   1160 
1159   869   867 
1161   1162   638 
1163   1164   1160 
1163   1165   1164 
1013   1076   982 
1019   229   1018 
457   1076   1013 
982   1015   1013 
1166   1167   1168 
1042   581   152 
1167   1169   1168 
1088   527   1087 
616   1170   1171 
1172   1170   616 
158   1034   661 
178   1034   158 
1173   1174   934 
124   389   125 
1154   685   1175 
654   685   1154 
1175   1052   1154 
1174   827   934 
174   1032   1043 
389   385   1145 
1176   759   1173 
97   1177   296 
1033   534   1043 
296   387   97 
1176   745   759 
97   387   96 
1043   1032   1033 
1178   1167   1179 
1180   962   1181 
1181   962   1182 
134   136   240 
136   1183   121 
212   235   979 
979   213   212 
121   240   136 
209   211   967 
967   641   209 
1178   1169   1167 
967   211   669 
1184   1185   522 
255   42   256 
1184   1186   1185 
255   1187   42 
1188   1189   1190 
1188   1191   1189 
42   1187   41 
1066   1031   1072 
1192   1193   1194 
965   1066   216 
216   1066   1072 
201   223   195 
148   150   1195 
1195   1029   148 
978   1014   985 
575   1196   223 
235   1014   978 
985   489   978 
223   201   575 
1197   565   677 
670   565   1197 
1070   1198   1199 
1193   1200   1194 
1192   833   932 
1199   1198   1201 
1120   1118   1117 
1137   1070   1199 
1090   1202   264 
138   137   1138 
138   1136   140 
1060   1202   1090 
1138   1136   138 
1203   912   1204 
145   144   1205 
145   1126   147 
1205   1126   145 
354   561   542 
912   678   1204 
542   561   544 
542   541   354 
1168   1206   1203 
1050   156   660 
1168   1169   1206 
1050   1052   1175 
1207   1208   1209 
1207   1210   1208 
899   1211   1209 
899   900   1211 
1087   525   994 
297   1212   1213 
1213   882   1214 
1213   1212   882 
1138   137   142 
143   1158   142 
142   1158   1138 
1215   1216   1181 
1181   1216   1180 
1181   1182   1215 
1217   1218   1219 
225   1220   191 
191   190   225 
1218   1221   1219 
1222   956   1223 
1222   948   956 
1223   905   1224 
999   22   23 
905   1225   1224 
888   296   1177 
1211   970   1226 
575   23   1227 
1211   900   970 
532   999   23 
1228   1229   1230 
575   532   23 
1227   23   24 
13   1231   971 
165   394   1018 
1229   1232   1230 
1018   394   470 
1228   1233   884 
1233   923   884 
971   1231   1143 
134   238   135 
1234   1235   1236 
1234   1237   360 
360   1235   1234 
1238   741   940 
1231   1239   1143 
741   742   940 
1231   13   14 
1208   1240   1238 
1177   97   98 
1208   1210   1240 
1029   1241   506 
1240   741   1238 
506   1241   509 
1240   1242   741 
506   508   1029 
1243   1244   1245 
331   332   341 
339   341   332 
965   997   1066 
1243   1221   1244 
411   270   414 
411   408   1246 
1247   1248   1245 
1247   1249   1248 
1250   1251   1159 
1251   869   1159 
1246   270   411 
1250   1252   1229 
130   1253   198 
1252   1232   1229 
198   131   130 
1254   877   1113 
132   1253   130 
1230   1255   1256 
1257   1258   1251 
1258   869   1251 
1259   1093   502 
1251   886   1257 
502   1093   503 
502   500   1259 
1066   997   1033 
1251   1260   886 
1261   1216   1262 
1263   739   1264 
1262   1216   1094 
1263   883   739 
1094   1265   1262 
1266   550   1267 
47   550   1266 
1140   605   1142 
1268   1269   1270 
1268   1271   1269 
1270   744   1176 
744   745   1176 
1272   1273   1274 
1272   738   1100 
1270   1269   744 
1269   1275   744 
136   1276   1183 
1277   1278   1279 
1280   605   1140 
135   1276   136 
985   1125   1097 
1277   1281   1278 
1097   1125   1046 
1097   490   985 
1282   1283   1284 
1285   582   339 
1282   842   1283 
1284   1206   1286 
492   582   1285 
1206   1169   1286 
1287   1288   1289 
1288   1290   1289 
1291   179   1292 
697   790   1293 
1293   790   1294 
800   772   1295 
1295   772   1296 
1292   179   1141 
16   17   526 
16   526   121 
972   1091   104 
1261   888   1177 
361   1091   972 
104   105   972 
802   184   183 
1297   1298   1299 
185   1300   183 
183   1300   802 
356   1104   275 
358   1104   356 
275   357   356 
1297   771   1298 
1177   299   1261 
1301   1252   1302 
98   299   1177 
1301   1232   1252 
1303   1220   225 
1304   1305   1306 
1132   1220   1303 
102   536   993 
1102   438   129 
1307   1221   1218 
129   131   1102 
1308   941   1309 
103   536   102 
1308   810   941 
14   122   1231 
1231   122   1239 
1309   1310   1311 
1310   966   1311 
157   775   455 
1312   1313   721 
1313   1312   1314 
122   1183   1239 
1179   1315   1316 
1179   1317   1315 
1318   602   1319 
122   14   15 
1318   623   602 
1320   1321   1319 
1322   170   1086 
1320   1323   1321 
25   170   1322 
1319   602   1320 
1324   1047   1291 
977   207   205 
205   226   977 
602   1325   1320 
666   207   977 
1326   1327   1301 
1328   1047   1324 
1327   1232   1301 
1326   1286   1178 
1286   1169   1178 
1255   1230   1329 
1044   481   37 
1255   1330   1256 
1331   809   1308 
37   481   36 
260   262   254 
809   810   1308 
679   641   1053 
1053   486   679 
984   1083   1085 
124   1083   984 
1308   1332   1331 
1085   974   984 
1333   1334   425 
1026   264   1028 
285   1335   283 
1026   1025   255 
254   256   260 
1023   1077   1055 
285   1336   1335 
1024   1077   1023 
1055   1021   1023 
568   565   1049 
670   666   1049 
1049   565   670 
1088   491   1107 
1055   1039   1107 
1337   1240   1338 
1107   491   1055 
754   303   302 
304   1339   302 
302   1339   754 
256   42   43 
1240   1210   1338 
1340   1253   132 
71   1253   1340 
261   260   306 
306   260   44 
1341   1292   1342 
1343   1292   1341 
1344   1095   1215 
1345   1095   1344 
993   1346   961 
1311   1347   1348 
961   960   993 
1311   966   1347 
961   1346   963 
1348   1315   1349 
1315   1317   1349 
1350   1351   1352 
640   588   1130 
1333   1353   1334 
1130   588   85 
1354   1217   1355 
1356   1305   1304 
1338   1357   1354 
1338   1210   1357 
121   1183   122 
527   525   1087 
1227   1322   1196 
127   126   992 
127   1358   133 
1359   1064   1063 
1360   574   1361 
1362   1363   1364 
574   1365   1361 
24   1322   1227 
992   1358   127 
1262   297   888 
1265   297   1262 
1316   398   397 
1175   328   1366 
1367   1368   1369 
1370   1321   1371 
349   274   345 
1372   346   345 
1368   1373   1369 
1321   1323   1371 
1341   1002   1343 
1341   1342   1044 
1044   1002   1341 
976   190   568 
1374   1375   429 
1375   1376   429 
226   190   976 
1377   1243   1378 
1143   1379   973 
1243   816   1378 
973   1379   390 
1380   1219   1377 
1380   1381   1219 
1382   1383   1384 
1385   1386   1387 
1386   1388   1387 
1355   1381   1389 
1390   433   1385 
1390   436   433 
1391   1392   1393 
53   54   287 
1076   457   456 
1076   983   982 
1144   1394   310 
93   94   696 
242   249   1328 
1328   243   242 
1032   174   1057 
1057   1030   1032 
1391   1371   1392 
1395   373   1396 
373   1397   1396 
1398   1399   1400 
754   1401   753 
263   257   753 
1399   1064   1400 
1143   1239   1402 
1227   1196   575 
1403   1404   1405 
1047   1328   1048 
1047   180   1291 
1404   1406   1405 
1407   1408   1409 
1408   1410   1409 
1400   1064   1359 
1190   1411   1412 
163   162   749 
1413   1320   1414 
844   1415   715 
1413   1323   1320 
366   1416   364 
1416   796   364 
163   747   165 
1417   1418   1419 
299   298   1261 
1417   1420   1418 
299   98   99 
1359   1063   1421 
294   137   139 
1190   1422   1411 
1035   1036   669 
669   628   1035 
339   332   1027 
1027   332   1025 
1423   1424   1425 
1423   1397   1424 
1426   1404   1427 
1426   1406   1404 
709   1396   1428 
1027   1028   339 
709   1429   1396 
1430   462   1431 
1432   1402   1433 
1430   1434   462 
1435   1436   1433 
1437   374   1438 
1433   1402   1435 
1437   391   374 
1433   1436   1432 
1439   427   1393 
427   1440   1393 
1439   1441   1442 
964   1443   1129 
390   1443   964 
1129   422   964 
1212   1444   882 
1212   297   1265 
1265   1444   1212 
1313   723   721 
1441   1445   1442 
1446   1268   938 
1447   1448   1449 
938   1268   1450 
1451   1452   820 
820   819   1451 
1447   1453   1448 
1454   1455   1456 
1457   1081   1458 
1457   1103   1081 
1459   1460   1461 
1086   126   128 
1459   1462   1460 
1463   1430   1464 
1130   85   86 
1463   1434   1430 
1465   1466   1467 
1465   1468   1466 
1458   1469   1470 
161   160   331 
312   1019   1471 
1187   159   41 
1187   255   1025 
1025   159   1187 
1458   1472   1469 
235   457   1014 
1473   1474   1475 
1474   1476   1475 
1015   985   1014 
1467   435   1473 
1467   1477   435 
1000   300   100 
1000   960   1180 
1180   300   1000 
1478   1479   1480 
289   477   291 
1481   1482   751 
1481   1483   1482 
1484   1481   751 
43   44   260 
1484   1054   1481 
291   1485   1077 
221   1486   1487 
1077   1485   1055 
1486   682   1487 
49   417   416 
420   551   416 
1488   1074   627 
1489   927   1490 
1489   930   927 
1491   1492   1493 
164   229   231 
1492   1401   1493 
165   229   164 
756   1494   1495 
231   162   164 
1494   1496   1495 
416   551   49 
485   484   1062 
568   1497   566 
1162   1454   1456 
1498   567   566 
281   1499   279 
125   1007   991 
169   974   1085 
1085   170   169 
566   1497   1498 
281   321   1499 
591   1500   383 
832   1501   440 
832   1502   1501 
562   1503   1504 
1503   1498   1504 
1366   1505   1506 
470   1507   1017 
1505   775   1506 
1471   1019   1017 
1366   1508   1509 
1508   1510   1509 
1017   1507   1471 
1273   1272   173 
491   1088   986 
1272   1100   173 
986   489   491 
173   1511   1273 
1512   767   1513 
1432   1514   1443 
1443   1514   1129 
1443   390   1432 
171   173   1100 
171   1057   174 
882   1515   1214 
173   219   1511 
1516   1213   1214 
1517   1518   371 
1214   1515   1516 
175   766   765 
765   176   175 
177   766   175 
1517   560   1518 
1519   1520   755 
1519   1134   1520 
755   1520   1521 
1513   767   783 
1520   1522   1521 
1523   1524   825 
1523   1525   1524 
244   1042   152 
1061   1526   259 
177   144   146 
1526   728   259 
147   167   146 
1527   707   1528 
152   154   244 
1100   738   1099 
383   592   591 
825   1529   691 
1527   1530   707 
909   1531   268 
1531   1532   268 
381   1533   1534 
358   684   683 
1122   182   1125 
1061   259   781 
185   182   1122 
449   1535   683 
1536   1537   612 
683   1535   358 
691   1529   692 
1533   598   1534 
692   1529   1538 
166   168   1098 
603   1539   1540 
1098   168   1057 
603   623   1539 
280   279   414 
1541   1542   1454 
614   1543   1101 
1541   1544   1542 
1101   1543   1102 
1455   1545   1456 
584   1546   1547 
1069   1182   963 
963   1070   1069 
635   191   1220 
1071   1182   1069 
635   193   191 
1548   1549   344 
1549   349   344 
234   1537   1536 
528   1550   1551 
437   330   132 
1550   1488   1551 
437   438   1510 
471   1089   473 
475   1089   471 
321   1552   406 
406   1552   409 
557   1553   558 
307   45   46 
1485   1554   1039 
291   1554   1485 
1039   1055   1485 
316   586   294 
557   1555   1553 
476   1556   1557 
962   1180   960 
1556   650   1557 
314   1537   234 
962   963   1182 
1535   1558   1559 
319   1137   1560 
158   661   660 
660   156   158 
1558   1561   1559 
1182   1071   1344 
1344   1215   1182 
1344   1071   1345 
1053   1484   486 
144   176   1205 
234   312   314 
1053   1054   1484 
298   1180   1216 
1562   1563   1564 
1563   1075   1564 
1565   1566   415 
1565   1567   1566 
511   1568   1084 
1569   1570   1571 
1084   512   511 
1570   1572   1571 
1573   1422   1190 
1478   1389   1479 
150   1574   1195 
395   747   1575 
714   716   1257 
847   1576   851 
1576   1294   851 
1528   708   1577 
1234   1578   1237 
1234   1236   1578 
539   1579   530 
539   592   1579 
159   1025   160 
1580   1581   567 
1580   1582   1581 
1050   1506   156 
1050   1175   1506 
531   1583   540 
1583   1584   540 
1216   1261   298 
1585   1586   1358 
1586   133   1358 
1379   1402   1432 
1143   1402   1379 
246   1587   1588 
246   409   1587 
1432   390   1379 
1292   1343   1291 
1292   1141   1342 
455   775   1589 
1019   230   229 
612   990   611 
991   606   611 
611   990   991 
992   126   1083 
1083   126   1085 
789   1590   787 
789   860   1590 
497   1591   495 
308   310   1592 
1591   248   495 
880   1515   882 
495   1593   496 
1594   1515   880 
501   1595   585 
143   586   585 
585   1595   143 
225   227   1303 
640   1132   1303 
1303   227   640 
620   1514   622 
620   615   1129 
1531   1596   1597 
1531   908   1596 
1598   943   1599 
1129   1514   620 
943   945   1599 
1105   1600   1601 
1600   1538   1601 
1084   1235   327 
311   834   440 
1578   1602   1339 
1262   888   1261 
327   1235   360 
160   1025   332 
685   328   1175 
1345   1158   1603 
143   1595   1603 
1603   1158   143 
1603   1595   1345 
1343   1128   1324 
1578   1604   1602 
1324   1291   1343 
1324   1128   1328 
1180   298   300 
99   100   300 
1605   1606   1607 
1605   689   1606 
1607   595   1539 
595   1608   1539 
248   1609   246 
1610   1611   1612 
179   1291   180 
95   386   1121 
1613   1108   1121 
1609   409   246 
1121   386   1613 
1614   1615   1616 
1617   265   636 
1614   402   1615 
1004   161   1001 
1004   39   40 
182   184   1046 
1046   1125   182 
1604   1578   1490 
1578   1236   1490 
1086   1196   1322 
24   25   1322 
474   1487   684 
474   805   1487 
713   1618   1509 
1618   1589   1509 
1411   1619   1412 
1619   1620   1412 
1451   819   818 
1621   1622   821 
269   268   1532 
1621   1612   1622 
263   780   258 
1415   1623   1624 
781   259   258 
1623   1625   1624 
258   780   781 
330   1626   1340 
622   1627   621 
1626   70   1340 
1172   615   621 
621   1627   1172 
581   1042   340 
306   305   261 
306   44   45 
1628   1629   1372 
1628   1630   564 
564   1629   1628 
51   52   831 
493   830   831 
1372   1630   1628 
610   1536   612 
610   606   1280 
1280   1536   610 
318   1110   555 
555   1110   271 
555   553   318 
1631   1632   176 
224   196   195 
1632   1205   176 
829   1241   1567 
1293   1576   278 
509   1241   829 
1293   1294   1576 
269   1633   271 
1633   1620   271 
748   632   1575 
648   629   1634 
749   632   748 
1547   554   822 
1575   747   748 
1635   1636   1637 
223   1638   224 
1111   608   604 
1196   1638   223 
1280   606   605 
608   1142   605 
1127   1343   1002 
632   1625   1575 
1002   1001   1127 
601   7   117 
265   1639   1161 
1128   1343   1127 
265   267   1639 
1545   1455   1640 
220   222   752 
1455   1525   1640 
1641   926   1200 
135   1642   1276 
1239   1183   1276 
1276   1642   1239 
1641   924   926 
35   1643   1112 
818   1644   1645 
231   1048   162 
1644   729   1645 
132   330   1340 
451   1646   445 
1646   443   445 
1073   1645   1074 
70   71   1340 
1645   729   1074 
501   1647   499 
1648   1649   1133 
1625   916   1624 
715   1415   1624 
1624   916   715 
1649   1522   1133 
90   91   1106 
597   595   1606 
595   1607   1606 
1650   276   890 
890   276   847 
890   889   1650 
1547   1546   554 
1651   1652   1297 
771   1297   1652 
854   853   1274 
1112   1643   608 
1246   408   407 
91   92   1105 
854   1273   856 
358   1535   1630 
1274   1273   854 
1630   1535   564 
355   684   358 
1091   1653   104 
355   357   475 
224   128   657 
133   658   657 
657   128   133 
1095   1092   1215 
1095   1345   503 
1651   590   1652 
1054   1036   1654 
178   1483   1654 
387   296   295 
1607   1318   1605 
295   388   387 
1605   1318   1655 
1656   220   1483 
802   1300   774 
616   615   1172 
616   1171   619 
619   1653   1091 
702   701   893 
245   445   444 
702   1657   704 
449   682   444 
654   68   329 
329   685   654 
329   68   69 
72   198   1253 
1253   71   72 
313   1598   315 
893   1657   702 
674   673   745 
674   743   678 
754   1339   1602 
1604   1401   1602 
1060   1658   1526 
1602   1401   754 
1659   1660   1661 
786   1314   785 
1526   1061   1060 
1526   1658   728 
1041   341   1042 
1659   289   764 
1041   1040   331 
222   803   752 
331   341   1041 
469   1507   470 
764   1660   1659 
1661   289   1659 
792   1507   469 
1648   1574   1649 
677   1543   1197 
301   1522   1649 
614   670   1197 
1649   1574   301 
1197   1543   614 
1070   963   1198 
1483   178   1656 
1662   1663   942 
945   942   1663 
1346   1201   1198 
595   594   1608 
1582   1664   1581 
676   567   1581 
1581   1664   676 
1198   963   1346 
730   729   1644 
818   786   1644 
1644   786   730 
313   312   1471 
492   583   582 
1662   1572   1663 
1503   1561   1580 
340   339   582 
1582   1580   1561 
1561   1665   1582 
1482   220   752 
1483   220   1482 
752   751   1482 
1471   1598   313 
153   916   1625 
1625   154   153 
1632   1666   1205 
1554   477   479 
1632   1631   873 
291   477   1554 
873   1666   1632 
479   1039   1554 
1622   819   821 
450   445   245 
450   1656   455 
1622   1612   817 
326   357   275 
1202   1028   264 
326   327   360 
181   1280   1140 
817   819   1622 
1667   1161   638 
714   1257   887 
1667   636   265 
265   1161   1667 
638   636   1667 
1549   1668   376 
1548   1668   1549 
1669   1257   716 
318   553   317 
546   1548   344 
344   346   546 
1670   1671   1672 
288   1672   1671 
746   1105   92 
1673   1671   1670 
757   756   720 
1199   1170   1560 
1201   1170   1199 
1560   1137   1199 
834   665   664 
720   756   1674 
1562   1675   1563 
181   233   232 
1073   1075   1563 
234   1676   232 
232   1676   181 
1677   6   114 
1677   1394   1144 
1563   1675   1073 
310   1394   1678 
1577   708   552 
1237   1339   304 
552   553   1577 
310   1678   1592 
1679   1680   1681 
479   239   1038 
1038   239   527 
1038   1039   479 
1681   1680   1682 
1619   1577   556 
184   1109   1046 
556   1620   1619 
802   1109   184 
1672   288   1024 
1024   1109   1672 
494   496   1683 
494   1684   497 
1683   1684   494 
430   1685   1686 
231   233   237 
524   50   51 
1687   1610   1512 
237   1048   231 
568   190   192 
193   1497   192 
192   1497   568 
167   166   559 
261   1658   1090 
1090   1658   1060 
1372   1629   352 
352   1629   354 
352   346   1372 
698   1139   699 
549   420   1135 
1135   1267   549 
698   1300   185 
185   1139   698 
1688   1689   1690 
1689   1691   1690 
1512   1513   1687 
1692   943   1598 
178   1654   1034 
1693   943   1692 
1034   1654   1036 
612   1358   990 
383   1500   1694 
990   1358   992 
1695   1696   911 
1070   1137   1068 
1435   1588   1436 
228   230   234 
1695   1697   1696 
1698   911   1696 
1699   601   598 
1537   314   1700 
7   601   1699 
228   233   231 
1700   314   315 
190   226   225 
1139   873   699 
1514   1436   622 
1432   1436   1514 
1170   1172   1560 
1170   1201   1171 
1241   1701   1567 
561   563   544 
544   633   543 
638   541   543 
1029   1701   1241 
1201   1346   535 
535   1171   1201 
550   47   48 
1648   1195   1574 
1702   1374   1703 
994   995   1087 
1195   1648   1704 
1560   1705   320 
213   995   214 
320   1705   321 
995   213   1087 
320   319   1560 
830   829   1565 
1565   829   1567 
241   243   1040 
241   1042   244 
1706   1707   439 
481   1044   1342 
1342   482   481 
690   1708   691 
1374   428   1703 
550   549   1267 
1512   1709   767 
103   104   1653 
619   1171   1653 
1108   1708   690 
194   196   219 
194   215   201 
872   875   870 
1267   1135   1134 
403   834   311 
1584   834   403 
1679   1707   1706 
805   472   804 
1666   1139   1124 
1643   35   36 
1643   1142   608 
151   803   804 
804   472   151 
1638   128   224 
873   1139   1666 
1638   1196   1086 
1086   128   1638 
414   270   1110 
1110   270   271 
224   1569   196 
508   803   151 
196   1569   219 
537   1653   1171 
1171   535   537 
103   1653   537 
534   201   215 
1124   1205   1666 
479   238   239 
612   1585   1358 
240   527   239 
1710   1672   1109 
1109   802   1710 
821   1711   1621 
349   512   272 
272   512   1084 
1075   379   378 
383   1694   378 
1019   312   230 
1092   1094   1216 
1216   1215   1092 
230   312   234 
1610   1612   1621 
557   559   166 
166   1099   557 
1621   1711   1610 
1515   1712   1516 
6   1677   1713 
340   1042   341 
652   1660   863 
250   632   749 
482   1342   1141 
1141   1142   482 
749   249   250 
1259   500   504 
655   1660   652 
863   653   652 
1570   1714   1572 
1133   1715   1648 
1135   1715   1133 
1570   1569   656 
1346   993   536 
266   88   89 
266   265   1617 
536   535   1346 
1144   1707   1713 
656   1714   1570 
1716   1237   304 
304   473   1716 
360   1237   1716 
480   1643   36 
480   482   1142 
1142   1643   480 
1496   1717   1718 
1531   909   908 
1719   1119   1718 
1531   1597   1532 
1266   307   46 
1718   1717   1719 
46   47   1266 
1720   1185   1721 
1625   632   154 
474   472   805 
1722   1719   1721 
1613   1516   1712 
140   319   281 
1721   1185   1722 
1587   1723   1588 
1587   409   1552 
1259   1444   1093 
1093   1444   1094 
1552   1723   1587 
1713   1677   1144 
177   146   559 
1265   1094   1444 
559   146   167 
1724   859   461 
1290   859   1724 
1725   1726   1702 
476   478   1593 
1725   1727   1726 
485   1062   781 
856   1571   1662 
1662   1571   1572 
238   650   135 
369   34   1112 
1112   34   35 
1629   561   354 
1694   1335   1728 
564   561   1629 
243   1328   1128 
1128   1040   243 
271   1620   556 
1577   553   556 
805   222   221 
1728   1335   1336 
1559   1503   562 
1561   1503   1559 
1213   1516   295 
928   1165   929 
295   297   1213 
1165   1493   929 
1520   1133   1522 
177   559   558 
558   1729   177 
882   1444   881 
1134   1133   1520 
1172   1627   1705 
881   1444   1259 
439   1707   1144 
377   379   1488 
1102   1730   438 
377   592   383 
1186   1551   625 
604   606   991 
625   1551   627 
625   624   1186 
1656   178   1731 
617   421   1129 
1129   615   617 
157   455   1731 
1731   178   157 
619   421   617 
1731   455   1656 
752   803   507 
509   750   507 
929   1493   1401 
1732   1619   1411 
1705   1560   1172 
766   1729   783 
417   49   50 
1705   1627   321 
177   1729   766 
1577   1619   1732 
584   1647   501 
1564   1728   1562 
1694   1728   1564 
1709   465   467 
1709   1711   465 
465   1711   821 
1733   655   1734 
1537   1585   612 
1548   546   1545 
1733   1734   1683 
1675   1451   1073 
1486   221   245 
386   388   1613 
386   95   96 
1246   909   268 
1471   1735   1692 
1486   444   682 
245   444   1486 
1158   1345   1071 
982   147   1126 
1205   1124   1126 
420   1704   1715 
1715   1135   420 
1715   1704   1648 
1708   1712   691 
1132   635   1220 
1708   1108   1613 
1452   1451   1675 
1736   1247   1188 
1720   520   522 
1613   1712   1708 
1188   1247   1191 
1593   1737   1556 
1736   1597   1249 
1692   1598   1471 
1532   1597   1736 
1556   1737   650 
638   1162   545 
545   541   638 
1556   476   1593 
1491   780   263 
249   1048   1328 
1499   406   408 
408   279   1499 
649   1642   135 
165   747   394 
649   253   1435 
1435   1642   649 
321   406   1499 
801   1710   802 
234   1536   1676 
1738   1283   1695 
1280   181   1676 
1695   1283   1697 
1676   1536   1280 
193   563   1497 
48   49   551 
420   549   551 
817   1314   786 
1612   1314   817 
1739   1740   521 
358   1630   1104 
1695   911   1738 
521   520   1739 
601   1741   599 
599   1741   1325 
1741   601   117 
1742   1740   1739 
1104   1630   1372 
1089   1716   473 
624   1117   1722 
360   1716   1089 
461   459   1724 
1516   1613   388 
388   295   1516 
1724   459   1743 
1744   954   787 
1745   954   1744 
889   925   924 
691   1712   826 
1365   925   889 
1411   1422   1732 
483   1746   492 
483   485   779 
52   53   286 
493   831   286 
779   1746   483 
286   831   52 
1136   319   140 
379   1074   1488 
1137   319   1136 
1075   1074   379 
677   1730   1543 
1732   1422   1747 
1543   1730   1102 
498   1595   501 
503   1595   498 
301   303   1522 
1595   503   1345 
1748   1749   1750 
251   266   1617 
565   567   677 
1617   252   251 
88   266   251 
1701   1029   1195 
1701   1704   1567 
1686   1685   111 
1195   1704   1701 
466   1749   1748 
668   1721   1751 
511   841   1568 
656   1569   224 
1267   1134   727 
1529   1752   1538 
470   394   396 
1719   1751   1721 
402   468   396 
87   252   1131 
519   841   511 
1131   252   1132 
668   1720   1721 
1131   86   87 
1435   1402   1642 
731   626   725 
1642   1402   1239 
1084   1568   1235 
1246   268   270 
729   731   725 
1015   982   1123 
1123   1125   1015 
626   731   1120 
1285   339   1028 
1455   1454   1752 
381   1753   1496 
1668   372   376 
695   692   1600 
1600   692   1538 
1028   1202   1285 
1668   1548   1545 
1617   1132   252 
655   1754   1734 
1507   1735   1471 
1062   1202   1060 
792   1735   1507 
349   272   274 
261   305   1658 
487   750   509 
1658   305   728 
487   830   493 
1627   1552   321 
1734   1754   1755 
622   1552   1627 
1693   1692   1756 
668   1751   667 
1390   1757   1758 
1246   407   1759 
910   909   1759 
1759   407   910 
1759   909   1246 
1390   1760   1757 
1761   1160   1164 
1165   1762   1164 
1164   1762   1761 
1586   1763   658 
1585   1763   1586 
658   133   1586 
1764   1634   629 
629   647   1764 
712   1765   1618 
1618   1765   1589 
1400   1359   1766 
1618   713   712 
155   915   914 
916   153   914 
1448   1403   1767 
1636   1635   1370 
914   153   155 
1600   1105   746 
746   695   1600 
1524   1752   1529 
1529   825   1524 
712   1664   1646 
1646   1664   443 
1768   1403   1448 
1646   451   712 
1756   1692   1735 
1591   1609   248 
1591   497   910 
910   1609   1591 
1769   504   505 
1769   1271   1446 
1064   1399   1770 
1446   504   1769 
1549   1771   349 
263   753   1492 
1770   1772   1304 
1492   753   1401 
1492   1491   263 
1773   1266   1267 
1773   727   307 
307   1266   1773 
1267   727   1773 
1735   788   1756 
1756   788   955 
1774   1775   1776 
118   1775   1774 
816   1248   815 
1772   1356   1304 
1777   811   815 
815   1248   1777 
1719   1717   1751 
1778   1334   1779 
1751   1717   667 
1481   1654   1483 
1054   1654   1481 
420   415   1566 
1567   1704   1566 
1566   1704   420 
1774   119   118 
1334   1353   1779 
1780   521   1740 
523   521   1780 
1394   1350   1678 
1781   1782   1783 
1678   1350   1784 
1782   1785   1783 
1786   1490   1787 
1788   1789   1790 
1787   1490   1236 
1788   1476   1789 
1791   1792   1634 
1428   1423   1793 
731   1118   1120 
1428   1397   1423 
730   1118   731 
1794   1795   1469 
1185   1186   1722 
1185   1720   522 
1795   1796   1469 
1794   1797   1798 
376   1771   1549 
1524   1455   1752 
1525   1455   1524 
1797   1799   1798 
879   881   1800 
1800   881   1259 
1779   1801   1802 
1779   1353   1801 
155   152   1803 
581   583   1803 
1804   1805   1806 
1803   152   581 
1803   583   155 
805   221   1487 
682   684   1487 
1804   1807   1805 
1615   1808   1616 
1500   591   1809 
1615   402   395 
1809   591   1592 
395   1808   1615 
1769   1657   1271 
1772   1789   1810 
1772   1811   1789 
1810   1474   1812 
505   1657   1769 
1813   1814   723 
1474   1815   1812 
1816   1641   1193 
1804   1475   1817 
1193   1641   1200 
1804   1818   1475 
1193   1192   1816 
1819   1814   1813 
449   1665   1558 
1817   1788   1480 
1788   1820   1480 
1821   1822   1823 
1558   1665   1561 
1822   1824   1823 
1558   1535   449 
1461   1825   1821 
1609   407   409 
910   407   1609 
1461   1826   1825 
1827   1828   1829 
1674   1312   721 
1828   1830   1829 
721   720   1674 
1693   944   943 
1120   624   626 
1831   1614   1832 
1518   547   376 
402   1614   1831 
560   547   1518 
376   371   1518 
759   758   1833 
1833   1173   759 
1834   289   1661 
1835   1726   1836 
1834   478   477 
1835   1837   1726 
477   289   1834 
1836   1838   1839 
1838   366   1839 
1840   1822   1841 
1661   478   1834 
1576   276   278 
847   276   1576 
1842   1843   826 
1594   1843   1842 
1840   1824   1822 
583   1746   1844 
1636   1845   1637 
644   849   458 
1844   1746   1846 
1847   1797   1080 
1797   1472   1080 
1848   866   779 
1849   1798   1850 
1851   866   1848 
1849   1852   1798 
1853   90   1106 
1854   1855   1856 
89   90   1853 
1855   1857   1856 
1858   1859   1373 
1850   1783   1854 
783   1859   1858 
1850   1799   1783 
681   1860   1861 
1854   1856   1850 
1856   1862   1850 
1863   1864   1865 
1861   1860   1866 
1864   1867   1865 
1868   596   681 
1865   1690   1863 
1865   1869   1690 
1870   1864   1863 
726   596   1868 
713   1509   1871 
1870   1872   1864 
1871   1509   1510 
1873   1367   1874 
1873   1875   1367 
1152   1876   1806 
1274   732   737 
738   1272   737 
1877   120   1878 
737   1272   1274 
750   486   1484 
1484   751   750 
1470   1879   1880 
1623   1808   1575 
1881   1882   333 
1415   1808   1623 
1575   1625   1623 
1579   1550   530 
1470   1796   1879 
1579   592   377 
377   1550   1579 
1597   1596   1883 
1825   1418   1880 
1883   1596   1755 
1825   1826   1418 
1884   557   1099 
864   1150   814 
865   1150   864 
1611   723   1313 
1314   1612   1313 
1148   1885   1146 
1313   1612   1611 
1885   1453   1146 
1542   1538   1752 
1152   1153   1876 
1752   1454   1542 
1152   1806   1886 
1544   1538   1542 
1146   1447   1887 
840   1888   1786 
1146   1453   1447 
1786   841   840 
1889   1890   1887 
842   1888   840 
1889   1445   1890 
1891   791   693 
693   688   1891 
1523   1892   1525 
1523   825   824 
824   1892   1523 
1887   1890   1146 
812   811   1893 
1890   1149   1146 
1893   861   812 
1894   1895   1896 
896   1897   895 
1894   112   1895 
895   1897   897 
1898   713   1730 
1898   677   676 
676   713   1898 
1145   125   389 
1145   385   1007 
1730   677   1898 
1899   1688   1900 
1555   557   1884 
1899   1901   1688 
1119   1495   1718 
1233   1256   1330 
1718   1495   1496 
1902   1233   1330 
704   1903   1904 
784   785   1674 
1674   756   784 
1905   1906   949 
1905   1406   1906 
949   1906   950 
1592   591   1907 
1906   1908   950 
404   308   1907 
1282   1909   1910 
1907   591   404 
1909   1911   1910 
845   849   644 
645   644   458 
1907   308   1592 
1325   600   599 
1904   1903   1647 
1912   1699   380 
1913   1453   1885 
1352   1881   1784 
1892   372   1525 
1892   824   370 
370   372   1892 
1913   1448   1453 
855   1662   1914 
1915   1916   1363 
856   1662   855 
1914   853   855 
7   1699   1912 
1588   1435   247 
1915   1917   1916 
247   246   1588 
1363   1918   1364 
1918   1468   1364 
1791   1919   1792 
1920   1875   1921 
1921   1830   1920 
1919   1922   1792 
247   1435   253 
1923   1924   1166 
1925   450   245 
1923   1926   1924 
1925   220   1656 
848   710   1361 
1656   450   1925 
710   1927   1361 
1928   1929   1930 
245   220   1925 
1929   1931   1930 
380   1699   1533 
1533   381   380 
1932   1933   1934 
1533   1699   598 
1932   1935   1933 
1858   1368   1936 
547   1771   376 
1937   1713   1707 
510   1771   547 
828   823   554 
1858   1373   1368 
1938   1939   398 
1938   1940   1939 
828   552   708 
1941   1942   1943 
554   552   828 
1942   1944   1943 
530   540   539 
404   592   539 
1930   1211   1226 
1931   1211   1930 
1723   1552   622 
1723   1436   1588 
622   1436   1723 
892   1945   893 
897   1945   892 
529   1184   523 
6   1713   1937 
399   1946   1947 
528   1184   529 
523   531   529 
1608   1540   1539 
1946   1948   1947 
623   1607   1539 
1670   1710   801 
801   1949   1670 
1670   1949   1673 
1672   1710   1670 
1819   1950   1951 
1717   1496   1753 
1307   1952   1189 
1753   667   1717 
1952   1573   1189 
1494   381   1496 
1349   1924   1953 
1494   756   382 
382   381   1494 
1249   1597   1883 
1755   1777   1883 
1924   1926   1953 
1883   1777   1249 
1332   1953   1897 
1332   1954   1953 
706   705   903 
1350   1352   1784 
903   823   706 
1505   1509   1589 
1305   1812   1955 
1366   1509   1505 
1305   1356   1812 
1956   1957   1306 
1589   775   1505 
1940   1938   1958 
1657   893   1271 
1956   1959   1957 
1958   1960   1940 
923   1902   1961 
1633   1962   1963 
1078   1964   1079 
1964   1965   1079 
365   364   919 
919   1966   365 
1657   505   704 
269   1962   1633 
576   1967   1957 
576   1968   1967 
1949   1969   1970 
1963   1620   1633 
846   848   1365 
1365   889   846 
1949   800   1969 
1971   1972   1973 
1972   1974   1973 
1975   1976   1750 
1686   1977   431 
1978   891   701 
1686   110   1977 
1617   636   1979 
635   1132   1979 
1562   1976   1975 
431   1980   1281 
1281   432   431 
1981   1982   1774 
1979   636   635 
1979   1132   1617 
1750   1452   1975 
857   853   1914 
857   1222   735 
1337   1983   1242 
1914   1222   857 
1982   119   1774 
1530   969   705 
1984   424   843 
1188   1190   1963 
1984   1983   424 
789   468   860 
790   791   1985 
1963   1736   1188 
1269   1986   1275 
1550   528   530 
1550   377   1488 
1987   719   718 
365   1988   1989 
718   931   1987 
1988   1901   1989 
1582   443   1664 
1980   1977   1990 
712   676   1664 
1977   109   1990 
1544   1991   1601 
1970   1362   1673 
1601   1991   1105 
1992   1993   1994 
1601   1538   1544 
1995   1996   1296 
277   276   1650 
1650   672   277 
1985   1294   790 
1271   1986   1269 
1706   1680   1679 
1992   1997   1993 
1502   1680   1706 
1673   1362   1998 
1999   807   809 
809   1331   1999 
1557   238   479 
1873   1829   1921 
650   238   1557 
479   476   1557 
796   906   795 
940   939   2000 
1957   1959   933 
1873   2001   1829 
907   793   795 
933   642   1957 
923   1961   922 
492   1285   484 
1202   1062   484 
484   1285   1202 
1382   2002   1438 
2000   1238   940 
852   920   922 
2002   2003   1438 
887   921   714 
852   1961   1078 
167   147   983 
1637   2004   2005 
1765   455   1589 
1765   712   451 
451   455   1765 
1316   397   2006 
885   884   923 
885   920   887 
777   1590   860 
782   1590   777 
1637   1845   2004 
860   778   777 
495   1737   1593 
2007   2008   2009 
248   1737   495 
1079   1824   1743 
1743   850   1079 
2008   2010   2009 
867   866   1851 
2011   2012   2013 
1851   1160   867 
2011   2014   2012 
714   921   715 
1413   2015   2016 
1555   2017   1553 
2006   397   1329 
1729   558   1553 
2015   2018   2016 
150   2019   1574 
150   473   2019 
1553   2017   1729 
1175   1366   1506 
775   156   1506 
922   1961   852 
1698   758   673 
1754   1777   1755 
1833   2020   1174 
1174   2020   827 
1174   1173   1833 
1254   1103   2021 
728   727   1519 
1709   2022   767 
1519   727   1134 
1113   1103   1254 
1519   755   728 
2022   765   767 
1800   1446   879 
176   2022   1631 
1800   1259   504 
176   765   2022 
504   1446   1800 
1763   1700   2023 
1585   1700   1763 
2023   658   1763 
436   2024   1955 
1985   791   630 
2024   2013   1955 
1954   1348   1349 
630   763   1985 
1935   763   648 
1893   1777   1754 
1225   1905   949 
983   168   167 
1225   2025   1905 
1626   329   69 
1284   1286   1909 
1909   1282   1284 
1909   1286   1911 
1913   1768   1448 
648   1634   1935 
1981   1814   1951 
1951   1814   1819 
1479   2026   1807 
1389   2026   1479 
330   329   1626 
69   70   1626 
316   317   1546 
1546   584   316 
1546   317   554 
2027   1830   1819 
1936   1687   1513 
1920   1830   2027 
762   1740   761 
1908   2028   2029 
367   1111   604 
1807   1480   1479 
1987   760   761 
1936   1920   1687 
904   901   1999 
2003   1431   1437 
1111   367   369 
1437   1431   2030 
904   1331   896 
2030   391   1437 
1741   117   116 
1741   1414   1325 
1999   1331   904 
374   373   2031 
459   458   850 
644   646   844 
850   1743   459 
1339   1237   1578 
1640   1668   1545 
1936   1875   1920 
1640   1525   372 
2031   1438   374 
372   1668   1640 
646   1415   844 
1853   266   89 
2032   2033   2034 
1616   1415   646 
1853   1106   267 
267   266   1853 
1409   1778   2035 
2036   1766   2035 
1946   1939   1948 
1946   399   398 
398   1939   1946 
1969   1295   1917 
2017   2028   1373 
1381   1355   2037 
1217   1219   2037 
933   1959   1279 
800   1295   1969 
1917   1970   1969 
1296   770   769 
771   1652   769 
2037   1355   1217 
769   1652   1296 
1944   1940   1960 
512   349   1771 
1771   510   512 
2037   1219   1381 
667   1753   2038 
1540   1608   2038 
1242   1983   1264 
2038   1753   1540 
1942   2039   1944 
2038   1608   667 
1942   1941   2040 
645   458   460 
461   2041   460 
460   2041   645 
2040   2039   1942 
1551   1186   528 
930   1302   1762 
1468   1153   1364 
1906   1426   1908 
1551   1488   627 
1572   1714   1663 
2023   945   1663 
1406   1426   1906 
1663   1714   2023 
2035   1778   2036 
733   732   1274 
1274   853   733 
1007   367   604 
1502   1194   1680 
1311   1348   1954 
1866   2042   717 
1508   2043   1510 
1508   1366   328 
328   2043   1508 
2044   1998   863 
863   764   2044 
1673   1998   2044 
1680   1194   1682 
717   2042   282 
1489   1888   930 
1489   1490   1786 
219   1571   1511 
1911   1302   1910 
856   1273   1511 
1910   1302   930 
1511   1571   856 
1916   1996   1971 
538   540   1584 
1917   1996   1916 
538   403   404 
1584   403   538 
1298   2045   2046 
771   2045   1298 
2046   1299   1298 
935   1843   1594 
827   1843   935 
1594   936   935 
1737   248   253 
253   650   1737 
1165   1163   1493 
1493   1163   1491 
1786   1888   1489 
717   719   1866 
2047   732   734 
735   1224   734 
1832   858   1831 
468   402   1831 
1831   858   468 
1503   1580   1498 
651   653   1893 
651   1754   655 
1325   1414   1320 
1893   1754   651 
1119   784   1495 
1495   784   756 
2048   773   1300 
2048   698   700 
700   773   2048 
1300   698   2048 
598   1540   1534 
1753   381   1534 
1534   1540   1753 
1217   1354   2034 
467   2049   1709 
1650   924   672 
662   647   631 
734   1224   2047 
782   1744   1590 
1590   1744   787 
1844   915   155 
427   429   2050 
665   834   1584 
427   2050   1440 
1846   915   1844 
155   583   1844 
941   939   2051 
2051   1309   941 
1243   1377   1221 
1243   1245   816 
2052   789   792 
2052   469   468 
468   789   2052 
792   469   2052 
524   830   1565 
1565   415   524 
1502   1706   1501 
1376   2050   429 
439   440   1501 
2053   1426   2054 
1908   1426   2053 
1416   2025   796 
1501   1706   439 
1228   1230   1256 
1263   1114   883 
1263   1264   1997 
788   1735   792 
788   787   955 
1256   1233   1228 
1994   1463   2055 
1637   2005   1764 
925   642   933 
1764   1635   1637 
2056   2057   2058 
2055   2059   1082 
1275   2057   2056 
1541   1161   1544 
1254   2021   2060 
1541   1454   1162 
2055   1463   2059 
1162   1161   1541 
2061   2062   1805 
2061   1380   2062 
1886   1805   2062 
426   2063   1333 
2064   380   382 
382   757   2064 
1119   1719   1117 
1117   1719   1722 
1918   1386   1468 
894   891   1978 
1918   1363   1388 
1978   901   894 
849   1078   850 
852   1078   849 
1179   1316   2006 
505   499   1903 
1903   499   1647 
1903   704   505 
839   841   519 
1221   1377   1219 
1388   1386   1918 
839   1697   842 
1963   1190   1412 
1412   1620   1963 
2065   1877   2066 
1756   946   1693 
8   1877   2065 
955   946   1756 
1764   2005   1791 
1791   1634   1764 
2067   2068   2069 
1468   1386   1466 
1477   1467   1466 
1466   1386   1477 
1522   303   1521 
1218   2034   2070 
2071   1371   1323 
1323   1413   2071 
2070   1307   1218 
257   755   1521 
1775   2064   757 
757   1776   1775 
118   2064   1775 
1521   303   257 
919   364   794 
794   793   919 
794   364   796 
2006   1326   1178 
1750   875   1748 
1748   875   872 
1178   1179   2006 
546   545   1456 
2072   432   1281 
1456   545   1162 
2014   432   2072 
1456   1545   546 
1985   2073   2074 
2074   1294   1985 
2074   2073   724 
2070   2034   2033 
1868   681   1739 
1232   1329   1230 
1333   2063   2075 
1868   520   726 
842   1910   1888 
1739   520   1868 
1888   1910   930 
639   791   1891 
519   1697   839 
1268   1446   1271 
1268   1270   1450 
1931   2032   1207 
934   936   1450 
1207   2032   1210 
1207   1209   1931 
1249   1777   1248 
1681   1980   1679 
1571   219   1569 
1281   1980   1681 
1260   1250   1229 
1732   1528   1577 
1747   1528   1732 
1229   1228   1260 
722   1814   1776 
1288   1287   1156 
1776   720   722 
723   1814   722 
928   1762   1165 
1222   1223   735 
930   1762   928 
646   1614   1616 
726   1720   668 
1301   1302   1911 
1911   1326   1301 
645   1614   646 
814   1378   813 
735   1223   1224 
813   1378   816 
1674   785   1312 
1312   785   1314 
726   520   1720 
872   2049   467 
467   1748   872 
467   466   1748 
2076   1378   814 
814   1150   2076 
1449   2077   1725 
1449   1767   2077 
2069   2068   115 
8   2065   2069 
2078   1862   2079 
2069   2065   2067 
1728   1299   1562 
816   1245   1248 
1336   1299   1728 
1450   1173   934 
897   2057   1945 
772   770   1296 
1945   2057   1275 
772   800   774 
1727   1725   2077 
1935   1634   1792 
2080   1347   1958 
2076   2062   1378 
662   1370   1635 
1886   2062   2076 
2080   1315   1348 
1168   1203   2058 
2081   1827   1148 
1148   2001   1885 
2058   1166   1168 
1348   1347   2080 
1930   1226   1747 
1747   1928   1930 
1958   1315   2080 
808   807   900 
838   2060   959 
808   898   810 
959   2060   1944 
1236   1235   1787 
1568   1786   1787 
1787   1235   1568 
689   686   1606 
1327   1326   2006 
1327   1329   1232 
1606   686   597 
2006   1329   1327 
653   861   1893 
1679   1980   1990 
1990   1707   1679 
1968   1304   1967 
662   1635   647 
1218   1217   2034 
1306   1957   1967 
1655   1319   1321 
647   1635   1764 
2047   1224   951 
1564   1075   378 
951   1224   1225 
908   497   1684 
1321   1370   1655 
378   1694   1564 
1148   1827   2001 
2073   1932   711 
1450   936   938 
879   1446   938 
2043   437   1510 
1286   1326   1911 
2043   328   330 
330   437   2043 
1967   1304   1306 
284   1881   333 
1738   911   912 
284   283   1784 
1784   1881   284 
1351   1677   114 
1351   1350   1394 
1394   1677   1351 
912   1203   1738 
548   1696   519 
560   1696   548 
519   510   548 
782   1288   1155 
1155   1116   782 
1155   1288   1156 
1583   665   1584 
1583   531   762 
762   665   1583 
726   594   596 
597   681   596 
466   820   1749 
1452   1750   1749 
1401   1604   929 
1749   820   1452 
1848   1491   1851 
1837   2082   1375 
1282   1910   842 
1848   779   780 
1375   1374   1837 
780   1491   1848 
719   1742   1866 
806   1547   822 
554   823   822 
887   1257   886 
2047   2029   2083 
1987   1742   719 
2083   2029   1555 
1669   2084   1258 
1260   884   886 
844   715   921 
887   920   921 
1816   1192   932 
1510   438   1871 
1730   713   1871 
932   931   1816 
2046   1750   1976 
1562   1299   1976 
1871   438   1730 
1976   1299   2046 
933   2085   926 
926   2085   1200 
2020   371   370 
917   952   1745 
370   827   2020 
1833   371   2020 
1631   2049   871 
871   2049   872 
871   873   1631 
1258   2084   869 
1258   1257   1669 
918   917   1745 
1978   701   703 
796   2025   906 
704   797   703 
906   2025   1225 
703   797   1978 
1559   562   564 
564   1535   1559 
1891   688   687 
1761   1250   1159 
689   2086   687 
687   2086   1891 
1159   1160   1761 
821   820   465 
1755   1684   1734 
465   820   466 
2000   939   898 
715   913   716 
1375   2082   1376 
711   1932   1429 
428   1374   429 
1221   1307   1244 
1191   1245   1244 
1244   1307   1191 
1757   2087   2088 
716   913   1669 
2089   1370   662 
663   665   762 
1655   1370   2089 
1944   1960   957 
1734   1684   1683 
957   1960   966 
957   959   1944 
1687   2090   1610 
1671   2044   764 
764   288   1671 
1673   2044   1671 
902   969   1999 
1745   1116   918 
1920   2090   1687 
1999   901   902 
2091   2017   1555 
1912   2064   118 
1776   1981   1774 
1293   2042   697 
315   2023   1700 
1585   1537   1700 
1318   1607   623 
1318   1319   1655 
1645   1073   1451 
1451   818   1645 
1808   395   1575 
1808   1415   1616 
1247   1736   1249 
1247   1245   1191 
736   732   2047 
736   2083   738 
2047   2083   736 
2069   115   8 
2091   2029   2028 
949   951   1225 
889   924   1650 
1780   531   523 
1780   1740   762 
762   531   1780 
1208   1238   2000 
686   688   680 
680   597   686 
2000   1209   1208 
380   2064   1912 
118   7   1912 
1987   761   2092 
1260   1228   884 
1908   2029   950 
2047   951   950 
950   2029   2047 
1740   1742   2092 
2028   2017   2091 
2092   761   1740 
2092   1742   1987 
1958   1316   1315 
947   1222   1914 
2093   2088   2087 
948   1222   947 
1914   944   947 
2094   1900   2079 
878   2060   838 
1675   1975   1452 
1254   2060   878 
1562   1975   1675 
1669   915   2084 
1336   285   1651 
2084   915   1846 
1651   285   590 
1611   2027   1813 
1813   723   1611 
1813   2027   1819 
1555   2029   2091 
2095   1289   1743 
1743   1824   2095 
1760   2087   1757 
1956   1306   2014 
1956   2072   1959 
2096   1881   1352 
2014   2072   1956 
1651   1297   1336 
1332   1897   896 
896   1331   1332 
1882   1881   2096 
1816   672   1641 
1641   672   924 
1937   1990   109 
875   1750   2046 
899   1209   2000 
1707   1990   1937 
109   6   1937 
2000   898   899 
1986   1945   1275 
1986   1271   893 
893   1945   1986 
1297   1299   1336 
740   739   883 
278   282   2042 
740   876   742 
883   876   740 
784   1119   1118 
1118   730   784 
1846   779   866 
806   797   1904 
2097   1393   1392 
2055   1113   1114 
1114   1994   2055 
1371   2071   1392 
1904   797   704 
1422   1928   1747 
1904   1647   806 
1573   1928   1422 
278   2042   1293 
1696   1697   519 
1696   560   1698 
671   672   1816 
946   944   1693 
1317   1179   1167 
966   837   958 
838   959   958 
1816   931   671 
697   2042   2098 
903   799   798 
2098   2042   1866 
798   823   903 
851   2074   724 
579   578   1974 
1294   2074   851 
1594   880   937 
579   1995   590 
937   880   879 
937   936   1594 
1974   1995   579 
1832   461   859 
1504   1497   563 
563   562   1504 
1392   2071   2097 
1498   1497   1504 
908   1684   1596 
1252   1250   1761 
1596   1684   1755 
1295   1996   1917 
1859   2017   1373 
1296   1996   1295 
1859   783   1729 
1729   2017   1859 
1639   1991   1544 
267   1991   1639 
1544   1161   1639 
876   878   838 
1512   1610   1711 
1711   1709   1512 
580   285   333 
958   837   838 
333   578   580 
590   285   580 
1875   1936   1368 
1843   827   824 
824   826   1843 
1931   1209   1211 
1240   1337   1242 
1832   859   858 
860   468   858 
1167   1166   1317 
1368   1367   1875 
966   1960   1347 
627   1074   725 
1347   1960   1958 
725   1074   729 
776   778   1290 
776   1288   782 
1290   1288   776 
1450   1270   1176 
1580   567   1498 
1593   478   496 
1176   1173   1450 
2099   1252   1761 
496   478   1683 
1233   1902   923 
2099   1762   1302 
700   874   2045 
590   1995   1652 
2045   874   2046 
1652   1995   1296 
868   2084   1846 
1776   757   720 
869   2084   868 
1846   866   868 
602   600   1325 
1302   1252   2099 
1949   801   800 
1949   1970   1673 
2051   837   1310 
1786   1568   841 
1310   837   966 
1310   1309   2051 
1530   705   707 
708   1528   707 
905   1223   907 
905   906   1225 
1842   1515   1594 
2085   1279   1682 
1682   1200   2085 
933   1279   2085 
1842   826   1712 
1712   1515   1842 
1833   758   1517 
2051   939   835 
1517   758   560 
1500   283   1335 
1335   1694   1500 
1517   371   1833 
1678   1809   1592 
1784   1809   1678 
1200   1682   1194 
1502   1192   1194 
768   2045   771 
768   770   700 
700   2045   768 
833   1192   1502 
2034   1354   1357 
1210   2032   1357 
913   915   1669 
1357   2032   2034 
443   1582   1665 
1744   1116   1745 
1665   449   443 
782   1116   1744 
1861   1742   1739 
913   715   916 
1866   1742   1861 
1739   681   1861 
874   700   699 
874   875   2046 
1605   2089   689 
1275   743   744 
1655   2089   1605 
624   1722   1186 
1278   1681   1682 
1682   1279   1278 
1281   1681   1278 
1891   2086   659 
659   639   1891 
659   2086   662 
1376   2082   2008 
2008   2082   2010 
1660   655   1661 
2100   1689   1966 
1660   764   863 
1743   1289   1724 
530   531   540 
1724   1289   1290 
806   1647   1547 
1547   1647   584 
1962   269   1532 
811   1777   1893 
1206   1284   1738 
1962   1736   1963 
1532   1736   1962 
1738   1203   1206 
1860   681   680 
1860   2098   1866 
1832   1614   2041 
680   2098   1860 
2041   461   1832 
1738   1284   1283 
842   1697   1283 
1999   969   807 
2041   1614   645 
689   2089   2086 
1691   1689   2100 
2086   2089   662 
862   1998   865 
675   911   1698 
863   1998   862 
1698   673   675 
680   688   694 
697   2098   694 
694   2098   680 
799   901   1978 
845   920   852 
2090   2027   1611 
1611   1610   2090 
1920   2027   2090 
1604   1490   927 
907   917   793 
927   929   1604 
315   1598   1599 
945   2023   1599 
1599   2023   315 
1761   1762   2099 
333   1882   578 
594   667   1608 
658   2023   1714 
1714   656   658 
942   944   1914 
832   833   1502 
832   440   834 
1184   528   1186 
1251   1250   1260 
883   1114   877 
1254   878   877 
1184   522   523 
1530   1226   970 
970   969   1530 
1242   739   741 
1746   779   1846 
1746   583   492 
1851   1491   1163 
1527   1226   1530 
1527   1528   1747 
1163   1160   1851 
1747   1226   1527 
948   946   953 
953   946   955 
778   859   1290 
953   952   948 
1926   2101   897 
1513   783   1858 
1858   1936   1513 
897   1897   1926 
1114   1263   1992 
1992   1994   1114 
1992   1263   1997 
1661   655   1733 
763   2073   1985 
1683   478   1733 
1935   2073   763 
1733   478   1661 
1814   1981   1776 
1745   952   954 
1113   2055   1082 
955   787   954 
738   2083   1884 
1884   1099   738 
1884   2083   1555 
2058   1203   1204 
678   2056   1204 
742   876   836 
1204   2056   2058 
836   876   838 
700   770   773 
774   1300   773 
2051   835   837 
1662   942   1914 
836   835   742 
1106   1105   1991 
1987   931   760 
1242   1264   739 
1991   267   1106 
1698   560   758 
598   600   603 
603   1540   598 
1573   1190   1189 
907   1223   956 
948   952   956 
1277   1279   1959 
1277   2072   1281 
1191   1307   1189 
1959   2072   1277 
2102   2103   1384 
743   2056   678 
1784   283   1809 
1275   2056   743 
1809   283   1500 
1115   1966   919 
1156   1966   1115 
797   799   1978 
2104   2067   2065 
2075   2063   2105 
1355   1389   2105 
2105   2063   1355 
2105   1389   2075 
1149   2067   2104 
1922   2103   2102 
2065   2066   2104 
1151   865   1364 
1364   1153   1151 
1150   865   1151 
1828   1827   1950 
1828   1819   1830 
1896   2093   2106 
2106   1882   1896 
1950   1819   1828 
304   301   2019 
2081   2104   2066 
2066   1950   2081 
2079   1862   2094 
8   120   1877 
1950   2066   1877 
2019   301   1574 
2102   1792   1922 
1894   113   112 
1894   1896   1882 
2019   473   304 
1876   1465   1818 
1153   1465   1876 
2078   1900   1869 
1818   1806   1876 
2022   1709   2049 
2049   1631   2022 
2107   1900   2094 
1413   2016   2071 
2071   2016   2097 
2070   1952   1307 
1309   1311   2108 
2108   1308   1309 
2108   1311   1954 
2014   1305   2012 
2096   1894   1882 
1955   2013   2012 
113   1894   2096 
2012   1305   1955 
2109   1104   1372 
2109   345   274 
274   1104   2109 
1372   345   2109 
2110   2094   1862 
1939   2039   1948 
2010   2094   2110 
1940   2039   1939 
1317   1166   1924 
1924   1349   1317 
2033   1952   2070 
2106   1973   2111 
2111   1973   1974 
1878   1951   1950 
1950   1877   1878 
2108   1332   1308 
1948   2112   1947 
1462   399   1947 
1947   2112   1462 
1954   1332   2108 
2113   1984   843 
1997   1984   2113 
2114   2096   1352 
113   2096   2114 
2115   464   1408 
2030   464   2115 
2116   2117   1867 
2118   112   5 
2118   2088   2093 
1952   1928   1573 
2033   1928   1952 
2115   391   2030 
1954   1349   1953 
1926   1897   1953 
2115   1408   1407 
1849   2078   1852 
1849   1850   1862 
1862   2078   1849 
1872   1841   1864 
1864   1841   1867 
1365   574   573 
642   925   573 
1795   1852   2116 
573   925   1365 
1913   1874   1768 
1852   2117   2116 
2001   1874   1913 
2088   1758   1757 
2119   2088   2120 
2120   1685   2119 
5   1685   2120 
430   2011   2121 
2018   2067   2122 
2121   2011   2013 
2122   2067   1149 
116   115   2123 
1938   1316   1958 
398   1316   1938 
1410   425   1334 
1334   1778   1410 
2124   1870   1287 
1872   1870   2124 
2125   1337   1338 
2126   1337   2125 
2127   2002   1382 
1827   2081   1950 
1785   2002   2127 
2128   1417   1941 
1420   1417   2128 
1447   1449   2129 
2129   1887   1447 
2036   1398   1400 
2107   2094   2130 
1989   1839   366 
2130   2094   2010 
1905   1405   1406 
1895   2118   2093 
2093   1896   1895 
112   2118   1895 
1685   5   111 
2025   1405   1905 
1407   391   2115 
1890   2122   1149 
1835   1836   2107 
1835   2130   1837 
1410   2131   423 
2107   2130   1835 
423   2131   843 
423   425   1410 
2132   1364   865 
2107   1836   1839 
2079   1900   2078 
2018   2123   2068 
2068   2067   2018 
2068   2123   115 
2132   1998   1362 
1362   1364   2132 
865   1998   2132 
366   365   1989 
1333   425   426 
1333   2075   1353 
1972   1995   1974 
1972   1971   1996 
1996   1995   1972 
1400   1766   2036 
1147   2104   2081 
2081   1148   1147 
1149   2104   1147 
1901   1839   1989 
1767   1449   1448 
1691   1863   1690 
1869   1688   1690 
1289   2095   2124 
1804   1817   1807 
1804   1806   1818 
427   1439   428 
2124   1287   1289 
1434   1994   1993 
2124   2095   1872 
2120   2118   5 
2116   2133   1796 
2088   2118   2120 
1867   2133   2116 
2028   1908   2053 
1927   1360   1361 
1365   848   1361 
2119   1685   2121 
2053   1373   2028 
2121   1685   430 
2121   2013   2119 
2134   2007   1922 
1856   2110   1862 
2134   2005   2135 
1857   2110   1856 
1429   1395   1396 
1330   2136   1902 
2135   2004   2050 
2126   426   2137 
1063   577   2138 
2138   1421   1063 
2117   2078   1869 
1397   1428   1396 
1852   2078   2117 
1927   1793   1360 
2018   2122   2139 
2135   2007   2134 
2139   2122   1445 
1360   1793   2138 
1811   1802   1790 
120   119   1982 
1790   1802   1820 
2140   1425   2035 
1781   1847   2141 
1437   1438   2003 
1799   1847   1781 
1919   2134   1922 
1919   1791   2005 
2005   2134   1919 
2059   1847   1080 
1785   1854   1783 
1799   1781   1783 
1815   435   434 
436   1955   434 
434   1955   1815 
1795   2116   1796 
1799   1850   1798 
1852   1794   1798 
1778   1409   1410 
1795   1794   1852 
2127   1855   1785 
2127   1382   1384 
1384   1855   2127 
1441   1439   2097 
1441   2139   1445 
2097   2139   1441 
572   574   2138 
2142   1416   366 
1981   1951   1982 
2143   1416   2142 
2138   577   572 
2107   1839   1899 
1899   1900   2107 
1899   1839   1901 
1255   399   1330 
1782   1781   2141 
2141   2003   1782 
1255   1329   397 
397   399   1255 
2035   1425   1409 
2035   1766   2140 
1472   1458   1081 
1779   1802   2036 
1758   2088   2119 
2033   2032   1929 
1929   1928   2033 
1929   2032   1931 
2058   2101   1923 
1923   2101   1926 
1923   1166   2058 
1445   1889   1442 
1869   1900   1688 
428   1439   1442 
1442   1889   428 
1081   1080   1472 
2054   1874   1367 
2036   1778   1779 
2001   1913   1885 
1424   375   1407 
1397   375   1424 
1407   1425   1424 
1725   1702   2129 
1916   1971   1388 
1807   1817   1480 
1388   1363   1916 
1689   1688   1901 
574   1360   2138 
1865   2117   1869 
1156   1287   2100 
2100   1287   1691 
2100   1966   1156 
373   1395   2031 
1867   2117   1865 
1968   1770   1304 
1984   1264   1983 
2144   1382   2031 
2144   1934   1383 
1470   1880   1420 
1383   1382   2144 
2031   1934   2144 
2057   897   2101 
1467   1473   1818 
2101   2058   2057 
2141   1847   1464 
1820   2145   1478 
1464   1847   2059 
1997   1264   1984 
1478   2145   1389 
1478   1480   1820 
1461   1821   1965 
1944   2060   1943 
2021   1941   1943 
1476   1817   1475 
1818   1473   1475 
1838   1836   1727 
1838   2142   366 
1943   2060   2021 
1727   2142   1838 
2125   2146   2126 
1426   1427   2054 
2103   2007   1857 
1857   1384   2103 
2125   1338   1354 
1354   2146   2125 
433   435   1477 
1458   1470   1420 
2014   1306   1305 
1477   1385   433 
1922   2007   2103 
1822   1821   2147 
1878   1982   1951 
2147   1841   1822 
1359   1421   2140 
1948   2040   2112 
2140   1766   1359 
1399   1398   1811 
1772   1810   1356 
1772   1770   1811 
1811   1770   1399 
1837   2130   2082 
1390   1385   1760 
2082   2130   2010 
1390   1758   436 
120   1982   1878 
1980   431   1977 
1449   1725   2129 
110   109   1977 
1935   1792   1933 
1383   1934   1933 
1933   1792   1383 
1797   1847   1799 
1797   1794   1472 
1940   1944   2039 
2040   1948   2039 
1823   1079   1965 
2146   2063   2126 
1824   1079   1823 
1965   1821   1823 
2146   1354   1355 
1355   2063   2146 
1788   1817   1476 
1788   1790   1820 
2063   426   2126 
2087   2106   2093 
2087   1760   1973 
2031   1382   1438 
1973   2106   2087 
2018   2139   2016 
2061   1805   1807 
2016   2139   2097 
2061   2026   1380 
1431   2003   2141 
1807   2026   2061 
2030   1431   462 
2059   1080   1082 
1103   1113   1082 
1820   1802   1801 
1889   1887   2129 
2024   1758   2119 
2009   2110   1857 
1857   2007   2009 
2010   2110   2009 
436   1758   2024 
2008   2007   2135 
2135   1376   2008 
2119   2013   2024 
1825   1880   2147 
1373   2053   1369 
2054   1367   1369 
2147   1821   1825 
1369   2053   2054 
1474   1473   1815 
1474   1810   1476 
1428   1793   1927 
1353   2145   1801 
1397   373   375 
1476   1810   1789 
1811   1790   1789 
2077   1767   2143 
2077   2142   1727 
391   1407   375 
2143   2142   2077 
1801   2145   1820 
2075   1389   2145 
2145   1353   2075 
1404   1403   1768 
1768   1427   1404 
463   462   1434 
2135   2005   2004 
1845   1440   2004 
463   1993   571 
1434   1993   463 
1459   1902   1462 
1459   1461   1965 
1988   1689   1901 
1427   1874   2054 
1988   365   1966 
1768   1874   1427 
1966   1689   1988 
2111   578   1882 
1882   2106   2111 
1974   578   2111 
1381   1380   2026 
1815   1473   435 
1968   577   1064 
2026   1389   1381 
1064   1770   1968 
1964   2148   1965 
1407   1409   1425 
1964   1078   1961 
1760   1385   1387 
1388   2149   1387 
1386   1385   1477 
1387   2149   1760 
1961   2148   1964 
1867   1841   2133 
1785   1782   2002 
2133   1841   2147 
710   709   1927 
2138   1793   1421 
710   848   724 
1421   1793   2140 
1886   2076   1152 
2150   1741   116 
1463   1994   1434 
1463   1464   2059 
1152   2076   1150 
1419   2112   2040 
2015   2123   2018 
1826   2112   1419 
1686   111   110 
1686   431   430 
2015   1413   1414 
1414   2123   2015 
2137   1337   2126 
1417   1419   2040 
2040   1941   1417 
1445   2122   1890 
1983   1337   2137 
2002   1782   2003 
2150   2123   1414 
1886   1806   1805 
1420   1880   1418 
1826   1419   1418 
1430   1431   2141 
1414   1741   2150 
1796   1470   1469 
2062   1380   1377 
1377   1378   2062 
1472   1794   1469 
2143   1767   1403 
1932   2073   1935 
1932   1934   1429 
1879   2133   2147 
1796   2133   1879 
2036   1802   1398 
2147   1880   1879 
1398   1802   1811 
1395   1934   2031 
116   2123   2150 
1429   1934   1395 
2141   1464   1430 
1727   1836   1726 
1837   1702   1726 
2011   432   2014 
1383   1792   2102 
2113   1993   1997 
1971   1973   2149 
2149   1388   1971 
2149   1973   1760 
2113   843   571 
571   1993   2113 
1873   1921   1875 
1873   1874   2001 
1872   2095   1840 
2030   462   464 
1840   2095   1824 
1840   1841   1872 
571   1408   464 
1636   1391   1845 
1457   2021   1103 
1457   1458   1420 
1636   1370   1371 
1371   1391   1636 
1330   399   2136 
709   1428   1927 
1815   1955   1812 
1356   1810   1812 
1462   1902   2136 
2136   399   1462 
1362   1970   1915 
1902   1459   2148 
2148   1961   1902 
2148   1459   1965 
1826   1461   1460 
1462   2112   1460 
1915   1363   1362 
1460   2112   1826 
1915   1970   1917 
430   432   2011 
1429   709   711 
2143   1403   1405 
2140   1793   1423 
724   2073   711 
2114   1351   114 
1423   1425   2140 
1352   1351   2114 
1870   1863   1691 
1691   1287   1870 
114   113   2114 
1440   1845   1391 
1391   1393   1440 
1410   1408   2131 
2097   1439   1393 
571   843   2131 
2131   1408   571 
2102   1384   1383 
1855   1854   1785 
1465   1153   1468 
1465   1467   1818 
1855   1384   1857 
2143   1405   2151 
2129   1702   1703 
428   1889   1703 
2025   1416   2151 
1703   1889   2129 
2151   1405   2025 
2021   1457   2128 
2128   1941   2021 
2128   1457   1420 
2151   1416   2143 
576   577   1968 
576   1957   642 
1374   1702   1837 
1983   2137   424 
424   2137   426 
1830   1921   1829 
2001   1827   1829 
2050   1376   2135 
2050   2004   1440 
