0.00000000   0.00000000 
30.00000000   0.00000000 
30.00000000   20.00000000 
0.00000000   20.00000000 
5.00000000   10.45500000 
5.00000000   10.34500000 
5.00000000   9.65500000 
5.00000000   9.54500000 
0.00000000   19.13043478 
0.00000000   18.26086957 
0.00000000   17.39130435 
0.00000000   16.52173913 
0.00000000   15.65217391 
0.00000000   14.78260870 
0.00000000   13.91304348 
0.00000000   13.04347826 
0.00000000   12.17391304 
0.00000000   11.30434783 
0.00000000   10.43478261 
0.00000000   9.56521739 
0.00000000   8.69565217 
0.00000000   7.82608696 
0.00000000   6.95652174 
0.00000000   6.08695652 
0.00000000   5.21739130 
0.00000000   4.34782609 
0.00000000   3.47826087 
0.00000000   2.60869565 
0.00000000   1.73913043 
0.00000000   0.86956522 
0.86689792   0.00000000 
1.74005832   0.00000000 
2.61952653   0.00000000 
3.50534822   0.00000000 
4.39756912   0.00000000 
5.29623567   0.00000000 
6.20139423   0.00000000 
7.11309182   0.00000000 
8.03137560   0.00000000 
8.95629327   0.00000000 
9.88789245   0.00000000 
10.82622189   0.00000000 
11.77133005   0.00000000 
12.72326567   0.00000000 
13.68207804   0.00000000 
14.64781720   0.00000000 
15.62053314   0.00000000 
16.60027594   0.00000000 
17.58709662   0.00000000 
18.58104621   0.00000000 
19.58217615   0.00000000 
20.59053854   0.00000000 
21.60618527   0.00000000 
22.62916944   0.00000000 
23.65954369   0.00000000 
24.69736143   0.00000000 
25.74267679   0.00000000 
26.79554345   0.00000000 
27.85601625   0.00000000 
28.92415004   0.00000000 
30.00000000   1.05263158 
30.00000000   2.10526316 
30.00000000   3.15789474 
30.00000000   4.21052632 
30.00000000   5.26315789 
30.00000000   6.31578947 
30.00000000   7.36842105 
30.00000000   8.42105263 
30.00000000   9.47368421 
30.00000000   10.52631579 
30.00000000   11.57894737 
30.00000000   12.63157895 
30.00000000   13.68421053 
30.00000000   14.73684211 
30.00000000   15.78947368 
30.00000000   16.84210526 
30.00000000   17.89473684 
30.00000000   18.94736842 
28.92415004   20.00000000 
27.85601625   20.00000000 
26.79554345   20.00000000 
25.74267679   20.00000000 
24.69736143   20.00000000 
23.65954369   20.00000000 
22.62916944   20.00000000 
21.60618527   20.00000000 
20.59053854   20.00000000 
19.58217615   20.00000000 
18.58104621   20.00000000 
17.58709662   20.00000000 
16.60027594   20.00000000 
15.62053314   20.00000000 
14.64781720   20.00000000 
13.68207804   20.00000000 
12.72326567   20.00000000 
11.77133005   20.00000000 
10.82622189   20.00000000 
9.88789245   20.00000000 
8.95629327   20.00000000 
8.03137560   20.00000000 
7.11309182   20.00000000 
6.20139423   20.00000000 
5.29623567   20.00000000 
4.39756912   20.00000000 
3.50534822   20.00000000 
2.61952653   20.00000000 
1.74005832   20.00000000 
0.86689792   20.00000000 
5.03889087   10.36110913 
5.05500000   10.40000000 
5.03889087   10.43889087 
4.96110913   10.43889087 
4.94500000   10.40000000 
4.96110913   10.36110913 
5.03889087   9.56110913 
5.05500000   9.60000000 
5.03889087   9.63889087 
4.96110913   9.63889087 
4.94500000   9.60000000 
4.96110913   9.56110913 
15.08662891   19.38861218 
14.14037452   19.14098331 
14.88034220   18.63332876 
3.11016902   9.30701207 
3.15893502   9.03158364 
3.36590189   9.22621519 
3.46163824   8.98979916 
3.57689320   9.35469363 
3.57450975   9.15955165 
8.80105738   4.38705853 
8.77714188   4.93017693 
8.29654913   4.63168331 
2.32978939   3.74504415 
1.77356592   3.43834113 
2.40502715   3.03472975 
2.41496455   16.95088933 
2.26173878   16.26011233 
2.76814078   16.47210416 
1.83509402   16.73385483 
9.26103942   4.66480684 
25.82758780   7.31437565 
24.79903341   7.39940014 
25.25916717   6.48899854 
27.65839117   11.93550390 
28.39644656   12.29706570 
27.84882400   13.00302574 
28.41583870   11.43323942 
3.31626431   10.34476768 
3.36771684   10.06051224 
3.56310113   10.22871015 
3.63018399   9.98526608 
4.78134630   9.49911587 
4.68619000   9.49162976 
4.76628632   9.42191950 
4.75111551   9.56308527 
3.18376056   9.83210374 
2.88785795   9.93901876 
2.98208834   9.57024845 
5.20092732   11.45535431 
5.20499805   11.25630408 
5.33786230   11.31813017 
18.43116173   5.47909603 
18.17235337   6.42690619 
17.48983473   5.72977069 
19.09107706   6.15002380 
2.96160988   11.19651324 
3.34209976   10.99188271 
3.37072020   11.38139911 
6.96424936   15.54864338 
6.60211008   15.74588012 
6.65254860   15.25800067 
6.25118710   15.66497709 
7.36598312   15.39978092 
7.27950011   15.78256437 
7.73320592   15.61407887 
2.07426357   15.71255579 
1.58339144   16.19776137 
24.11445318   6.43206514 
10.30921903   2.15402990 
10.13241526   2.88476083 
9.74971085   2.16796874 
3.47274485   9.79119255 
5.05060890   11.31664975 
22.01363014   7.04722739 
21.00244237   7.81741325 
20.69949226   6.86609839 
29.13653768   3.70635780 
29.07735291   2.74060410 
29.07526017   17.25854147 
29.13848111   16.31780385 
28.95573638   14.22610689 
28.96714532   13.05607056 
9.45335878   0.82362843 
9.47168818   1.58308894 
8.85380575   1.38624972 
6.91272131   4.79701455 
6.49737106   4.63522855 
6.83801678   4.28754945 
6.48663375   5.11808399 
22.01573553   8.37471929 
29.15986887   6.73328174 
29.13462475   5.65418868 
13.96857419   4.84901673 
13.11248871   4.77312515 
13.41881049   3.99987877 
28.25291280   6.14080366 
24.80760682   18.75230136 
23.97584633   18.87810527 
24.40667366   17.61926410 
25.55039488   18.08434210 
25.30713305   16.70938836 
25.55796574   1.87158038 
24.50653089   2.29944402 
24.71600898   1.14472547 
25.39172213   3.15453384 
13.18473598   5.45168414 
0.47748611   4.41842497 
0.75082855   5.06467043 
0.71919540   9.77108315 
1.41292893   9.86147920 
0.99440782   10.36334087 
0.84293096   15.04700247 
0.51302090   15.60066056 
22.59991766   16.84622187 
23.52134526   16.73737899 
23.21160007   17.83987248 
1.24521929   9.34220275 
0.66261634   9.05947609 
1.72393039   9.03902294 
1.71413213   9.48951052 
2.27474104   9.25673404 
22.90077513   15.86845689 
21.99959742   16.16627587 
22.35678320   15.32574627 
21.50910963   15.40426161 
4.89824608   9.93444814 
4.86069950   9.88466803 
4.92786738   9.88003013 
2.08129645   9.85110991 
1.72332250   10.35162798 
4.81215693   9.92852858 
5.72543661   4.30281862 
6.06048377   4.70403656 
5.56438608   4.76717843 
6.26521227   4.17553221 
2.35021647   7.24132289 
2.06530169   6.79158970 
2.57601539   6.84502568 
1.75865259   7.26786494 
2.60480047   13.09168800 
2.10488156   13.20743041 
2.35086833   12.71994413 
1.77432861   12.71324324 
5.49154266   3.92470477 
5.87052070   3.85731600 
5.10047415   4.38814373 
5.63281850   3.32179521 
6.23759346   3.56172923 
6.22531323   3.10471434 
18.86464644   17.77845058 
19.00895691   18.97173552 
18.06350989   18.38666577 
7.23030144   6.19246572 
7.14958747   6.62511454 
6.87678577   6.33790360 
8.47375186   3.27982373 
7.80620003   3.55256141 
7.89355575   3.00276888 
8.33813740   3.97774819 
7.31791336   3.87933625 
7.83194897   4.22198467 
5.03332042   9.74996117 
5.08260287   9.76651872 
5.04340594   9.79396338 
5.07247284   9.71568842 
5.05780213   9.83314842 
5.00484456   9.82667724 
5.03025657   9.87541071 
19.94224821   19.20747384 
20.60069730   18.88834619 
6.38537298   6.78567025 
6.49498123   6.31620510 
6.79650470   6.66759043 
6.01656941   6.39370199 
11.36770417   1.25941370 
10.75327113   0.93834895 
11.25381536   0.51685981 
4.96659097   10.28223266 
4.94565219   10.23177392 
5.00889845   10.24189445 
4.91211221   10.27203048 
12.12369620   0.77102578 
12.63872436   1.58054836 
11.95443593   1.53332780 
11.46360960   2.08789646 
9.49045353   5.50038788 
9.26317185   5.09317665 
9.88476698   4.92519554 
16.26492444   11.40689084 
16.61652964   10.64457884 
17.14077936   11.59878258 
17.46091334   10.50621434 
5.09957891   9.86839247 
5.12377973   9.92346209 
5.06826258   9.91909451 
5.16231343   9.88979219 
4.94723336   9.98655992 
4.87281897   9.99216704 
4.96540463   9.93617177 
11.32314480   18.38000609 
10.73156530   18.91656384 
10.56287011   18.09533727 
4.93972091   9.81685210 
4.97745908   9.85899050 
4.98042270   9.78169835 
4.98460599   9.89598231 
4.87165054   9.83258001 
3.62615392   9.59040680 
3.70042282   9.77415238 
3.78331175   9.42936076 
28.33494530   16.72904633 
28.17742633   17.45028254 
28.44936103   3.28850765 
28.10738438   2.59431432 
3.78526279   9.21148540 
13.55215005   1.73095013 
13.16640325   0.80513310 
14.23033918   0.97825119 
21.24503430   0.78585857 
22.05640582   0.85665121 
5.61987148   15.07443716 
6.12382980   15.17886487 
5.72686450   15.55197059 
1.03436006   3.30837903 
0.60912088   2.59492234 
1.09621715   17.59118250 
1.75045470   17.49346689 
1.07773946   18.15227151 
0.54606155   17.46566948 
1.10241269   16.87664988 
27.77703023   9.25450153 
28.97842064   9.06767661 
28.41225929   10.24773480 
26.24074896   19.06233327 
27.25373205   19.06738715 
6.52821559   14.84004833 
6.93098959   14.75347445 
27.27745057   0.92329510 
26.18477209   0.91488775 
7.16349483   15.13837900 
15.88999240   5.55307215 
15.26604266   6.18491068 
14.87341782   5.40835057 
16.04559998   6.66506435 
8.90071825   18.80151631 
9.34283298   19.34165100 
8.57953239   19.33998970 
3.55059478   18.74485523 
2.89726962   19.19289421 
2.86388630   18.39131572 
4.80098413   9.73622429 
4.74889508   9.70898003 
4.80610873   9.67963169 
2.80686052   1.40637163 
3.08168639   0.68437423 
3.55728614   1.18333681 
5.29151048   9.85401102 
5.34540408   9.85774845 
5.30088164   9.90145940 
5.31494975   9.79879328 
4.69461232   10.24200866 
4.67019212   10.16101768 
4.74319469   10.19846913 
4.75302877   10.13982991 
5.36625277   5.22182936 
4.94367945   5.49254110 
4.81094765   5.04808193 
2.08394368   18.44781391 
4.72492128   7.38195028 
4.37277265   7.34076770 
4.62718101   7.05501792 
4.52243051   5.53502555 
1.56484106   2.61446506 
16.93025611   9.67637110 
16.21402192   9.77933440 
5.38060624   10.50127286 
5.42169082   10.58139112 
5.32476997   10.55759641 
27.23623765   17.56741141 
27.74463275   18.22380939 
5.46454263   10.48193950 
27.78186187   1.76539562 
27.40475057   2.36011531 
2.04700971   15.04625646 
2.54435863   15.38883411 
2.67297716   15.90755335 
4.88169186   9.78294470 
4.93485663   9.74676397 
29.16101278   15.36825927 
5.93141815   16.10185628 
5.47624877   15.98774687 
29.17195322   4.67275238 
5.14061906   15.51687772 
27.68804129   16.77634097 
28.25966839   15.91939707 
7.43291356   14.72601524 
7.17956847   14.31124058 
6.64781311   14.44305858 
28.22901734   4.18846378 
27.70950709   3.22213860 
16.97934926   13.40306946 
17.38857052   12.63581943 
17.75856278   13.51807576 
3.39812834   17.95713653 
2.62907655   17.71501445 
3.41119911   1.79817622 
2.80756967   2.25759526 
16.35439453   12.58237117 
18.47089088   13.58815211 
18.12739137   14.46324049 
18.96300766   14.17108297 
4.08546494   9.76324659 
4.14669753   9.88929926 
4.00655332   9.85685326 
4.04946463   10.03136088 
4.53819917   12.68998702 
4.69379942   12.46952760 
4.83975625   12.82744639 
5.00882672   12.48275522 
25.40775777   19.17979534 
9.44254280   2.78866459 
25.37975701   0.78623872 
9.69156108   3.31997770 
25.98845519   17.22483728 
26.86463317   16.97776646 
26.69438879   18.04247500 
18.58672832   9.38908049 
18.20289678   10.24778126 
17.70807048   9.54727149 
19.12339636   10.46410866 
26.63382312   1.91756879 
26.84170232   2.97703349 
26.05603379   2.70823438 
17.20530945   8.88454818 
2.59317365   9.63617978 
16.37669183   8.69627933 
14.05546995   14.65301402 
14.16551757   13.79109956 
14.84604321   14.31995252 
14.97779930   13.43435913 
4.23480697   7.00669433 
9.24254198   12.04077665 
8.91345703   12.32051673 
8.81132391   11.91501875 
1.27820478   8.67573027 
1.71945727   8.46249284 
5.05269540   9.97325561 
5.02204228   9.92930845 
9.32303813   12.42506097 
4.23981074   9.27380682 
4.30269551   9.12277677 
4.42416633   9.22823215 
5.10705981   9.97052170 
0.69950395   10.97154247 
1.41149621   10.78952977 
12.26726969   19.19778035 
11.48611190   19.17619156 
11.96817671   18.57849903 
4.94262017   6.83567597 
5.29585858   6.57263104 
5.26623234   6.94944339 
1.13022160   11.31601070 
1.76574051   11.33823620 
2.05418487   10.80055400 
2.43130454   11.19967863 
2.65706842   10.73865455 
4.95362184   6.48572234 
2.51262238   8.79861190 
2.79134981   9.19603435 
18.22345626   1.61564008 
17.65183207   1.09167560 
18.23836304   0.75907309 
17.26404407   2.11487261 
27.58798867   15.06443835 
28.45150779   14.89632266 
27.25533692   16.01414199 
28.42001389   5.14069043 
27.54954867   5.07041445 
27.22482689   3.92439708 
4.74453786   15.08080036 
4.83144073   14.55911531 
5.19705212   14.86260442 
4.35344873   14.73970556 
5.55741706   14.62936759 
3.91215431   12.72437978 
4.15027404   12.42107837 
4.27474969   12.72345955 
0.66089805   11.62124302 
1.48508274   12.23343856 
1.17437444   12.69271176 
2.10754627   12.22792111 
5.97344631   14.70693777 
4.96453303   9.69003337 
4.90952789   9.69284147 
1.14980621   7.41292471 
1.54634578   7.96398010 
2.13304480   7.68022111 
4.86184383   9.72234562 
27.64967538   11.00238474 
26.84305186   11.50803235 
4.38204135   12.43912347 
0.77165962   8.18720691 
22.31909529   10.38909092 
21.69242683   9.40059674 
22.62134835   9.39054848 
21.13182846   10.29754162 
23.04237861   8.47728140 
23.55847179   9.40058785 
24.16980185   8.46242353 
4.14084393   9.11726898 
5.49470489   10.17768875 
5.53561195   10.26984765 
5.43374526   10.26481783 
6.22195324   6.01581588 
6.59534275   5.98124530 
6.24116552   5.60892262 
1.47492076   6.79712336 
0.81686584   6.86172995 
1.20698770   6.19988677 
18.00572046   7.46130946 
18.90633172   7.15484153 
17.16445254   6.82005647 
19.01094829   8.25292314 
1.20602628   13.79701621 
0.84015030   13.17933434 
1.54616203   13.25141349 
17.96516441   8.55397100 
22.14083580   3.36260769 
21.01950641   3.01245002 
21.97609758   2.50393632 
21.25164360   1.79855935 
8.89851003   15.58366735 
9.20629988   14.97807908 
9.49686494   15.52609074 
8.56436364   15.12374805 
9.36171466   15.99127180 
8.86003538   16.30845244 
26.32533914   16.24139213 
26.34387446   3.58714031 
9.96504016   15.13554840 
9.60272916   14.52594421 
5.58606465   10.19465166 
10.05332835   8.76872752 
10.49446974   9.18292456 
9.82546063   9.22607907 
27.88717431   14.10536853 
19.68952929   4.52758988 
20.68935377   4.93931524 
19.46419259   5.30563977 
23.07229239   19.05719369 
24.00699783   1.36634563 
20.33259034   3.91567631 
14.68072591   11.87188432 
14.80904962   10.90323802 
15.52249668   11.65293273 
23.19582170   0.87129587 
26.70042679   15.20758992 
14.08051253   11.07863385 
26.67531148   4.50119188 
5.30297965   0.95443369 
5.86755730   0.75809742 
5.61697209   1.46406063 
19.14838404   1.08804977 
18.71664799   15.16140862 
19.42938905   14.77582939 
19.40020350   15.67760046 
20.09356215   15.04014115 
17.85547833   15.30211759 
17.21526462   14.43644627 
25.72991303   15.43841578 
26.09004020   14.27526998 
5.01695044   9.70346786 
4.98970301   9.73361210 
26.71877182   5.45639036 
4.84698076   10.05399735 
4.89503250   10.10774651 
4.82232547   10.12068884 
4.87138070   10.15573424 
25.81482494   4.19178041 
4.80267510   9.99559484 
23.46918659   1.97151873 
5.64451561   18.49092673 
5.90402178   19.20548779 
5.32880603   19.00940097 
16.47229351   1.71300301 
16.10165993   0.89320205 
16.94620036   0.96879221 
7.25029828   13.75844468 
6.86648587   13.98956204 
4.68593388   10.02671350 
4.59791445   10.00689384 
4.64451968   9.95759072 
6.49599137   14.06637455 
6.51271225   13.65722692 
22.19510838   18.51859163 
23.79391046   2.97687699 
6.09854175   13.91645610 
22.41058059   1.68419349 
19.97352395   13.82891376 
20.86162386   13.13856245 
20.97945718   14.44747463 
19.90656021   12.54317674 
24.15645878   13.88979356 
23.07144457   13.86940381 
23.49454963   12.83541985 
23.21633125   14.87482539 
9.55784026   3.86020357 
10.20466441   3.61759296 
10.15403033   4.25871936 
29.08776022   7.83467472 
8.04106451   14.74751609 
8.06904660   15.24038554 
7.63428476   15.14435928 
4.63398607   10.08604720 
26.32125720   6.38019535 
25.73930261   5.63188860 
7.14860465   11.37377209 
7.38194737   11.52003051 
7.08360553   11.58310175 
7.41270517   11.29583763 
24.72627179   15.69138372 
16.33895089   19.31791779 
15.67699946   18.99300493 
16.56370713   18.33959942 
24.91908976   4.09045936 
25.00975643   14.60529737 
4.82547314   12.12573977 
4.56849989   12.25211369 
17.23003635   19.02172721 
3.67222347   2.37751447 
4.48986946   2.48672082 
3.99632696   3.01596763 
4.18064157   1.64897554 
22.90150574   2.62739759 
4.19576451   3.53886681 
3.58832581   3.47915508 
3.82990884   4.11453529 
5.42921681   10.10850182 
5.41476332   10.19126903 
5.34465386   10.13085779 
4.06881842   16.97893784 
4.54791402   17.53123456 
3.88994764   17.55603844 
4.20998228   18.30481201 
3.71776822   16.52051996 
4.20291373   16.43333345 
3.84219656   15.91852629 
20.06972901   16.01960989 
20.70907025   15.49141874 
20.89621747   16.54383685 
19.58272933   16.86294970 
18.50916346   16.20566402 
4.36543622   12.19648973 
4.56953782   12.04330105 
3.63176444   11.12394018 
3.92477396   11.11442466 
3.77671004   11.40763456 
4.38642339   11.90479625 
7.79171345   4.83233015 
4.81687337   10.18973811 
10.49554358   8.59255827 
5.02341419   11.55690692 
4.82837788   11.37106697 
7.99835320   12.93670029 
7.84203618   13.31187757 
7.67257776   13.06009360 
8.18099610   13.23501635 
3.30854036   14.33436436 
2.81532839   14.18600217 
3.22639905   13.75169901 
2.52956177   13.67491020 
4.13584079   12.11852552 
3.08431037   6.13256846 
2.75690891   5.74221293 
3.35388604   5.67437334 
2.50179694   6.27343094 
3.92595330   12.01374347 
4.15553591   11.85055311 
3.85330755   11.76172452 
4.50178017   9.97841548 
4.54814013   10.07616913 
24.22510938   11.62943029 
24.81020391   12.79851594 
20.66722662   9.32811663 
20.04244998   10.04648851 
19.56522375   9.26109396 
28.27736006   8.38031610 
4.57312675   9.91642699 
6.97708901   11.19845827 
7.17557578   11.13504433 
6.90828144   11.36204958 
6.23170080   7.13053820 
5.90238048   6.85927026 
7.20026359   10.88722983 
7.38817935   11.06617499 
4.99338253   10.08977633 
5.00441070   10.14461862 
4.95362508   10.12587643 
5.04504250   10.11977857 
4.92284048   10.16857671 
7.41298896   10.80500581 
4.25767743   10.33512875 
4.36370698   10.26888976 
4.38453990   10.40222098 
4.27058868   10.18049695 
14.08558569   18.20816111 
14.00595238   17.21232980 
14.83710986   17.78086558 
4.76821879   11.60770101 
5.14632261   9.59372260 
5.09159897   9.61102947 
5.11515960   9.56224665 
5.34323740   10.21723243 
13.13500372   12.88398253 
12.58114673   13.37803757 
12.56612828   12.68413673 
5.02254200   10.30545168 
12.00336878   13.04590983 
13.52325559   12.38598936 
13.76806329   13.05456770 
24.08986166   10.37205661 
25.15733557   10.96549947 
5.96608121   8.79029907 
6.17693442   8.63680287 
6.15953749   8.88766637 
7.16653077   10.09487095 
7.41745408   10.07567719 
7.35108499   10.30941333 
3.97722642   10.41290966 
3.92890039   10.66049913 
3.74828702   10.45150606 
14.14975294   12.50012984 
5.07702349   10.01948243 
5.09273178   10.08906436 
5.03646465   10.05737958 
5.12884642   10.04211308 
4.98616502   10.03275410 
4.92962160   10.05387340 
17.94077994   17.23249347 
7.61802935   10.23276062 
4.63761637   11.46157043 
4.52229959   11.64156084 
4.41385994   11.44907080 
7.49204035   10.53261594 
7.70408540   10.51538884 
7.61364636   10.72924233 
7.90122771   10.73463300 
7.25240704   10.60388469 
7.07037411   5.27804622 
7.36570167   4.95222540 
7.28523360   4.49185809 
7.22247674   5.74801912 
6.76053567   5.60778512 
6.97663505   6.00083948 
14.54086151   2.08268287 
13.72363587   2.92865210 
7.09701537   10.35720603 
6.09867981   9.78567201 
6.01182586   9.87585721 
5.97130158   9.75960402 
3.69365308   19.41040463 
4.11172178   7.93278668 
4.20038305   7.66646122 
4.38256894   7.91016407 
5.91347416   5.15320802 
4.50614429   7.63622703 
4.01324383   8.15755689 
3.86900207   7.99844227 
3.70903713   8.25957637 
9.45618214   12.84984631 
9.90133971   12.96812946 
9.60759903   13.19397014 
10.01404435   13.43826378 
4.69138081   9.67613082 
4.69574692   9.74004787 
4.62882151   9.70056013 
21.43135705   4.12676911 
21.78307058   5.12618265 
21.24259554   6.00520258 
13.94606402   5.84289549 
14.58278826   6.39201537 
14.26761313   3.83897655 
4.59993968   10.14455113 
4.52274334   10.15812247 
4.51446520   10.24187787 
4.41923937   10.18834221 
4.46064075   10.31010404 
3.52938606   11.70197741 
13.41372386   10.57450828 
13.46119715   9.85535429 
14.08247055   10.29507162 
4.01746593   9.30215405 
3.94088804   9.08137432 
3.57936686   8.55490261 
3.37568637   8.36989557 
3.31150819   8.05173013 
12.86174749   9.86798590 
4.65734860   10.48272345 
4.64280683   10.37761483 
4.74387881   10.41109206 
25.33046751   8.27501608 
23.79132437   15.79914339 
24.42288367   16.66608340 
6.17007027   9.90178366 
10.05238887   5.58261833 
11.35754338   5.00139864 
11.80584285   4.31869056 
12.31117499   5.05975556 
12.53676139   4.17208920 
10.57734486   5.24661004 
4.05672118   7.39217507 
3.77364205   7.44190526 
3.88815317   7.18466691 
5.19870268   10.10837553 
5.18770264   10.04753708 
5.24422989   10.05523718 
3.55193679   7.20363236 
6.70404916   13.17215498 
6.30010282   13.28207233 
7.63859294   10.94266871 
7.61555365   11.19114609 
5.96506266   8.53506846 
4.84057948   9.36585434 
4.89457963   9.40212944 
4.85194851   9.45984333 
20.17500665   6.03450395 
19.66298289   6.78977403 
19.91876889   7.54896105 
8.00843911   13.65851033 
7.65266669   13.69637128 
7.48849923   13.37618458 
13.81002231   15.50033105 
14.30337569   16.19305182 
13.45114865   16.40647268 
13.22250506   14.91344277 
8.24105166   10.74724395 
8.12895041   10.50160750 
8.45176572   10.54699225 
3.63019810   12.03691566 
3.29691209   11.96213558 
19.80771880   3.04566006 
19.99179230   2.05695476 
20.27466424   1.03318316 
5.39309028   7.51107311 
5.67351514   7.59790606 
5.44686533   7.74210030 
5.60113791   7.89528296 
5.31833264   7.24414518 
5.60725280   7.07530836 
5.53826275   6.81957682 
5.06521625   7.43927759 
5.18317053   7.70689996 
4.32160344   10.68176844 
4.25742047   10.84363621 
4.15649789   10.68451910 
4.46434098   10.83463650 
10.11509413   18.59419454 
7.19405436   12.01469693 
7.52587513   11.94848311 
7.40769978   12.19584887 
7.30501180   11.77529747 
12.60977678   11.54823375 
12.41410186   12.08640824 
11.91327785   11.63770946 
5.76192304   5.49919716 
5.34563276   5.76625919 
11.94416170   12.36091660 
5.93592519   7.55166046 
5.94686680   7.24330493 
6.21540111   7.44862631 
5.88200561   7.85188837 
5.28820271   10.32502237 
5.24394563   10.29341649 
5.28809327   10.26260342 
5.23581617   10.34708243 
6.51679969   7.60942825 
6.43315767   7.32480189 
8.02822073   12.19131624 
7.87276106   11.90047090 
8.30416163   11.87975982 
8.01439408   11.59388019 
12.51298504   14.69939287 
12.61378495   15.30554051 
12.01854987   15.17690721 
11.61972841   15.59531178 
11.36978472   15.05386373 
11.05484800   15.56166653 
5.53850497   11.55734979 
5.68453048   11.70812880 
5.44571412   11.70310606 
5.56410246   11.90957005 
13.38739096   8.12054907 
12.75203363   7.85139242 
13.17901756   7.38397558 
11.46130590   16.20364143 
10.72898056   16.20673349 
11.08250109   16.84780020 
12.69070055   8.53485608 
10.11363918   6.13806581 
10.54447070   5.96337807 
9.68530204   5.99134969 
11.07809675   5.74564137 
11.01542875   6.45574030 
11.66982604   6.19965691 
10.35067779   11.19252072 
10.50817727   10.68715241 
10.90634822   11.19362138 
10.96566841   10.53838658 
5.00854990   7.91545581 
5.32812649   7.97325647 
5.13287414   8.10895312 
4.73823178   8.32669381 
4.53488021   8.37697623 
4.59051193   8.13889836 
4.67940308   8.55613955 
4.59944119   6.64974211 
4.93908900   7.16926968 
10.63534137   10.10513708 
10.08519998   10.30485912 
11.30726841   11.99115925 
11.41738860   11.37717822 
11.49353827   10.76506076 
4.70252315   7.90816848 
4.32317644   8.18715660 
10.76281785   7.78272730 
10.98998170   8.30044571 
10.44748363   8.10282441 
11.06208074   14.30683956 
10.86072892   13.73017118 
11.34516872   13.78820962 
10.44233217   14.04550951 
11.55818537   13.31684039 
11.91330253   13.81877137 
5.47998189   9.90947797 
5.56128417   9.87522742 
5.54653069   9.95306500 
5.64865728   9.93351533 
8.05289716   12.55216957 
7.73066505   12.39570160 
7.72718392   12.09519328 
7.37501526   12.80083573 
7.06864272   12.57515939 
7.39707998   12.48867803 
7.04613463   12.91319093 
9.13912290   7.29292853 
9.71409339   7.28632512 
9.51258133   7.72877695 
9.46623866   6.87432565 
9.90210186   8.19576473 
9.25074665   8.23564299 
9.57673823   8.69680069 
1.81318363   11.79735352 
12.50092860   14.05180592 
13.01653515   14.31819544 
7.07595459   7.48862518 
6.98992127   7.19545909 
7.33707719   7.24713529 
7.07541700   6.93876851 
5.41386787   9.93812389 
5.41252512   9.87328516 
2.99967013   3.75295151 
5.46142645   10.00909822 
4.55030079   9.74961174 
4.54106738   9.65588498 
4.64133803   9.59266196 
5.39662039   9.80232755 
3.19503777   3.01356530 
2.51045423   4.27329382 
2.54170833   10.00393318 
1.05552419   1.82060301 
3.14088744   11.62550886 
7.39668344   19.03199740 
6.94903311   18.56608170 
7.59335144   18.24260540 
6.64100011   19.28866507 
6.94812004   17.88220843 
7.86738457   19.41110322 
24.54373534   3.33309805 
23.96813406   3.87821446 
28.81639003   18.14080962 
0.90566992   16.13287502 
28.43798451   19.05541963 
1.40489391   18.85178687 
28.82290873   1.85554452 
0.84065239   3.90453582 
28.44485382   0.94153567 
1.99792363   1.75166365 
1.40698221   1.01451963 
1.41798008   3.81974896 
6.01650802   10.88307425 
6.16804696   10.99912606 
5.99703031   11.04572757 
0.75427733   1.20891696 
0.79470264   0.51550030 
1.94279613   19.31601205 
0.94874821   19.43813824 
0.68659116   18.76873400 
8.09442310   1.23064869 
7.27186742   1.29176360 
7.61120478   0.65081278 
8.52377279   0.66835970 
1.27405410   11.77005897 
0.86160869   12.19158513 
2.09109119   8.77485032 
11.21550595   4.37884643 
11.35593109   3.73210033 
27.01965138   14.42803164 
0.53909623   13.63324090 
0.53306180   6.36332900 
3.31683197   8.69857051 
2.90771919   8.77187054 
29.36308743   19.00638909 
29.36531877   0.99249582 
10.10572438   1.46051955 
10.76086726   1.74880125 
10.81087682   2.49718937 
2.24573864   11.69446784 
2.59177911   12.00534164 
18.70902703   4.70330975 
2.01359521   8.06141987 
1.27343569   4.49786529 
1.97931905   4.78879168 
1.36342407   5.45947819 
24.77075374   5.60540211 
25.30997612   4.90382592 
24.29563730   4.75276097 
8.31291828   2.47236466 
8.90241086   2.67489846 
9.10550280   3.32014180 
5.35490318   9.91692980 
6.10867606   11.16092859 
6.63269798   0.71410467 
2.74589753   10.29549856 
2.30356268   10.34914388 
2.71845001   11.60563834 
6.68204698   3.16469057 
2.70128555   8.41613316 
6.74964906   3.74632706 
24.12400042   14.92041650 
26.81496414   7.18350450 
27.32598649   6.14096398 
27.73705728   7.04894155 
23.08297893   3.62618275 
23.41522190   4.55266577 
28.48391547   7.08581284 
26.05588958   4.95651930 
24.14744099   0.54474406 
2.09940714   0.79043389 
8.91526143   3.84327515 
5.36982888   9.74509774 
5.44020581   9.73719540 
0.53641855   7.44059413 
0.57524280   12.65814541 
8.52365141   1.88400553 
9.03667545   2.13674866 
6.86781757   16.68041969 
7.18099443   17.34380116 
6.54912240   17.25426894 
7.51577491   16.80256471 
10.73705422   3.99214777 
4.74833533   9.77754301 
4.82634704   9.78323182 
15.69042197   10.55578888 
17.20482567   7.99923081 
3.08787863   8.39848729 
28.40270853   13.59418998 
12.14321350   2.20966774 
1.34038525   14.53583752 
1.32952454   15.46756416 
4.11748368   19.11427372 
8.99374511   17.07656116 
9.51874510   16.57246464 
9.70020164   17.31379066 
26.94380339   13.52546447 
8.50111831   16.85423158 
1.88939777   4.10767987 
8.90245746   5.44531602 
3.90168974   0.72610307 
26.85376173   12.48683730 
4.97646267   10.19066701 
4.88587362   10.21133460 
6.40554609   10.21592490 
6.30383847   10.12254980 
6.45015288   10.05990254 
3.62676413   10.75484696 
3.31746848   10.65072701 
3.51676324   10.48367123 
4.85945417   8.50849668 
4.92239762   8.70639033 
4.78745066   8.72072968 
18.16694770   11.32250079 
1.81360817   6.17220269 
2.27075536   5.51150874 
13.45279275   18.53683583 
9.15463398   5.96467106 
3.08894631   10.16137733 
6.25732659   14.37190850 
13.14737684   19.21994527 
5.03934966   8.60756083 
4.76287302   9.32480929 
2.95651242   12.22182835 
2.93995247   11.90106782 
2.58247482   12.38112636 
2.93117823   12.69825567 
7.79934343   1.90773066 
3.24528249   17.03078333 
7.56245733   2.55613402 
22.09758512   19.41750605 
21.37675612   19.12622494 
21.17042214   17.93290577 
6.47035147   16.15328998 
6.17901421   16.65534639 
6.99056168   16.07126034 
16.05220478   3.65786157 
15.35700142   2.76855400 
16.24459289   2.57369582 
5.38622508   9.67080029 
2.26843468   8.39062051 
28.18197820   7.67136260 
4.83912446   7.65114178 
16.73624225   17.10704050 
17.46961447   16.20401333 
5.29340521   2.57204861 
5.04652619   1.71007856 
4.83674071   3.19998328 
11.51943894   2.88443869 
12.34188785   2.96904987 
5.23619770   17.34974838 
5.06363796   18.23929359 
4.86548063   8.14431505 
4.80908441   16.80171731 
10.07594894   19.25365361 
10.77301314   7.17599845 
11.58953727   7.02319885 
7.21392149   16.42762446 
4.65130394   10.29797166 
4.72241656   10.31460843 
2.91424050   8.08272380 
7.53598165   16.16040036 
4.60440896   10.22319921 
4.16602117   11.06870669 
4.37152740   11.01788959 
4.05609958   10.87621838 
27.36258660   8.07120173 
10.88121443   12.41798886 
11.45728810   12.71675631 
10.35201050   12.86689809 
10.34833303   12.15318726 
9.84441084   12.54548188 
8.37487117   12.84921099 
8.21623962   18.68352899 
8.19224149   17.95260996 
7.69373040   17.52179155 
7.70713218   12.68576281 
10.20529373   0.64449939 
1.82475438   13.80200020 
17.79053538   4.63405346 
8.90518529   12.75477708 
8.63199229   13.30019753 
9.15551983   13.21165834 
7.63673089   11.69419274 
7.70502615   11.39798139 
3.03218069   10.49636302 
3.07073879   10.83283048 
25.20513476   13.73143013 
5.97042303   2.61159352 
5.75420835   2.00437885 
6.77504975   12.42309350 
6.76751069   12.76167871 
6.35842950   17.80297631 
5.92500628   17.25629711 
5.74243098   17.87763579 
4.92109817   9.64737090 
4.86472704   9.65848910 
4.88169193   9.60397057 
4.81377695   9.60993483 
10.45094922   17.44934757 
11.15860059   17.63667793 
11.58168374   17.27796001 
8.83041317   10.72201683 
8.73863440   10.18789266 
10.79525383   3.24228434 
8.54745788   10.97499523 
6.31800544   9.97993928 
12.24893275   9.83289329 
12.54661976   10.42761929 
11.87235493   10.25894892 
11.24285047   10.10521954 
6.39734518   12.93968549 
11.08589621   9.00466268 
11.75552606   8.56591394 
4.29323498   11.62781962 
4.06200425   11.56008045 
10.87778762   9.57886179 
21.78367120   17.01544732 
5.50405899   10.09356184 
6.43181131   12.61042699 
6.77907773   11.56752755 
6.96502438   11.80042151 
5.12419401   9.74810801 
5.10144293   9.80577638 
6.83209768   12.07756244 
15.50381465   8.45905389 
15.45621004   9.32365387 
14.95170355   8.65531055 
7.11209608   12.30028322 
15.76650674   7.71547126 
6.95609108   10.56650567 
7.03081452   10.76767863 
6.81925086   10.81346544 
6.69381832   10.57762443 
0.64930457   14.23333222 
8.39860451   17.40554664 
8.98376573   18.00488101 
6.54654725   7.97059764 
6.84507965   7.73858711 
6.73644900   7.35593733 
9.63227577   10.61824289 
9.63788116   10.01773421 
0.62775691   5.75683406 
10.10582782   10.78838958 
9.55208688   18.66951228 
9.89416128   18.02117722 
8.79060748   11.21406151 
9.25924215   10.98163858 
6.06664607   8.28172734 
6.28423669   8.07980830 
6.22627825   8.38531223 
9.80234687   11.16677918 
19.28311257   3.80807260 
5.78137472   14.27029876 
5.28842652   14.31502837 
6.03965929   12.60657615 
5.97497706   12.29218397 
6.21445719   12.29674889 
15.16926206   0.83539323 
15.53761178   1.75092964 
5.15133415   9.83905144 
5.79286161   12.47580504 
5.61227997   8.34803816 
5.52337198   8.09949683 
5.75294288   8.10704971 
6.52404038   12.23376111 
29.16589965   11.99755397 
6.31033369   11.99308642 
6.00592143   12.04445872 
7.86144019   9.28549025 
8.09276576   9.38938144 
7.89964266   9.58902873 
8.15557752   9.70091385 
6.66195325   11.34047414 
6.49684871   11.58629354 
10.03833063   15.93991476 
5.15358994   10.00231215 
5.21987627   9.99467507 
9.14278277   9.90024248 
9.44372617   9.55135552 
9.19477137   10.42652075 
9.26370891   9.08603628 
3.83888946   10.18122855 
2.58523823   7.58281323 
2.96338820   7.76466561 
2.54422055   7.96392562 
10.10347174   11.63532783 
9.68556152   12.00976919 
2.98304610   7.28042269 
6.00832213   8.07575606 
7.02427920   2.71177556 
6.55321572   2.61415867 
7.29099258   3.20245177 
5.68075493   10.41732959 
5.70793651   10.30278668 
5.78419400   10.36003713 
5.60113389   10.34925728 
6.63474241   10.94368033 
6.79935847   11.10896369 
22.24199443   17.73784686 
6.99136620   10.98655036 
10.24228353   16.80343503 
8.57521236   11.58727181 
8.28958399   11.30327658 
8.48165556   12.32460226 
5.30459094   9.65272986 
5.29031288   9.56347124 
5.36149436   9.60252716 
6.69537230   1.50280638 
6.36357718   2.05246545 
6.15506420   1.41598557 
5.37152745   9.52263502 
7.05365471   2.03971260 
5.24553415   9.61907819 
5.20494295   9.56533783 
5.49932304   9.37480255 
5.46398798   9.49014954 
5.39493314   9.43116169 
5.58333772   9.46918895 
5.88220359   9.85516811 
5.76984715   9.95400591 
5.73585413   9.82741792 
3.64043843   7.92973640 
3.44207556   7.62637821 
3.87056916   7.71255502 
7.13630459   9.67629068 
7.11896097   9.44348058 
7.29296467   9.55983378 
6.96172987   9.58219104 
7.46738031   9.42020261 
7.48698805   9.65621721 
7.66607083   9.47945386 
6.93909856   9.36362680 
7.09787312   9.25322992 
7.29668427   9.28515080 
6.59303635   9.97199289 
6.46473197   9.91129036 
6.56981650   10.13505198 
6.33646567   9.84237866 
6.47934914   9.75446901 
29.21689036   10.97050518 
6.33257572   9.70517588 
6.95253307   9.80050827 
7.11567901   9.90445749 
7.32163180   9.83012128 
6.61324499   9.63796285 
6.77540028   9.52807236 
6.77269585   9.71756245 
15.19335751   6.98865507 
6.59986965   9.46658932 
8.02702601   17.02320455 
6.76991758   9.90747371 
8.09198312   16.42796817 
6.94527927   9.99636888 
6.52344319   10.30830321 
6.70824051   10.24214203 
6.65224039   10.38846065 
6.46492984   8.27981829 
6.73770425   10.07380664 
4.57670103   15.94696583 
5.09749923   16.17022291 
6.61721634   9.81665184 
6.04158219   9.98776133 
6.17609658   10.04672315 
6.06193074   10.11466441 
6.13044214   10.20218624 
5.90759640   9.96803854 
6.46238662   9.59925148 
4.54718434   9.33806671 
4.57861558   9.14682925 
4.66894838   9.26414946 
6.30589018   9.55351016 
6.43978603   9.43700401 
3.32621907   9.51114201 
5.48484288   16.59780682 
4.78796809   5.88166227 
4.42393189   9.03524220 
5.14247987   10.37878108 
5.18403716   10.34520693 
5.19989767   10.39195114 
6.26509028   9.38452832 
18.36991002   12.58172681 
5.92954490   9.64751010 
5.85294356   9.74630682 
6.20783634   9.79415398 
4.76389998   10.06404784 
5.00176204   8.37066803 
5.22590478   8.52612696 
6.19303557   9.67235381 
6.05668270   9.65459511 
4.61781526   10.75404866 
4.71198152   10.65755013 
4.77328889   10.76445984 
18.42890105   3.88520637 
18.81685013   3.00261860 
4.70571580   10.87545443 
6.19183111   10.84381723 
6.31217903   18.44393396 
5.98038405   10.19345774 
4.91280907   10.74877156 
4.99851758   10.84516946 
4.87601536   10.87445417 
4.97319750   10.98239576 
5.74633974   10.14938624 
5.81761492   10.06995701 
5.85584150   10.17452567 
5.70501453   10.04470255 
6.55500341   9.27621529 
6.71404543   9.10028536 
6.75461709   9.30726025 
5.16297259   9.95004639 
6.50659135   9.06788881 
6.12494895   10.34151322 
6.00941482   10.31634386 
6.42113907   8.88176420 
6.54948517   8.70006570 
6.64882904   8.89679783 
6.34428812   8.72121295 
6.85992246   8.88462333 
5.14938807   10.44854651 
6.94428524   9.10877239 
13.74748003   6.78030769 
5.52478828   10.56176583 
5.47345996   10.65927123 
4.82647443   10.46174943 
4.81023007   10.39852073 
7.35852429   13.08212960 
7.12960563   13.31580779 
4.63244798   11.30019773 
4.74639881   8.90850569 
4.63349675   8.77958601 
4.58368902   8.95380529 
5.10183149   10.92072686 
5.10670976   10.79260034 
4.49669717   11.19032908 
4.32415554   11.24746507 
4.92156868   11.16073769 
5.12436729   11.09952852 
5.89928145   10.29361955 
3.72489303   9.02049809 
5.77927216   10.24918383 
5.62255735   10.26625820 
5.68203976   10.21474772 
5.64993112   10.12787950 
2.56844721   4.88292415 
3.13914772   4.61033714 
2.91178310   5.26152066 
5.88886170   10.54211647 
5.87263752   10.67063150 
5.77188099   10.61157620 
4.77878123   10.59138117 
4.69823202   10.56693244 
3.46246677   12.86391417 
3.66875490   12.57375960 
5.99080032   10.62195687 
3.83093077   13.14501326 
5.67274305   10.68784992 
5.65121731   10.54879349 
5.84932490   5.93158236 
5.58101587   10.63302703 
5.11203914   13.81179703 
5.59438372   13.88944635 
5.42961166   13.46213028 
4.15654929   13.01180559 
4.70955331   9.05268822 
4.83946513   9.00842161 
4.46561087   14.19616126 
4.96330252   8.98123009 
4.91229286   9.09044749 
2.77201686   14.82735377 
3.15317256   15.49259524 
5.01231635   9.10176955 
5.01243269   9.99070169 
8.09435521   5.84110717 
7.67563909   5.41799984 
8.29520820   5.27822958 
5.55396370   6.22633935 
5.15631737   6.11066274 
6.15654867   9.54101573 
6.01539847   9.51679830 
6.10228691   9.36858902 
22.90848745   5.29963465 
22.09501982   6.01788788 
4.79357657   9.84775328 
23.05663604   6.27266957 
22.27826560   4.35933401 
21.13661158   8.65475736 
20.23041580   8.41271597 
13.49188034   8.72681997 
14.16436380   8.43575255 
12.45072614   6.00931347 
13.31938783   6.17599847 
12.78001213   6.69437100 
26.82983947   10.57769280 
10.69707581   14.84890259 
4.97676385   10.32267315 
4.93357715   10.31957230 
20.18650201   11.21834220 
12.05814029   3.56795319 
11.70369076   14.42641440 
4.10231362   10.24196292 
8.16581678   6.56584448 
7.92475286   6.29265516 
8.34719691   6.23733651 
21.79534950   12.70194197 
21.59577815   13.77820742 
4.35697751   4.62250213 
22.45057319   13.31600463 
26.68665232   9.03731205 
25.85456402   8.97822033 
26.32229760   8.18566904 
26.94173043   9.79130832 
25.86170507   9.94297139 
4.26658436   15.34196618 
12.79878354   11.01226758 
13.38853492   11.37949428 
14.35693856   13.09618104 
11.99660670   16.85928911 
14.48977906   2.97747785 
15.06548614   3.73695284 
11.95045456   17.76961642 
3.23325630   16.22368039 
14.72237682   4.59138906 
15.47399244   4.60147049 
4.94527818   14.18256913 
4.73544140   13.86498529 
5.94137809   9.36465276 
4.06766500   13.90756251 
3.90118089   14.39482302 
25.07332710   9.19694457 
15.07225440   16.75300366 
15.83225140   17.45056834 
3.83142189   12.32449220 
3.39677777   12.38304303 
5.21121640   9.91951515 
5.26272646   9.94439233 
7.43096294   6.88648154 
7.53613508   6.44753863 
19.92352150   18.17512642 
25.95921451   13.08827383 
7.51011996   14.02755793 
3.89733183   9.68189947 
7.86861393   13.97739233 
5.67144177   7.33610956 
23.28760329   7.40019887 
15.30732683   14.90047283 
14.59513655   15.22024779 
15.24858130   15.75466450 
10.65488738   4.63668687 
5.66140698   6.57430389 
4.74259139   9.89011493 
4.46578747   9.83780095 
4.37319399   9.95905754 
4.72660695   9.95348553 
4.26740794   9.89513547 
4.34513822   9.83925151 
4.23897737   9.76613620 
21.04861328   11.29621939 
20.91510308   12.11507123 
21.75936764   11.80089159 
6.92514215   13.59238852 
7.62137506   5.99097831 
14.79064821   9.96627216 
3.03828487   13.22895009 
3.47530294   13.29323347 
3.74913054   13.58018603 
16.83656754   5.11442053 
19.00399978   2.20848001 
18.03579719   2.44195677 
5.04167337   9.67651209 
2.98150342   6.61963966 
3.34280671   6.37689662 
3.40104502   6.80949355 
3.72331821   6.49744248 
14.96796110   7.90455448 
22.63278497   12.26023740 
23.48704300   11.77869668 
22.50456212   11.39224852 
4.30847344   9.65407921 
4.27626493   9.54333265 
4.38291864   9.56791126 
4.37950371   9.42767981 
3.77221713   4.83936691 
3.38155336   5.14776764 
9.62481957   4.41855832 
12.29132534   15.98091998 
5.08720304   13.46021820 
4.83331699   13.20916552 
5.18104106   13.09541462 
3.85380768   9.91846010 
8.30835455   15.75234300 
4.70392945   13.50820157 
3.83991969   10.90846780 
5.19664304   9.80629401 
5.20365181   9.86000054 
14.47036753   7.14697272 
13.98609683   7.62868535 
12.71688336   18.33782509 
5.25055265   9.88257732 
7.92692430   15.99674162 
24.87414503   10.02687978 
5.84933094   13.57835773 
6.00584870   13.32829447 
6.19867265   13.58157991 
29.29453469   9.86177227 
5.27515716   10.21142576 
5.29190686   10.16873922 
5.22931969   10.16935734 
4.87829538   10.32098865 
4.84697587   10.26323208 
5.39473439   10.42118405 
5.40551465   10.33752367 
5.48804260   10.36924936 
5.33430470   10.37180856 
21.75269336   11.03519841 
15.77722945   13.34299607 
15.33546366   12.59742315 
5.07004755   10.32833387 
16.91284263   4.15895760 
16.24047671   4.66119674 
19.13510604   12.52861396 
19.13649979   13.20694439 
19.13756271   11.76578920 
23.16683503   10.13413537 
23.80252452   5.48029147 
4.58074055   3.93262454 
13.06447777   12.12257563 
13.81454328   11.88978455 
8.59962435   5.84638956 
8.81204223   6.30313200 
5.11550689   9.70300186 
5.08158899   9.66673590 
8.67479491   14.47527512 
5.12948965   9.65626945 
5.71985174   12.77112490 
18.66838108   17.04173261 
5.98198901   13.01349226 
15.57183450   18.27857145 
4.19498248   5.18781914 
14.70013607   12.69999550 
4.23231701   10.02306314 
2.22150939   14.34539338 
4.13776463   9.62204477 
4.77615763   10.25678587 
9.21527889   4.23467507 
7.70219607   14.31459590 
8.18089599   14.09785320 
4.21632735   13.41593575 
6.91757084   10.19085249 
5.38571337   12.83912860 
5.54103148   12.61282568 
5.57785568   13.07892165 
5.30401194   12.58872041 
12.89244720   2.43318565 
12.90378964   3.43741289 
3.82365885   6.87892751 
23.29785568   10.95170720 
17.72339384   3.34398536 
3.62875778   8.80237591 
5.13792053   10.18322619 
5.09477757   10.20984927 
5.08933975   10.15227794 
3.46767247   14.88206144 
5.05277938   11.94539356 
5.28501820   11.88172430 
5.14074579   12.14865892 
4.73561912   19.11129671 
5.40017940   12.10748864 
8.34747949   9.36997226 
8.49383722   9.75934082 
8.68113726   9.39858064 
4.68760699   0.83993181 
5.04594712   10.18342009 
4.80549151   10.33397135 
8.15154033   7.75336199 
7.82037204   7.54317289 
8.19527229   7.30848769 
7.80515926   7.16938889 
15.66326661   14.19286610 
16.36328800   13.84496687 
5.11508190   10.00897956 
4.50927997   13.05438307 
5.12846332   3.75345030 
5.29660031   10.00616809 
22.11353230   14.45081730 
5.08971066   10.36502943 
5.10443685   10.40719566 
16.51161535   7.57922044 
12.88866731   17.28253221 
3.82976955   8.60452458 
4.05328171   8.40982251 
4.11782273   8.73084554 
4.73840605   10.00403904 
5.25122776   9.82888282 
25.84063535   11.95002667 
6.37221709   9.23626314 
13.42114734   17.86084020 
16.19022351   15.11205218 
16.81478641   3.17023206 
15.96013127   16.36869346 
12.33846296   7.30707836 
5.23264327   9.69435179 
5.25005884   9.77162076 
5.18587629   9.75187338 
16.68123479   16.03483161 
24.09272293   7.42352192 
3.56896013   6.10885723 
5.15118252   9.79125220 
5.13934114   10.12978544 
5.17372710   10.15884035 
5.14694880   10.08530293 
5.27219788   12.34885203 
5.11383043   12.79089170 
4.14269296   6.57163547 
3.91426790   6.20735125 
4.37201086   6.17170985 
8.95655485   6.82063974 
9.35937829   6.38641650 
4.07812885   11.30158033 
8.17005613   6.95686007 
7.84185350   6.70206719 
4.36972655   9.74524344 
4.77387187   6.25989986 
5.58307791   10.04108554 
10.14421372   14.56882160 
5.84933061   8.33269166 
5.69943784   8.55021856 
5.24652873   9.25708238 
5.26257876   9.16064650 
5.36033842   9.20157414 
4.90651767   11.80884428 
5.35465017   9.09798637 
5.82494304   9.31204110 
5.82835769   9.42545330 
5.73827461   9.35659279 
5.69964502   9.45947621 
8.54522449   6.64030348 
8.60835813   7.14666492 
13.96791524   9.38670061 
14.66616817   9.15353794 
9.33087447   14.04116118 
9.15347223   14.42150168 
8.95266272   14.08704882 
9.81647452   14.01055331 
3.98517560   9.50067111 
4.17266426   9.44494820 
6.36952573   10.38361854 
5.45886114   11.18643862 
5.49365400   11.37841581 
10.45221263   15.46154613 
5.29967875   10.06555992 
5.26716621   10.11482277 
4.56784472   9.83459399 
4.66091401   9.88326695 
4.65309511   9.78902343 
24.34927914   9.49615631 
5.30914682   11.10939379 
6.83776702   10.38638562 
14.87761114   1.38997647 
4.35001238   10.08475994 
4.45251823   10.07414446 
6.63229469   8.48434395 
6.39985983   8.49864809 
3.89035112   8.86962451 
4.07029120   8.95286235 
6.69970110   8.24451633 
6.85572218   8.48026460 
6.96829207   8.27014995 
5.21214708   9.45113014 
5.24571128   9.51874525 
5.19208485   9.50208166 
11.85995090   5.62355967 
12.67847818   16.53135217 
13.01121075   15.77300986 
5.88094455   9.51766900 
5.76866663   9.53074873 
5.09000719   8.99157739 
5.04218007   8.82990468 
5.07168541   10.29532228 
5.12740881   10.31475683 
5.09096981   10.26102110 
4.71970248   9.83754032 
4.88355353   8.86525979 
5.26361506   10.39052021 
5.09484536   10.67879807 
4.99068868   10.67000276 
5.04337359   10.60699940 
5.02054228   10.75206811 
6.50325638   10.47679370 
6.25648135   10.28005150 
5.96600431   10.75397418 
5.86117735   10.81324388 
4.16885393   10.12133193 
5.55950513   10.75069205 
5.69943148   10.83971562 
5.77340753   10.74329515 
6.02986420   10.45832759 
5.89156815   10.40895880 
26.12944903   11.07739618 
4.70168698   10.10501789 
17.09478808   15.34193279 
5.57093641   11.07837261 
5.44370841   11.00634154 
18.12985465   19.26575504 
3.66864448   13.96424674 
13.11867847   9.27409575 
5.65983553   10.98649881 
5.72397764   11.13379524 
5.31501335   9.95434248 
3.73073283   5.35324014 
5.83907527   10.98877261 
6.18601454   9.17370109 
4.81539637   10.67648010 
4.86343531   10.59245560 
4.91521432   10.65876651 
4.14746001   10.40723536 
4.09750803   10.53502595 
4.27745542   10.50996651 
8.52441065   7.57936446 
8.48419793   8.05315629 
8.93358445   7.77002523 
4.91269617   10.36120400 
5.42660862   10.77762127 
5.35348377   10.91500066 
5.30625166   10.77343677 
10.42992577   6.61159257 
5.21764763   10.84654134 
7.75761844   8.64427300 
8.13255944   8.74550299 
7.81204321   8.98182117 
8.14111068   9.06858364 
7.43392522   8.51490011 
7.74744759   8.30349097 
5.36806981   9.97909030 
7.45211035   8.11381002 
7.53462526   9.19641391 
5.76892720   13.29223928 
5.33833342   8.71056501 
5.54927876   8.72819362 
5.41659031   8.87181362 
5.47701269   8.55623962 
5.19354821   10.29769025 
5.14685291   10.24648242 
5.22322858   10.23919641 
5.46918637   9.02415253 
5.32075110   8.98137879 
7.10942706   8.56325306 
7.21584722   8.28596554 
2.16471605   2.42114584 
5.21718554   9.05614744 
5.10976460   9.11511603 
4.44518854   9.67980694 
5.76505097   8.73854605 
5.79418344   8.90423855 
5.48437334   9.81510331 
5.93619741   8.98543452 
5.72555099   12.16180510 
5.04745887   10.26704791 
25.04488387   11.77361967 
4.85938241   10.41698152 
4.89682186   10.40376366 
4.90397753   10.44702642 
5.15801345   9.29391911 
5.06998095   9.33932272 
5.06682880   9.21504828 
4.93740924   9.45870771 
4.99045810   9.49259705 
4.94990527   9.52075958 
4.99601500   9.35311062 
5.00249077   9.27681828 
5.24339805   9.36771527 
5.33859202   9.30618688 
8.32542578   13.63255127 
5.10370549   9.51227034 
5.07474107   9.55934081 
5.04409150   9.50938927 
4.92452609   9.32192684 
22.60131083   7.83521038 
5.20994552   10.71367037 
4.82628001   10.53595619 
4.88759249   10.51753666 
4.95146241   10.49026277 
5.47032767   9.66803697 
5.53385953   9.72180654 
5.54741299   9.63200764 
5.35434203   10.29091394 
5.56925221   9.80128239 
5.63899238   9.83910292 
27.55342506   10.14406384 
5.63811261   9.76151832 
8.62480542   13.87117895 
5.29838907   9.46324539 
3.73687063   15.32719592 
5.77973110   11.92236047 
5.91772111   11.79171230 
5.85496547   11.58757754 
6.05829116   11.64854204 
5.99427339   11.44157461 
5.58101545   10.46017556 
5.77641904   10.48124784 
4.59198103   9.46748363 
4.67480701   9.38903609 
4.51681894   10.44357039 
5.18636987   9.63726157 
5.92657563   10.07296687 
9.85715512   6.53309207 
5.56592631   10.12577636 
7.89996162   11.12981001 
20.34541078   17.45782593 
6.31810324   9.01695357 
7.74634850   9.72937047 
7.57721530   9.89964160 
4.43389826   13.74092616 
4.42968573   10.55170010 
4.48674518   10.68746464 
8.88337483   9.14118587 
8.92600386   8.85081572 
8.52044851   8.90303315 
6.24970007   11.27214249 
6.40728987   11.37566205 
6.21747326   11.48332627 
4.41013775   8.79998036 
13.27791136   13.67002387 
13.56348507   14.25606052 
6.08243365   11.31630361 
5.05763530   10.23266789 
11.39262290   7.75398766 
11.84620165   7.54408307 
12.13123297   7.92668036 
6.32924561   10.97585853 
6.46831306   10.85622753 
6.49014094   11.02210265 
12.08977611   11.03797852 
4.21510815   11.41117056 
5.36660767   10.04987936 
6.45955746   10.66850498 
6.46145675   11.81082439 
6.58049265   12.00164840 
6.68397438   11.80407337 
7.77744964   7.91955969 
7.41658859   7.67915694 
5.10614212   11.76200054 
9.42716739   11.35680273 
9.13711304   11.36704613 
9.26700906   11.69001858 
4.76477023   11.19370524 
4.69283583   9.15562070 
4.75737448   9.23053474 
4.81631549   9.14294678 
6.26671570   11.72216700 
4.74210252   9.63840410 
6.62856502   10.74325498 
5.83691021   11.39434537 
5.68180518   11.45172420 
5.33069359   9.38785912 
5.40567771   9.34827852 
5.16974155   8.33519755 
5.37073484   8.39887932 
4.49804552   9.54811698 
5.35618816   8.21063691 
4.84193925   9.54676508 
5.63049507   9.67719207 
5.22019504   4.83303432 
4.78809030   11.00107993 
5.54075572   9.55272606 
5.66160713   9.58056232 
16.69572341   5.94947255 
3.93425349   14.91603632 
4.32664057   8.51927510 
4.86048623   10.37257165 
5.18348470   10.20212171 
8.81610786   9.75048821 
17.32685935   17.84215246 
6.09239080   10.73685824 
7.87565318   9.94956251 
8.22408680   10.14819733 
6.10588231   10.58932145 
6.24775411   10.66652761 
9.67012584   11.57853119 
5.63470743   9.35741700 
8.98306082   13.63414773 
4.24428717   8.95982937 
3.99517157   5.76451125 
17.73317534   12.09310265 
12.09120548   6.72584722 
4.58837532   10.59199854 
5.15280911   9.38928932 
5.14049012   9.46570397 
6.25439213   11.12151669 
6.21477089   7.80137096 
5.09282503   9.41794472 
6.50702578   7.12155557 
4.58482586   10.99190742 
11.61241223   9.38492213 
12.38133293   9.24344452 
5.49786084   9.16401880 
5.62062156   9.10391805 
5.61626191   8.92325802 
9.47684738   13.56777138 
7.22482122   9.08984500 
7.12140383   7.97978685 
5.29941936   10.46568713 
10.97302400   13.13022084 
10.50170713   13.41501454 
7.41393677   8.83293367 
5.72022234   9.70230805 
8.10390284   8.06973378 
8.11330773   8.38385873 
5.80232152   9.62085084 
4.89758361   9.51003673 
4.91287153   9.55710685 
6.19860810   12.79828764 
4.56507410   10.31572300 
6.74844845   7.01083020 
10.16580544   7.61315718 
10.76378539   11.71117944 
7.90867214   10.34702497 
9.02557564   9.46746356 
5.44743281   9.59172187 
5.30971613   9.72223229 
10.19946412   9.71234117 
5.16234666   9.69847768 
6.11867885   11.85331390 
5.50889901   12.38606504 
7.97389032   11.36097257 
8.85692049   8.11610768 
8.80821722   8.47347210 
7.57622212   7.42908213 
5.75074180   11.28410942 
4.40183380   5.83553760 
4.66307840   11.85532387 
4.59425910   10.86677654 
10.06770525   7.01574851 
4.50432130   9.44539028 
8.77351078   7.44449065 
5.61332936   11.25214265 
4.75397969   10.50513244 
8.17585657   10.97799175 
5.04056840   10.48188735 
5.08103268   10.44606618 
5.09791186   10.49987667 
8.89522975   11.56218540 
5.12821660   10.57282762 
5.04436096   10.54078562 
5.56770168   9.25281032 
5.71996251   9.23163118 
6.33711535   10.80186626 
5.07996049   9.46627888 
7.13061181   7.71547534 
5.44491562   9.27461187 
5.23680041   11.64699443 
5.34261842   10.66312311 
5.23519943   10.59885057 
5.16507190   10.64021264 
4.95734746   10.57461294 
5.35958650   11.52287443 
6.20942177   10.46808480 
5.17681665   9.18299329 
5.20792841   10.51114326 
4.99874784   10.50850974 
8.31821175   11.60741419 
8.45412015   8.48699535 
5.15037461   9.53019062 
4.65336631   11.13544388 
4.93841887   9.19539895 
4.95633554   9.39567857 
4.84326332   9.26449767 
5.18439926   8.70377833 
5.20573031   8.86333372 
6.04389309   9.09176412 
6.04097371   9.23014313 
5.89674227   9.18187546 
4.52054459   8.61086933 
5.22404971   10.44156965 
6.83534574   8.04105528 
5.02088448   9.42912869 
5.53027650   10.90765691 
6.81674333   8.69598825 
7.06152268   8.86256928 
5.24074677   10.98401296 
5.75674697   9.05676352 
9.16508297   8.66855356 
6.42793542   11.17511775 
5.26784517   10.53338056 
5.14390448   10.50914674 
6.60282610   11.11806771 
4.67808218   15.46453300 
9.76694792   9.61057755 
5.91556657   11.21935286 
6.33807995   10.55724034 
