BCnode   BCtype
228  4
outBCNode	outBCNum
1   1 
11   1 
14   1 
95   1 
99   1 
103   1 
107   1 
111   1 
115   1 
119   1 
123   1 
127   1 
3300   1 
3302   1 
3309   1 
3310   1 
3312   1 
3348   1 
3350   1 
3352   1 
3354   1 
3356   1 
3358   1 
3360   1 
3362   1 
5   2 
7   2 
54   2 
58   2 
67   2 
71   2 
75   2 
79   2 
83   2 
87   2 
3303   2 
3304   2 
3306   2 
3308   2 
3331   2 
3333   2 
3336   2 
3338   2 
3340   2 
3342   2 
3344   2 
2   3 
4   3 
8   3 
10   3 
19   3 
23   3 
27   3 
31   3 
35   3 
39   3 
43   3 
47   3 
92   3 
133   3 
175   3 
185   3 
190   3 
194   3 
198   3 
202   3 
3301   3 
3305   3 
3307   3 
3311   3 
3315   3 
3317   3 
3319   3 
3321   3 
3323   3 
3325   3 
3327   3 
3347   3 
3366   3 
3380   3 
3384   3 
3386   3 
3388   3 
3390   3 
1004   4 
1006   4 
1008   4 
1010   4 
1015   4 
1025   4 
1035   4 
1045   4 
1060   4 
1069   4 
1109   4 
1577   4 
3664   4 
3665   4 
3666   4 
3667   4 
3668   4 
3669   4 
3673   4 
3677   4 
3681   4 
3686   4 
3689   4 
3703   4 
3195   4 
3198   4 
3200   4 
3203   4 
3209   4 
3220   4 
3229   4 
3237   4 
3257   4 
3263   4 
3285   4 
3297   4 
4399   4 
4400   4 
4401   4 
4402   4 
4403   4 
4405   4 
4409   4 
4412   4 
4415   4 
4421   4 
4423   4 
4430   4 
2710   4 
2713   4 
2715   4 
2718   4 
2723   4 
2726   4 
2735   4 
2768   4 
2781   4 
2801   4 
2834   4 
2841   4 
4242   4 
4243   4 
4244   4 
4245   4 
4246   4 
4248   4 
4249   4 
4253   4 
4264   4 
4269   4 
4276   4 
4287   4 
2269   4 
2272   4 
2275   4 
2281   4 
2284   4 
2296   4 
2302   4 
2305   4 
2311   4 
2358   4 
2428   4 
2439   4 
4093   4 
4095   4 
4096   4 
4097   4 
4099   4 
4100   4 
4105   4 
4107   4 
4108   4 
4111   4 
4127   4 
4151   4 
1907   4 
1910   4 
1914   4 
1917   4 
1920   4 
1927   4 
1945   4 
1953   4 
1961   4 
1976   4 
2005   4 
2016   4 
3972   4 
3973   4 
3974   4 
3976   4 
3977   4 
3978   4 
3981   4 
3987   4 
3990   4 
3993   4 
3998   4 
4008   4 
1357   4 
1359   4 
1364   4 
1371   4 
1377   4 
1385   4 
1388   4 
1394   4 
1404   4 
1477   4 
1545   4 
1596   4 
3788   4 
3789   4 
3790   4 
3792   4 
3794   4 
3796   4 
3799   4 
3800   4 
3803   4 
3806   4 
3831   4 
3855   4 
