0.99993   0.97128 
0.00000   0.97128 
0.99993   0.00000 
18.99940   0.99993 
18.99940   0.00000 
20.00000   0.99993 
19.00010   18.99940 
20.00000   18.99940 
19.00010   20.00000 
1.00060   19.02940 
1.00060   20.00000 
0.00000   19.02940 
0.80117   16.79580 
0.80117   17.75420 
0.00000   17.10040 
1.80177   18.72480 
2.45012   18.02270 
2.64955   19.29790 
3.64948   19.29790 
3.00113   20.00000 
4.24604   18.64400 
4.59763   19.34600 
5.59756   19.34600 
5.00100   20.00000 
6.19792   18.62100 
6.60129   19.27500 
7.60122   19.27500 
7.00087   20.00000 
8.21468   18.49250 
8.61425   19.21750 
9.61419   19.21750 
9.00073   20.00000 
10.25770   18.35070 
10.64410   19.13320 
11.64410   19.13320 
11.00060   20.00000 
12.28630   18.23070 
12.64280   19.09750 
13.64270   19.09750 
13.00050   20.00000 
14.25160   18.25870 
14.60930   19.16120 
15.60920   19.16120 
15.00030   20.00000 
16.01000   18.47340 
16.40110   19.31220 
17.40100   19.31220 
17.00020   20.00000 
17.45910   18.36210 
18.05820   19.04990 
19.05820   18.04930 
18.37260   17.43420 
19.31450   17.38370 
19.31450   16.38380 
20.00000   16.99890 
18.44440   15.95630 
19.13000   15.57140 
19.13000   14.57150 
20.00000   14.99900 
16.80330   17.68590 
17.46060   17.42360 
17.71680   16.75800 
17.53240   15.94560 
16.01150   17.53490 
18.23020   14.16210 
19.10020   13.58960 
19.10020   12.58970 
20.00000   12.99910 
18.23500   12.14940 
19.13480   11.55890 
19.13480   10.55900 
20.00000   10.99930 
18.28810   10.09060 
19.15330   9.53094 
19.15330   8.53101 
20.00000   8.99940 
18.31050   8.05836 
19.15720   7.52682 
19.15720   6.52689 
20.00000   6.99953 
18.30070   6.06746 
19.14350   5.54017 
19.14350   4.54024 
20.00000   4.99967 
18.23910   4.13155 
19.09550   3.59105 
19.09550   2.59112 
20.00000   2.99980 
17.96410   2.34577 
18.86860   1.75452 
17.86800   0.75458 
16.86800   0.75458 
16.99890   0.00000 
0.55602   14.98800 
0.55602   15.82980 
0.00000   15.30030 
1.35719   16.48360 
0.52593   13.44530 
0.52593   14.20280 
0.00000   13.70100 
1.08194   14.73240 
0.42526   11.92320 
0.42526   12.65880 
0.00000   12.20770 
0.95118   13.16070 
0.48513   10.49350 
0.48513   11.22930 
0.00000   10.73630 
0.91039   11.68040 
0.46238   8.88362 
0.46238   9.61940 
0.00000   9.26474 
0.94751   10.11240 
0.41985   7.39197 
0.41985   8.12764 
0.00000   7.79329 
0.88223   8.48231 
0.53785   5.85253 
0.53785   6.61006 
0.00000   6.30009 
0.95770   6.94442 
0.54619   4.23515 
0.54619   5.07687 
0.00000   4.70085 
1.08404   5.38684 
0.70031   2.47981 
0.70031   3.43809 
0.00000   2.90085 
1.24651   3.81412 
2.13864   0.75565 
1.13871   1.72693 
1.83902   2.26418 
3.13858   0.75565 
2.99980   0.00000 
14.02400   17.35770 
14.99060   17.42140 
15.78390   16.63390 
11.94000   17.27490 
12.93880   17.23920 
13.67780   16.40190 
9.81135   17.61150 
10.84130   17.52720 
11.49370   16.53570 
7.75802   17.79080 
8.77105   17.73330 
9.35469   16.90980 
5.63640   18.00250 
6.64014   17.93150 
7.19651   17.17230 
15.52260   15.53190 
16.54340   15.64550 
17.27100   14.84370 
17.24120   13.86190 
16.40260   13.38980 
17.36170   12.70820 
17.39630   11.67740 
16.58380   11.17870 
17.45710   10.62000 
17.47560   9.59193 
16.63800   9.08817 
17.46910   8.55879 
17.47290   7.55461 
16.63970   7.07478 
17.48110   6.57435 
17.46750   5.58764 
16.58990   5.11960 
17.40950   4.61271 
17.36150   3.66352 
16.41490   3.22051 
17.24440   2.73935 
17.01750   1.90275 
16.14830   1.14817 
15.54940   1.88077 
15.40000   0.73260 
14.40010   0.73260 
14.99900   0.00000 
15.51280   3.71885 
15.39570   2.79468 
14.64730   2.37911 
15.91880   5.60081 
15.86080   4.62589 
14.84160   4.20006 
13.94880   1.55912 
13.54780   0.82652 
12.54780   0.82652 
12.99910   0.00000 
13.79500   2.47303 
12.12060   1.66281 
11.57200   0.83630 
10.57210   0.83630 
10.99930   0.00000 
10.16650   1.60684 
9.59372   0.77055 
8.59378   0.77055 
8.99940   0.00000 
8.20848   1.44665 
7.61416   0.67611 
6.61423   0.67611 
6.99953   0.00000 
6.31380   1.34872 
5.69917   0.67261 
4.69924   0.67261 
4.99967   0.00000 
4.63805   1.46922 
3.93854   0.79661 
3.07739   1.55226 
3.44200   2.14964 
2.64203   2.10868 
2.20363   2.86156 
2.66428   3.32180 
1.86127   3.47731 
1.70715   4.27436 
15.73470   7.49878 
15.74290   6.51853 
15.01380   6.02481 
15.87080   9.60280 
15.86420   8.56967 
14.96750   8.01341 
15.75740   11.67120 
15.81820   10.61380 
15.04440   10.09530 
15.51970   13.83450 
15.64020   12.68080 
14.87450   12.11590 
14.52220   15.72110 
15.28170   14.73270 
14.51930   14.02370 
13.43690   15.60270 
2.17954   4.55883 
1.56478   4.89564 
1.55643   5.67131 
2.08449   5.70280 
1.60375   6.19400 
1.89431   6.68756 
1.36625   6.65606 
1.24826   7.43797 
5.05398   2.03000 
4.29328   2.15400 
3.85793   2.71042 
6.84017   1.97532 
5.92511   1.97182 
5.58034   2.65660 
4.16088   3.19556 
3.30960   3.19120 
2.96724   3.80695 
3.33722   4.16801 
2.69190   4.29862 
2.54953   4.91990 
2.95757   5.13078 
2.44522   5.39100 
2.49254   5.91369 
8.68694   2.15204 
7.70732   2.05760 
7.31863   2.68071 
10.68810   2.52183 
9.70971   2.45607 
9.20855   3.06703 
12.72670   2.50218 
11.75090   2.51196 
11.29410   3.36119 
13.42530   3.32217 
14.35990   5.08754 
14.01190   4.18050 
12.94360   4.20965 
14.18410   6.00525 
3.85153   18.05870 
4.79967   18.10680 
5.24189   17.41730 
2.31779   17.37360 
3.16556   17.94670 
3.71920   17.40960 
1.73233   15.86590 
1.97748   16.83190 
2.69292   16.75590 
3.00718   16.32710 
3.34749   16.86870 
4.03346   16.98080 
4.27648   16.43320 
4.64819   16.97410 
5.48492   16.86980 
1.54428   14.45710 
1.57437   15.24230 
2.19466   15.59070 
2.56323   15.21580 
2.72119   15.83950 
3.37576   15.95230 
1.21945   12.71740 
1.32012   13.50390 
1.81847   13.48780 
1.55020   13.93110 
2.04263   14.44100 
2.43270   14.22510 
2.42677   14.75110 
2.95330   14.99990 
3.62629   15.50390 
3.91229   15.99150 
4.52702   15.98480 
3.23260   14.67550 
3.36906   15.14030 
3.90558   15.17950 
1.36418   11.52280 
1.30430   12.21670 
1.67324   12.55990 
1.62256   7.71881 
1.21401   8.00716 
1.25654   8.76314 
5.45077   16.25260 
6.04448   16.69580 
6.57189   16.22030 
6.60603   16.83750 
7.72391   16.69680 
4.63875   15.50050 
5.00294   15.94220 
5.56250   15.76820 
4.09212   14.77250 
4.34935   15.13610 
4.82528   15.09340 
1.23263   9.66749 
1.25538   10.54160 
1.70969   10.52110 
1.42458   10.96600 
1.81849   11.50230 
1.72534   8.75988 
1.39357   9.23503 
1.70144   9.66423 
12.58310   5.05565 
11.99650   4.19732 
10.93360   4.20719 
13.84430   6.84041 
13.19040   5.90314 
12.24330   5.89081 
14.39340   8.67410 
14.26390   7.60321 
13.27020   7.50110 
14.26850   10.55930 
14.32110   9.54837 
13.61760   9.13817 
14.03970   12.56510 
14.15700   11.55550 
13.43370   11.00860 
13.61470   14.47670 
13.85270   13.57850 
13.13510   13.01810 
12.77030   15.15750 
10.83820   15.86920 
11.93690   15.61700 
12.11470   14.49100 
8.94685   16.28280 
9.98715   16.16100 
10.43040   15.24220 
7.64606   15.98830 
8.23654   16.32320 
8.86900   15.57430 
11.44890   13.90000 
12.28230   13.44050 
12.46930   12.42710 
9.88580   14.76640 
10.73680   14.47470 
10.90440   13.42420 
8.51039   15.04740 
9.22070   15.00700 
9.52719   14.23940 
11.84320   11.81320 
12.69600   11.39070 
12.80760   10.39460 
12.09810   9.70297 
12.83590   9.32081 
12.90810   8.44654 
12.48850   7.68374 
11.68310   7.69383 
12.04520   6.74839 
11.43790   5.90090 
10.53710   6.01680 
10.73520   5.15922 
10.03280   4.32309 
9.30305   4.67063 
9.50153   3.71860 
8.47876   3.41456 
7.99434   3.98745 
7.70136   3.33588 
6.83421   3.25359 
6.48803   3.78774 
6.10530   3.13257 
5.23417   3.19075 
5.21572   3.73195 
4.69076   3.25598 
4.14244   3.73677 
4.39276   4.17694 
3.86288   4.11652 
3.58755   4.60819 
3.87634   4.90587 
3.35068   4.95736 
3.24637   5.42846 
6.49119   15.75100 
7.05274   15.89260 
7.56537   15.51900 
7.32985   15.03300 
7.92317   15.12870 
8.27488   14.56130 
5.57461   15.31100 
6.02244   15.62140 
6.50330   15.29370 
4.94251   14.74170 
5.23190   15.10610 
5.69184   14.95930 
5.43181   4.14542 
4.88840   4.21066 
4.60885   4.59041 
6.72153   4.24261 
5.99263   4.12159 
5.66531   4.60030 
4.79609   4.97545 
4.30045   4.94173 
4.06359   5.29090 
9.01113   5.21266 
8.47982   4.60817 
7.70242   4.52948 
7.62779   5.04981 
7.14231   4.42909 
6.64690   4.76294 
10.61100   6.80894 
9.90824   6.06726 
9.47367   6.59818 
9.39980   5.80603 
8.57656   5.74358 
11.33880   8.40091 
10.89550   7.46556 
10.26670   7.51602 
11.46630   10.26420 
11.49460   9.19041 
10.70690   8.96213 
11.16400   12.11730 
11.39070   11.08090 
10.78710   10.56830 
10.22650   13.33650 
10.93860   12.76180 
10.48620   12.02950 
9.01538   13.86340 
9.68047   13.62280 
9.71473   12.96040 
7.90091   14.17270 
8.48813   14.09140 
8.64141   13.47480 
8.50996   6.24019 
8.12129   5.64681 
7.67407   5.94368 
7.74067   5.44707 
7.18056   5.34668 
6.37788   14.86070 
6.84664   14.99030 
7.20444   14.59990 
6.96367   14.24110 
7.44688   14.28380 
7.66014   13.81380 
5.68091   14.60170 
6.02362   14.80650 
6.36696   14.50310 
6.20920   14.14020 
6.56346   14.19430 
6.80590   13.87810 
6.82507   5.64499 
6.71219   5.24773 
6.29142   5.06125 
6.03701   5.34656 
5.97172   4.86177 
5.41090   4.88561 
5.42881   5.25058 
5.12240   4.98910 
4.81400   5.34042 
5.96401   5.66726 
5.64432   5.46778 
5.35581   5.57128 
5.23489   5.84124 
5.01939   5.62404 
4.69309   5.61038 
4.65662   5.90978 
4.45123   5.62616 
4.20553   5.82789 
4.24200   5.52849 
3.81788   5.49263 
3.74711   5.86095 
3.56870   5.62337 
3.17559   5.79679 
3.22509   6.19479 
2.90276   5.99989 
2.54204   6.31169 
2.71521   6.70309 
2.30499   6.61689 
2.06748   7.07895 
2.32743   7.36854 
1.91675   7.43921 
1.88251   8.00840 
2.29117   8.10817 
1.99698   8.38776 
2.13400   8.85965 
4.24164   6.10671 
4.03241   6.00903 
3.78322   6.13978 
3.83077   6.43389 
3.54548   6.28581 
3.27265   6.48891 
3.38257   6.79329 
3.06218   6.70228 
2.82513   7.00747 
3.01671   7.32573 
2.66974   7.32655 
2.51902   7.68681 
2.63348   8.06617 
4.74921   6.12557 
4.50736   6.14135 
4.33424   6.32250 
5.41487   5.96960 
5.07844   6.02236 
5.11014   6.24231 
4.93017   6.11395 
4.78091   6.34553 
7.01329   5.98070 
6.54492   5.88175 
6.40910   6.16158 
6.22089   5.82587 
5.82820   5.94709 
5.83906   6.20426 
5.58218   6.04565 
5.42573   6.22677 
7.73594   6.35049 
7.35532   6.15075 
7.07516   6.38751 
5.41314   6.42558 
5.24583   6.34952 
5.09755   6.44112 
5.05152   6.60679 
4.91584   6.49958 
4.73488   6.51120 
4.73218   6.68357 
4.59725   6.52951 
4.45947   6.64660 
4.46217   6.47424 
4.19645   6.43959 
4.18058   6.67817 
4.05265   6.52644 
3.81491   6.67247 
3.87611   6.90259 
3.65423   6.81004 
3.44376   7.02341 
3.57624   7.24141 
3.30458   7.22466 
3.14919   7.54373 
3.39159   7.68931 
3.10373   7.79038 
3.17688   8.10505 
2.93449   7.95948 
2.70664   8.38084 
4.49907   6.80653 
4.36399   6.75125 
4.22019   6.83810 
4.26215   7.00636 
4.07874   6.93329 
3.91807   7.07085 
4.00003   7.24106 
3.79739   7.21036 
3.65821   7.41162 
3.80243   7.55703 
3.58128   7.58808 
3.53582   7.83473 
4.80204   6.79986 
4.66441   6.81817 
4.56893   6.92281 
5.16164   6.66565 
4.97992   6.72411 
5.01492   6.84242 
4.90481   6.78356 
4.83704   6.91816 
2.08196   9.66690 
1.92103   10.09940 
2.09022   10.52370 
2.50423   8.89109 
2.23260   9.26321 
2.45219   9.69835 
3.03437   8.53966 
2.73337   8.64635 
2.83196   9.04991 
3.45234   8.19579 
3.28310   8.36488 
3.30983   8.63039 
3.72185   7.91332 
3.53216   8.01455 
3.63838   8.27438 
9.82318   7.97336 
9.53863   7.31675 
9.03019   7.05552 
8.65620   7.40690 
8.59124   6.68833 
8.13597   6.59156 
7.81722   6.79864 
10.24230   9.43696 
10.08650   8.64746 
9.35850   8.44819 
10.21790   10.94560 
10.29350   10.12890 
9.67308   9.81427 
9.81004   12.29830 
10.03540   11.65380 
9.54181   11.21440 
9.26398   12.58460 
8.17310   13.19190 
8.70035   12.96390 
8.79566   12.30170 
7.32377   13.55230 
7.77780   13.44130 
7.83673   12.93040 
6.62034   13.62690 
7.02055   13.67370 
7.13821   13.30110 
2.07503   12.54930 
1.99018   13.05000 
2.22026   13.47720 
2.56341   13.41220 
2.39170   13.84990 
2.77584   14.16000 
3.08111   13.89890 
3.12211   14.27410 
3.53786   14.41440 
3.71370   14.16020 
3.82419   14.56160 
4.26796   14.51830 
4.22341   14.18270 
4.49134   14.39350 
4.70081   14.17050 
4.74535   14.50600 
5.15197   14.51870 
5.22413   14.24100 
5.42129   14.47670 
5.75307   14.32400 
5.68986   14.07030 
5.94948   14.19530 
6.14598   13.88650 
3.72974   13.88900 
4.01606   14.03630 
4.23944   13.91150 
2.92611   13.57280 
3.27237   13.68680 
3.38070   13.42890 
3.53571   13.75500 
3.83806   13.63100 
2.75467   13.20010 
2.09801   11.25410 
2.03761   11.81090 
2.44071   11.90030 
2.16119   12.14850 
2.47813   12.63870 
2.48329   10.52920 
2.27195   10.95090 
2.49108   11.25950 
2.78312   12.50310 
2.69696   12.90390 
3.05966   13.06450 
3.29204   12.90260 
3.34975   13.19870 
3.61308   13.26690 
3.82481   13.16340 
3.85577   13.39350 
4.04980   13.52750 
4.25484   13.42100 
4.23714   13.65850 
4.44449   13.80500 
4.62424   13.69100 
4.62655   13.94400 
4.88056   14.05650 
4.99444   13.86800 
5.06869   14.09450 
5.33801   14.05240 
5.34717   13.78680 
5.50262   13.93340 
5.69902   13.80470 
5.72490   13.58980 
5.91214   13.72670 
6.17186   13.67160 
6.12966   13.38440 
6.36350   13.54420 
6.57815   13.33980 
4.94967   13.67880 
5.13780   13.71670 
5.30241   13.59760 
4.60934   13.52720 
4.79141   13.66620 
4.93477   13.51500 
5.22440   13.45000 
5.43377   13.52010 
5.48975   13.33770 
5.56776   13.48540 
5.78087   13.40740 
4.22749   13.25930 
4.41484   13.39030 
4.52104   13.24260 
4.54838   13.40430 
4.71555   13.37960 
5.76689   13.21320 
5.92403   13.31760 
6.11568   13.19030 
4.78042   13.25970 
4.84138   13.38260 
4.99964   13.39510 
5.02940   13.24950 
5.12280   13.38190 
5.25417   13.30440 
5.26050   13.15900 
5.36211   13.22710 
5.49609   13.19240 
5.49212   13.05830 
5.61977   13.16890 
5.76292   13.07920 
6.53916   13.07300 
6.79600   13.15560 
7.09922   13.03430 
6.04830   12.98630 
6.25393   13.05310 
6.47178   12.86890 
7.07144   12.69740 
7.41365   12.84290 
7.80895   12.59350 
7.60054   12.25640 
8.02362   12.34390 
8.12183   11.87570 
8.33024   12.21270 
8.89388   11.83350 
8.55959   11.33450 
9.02501   11.42360 
9.20752   10.71540 
8.73015   10.40340 
9.24695   10.19430 
9.19571   9.50229 
8.63255   9.35514 
9.05868   8.97513 
8.79533   8.30103 
8.25828   8.40078 
8.55810   7.87384 
8.11916   7.50665 
7.73325   7.64947 
7.83134   7.18252 
7.43131   6.94146 
7.75134   11.63080 
8.05797   11.49960 
8.18910   11.08960 
7.80666   10.83400 
8.30828   10.66900 
8.34771   10.14780 
7.90594   9.98162 
8.32781   9.71608 
8.19077   9.18892 
7.70888   9.15130 
8.01362   8.79035 
7.77639   8.36317 
7.38764   8.40109 
7.63231   8.01152 
7.34450   7.68739 
5.69781   12.93360 
5.84493   12.97790 
5.98319   12.84070 
7.13487   7.11937 
7.12075   6.73548 
6.77872   6.56543 
7.06208   7.81430 
7.16302   7.45224 
6.85246   7.24627 
6.58527   6.74536 
6.53968   6.39739 
6.21565   6.34151 
6.13393   6.53010 
6.00335   6.29429 
5.75733   6.39285 
5.75162   6.58414 
5.58733   6.49411 
5.40742   6.61686 
5.43746   6.75851 
5.26328   6.68998 
5.19168   6.80730 
6.71046   7.44795 
6.68232   7.11508 
6.42762   7.16548 
6.56961   6.96379 
6.33058   6.79576 
6.14776   6.91034 
6.16342   6.69191 
5.95111   6.64468 
5.78111   6.74594 
5.84927   6.89052 
5.64977   6.82997 
5.60342   6.95083 
5.53526   6.80625 
5.39111   6.87937 
6.14166   7.07513 
5.97450   6.97128 
5.84316   7.05531 
6.35581   7.35390 
6.24311   7.20261 
6.06985   7.26356 
6.63304   7.64386 
6.46290   7.51267 
6.27839   7.54981 
6.92440   8.06156 
6.74292   7.82641 
6.49535   7.89113 
7.18787   8.63535 
7.04378   8.28370 
6.72462   8.29582 
7.52526   9.49168 
7.34811   9.09311 
7.04992   9.20835 
7.23354   8.86797 
6.88968   8.75059 
7.59981   10.22900 
7.57991   9.79727 
7.21914   9.73909 
7.44232   10.97700 
7.56150   10.55630 
7.23547   10.37200 
5.19698   6.92589 
5.09534   6.90156 
5.02022   6.96101 
5.39770   6.98086 
5.29990   6.93311 
5.20356   7.02737 
5.00938   7.05111 
4.92897   6.99197 
4.82621   7.00827 
4.82162   7.10147 
4.72969   7.02766 
4.64374   7.09690 
4.64832   7.00370 
4.48298   6.99206 
4.47569   7.12891 
4.39630   7.04802 
4.25485   7.14321 
4.29507   7.27943 
4.16092   7.23777 
4.04024   7.37728 
4.13418   7.50687 
3.97329   7.51016 
3.89637   7.68662 
4.03787   7.79988 
3.86701   7.84675 
3.86335   8.02657 
5.60791   7.05784 
5.49340   7.03412 
5.40219   7.08786 
5.83885   7.17280 
5.71361   7.09204 
5.60359   7.17532 
6.00364   7.40533 
5.90218   7.27785 
5.77264   7.31458 
6.20372   7.70924 
6.09664   7.55047 
5.92897   7.56476 
5.68699   7.38877 
5.62365   7.28372 
5.51795   7.24952 
5.46493   7.32070 
5.44487   7.21230 
5.35848   7.23153 
5.41149   7.16036 
5.31579   7.10709 
5.25591   7.17141 
5.24660   7.09892 
5.14367   7.09169 
5.11828   7.16692 
5.07524   7.09538 
4.98399   7.12635 
5.89917   7.68983 
5.80617   7.54469 
5.71236   7.60066 
5.74216   7.47560 
5.59318   7.44474 
5.31734   7.28999 
5.28396   7.23805 
5.21477   7.22987 
5.18236   7.27976 
5.15431   7.21312 
5.08587   7.21681 
4.99577   7.19415 
4.92992   7.14988 
4.88947   7.20238 
4.87769   7.13458 
4.78117   7.15398 
5.07282   7.26893 
5.03679   7.22273 
4.98272   7.24626 
5.44058   7.38370 
5.36750   7.34648 
5.29299   7.35300 
5.56720   7.52683 
5.51203   7.44001 
5.41460   7.46579 
5.66665   7.68990 
5.60265   7.62080 
5.52149   7.61607 
4.66342   7.18759 
4.58206   7.16362 
4.49537   7.21959 
4.79471   7.22452 
4.73864   7.19141 
4.67696   7.25813 
4.51544   7.32080 
4.40907   7.28608 
4.31513   7.38064 
4.38130   7.48324 
4.26730   7.47659 
4.20035   7.60947 
4.29941   7.70776 
4.16629   7.73805 
4.13693   7.89817 
4.90375   7.25357 
4.85151   7.23827 
4.80898   7.27571 
4.98585   7.29298 
4.94484   7.26441 
4.90688   7.30029 
4.72491   7.31390 
4.64969   7.31007 
4.63869   7.38593 
4.59073   7.33016 
4.50443   7.39666 
4.83616   7.32231 
4.77936   7.30856 
4.75209   7.36050 
4.56267   7.47751 
4.48738   7.46815 
4.43955   7.56409 
4.50030   7.64485 
4.39423   7.65994 
4.36016   7.78851 
4.92375   7.34523 
4.88266   7.33439 
4.85304   7.36725 
4.68668   7.42382 
4.62772   7.44391 
4.61067   7.51540 
4.78954   7.39641 
4.73510   7.40174 
4.72413   7.45972 
4.87304   7.39871 
4.82654   7.38663 
4.80954   7.42787 
4.68610   7.54151 
4.62105   7.57512 
4.64253   7.64261 
4.56709   7.61649 
4.52177   7.71234 
4.76887   7.47996 
4.72046   7.50203 
4.73084   7.56175 
4.84666   7.44846 
4.80967   7.45823 
4.80599   7.50054 
4.90135   7.41166 
4.87486   7.43104 
4.87498   7.46141 
4.95309   7.34223 
4.92887   7.37633 
4.95156   7.39777 
4.92221   7.40077 
4.92403   7.43311 
5.01630   7.31383 
4.97842   7.33197 
4.98354   7.36307 
5.09762   7.29983 
5.04854   7.30574 
5.04111   7.34473 
5.19913   7.32204 
5.13867   7.30529 
5.11439   7.34211 
5.28510   7.40680 
5.23493   7.35031 
5.19124   7.37585 
5.42617   7.52752 
5.35472   7.47122 
5.31856   7.51515 
5.30699   7.45342 
5.24894   7.45073 
5.48104   7.67903 
5.44559   7.58506 
5.38571   7.59049 
5.00202   7.38029 
4.97670   7.39054 
4.97003   7.41499 
5.05860   7.36935 
5.02636   7.37744 
5.01952   7.40491 
5.12719   7.36828 
5.08614   7.36282 
5.07140   7.39552 
5.18743   7.41197 
5.15162   7.38370 
5.12338   7.40441 
5.23231   7.48703 
5.21042   7.44041 
5.17080   7.44827 
5.11258   7.42928 
5.08815   7.41386 
5.06060   7.42039 
5.05367   7.44338 
5.03693   7.42504 
5.01259   7.42790 
4.99759   7.42388 
5.01553   7.44204 
5.06465   7.45436 
5.04242   7.45757 
4.98258   7.42790 
4.98447   7.44204 
4.95745   7.43513 
4.95757   7.45758 
4.94647   7.44611 
4.92560   7.45700 
4.92264   7.49423 
4.92666   7.47924 
4.94204   7.48447 
4.90422   7.46623 
4.87603   7.48364 
5.16244   7.47383 
5.13945   7.44540 
5.10422   7.45484 
5.10908   7.47425 
5.08221   7.45813 
5.06951   7.47377 
5.07353   7.48877 
5.05796   7.48447 
4.88911   7.50547 
4.85986   7.50065 
4.85072   7.53283 
4.83765   7.51100 
4.79685   7.53273 
4.92668   7.51480 
4.90932   7.50903 
4.89315   7.52604 
4.93070   7.52980 
4.94204   7.51553 
5.11944   7.49055 
5.09742   7.49383 
5.08389   7.50507 
5.17370   7.49731 
5.14235   7.49445 
5.13069   7.51403 
5.09521   7.52204 
5.07132   7.51697 
5.06730   7.53197 
5.05796   7.51553 
5.13579   7.53981 
5.11288   7.53591 
5.10031   7.54781 
5.23466   7.52896 
5.19614   7.51863 
5.17605   7.53925 
5.15824   7.56113 
5.32991   7.56428 
5.28218   7.54648 
5.24601   7.57809 
5.34933   7.62182 
5.07371   7.54955 
5.05837   7.54757 
5.04739   7.55855 
5.04243   7.54242 
5.09138   7.56342 
4.89820   7.55099 
4.87799   7.54743 
4.85577   7.55778 
4.94170   7.54772 
4.92436   7.54752 
4.90920   7.56891 
4.95268   7.55870 
4.95758   7.54243 
5.25803   7.61788 
5.21051   7.60036 
5.18602   7.62982 
5.17400   7.59003 
5.13375   7.59059 
5.11631   7.61388 
5.10055   7.58498 
5.07395   7.58671 
5.34786   7.67678 
5.29206   7.65057 
5.25656   7.67285 
5.47271   7.75101 
5.39681   7.72001 
5.33953   7.74877 
4.84394   7.59007 
4.81667   7.57548 
4.78502   7.56502 
4.75066   7.60450 
4.78240   7.64650 
4.72823   7.64322 
4.72162   7.70436 
4.68988   7.66236 
4.63591   7.70374 
4.64700   7.77212 
4.59965   7.75237 
4.53285   7.78072 
4.55436   7.89323 
4.47648   7.85320 
4.38167   7.90103 
4.38855   8.03235 
4.27223   7.96766 
4.14381   8.02949 
4.16288   8.20491 
4.02758   8.13542 
3.88242   8.20199 
3.80260   8.38323 
5.04557   7.57789 
5.02819   7.57129 
5.01318   7.57531 
5.01553   7.55796 
5.05474   7.59945 
6.34069   8.07270 
6.23081   7.89015 
6.04906   7.89081 
6.58849   8.48378 
6.46911   8.26164 
6.20456   8.26066 
6.69125   8.92752 
6.64558   8.69489 
6.39007   8.66071 
5.90889   7.99722 
5.88181   7.81631 
5.75900   7.79624 
5.64929   7.81638 
5.62319   7.92177 
5.53083   7.81542 
5.44661   7.85640 
5.40693   12.96980 
5.53061   12.94640 
5.61262   12.84520 
5.16212   13.13520 
5.27006   13.05790 
5.21206   12.96540 
5.31044   12.98930 
5.34893   12.87740 
4.95656   13.16820 
5.07972   13.15500 
5.08927   13.05390 
4.72500   13.14560 
4.85083   13.14860 
4.90114   13.05410 
4.47034   13.13470 
4.60389   13.14870 
4.67431   13.03760 
4.17636   13.12470 
4.33635   13.09400 
4.41920   13.00010 
3.77427   12.99120 
4.01696   13.11780 
4.12582   12.95250 
3.21062   12.68350 
3.50070   12.81770 
3.60657   12.63470 
3.68798   12.85390 
3.88014   12.80820 
2.87244   12.20760 
3.09127   12.47290 
3.29994   12.38800 
2.60403   11.59350 
2.72761   11.93110 
3.03576   11.90090 
2.77798   11.29030 
3.43226   12.25500 
3.55161   12.46560 
3.73888   12.50180 
3.14607   11.65620 
3.29090   11.93280 
3.49983   11.85080 
3.38952   12.09550 
3.64119   12.17310 
2.99913   11.07500 
3.11209   11.40900 
3.36722   11.44090 
2.58709   10.23570 
2.76882   10.66290 
3.02907   10.54480 
2.92527   10.83830 
3.25938   10.95700 
2.79123   9.57348 
2.64060   9.97717 
2.92614   10.11090 
3.14124   9.07340 
2.91209   9.31814 
3.10051   9.59697 
3.56295   8.69389 
3.31422   8.86866 
3.39435   9.13689 
3.98004   8.49000 
3.73600   8.56239 
3.74039   8.80066 
3.95797   12.68430 
4.04426   12.82160 
4.20365   12.82850 
3.86445   12.38210 
3.91941   12.55130 
4.08353   12.56470 
3.79559   12.05700 
3.83833   12.21650 
4.01885   12.26610 
4.23548   12.70870 
4.31705   12.83960 
4.41952   12.78060 
4.38768   12.90040 
4.52167   12.94110 
4.58246   12.86590 
4.61398   12.96550 
4.73510   12.96240 
4.75305   12.87270 
4.81337   12.94470 
4.88271   12.89770 
4.86476   12.98750 
4.97048   13.00710 
5.00485   12.90940 
5.04123   12.97610 
5.12364   12.95620 
5.16401   12.88760 
4.19710   12.46750 
4.23565   12.60050 
4.34905   12.61150 
4.12520   12.18750 
4.15132   12.35310 
4.30345   12.38890 
4.43976   12.56850 
4.43959   12.67670 
4.51022   12.73760 
4.57569   12.69240 
4.55562   12.79630 
4.64793   12.82070 
4.68330   12.75700 
4.71015   12.82650 
4.78842   12.80890 
4.61385   12.63260 
4.65924   12.69140 
4.72146   12.69720 
4.43794   12.49180 
4.52847   12.55700 
4.58354   12.50700 
4.58537   12.58370 
4.66892   12.58260 
4.37756   12.30170 
4.42333   12.41610 
4.51205   12.40460 
4.57888   12.37240 
4.59349   12.44820 
4.65038   12.47480 
4.70978   12.46550 
4.69983   12.52440 
4.72831   12.57330 
4.77554   12.55400 
4.74463   12.61220 
4.79111   12.63350 
4.74388   12.65290 
4.76793   12.71850 
4.83050   12.70200 
4.80808   12.74630 
4.85098   12.79240 
4.91326   12.77410 
4.89360   12.83670 
4.94499   12.87940 
5.01574   12.84840 
3.20226   10.06590 
3.14875   10.32450 
3.30519   10.49990 
3.36490   9.56953 
3.24403   9.82486 
3.46664   10.03850 
3.62323   9.15053 
3.45025   9.35527 
3.59377   9.58316 
3.92764   8.86873 
3.75459   9.00023 
3.81049   9.21860 
3.54433   10.52350 
3.42466   10.74380 
3.49852   10.98060 
3.71606   10.94550 
3.55078   11.15860 
3.75804   11.28200 
3.54050   11.31700 
3.57448   11.56430 
3.79194   11.60520 
3.61867   11.72910 
3.71729   11.89180 
3.91443   11.93530 
4.82622   12.61090 
4.82547   12.65150 
4.86561   12.67930 
4.89467   12.64970 
4.89970   12.70020 
4.94751   12.69980 
4.91845   12.72940 
4.96107   12.77370 
5.00909   12.73690 
5.00389   12.78160 
5.06375   12.81160 
5.11009   12.76460 
5.12193   12.83140 
5.21035   12.84060 
5.23338   12.76970 
5.27546   12.82590 
5.37195   12.80650 
5.36577   12.71820 
5.43925   12.76960 
5.51741   12.69440 
5.52359   12.78270 
5.69079   12.76990 
4.80444   12.52620 
4.82076   12.56510 
4.85512   12.58310 
4.71113   12.42130 
4.76058   12.47080 
4.79727   12.44680 
4.79592   12.49100 
4.84113   12.50210 
4.96957   12.66530 
4.98833   12.69450 
5.03115   12.70240 
5.04120   12.66160 
5.06197   12.70400 
5.09970   12.68170 
5.08964   12.72260 
5.14782   12.74230 
5.16575   12.68760 
5.18620   12.72970 
5.25131   12.71500 
5.25320   12.65280 
5.30038   12.69280 
5.36767   12.65600 
5.09398   12.63770 
5.12166   12.65620 
5.16004   12.64350 
5.15853   12.59970 
5.20263   12.63110 
5.25170   12.60890 
4.89174   12.62030 
4.92583   12.64110 
4.94519   12.62020 
4.94813   12.64960 
4.98894   12.64430 
4.87068   12.55670 
4.87614   12.60250 
4.90729   12.59390 
5.03106   12.63120 
5.06188   12.63280 
5.08384   12.60720 
4.98746   12.61290 
5.00891   12.62860 
5.02958   12.59980 
5.06375   12.58160 
5.09585   12.58650 
5.10466   12.55590 
5.12476   12.58150 
5.16734   12.56900 
5.01871   12.57460 
5.04087   12.57720 
5.05288   12.55640 
5.00371   12.57860 
5.01553   12.55800 
5.06386   12.54540 
5.04243   12.54240 
4.96764   12.60750 
4.98760   12.59180 
4.98389   12.57320 
4.96889   12.56920 
4.98447   12.55800 
4.94533   12.59910 
4.91302   12.57070 
4.92862   12.58850 
4.95106   12.57590 
4.95217   12.55860 
4.94119   12.54770 
4.95758   12.54240 
4.90079   12.55400 
4.92212   12.54850 
4.92896   12.53090 
4.87977   12.53450 
4.92494   12.51590 
4.94204   12.51550 
4.86047   12.47930 
4.86900   12.51440 
4.89911   12.51170 
4.91417   12.49580 
4.90264   12.47840 
4.92847   12.48260 
4.93249   12.46760 
4.94204   12.48450 
5.07559   12.51030 
5.07157   12.52530 
5.05796   12.51550 
5.08347   12.54070 
5.11237   12.53570 
4.92641   12.44980 
4.94196   12.45220 
4.95294   12.44120 
4.95757   12.45760 
4.85883   12.44880 
4.88669   12.46120 
4.90099   12.44800 
4.91046   12.43260 
4.79379   12.40790 
4.82913   12.42810 
4.85535   12.41000 
5.07143   12.47440 
5.07546   12.48940 
5.05796   12.48450 
5.09104   12.49970 
5.11399   12.48780 
5.11413   12.50870 
5.13532   12.52380 
5.16815   12.50660 
5.16640   12.53360 
5.20017   12.55180 
5.24253   12.52400 
5.24348   12.55940 
5.29406   12.58120 
5.34421   12.53970 
5.35243   12.58920 
5.41783   12.61460 
5.47801   12.55490 
5.49325   12.62170 
5.57760   12.63480 
5.65808   12.55860 
5.68224   12.63120 
5.77128   12.69370 
5.87583   12.58810 
5.88438   12.72680 
6.08774   12.73510 
6.10160   12.55670 
6.20040   12.67060 
6.35828   12.51610 
6.34443   12.69450 
6.62966   12.71440 
6.67428   12.40740 
6.80163   12.58180 
7.11607   12.39040 
7.03546   12.05380 
7.30527   12.16940 
7.51993   11.91990 
7.45607   11.54370 
7.05728   11.56220 
7.28869   11.27310 
7.04353   10.99540 
6.27470   12.32610 
6.41873   12.34990 
6.59070   12.21740 
6.48984   11.98060 
6.74539   12.03800 
6.93460   11.81700 
6.76721   11.54640 
5.87504   12.44280 
5.98814   12.47580 
6.10080   12.41140 
6.16125   12.24530 
5.58886   12.49770 
5.69350   12.49420 
5.68790   12.38970 
5.75712   12.45050 
5.86944   12.33830 
5.44079   12.48820 
5.51622   12.49540 
5.55164   12.43100 
5.31749   12.48660 
5.37586   12.49460 
5.41407   12.43510 
5.22536   12.48460 
5.26867   12.49230 
5.30032   12.44710 
5.15979   12.47960 
5.19087   12.48940 
5.21700   12.45760 
5.10939   12.46170 
5.13247   12.47070 
5.15519   12.45350 
5.06425   12.45570 
5.08373   12.46010 
5.10221   12.44300 
5.05327   12.44470 
5.04242   12.45760 
4.70330   12.37540 
4.75410   12.38070 
4.78596   12.36200 
4.57268   12.29900 
4.65412   12.34260 
4.69709   12.30200 
4.33398   12.21600 
4.45386   12.24310 
4.48072   12.16460 
4.52429   12.25040 
4.59953   12.22060 
4.13796   12.06000 
4.27043   12.14700 
4.34674   12.08840 
3.99890   11.79050 
4.07720   11.95570 
4.22244   11.91520 
3.91957   11.49850 
3.96376   11.66330 
4.12653   11.68380 
3.91973   11.20460 
3.90945   11.36300 
4.08126   11.42120 
4.41037   12.00950 
4.47391   12.07840 
4.54434   12.08570 
4.29773   11.81680 
4.35848   11.92110 
4.48566   11.91110 
4.22292   11.59210 
4.25807   11.71930 
4.39411   11.72520 
4.20301   11.35060 
4.21313   11.48610 
4.34467   11.52160 
3.87632   10.87520 
3.92858   11.05320 
4.07999   11.13430 
4.21285   11.08570 
4.20400   11.23710 
4.33587   11.30200 
3.61329   10.35370 
3.73276   10.59760 
3.91109   10.53900 
3.84213   10.70880 
4.05465   10.81660 
3.69630   9.94669 
3.65452   10.18780 
3.84295   10.26190 
3.77789   9.53433 
3.69254   9.74859 
3.88042   9.89786 
3.98379   9.23679 
3.85243   9.38709 
3.95119   9.55252 
4.85462   12.37300 
4.88432   12.39370 
4.90356   12.37530 
4.90428   12.41230 
4.92970   12.41410 
4.78882   12.31650 
4.82851   12.34370 
4.85748   12.32750 
4.94791   12.40120 
4.95408   12.42140 
4.97114   12.42820 
4.98614   12.42420 
4.98447   12.44200 
4.70711   12.24350 
4.75629   12.27630 
4.79884   12.25800 
4.61610   12.14420 
4.66448   12.19280 
4.72368   12.16710 
4.60930   12.05800 
4.00055   10.23510 
3.95932   10.40100 
4.06869   10.51220 
3.99754   9.79703 
4.00130   9.99513 
4.17335   10.02040 
4.05622   10.12120 
4.17260   10.26040 
4.09562   9.51666 
4.02109   9.66390 
4.14197   9.76117 
4.20447   10.47060 
4.15623   10.60860 
4.27014   10.67230 
4.13436   10.71390 
4.16855   10.88030 
4.32003   10.86280 
4.24032   10.96550 
4.36433   11.06820 
4.31112   10.25260 
4.25545   10.36650 
4.34299   10.46280 
4.98747   7.57535 
4.97247   7.57133 
4.98447   7.55796 
4.95515   7.57807 
5.00065   7.59066 
4.94878   7.60119 
4.92899   7.58856 
4.90283   7.59202 
4.89628   7.62273 
4.87649   7.60308 
4.83738   7.62078 
4.85440   7.66608 
4.82185   7.65307 
4.79942   7.69179 
4.81488   7.74546 
4.77543   7.73888 
4.73708   7.75802 
4.70081   7.80665 
4.99438   12.40740 
5.00824   12.42310 
5.02324   12.42720 
5.01553   12.44200 
5.03599   12.40830 
5.04275   12.42920 
5.06602   12.42580 
4.38767   10.64940 
4.36580   10.75480 
4.43756   10.83990 
4.43771   10.44980 
4.38673   10.55390 
4.48239   10.63640 
5.51195   12.35420 
5.58459   12.35660 
5.64821   12.31290 
5.36428   12.38410 
5.42921   12.37770 
5.46216   12.30330 
5.25867   12.41040 
5.30750   12.40470 
5.32264   12.34730 
5.18243   12.43360 
5.21692   12.42890 
5.22410   12.38640 
5.15511   12.42480 
5.09103   12.41620 
5.11669   12.41780 
5.14393   12.39800 
5.08050   12.40060 
5.03447   12.38500 
5.05398   12.38700 
5.07898   12.37740 
4.98610   12.38320 
5.00820   12.38220 
5.02619   12.36090 
4.93497   12.37160 
4.95935   12.37890 
4.97316   12.35370 
4.91500   12.35300 
4.87067   12.29330 
4.89678   12.32250 
4.92819   12.31890 
4.82108   12.21260 
4.85361   12.25280 
4.89291   12.24790 
4.94566   12.29120 
4.96388   12.32160 
4.99063   12.32600 
5.00881   12.30170 
5.01809   12.33380 
5.04436   12.33660 
4.91677   12.21940 
4.93383   12.25990 
4.96952   12.26260 
5.00210   12.23330 
5.01393   12.26460 
5.04139   12.27240 
5.06708   12.31160 
5.07518   12.33880 
5.10170   12.35240 
5.07220   12.27450 
5.13558   12.32290 
5.13939   12.36150 
5.17781   12.36850 
5.21956   12.35000 
5.21661   12.29980 
5.26290   12.31770 
5.31969   12.29710 
5.32047   12.23030 
5.38021   12.25990 
5.46295   12.23640 
5.12365   12.27700 
5.16134   12.28610 
5.20468   12.25390 
5.09796   12.23780 
5.19086   12.19580 
5.24613   12.20950 
5.30665   12.17220 
5.07199   12.18790 
5.12343   12.19030 
5.16489   12.14600 
4.96586   12.19150 
5.01028   12.19350 
5.03575   12.14610 
4.92494   12.17960 
4.76373   12.10570 
4.80636   12.15640 
4.86113   12.15120 
4.91023   12.12330 
4.63520   11.98560 
4.70695   12.04400 
4.78963   12.03330 
4.54521   11.81660 
4.59710   11.90500 
4.69475   11.89110 
4.45315   11.64760 
4.49281   11.74510 
4.60425   11.73910 
4.43029   11.46140 
4.44008   11.56750 
4.53878   11.58740 
4.43599   11.25830 
4.43501   11.37190 
4.53042   11.41770 
4.46504   11.02770 
4.43756   11.14790 
4.53670   11.21780 
4.54921   10.82200 
4.50344   10.93010 
4.57668   11.00980 
4.81577   11.96390 
4.87255   12.02550 
4.95310   12.00020 
4.92696   12.06960 
4.99078   12.09800 
5.05249   12.09230 
4.73480   11.82560 
4.77289   11.90610 
4.85581   11.89840 
5.08767   12.03670 
5.13264   12.08480 
5.20006   12.09030 
5.25482   12.03770 
5.28707   12.09890 
5.36141   12.11970 
5.43856   12.07060 
5.45815   12.14400 
5.54010   12.18740 
5.64432   12.12970 
5.64912   12.22220 
5.75243   12.25530 
5.87035   12.24750 
5.86937   12.09420 
5.98637   12.17730 
6.16027   12.09200 
6.08880   11.90360 
6.26367   11.97160 
6.41837   11.79220 
6.27785   11.62390 
6.50401   11.63290 
6.62669   11.37810 
4.98201   11.93640 
5.03643   11.98040 
5.11658   11.97290 
4.87744   11.83910 
4.92031   11.89690 
5.00364   11.87710 
4.62214   11.66890 
4.67455   11.74040 
4.73798   11.69450 
4.72009   11.76470 
4.79824   11.77970 
4.83453   11.72790 
4.84923   11.78880 
4.91374   11.78730 
4.60107   11.53500 
4.61415   11.61520 
4.68444   11.61650 
4.59918   11.38890 
4.59447   11.47840 
4.66984   11.50620 
5.16018   11.91000 
5.21143   11.96620 
5.29843   11.97480 
5.36355   11.91580 
5.40695   11.98730 
5.50368   12.01160 
5.58899   11.94200 
5.62061   12.02530 
5.72963   12.06010 
5.84566   11.98990 
5.77486   11.85790 
5.91460   11.89200 
6.01801   11.77160 
5.53217   11.84990 
5.64909   11.86360 
5.71804   11.76580 
5.90616   11.64120 
6.08036   11.65270 
6.16600   11.49350 
5.32468   11.84490 
5.43320   11.85740 
5.49330   11.77900 
5.62104   11.66380 
5.74681   11.65810 
5.80917   11.53920 
5.42688   11.71690 
5.52585   11.70940 
5.55462   11.60170 
6.40238   11.29450 
6.66559   11.20790 
6.53707   10.95470 
6.76137   11.03830 
6.91501   10.74220 
6.02279   11.37540 
6.22027   11.34660 
6.25917   11.17640 
6.68112   10.55090 
6.96328   10.50800 
7.00159   10.18070 
5.71464   11.44640 
5.87400   11.42950 
5.92826   11.28260 
6.70505   10.06530 
6.97725   9.92922 
6.92260   9.62363 
6.62503   9.57803 
6.86692   9.38789 
6.75234   9.16275 
6.50825   9.10706 
5.46795   11.57660 
5.56314   11.53100 
5.50215   11.43440 
5.58882   11.45950 
5.65365   11.34970 
5.10332   11.85960 
5.19816   11.85300 
5.19907   11.79020 
5.25593   11.84050 
5.32558   11.78210 
4.99029   11.82000 
5.05199   11.85950 
5.08997   11.80250 
4.92968   11.73580 
4.95789   11.78620 
5.00623   11.76850 
5.27592   11.72400 
5.34466   11.72840 
5.37721   11.65880 
5.32728   11.61230 
5.40949   11.60080 
5.41802   11.53010 
4.59934   11.16230 
4.59776   11.27280 
4.66906   11.27920 
4.60643   11.33460 
4.67048   11.39530 
4.67066   10.98750 
4.63225   11.08510 
4.69332   11.14010 
4.73898   11.57870 
4.74698   11.63240 
4.79253   11.65670 
4.83000   11.62480 
4.82100   11.68690 
4.87200   11.69590 
4.89616   11.64830 
4.90969   11.68930 
4.95384   11.68820 
4.71936   11.47810 
4.72597   11.53470 
4.78850   11.55060 
4.72231   11.37790 
4.71507   11.43220 
4.77120   11.46070 
4.84568   11.59060 
4.87416   11.62080 
4.91185   11.61410 
4.81662   11.51780 
4.82964   11.56180 
4.87380   11.55780 
4.80618   11.43980 
4.81047   11.48580 
4.85161   11.49700 
4.87435   11.47700 
4.88050   11.50900 
4.90811   11.51190 
4.88537   11.53200 
4.90141   11.56070 
4.92984   11.55600 
4.91828   11.58190 
4.94028   11.60940 
4.96480   11.59300 
4.95837   11.62520 
4.98988   11.63740 
4.96535   11.65390 
4.98534   11.70040 
5.03005   11.68560 
5.01854   11.71990 
5.05094   11.75370 
5.10227   11.75390 
5.11853   11.70450 
5.15755   11.75330 
5.21532   11.74080 
5.23441   11.68710 
5.18108   11.66070 
5.24167   11.64380 
5.22633   11.59840 
5.27966   11.62490 
5.31194   11.56690 
5.08806   11.67460 
5.14334   11.67410 
5.15060   11.63080 
5.01599   11.64570 
5.04918   11.66510 
5.07399   11.63470 
5.00901   11.61700 
4.72035   11.26200 
4.72901   11.32390 
4.77360   11.36070 
4.74993   11.12230 
4.71701   11.19960 
4.77696   11.24430 
4.81223   11.34990 
4.80554   11.40390 
4.84481   11.42900 
4.87306   11.41740 
4.87370   11.45330 
4.90260   11.46530 
4.97335   11.56860 
4.99145   11.58440 
5.01756   11.59260 
4.95836   11.56460 
4.98447   11.55800 
5.03626   11.56690 
5.02126   11.57100 
5.01553   11.55800 
5.03881   11.60360 
4.93051   11.53250 
4.94738   11.55360 
4.95758   11.54240 
4.92162   11.49450 
4.92649   11.51750 
4.94204   11.51550 
4.92499   11.45590 
4.92564   11.47950 
4.94204   11.48450 
5.06146   11.59080 
5.05776   11.61240 
5.09664   11.62190 
4.92175   11.43250 
4.94479   11.44660 
4.95577   11.43570 
4.95757   11.45760 
4.87316   11.38810 
4.90205   11.41240 
4.92185   11.40320 
4.82390   11.31160 
4.85583   11.35480 
4.88483   11.34990 
4.81708   11.20350 
4.82041   11.26600 
4.86401   11.27090 
5.10202   11.58490 
5.11825   11.60720 
5.15598   11.59380 
5.15761   11.55590 
5.18996   11.57950 
5.22796   11.56060 
5.06161   11.54480 
5.05063   11.55580 
5.04243   11.54240 
5.05688   11.57080 
5.07583   11.57970 
5.09744   11.56490 
5.07086   11.52730 
5.08051   11.54220 
5.10669   11.54740 
5.07488   11.51230 
5.05796   11.51550 
5.11264   11.52050 
5.12957   11.54320 
5.16356   11.52890 
5.07694   11.49000 
5.09182   11.50240 
5.11470   11.49810 
5.07292   11.47500 
5.05796   11.48450 
5.22694   11.52020 
5.26332   11.53910 
5.31093   11.52650 
5.15366   11.49290 
5.18169   11.50570 
5.21705   11.48420 
5.13284   11.47490 
5.30499   11.46260 
5.35362   11.49040 
5.41208   11.46620 
5.43775   11.39460 
4.96082   11.41450 
4.97505   11.42690 
4.99005   11.42290 
4.98447   11.44200 
4.92437   11.37920 
4.94406   11.39930 
4.96334   11.39050 
4.89585   11.32390 
4.91318   11.35720 
4.93539   11.35320 
4.89684   11.24670 
4.90033   11.29230 
4.92867   11.29970 
4.79925   11.08780 
4.82295   11.14730 
4.86639   11.16900 
4.91483   11.14770 
4.90896   11.20400 
4.94527   11.22540 
4.95210   11.33140 
4.96328   11.35340 
4.98005   11.36870 
4.95657   11.29980 
4.98476   11.22060 
4.97264   11.26340 
4.99606   11.29510 
4.99769   11.35090 
4.99774   11.38800 
5.01641   11.39080 
4.99877   11.40860 
5.00872   11.42570 
5.02372   11.42970 
5.01553   11.44200 
5.02913   11.29220 
5.01306   11.32860 
5.03075   11.34800 
5.05125   11.36090 
5.03588   11.38320 
5.03691   11.40380 
5.04319   11.42210 
5.06544   11.41800 
5.05225   11.44400 
5.06323   11.45500 
5.04242   11.45760 
5.08419   11.46000 
5.09912   11.43900 
5.10882   11.45900 
5.14777   11.45380 
5.08120   11.39760 
5.09026   11.41950 
5.11489   11.41860 
5.07692   11.33450 
5.08204   11.36970 
5.10686   11.37120 
5.05379   11.26230 
5.07079   11.29590 
5.10157   11.30460 
5.01081   11.18010 
5.03818   11.21810 
5.07984   11.22170 
4.94049   11.09870 
4.98305   11.13360 
5.03647   11.13100 
4.82375   11.02410 
4.89676   11.04910 
4.96499   11.03500 
4.69856   10.92210 
4.75413   10.99740 
4.85165   10.95880 
4.56866   10.74590 
4.63454   10.83600 
4.71431   10.78690 
4.69486   10.86300 
4.77833   10.87300 
4.55497   10.58620 
4.55591   10.68170 
4.64124   10.69570 
5.13720   11.39440 
5.14607   11.41380 
5.17009   11.42970 
5.13804   11.36650 
5.20453   11.40720 
5.20624   11.44720 
5.25149   11.46180 
5.29418   11.42560 
5.13582   11.28290 
5.14195   11.32160 
5.17229   11.34480 
5.21845   11.32190 
5.21455   11.36680 
5.25070   11.38440 
5.30420   11.38520 
5.11568   11.18910 
5.13129   11.23340 
5.17166   11.25030 
5.21813   11.21970 
5.22266   11.26920 
5.26492   11.29130 
5.32302   11.26660 
5.31881   11.31920 
5.36230   11.36050 
5.45237   11.32860 
5.43504   11.25100 
5.51050   11.28520 
5.56920   11.20110 
5.58653   11.27880 
5.71235   11.26570 
5.32091   11.19340 
5.37481   11.22130 
5.43293   11.17790 
5.20907   11.16780 
5.26006   11.18670 
5.31185   11.14140 
5.10490   11.13550 
5.15635   11.14720 
5.19828   11.11420 
5.07714   11.08910 
5.73073   11.12040 
5.79784   11.19140 
5.94663   11.13730 
5.98344   10.96080 
6.11385   11.05200 
6.29597   10.99980 
6.39176   10.83020 
6.21977   10.68970 
6.46087   10.64450 
6.50914   10.41040 
6.29143   10.30160 
6.51169   10.20810 
6.48735   9.95653 
6.24594   9.88742 
6.43931   9.74466 
6.38362   9.50892 
6.17704   9.43500 
6.36275   9.26837 
6.30166   9.03314 
5.01040   10.98500 
5.05412   11.03450 
5.12255   11.03910 
5.19022   10.99910 
5.21324   11.05370 
5.26595   11.07420 
5.32680   11.08090 
4.70447   10.66320 
4.71722   10.72740 
4.77754   10.75440 
5.39813   11.02780 
5.44402   11.09500 
5.50426   11.12470 
5.58029   11.11820 
5.66578   11.04400 
5.56415   10.95340 
5.71459   10.95560 
5.73141   10.83860 
5.83304   10.92910 
6.00026   10.84370 
5.89859   10.70410 
6.04900   10.73570 
6.11811   10.55000 
5.96588   10.45610 
6.13666   10.41000 
6.13920   10.20760 
5.33601   10.94950 
5.45322   10.96350 
5.50203   10.87510 
5.14486   10.92670 
5.23555   10.94130 
5.29065   10.87700 
4.97685   10.92990 
5.06598   10.92940 
5.11131   10.87160 
4.84142   10.89320 
4.91103   10.92000 
4.96661   10.86440 
4.83772   10.83420 
4.83261   10.72000 
4.82970   10.77950 
4.89278   10.79980 
4.93543   10.75540 
4.94345   10.81000 
5.00926   10.82000 
5.03736   10.76820 
5.06052   10.82260 
5.13940   10.81980 
5.13838   10.76310 
5.18917   10.81210 
5.24756   10.75850 
5.24858   10.81520 
5.34903   10.82340 
5.38493   10.74300 
5.42699   10.80480 
5.53793   10.79470 
5.56306   10.69540 
5.63810   10.76570 
5.75654   10.73920 
5.80528   10.63120 
5.68829   10.56440 
5.83034   10.52930 
5.84889   10.38930 
5.46929   10.63780 
5.56946   10.60870 
5.59452   10.50680 
5.95883   10.15670 
6.11360   10.04830 
6.06557   9.83643 
5.72032   10.34660 
5.85586   10.27340 
5.83026   10.11400 
5.51161   10.45660 
5.63044   10.41230 
5.63741   10.29640 
5.32248   10.69700 
5.40044   10.67840 
5.40684   10.59170 
5.20688   10.71290 
5.26629   10.71610 
5.28180   10.65140 
5.10520   10.72590 
5.15496   10.71810 
5.17369   10.67570 
5.01378   10.72620 
5.06505   10.72880 
5.08162   10.68390 
4.92252   10.71240 
4.97319   10.72260 
5.00088   10.68320 
4.83351   10.67740 
4.88567   10.70250 
4.92343   10.66970 
5.33008   10.57300 
5.39894   10.53240 
5.36451   10.47080 
5.44127   10.48950 
5.47719   10.39500 
5.23158   10.62430 
5.28777   10.60530 
5.27987   10.54590 
5.13905   10.64790 
5.19097   10.64270 
5.19694   10.59650 
5.05660   10.64930 
5.09675   10.64640 
5.11402   10.61340 
4.98340   10.65730 
5.02399   10.66090 
5.03912   10.62340 
4.91912   10.63180 
4.95597   10.64170 
4.97908   10.61940 
5.88815   9.84408 
6.02049   9.68320 
5.89701   9.57955 
6.07443   9.57190 
6.05356   9.33135 
4.68391   10.61950 
4.75989   10.65110 
4.78146   10.61050 
4.80202   10.65420 
4.85508   10.63670 
4.85753   10.60700 
4.88902   10.63010 
4.92156   10.60210 
4.54465   10.52520 
4.61817   10.57060 
4.65587   10.52110 
4.66619   10.58210 
4.72161   10.57000 
4.48224   10.38060 
4.52598   10.47170 
4.58919   10.45600 
4.63144   10.41740 
4.65011   10.47090 
4.69812   10.48240 
4.74959   10.53950 
4.76732   10.57700 
4.80945   10.58010 
4.83119   10.55110 
4.84533   10.58470 
4.87927   10.57810 
4.73572   10.45350 
4.74148   10.50370 
4.78719   10.51070 
4.81717   10.48850 
4.82528   10.52440 
4.86116   10.52900 
4.89634   10.55830 
4.90854   10.58060 
4.93863   10.58230 
4.88177   10.51130 
4.88768   10.53810 
4.91695   10.54060 
4.94781   10.55640 
4.96083   10.57790 
4.98240   10.57100 
4.97322   10.59690 
4.99740   10.57500 
4.98447   10.55800 
5.00065   10.61250 
4.93683   10.54540 
4.95758   10.54240 
4.92816   10.52520 
4.92414   10.51020 
4.94204   10.51550 
5.01240   10.57100 
5.02894   10.57450 
5.01134   10.59350 
5.05086   10.58190 
5.04980   10.60440 
5.01553   10.55800 
5.06199   10.54500 
5.05101   10.55600 
5.04243   10.54240 
5.07187   10.58590 
5.09339   10.56660 
5.09324   10.59260 
5.13554   10.59410 
5.13939   10.55900 
5.16017   10.57980 
5.20078   10.56140 
4.88152   10.48800 
4.90803   10.49710 
4.92389   10.48690 
4.92791   10.47190 
4.94204   10.48450 
5.08436   10.54310 
5.10573   10.54980 
5.13035   10.53550 
5.07433   10.52820 
5.07835   10.51320 
5.05796   10.51550 
5.06701   10.46760 
5.07103   10.48260 
5.05796   10.48450 
5.09288   10.47560 
5.08186   10.49290 
5.10020   10.50610 
5.04847   10.44220 
5.05945   10.45310 
5.04242   10.45760 
5.07450   10.45080 
5.12802   10.48610 
5.12451   10.50640 
5.15817   10.51550 
5.18797   10.48960 
5.19382   10.51870 
5.23059   10.53550 
5.27291   10.50330 
5.25168   10.45000 
5.30095   10.46040 
5.34329   10.41750 
5.16884   10.45540 
5.20449   10.45860 
5.23254   10.41570 
5.11135   10.46180 
5.13565   10.46200 
5.15217   10.43100 
5.10052   10.45150 
5.09296   10.43700 
5.33989   10.35470 
5.40345   10.36510 
5.47379   10.33220 
5.45664   10.24310 
5.53038   10.27290 
5.62026   10.20730 
5.58074   10.10710 
5.68778   10.13050 
5.79074   10.01380 
5.67954   9.94403 
5.82202   9.92749 
5.77694   9.77427 
5.19540   10.38100 
5.24258   10.37240 
5.24595   10.31260 
5.28309   10.34730 
5.34326   10.29500 
5.12775   10.40490 
5.16094   10.39830 
5.17098   10.35490 
5.07711   10.41750 
5.10313   10.41820 
5.11189   10.38540 
5.03298   10.42780 
5.05146   10.42200 
5.06162   10.40320 
5.01798   10.42380 
5.01553   10.44200 
6.08655   8.96601 
6.23205   8.80469 
6.17496   8.59359 
6.00282   8.57767 
6.16084   8.43369 
6.03242   8.24475 
5.88528   8.33016 
5.92899   8.15714 
5.76175   8.08264 
5.68019   8.18236 
5.66009   8.02245 
5.54163   8.02149 
5.88673   9.36782 
5.98933   9.23093 
5.85298   9.14569 
6.01981   9.10922 
5.95020   8.88077 
5.74606   9.59858 
5.80000   9.48728 
5.73577   9.38686 
5.64092   9.77991 
5.70705   9.69650 
5.61004   9.60423 
5.30305   10.22590 
5.35985   10.23320 
5.41643   10.17400 
5.37536   10.09370 
5.47215   10.10360 
5.53967   10.02690 
5.46309   9.94373 
5.57168   9.94725 
5.60296   9.86090 
5.53306   9.78314 
5.86246   8.63844 
5.84835   8.47854 
5.74492   8.39093 
5.80363   8.92844 
5.87037   8.78523 
5.71590   8.68610 
5.63732   8.44237 
5.67425   8.29399 
5.57259   8.23380 
4.34244   10.15230 
4.42529   10.25840 
4.50688   10.21900 
4.47555   10.31920 
4.56383   10.34110 
4.63347   10.29770 
4.64016   10.35900 
4.70108   10.37390 
4.25097   9.93001 
4.30589   10.05610 
4.42007   10.06190 
4.23147   9.70392 
4.20792   9.83705 
4.34047   9.87276 
4.74620   10.35370 
4.73747   10.41210 
4.78084   10.43330 
4.81319   10.41790 
4.81144   10.45940 
4.84953   10.47310 
4.87579   10.45890 
4.86695   10.43430 
4.89894   10.44920 
4.91125   10.43050 
4.92010   10.45510 
4.94023   10.45320 
4.95121   10.44220 
4.95757   10.45760 
4.81962   10.38490 
4.85023   10.41100 
4.87337   10.40130 
4.88727   10.38310 
4.90400   10.40640 
4.92516   10.41230 
4.94047   10.39990 
4.94773   10.42400 
4.96652   10.42980 
4.98153   10.42580 
4.98447   10.44200 
4.97980   10.40320 
4.99828   10.41740 
5.01626   10.40120 
4.93928   10.37390 
4.96186   10.38550 
4.97861   10.37710 
4.88037   10.35290 
4.91099   10.35800 
4.93238   10.34360 
4.98775   10.35410 
5.00569   10.37180 
5.02540   10.37820 
5.04348   10.34940 
5.05405   10.37880 
5.07970   10.37430 
5.10433   10.36110 
4.93680   10.31210 
4.96508   10.32800 
4.99217   10.32260 
5.00671   10.29090 
5.02937   10.31710 
5.05802   10.31770 
5.08450   10.29090 
5.09862   10.32320 
5.13081   10.33430 
5.16527   10.31710 
5.16209   10.26510 
5.20226   10.28570 
5.24277   10.26060 
5.25936   10.19890 
5.06802   10.24740 
5.10862   10.25290 
5.14561   10.22150 
5.13003   10.16640 
5.18350   10.17850 
5.24378   10.14370 
5.21137   10.07050 
5.28723   10.09090 
5.34295   10.02050 
5.28263   9.94602 
5.37075   9.94882 
5.40276   9.86922 
4.97940   10.25600 
5.01660   10.25050 
5.04072   10.21250 
5.00760   10.16680 
5.05902   10.16370 
5.09692   10.12060 
5.05836   10.06720 
5.12937   10.06990 
5.17281   10.01710 
5.12565   9.95894 
5.20766   9.95961 
5.23546   9.88790 
4.90098   10.28870 
4.93368   10.27300 
4.94358   10.23260 
4.83997   10.34370 
4.86369   10.31860 
4.86058   10.27950 
4.80294   10.35070 
4.76655   10.31250 
5.32729   9.79855 
5.41962   9.79345 
5.45759   9.71247 
5.39353   9.65273 
5.50697   9.64242 
5.54598   9.54450 
5.17658   9.83268 
5.25155   9.81909 
5.26841   9.74332 
4.89896   10.19910 
4.94468   10.18220 
4.96299   10.13330 
4.90739   10.08650 
4.97031   10.07110 
5.00276   10.02040 
4.96295   9.97004 
5.05100   9.96607 
5.08584   9.90863 
5.04167   9.86299 
5.11632   9.85585 
5.13241   9.78704 
4.80867   10.26250 
4.84595   10.23250 
4.84705   10.18210 
4.75192   10.26550 
4.60687   10.23300 
4.68320   10.25090 
4.72532   10.20090 
4.55661   10.17220 
4.48841   10.00690 
4.52496   10.10310 
4.62496   10.11710 
4.68138   10.07230 
4.71303   10.14140 
4.78175   10.15600 
4.83476   10.12260 
4.84208   10.06040 
4.66803   10.01090 
4.75610   10.03510 
4.82873   9.99901 
4.80579   9.93688 
4.89177   9.96218 
4.94001   9.90791 
4.48218   9.93633 
4.58708   9.97748 
4.66179   9.94033 
4.37951   9.78760 
4.42256   9.88056 
4.52123   9.85118 
4.65583   9.88022 
4.73678   9.91360 
4.79982   9.87677 
4.53807   9.78762 
4.59769   9.84339 
4.67267   9.81666 
4.91446   9.85520 
4.98564   9.86306 
5.01612   9.81028 
4.78729   9.82323 
4.85630   9.84650 
4.90193   9.80165 
4.67713   9.76135 
4.73526   9.79818 
4.79174   9.76791 
5.20540   9.70653 
5.28114   9.68599 
5.26297   9.62675 
5.32598   9.66354 
5.37536   9.59349 
5.08326   9.76609 
5.14352   9.74292 
5.11737   9.69736 
5.16652   9.71831 
5.17926   9.66098 
4.98741   9.76186 
5.04343   9.76179 
5.05454   9.71767 
4.88259   9.75939 
4.94076   9.76809 
4.96807   9.71960 
4.78876   9.72072 
4.84078   9.74576 
4.87961   9.71219 
5.45203   9.50724 
5.55510   9.46906 
5.53421   9.37296 
5.62816   9.41021 
5.71489   9.29076 
5.60637   9.21291 
5.71398   9.18956 
5.74446   9.06785 
5.66464   8.97231 
5.31584   9.55408 
5.38339   9.54327 
5.39251   9.46783 
4.28644   9.61984 
4.35240   9.69571 
4.43449   9.70352 
4.47151   9.64826 
4.49862   9.74014 
4.57509   9.73236 
4.59449   9.67592 
4.63393   9.72339 
4.69653   9.70491 
4.70696   9.65679 
4.75015   9.69475 
4.79920   9.67259 
4.16837   9.42255 
4.23826   9.53393 
4.35919   9.52572 
4.08021   9.15225 
4.12215   9.32074 
4.26479   9.33800 
4.03710   8.74263 
4.05131   8.94220 
4.18284   8.92330 
4.07338   9.04940 
4.21174   9.13335 
4.13177   8.43334 
4.06516   8.61250 
4.18883   8.68597 
4.31011   8.21818 
4.19388   8.32411 
4.27900   8.44661 
4.50004   8.07406 
4.39060   8.14069 
4.42160   8.25989 
4.65648   7.88045 
4.60010   7.95294 
4.68614   8.01479 
4.58402   8.02757 
4.58607   8.13591 
4.74656   7.86635 
5.04065   9.67423 
5.08047   9.67853 
5.10348   9.65392 
4.94256   9.69580 
4.98921   9.68957 
4.98610   9.65253 
5.01161   9.67633 
5.03754   9.63719 
4.87318   9.67331 
4.91500   9.68694 
4.93613   9.65691 
4.80182   9.63475 
4.84043   9.66072 
4.87581   9.63547 
4.93961   9.62109 
4.96717   9.62994 
4.98958   9.61671 
4.87346   9.60705 
4.90622   9.61964 
4.93726   9.59267 
4.99664   9.59261 
5.01557   9.61520 
5.04460   9.61310 
5.20814   9.60297 
5.25297   9.58051 
5.26100   9.53030 
5.13224   9.63660 
5.17112   9.62482 
5.16112   9.57859 
5.09534   9.61777 
5.04372   9.58160 
5.06570   9.60359 
5.09446   9.58627 
5.08549   9.55670 
5.11513   9.57088 
5.15214   9.54902 
5.13276   9.52069 
5.17875   9.52840 
5.19524   9.48074 
5.21462   9.50907 
5.27749   9.48264 
5.45215   9.35085 
5.52521   9.29201 
5.52431   9.19081 
5.32405   9.44513 
5.39269   9.40910 
5.38369   9.32815 
5.27767   9.42391 
5.40327   9.18712 
5.48442   9.10803 
5.43760   9.01267 
5.55864   9.01635 
5.61781   8.87694 
5.52909   8.81240 
5.63509   8.76836 
5.62718   8.62156 
5.51889   8.61229 
5.59969   8.53003 
5.52903   8.43309 
5.31317   9.32077 
5.37263   9.26252 
5.33274   9.17974 
5.22391   9.41212 
5.27047   9.37461 
5.25941   9.30899 
5.15987   9.46936 
5.19574   9.45003 
5.18854   9.40074 
5.10467   9.51661 
5.13128   9.49599 
5.13178   9.46528 
5.05839   9.55105 
5.07906   9.53565 
5.07757   9.51096 
5.08159   9.49596 
5.05796   9.51553 
5.02632   9.57153 
5.04741   9.56203 
5.04243   9.54242 
5.01131   9.57555 
5.01553   9.55796 
4.98532   9.57706 
4.97032   9.57304 
4.98447   9.55796 
4.92096   9.57725 
4.95435   9.57870 
4.95403   9.55762 
4.94305   9.54664 
4.95758   9.54243 
5.06579   9.46687 
5.06981   9.48187 
5.05796   9.48447 
5.09141   9.47783 
5.09344   9.44637 
5.10522   9.46046 
5.13381   9.43383 
4.90564   9.56410 
4.92273   9.55012 
4.92773   9.53348 
4.92371   9.51848 
4.94204   9.51553 
4.85047   9.59429 
4.88088   9.57846 
4.88265   9.55133 
4.77632   9.60768 
4.81755   9.59580 
4.82497   9.56721 
4.67677   9.61859 
4.73039   9.60842 
4.74613   9.56947 
4.55676   9.62836 
4.61561   9.61940 
4.63904   9.57103 
4.49263   9.59174 
4.41288   9.44608 
4.46106   9.53199 
4.54632   9.51209 
4.33572   9.26762 
4.38193   9.36943 
4.48380   9.37570 
4.29953   9.07302 
4.30636   9.17587 
4.42351   9.20729 
5.12238   9.40169 
5.14893   9.40651 
5.17710   9.36861 
5.14649   9.34020 
5.18609   9.33442 
5.17925   9.27938 
5.20987   9.30779 
5.25257   9.25394 
5.04614   9.43990 
5.05712   9.45088 
5.04242   9.45757 
5.07095   9.44775 
5.08477   9.43038 
5.06981   9.40851 
5.09230   9.40713 
5.10742   9.37982 
5.08649   9.35242 
5.11657   9.34698 
5.12556   9.31279 
5.02790   9.42767 
5.04404   9.41953 
5.05157   9.39628 
5.01290   9.42365 
5.01553   9.44204 
5.03242   9.37550 
5.05819   9.36448 
5.06734   9.33163 
4.58592   9.46240 
4.61748   9.52214 
4.67864   9.52133 
4.70858   9.48464 
4.73014   9.53353 
4.77607   9.53278 
4.80139   9.50409 
4.81738   9.54004 
4.85030   9.53852 
4.87506   9.52416 
4.86816   9.50543 
4.90051   9.51824 
4.91680   9.49975 
4.90383   9.48653 
4.92703   9.48678 
4.93105   9.47178 
4.94204   9.48447 
4.54294   9.32123 
4.57389   9.39788 
4.64506   9.40793 
4.48501   9.15001 
4.51437   9.24177 
4.60445   9.26396 
4.85670   9.48689 
4.88215   9.48097 
4.89237   9.46799 
4.78625   9.46995 
4.82757   9.47720 
4.84156   9.45275 
4.69812   9.44006 
4.74962   9.45225 
4.77580   9.42536 
4.68609   9.37554 
4.64531   9.20397 
4.67388   9.28344 
4.72980   9.27139 
4.68894   9.33137 
4.74201   9.36349 
4.78599   9.34050 
4.78314   9.38467 
4.81978   9.40237 
4.84540   9.38854 
4.83805   9.42923 
4.86719   9.43891 
4.89158   9.42668 
4.89509   9.45020 
4.91676   9.45576 
4.93376   9.45399 
4.94474   9.44301 
4.95757   9.45758 
4.99119   9.42332 
5.00409   9.40698 
4.98889   9.38507 
5.01060   9.38540 
5.01723   9.35359 
4.97619   9.42735 
4.98447   9.44204 
4.93194   9.42294 
4.95720   9.42798 
4.96339   9.40728 
4.94625   9.38401 
4.96524   9.38337 
4.97175   9.36179 
4.90957   9.40982 
4.92204   9.39480 
4.92389   9.37088 
4.88168   9.39854 
4.86340   9.37168 
4.86302   9.33889 
4.89930   9.34889 
4.92351   9.33810 
4.78474   9.29420 
4.82588   9.31537 
4.86177   9.29258 
4.76968   9.24626 
4.93839   9.30923 
4.96298   9.33123 
4.98664   9.33293 
5.00846   9.32303 
5.01228   9.29063 
5.04287   9.31130 
5.07117   9.29924 
5.07967   9.25483 
5.10414   9.27517 
5.13406   9.26839 
5.15784   9.24176 
5.15343   9.18554 
5.19862   9.19652 
5.24816   9.19772 
5.27880   9.12232 
5.20241   9.07087 
5.28699   9.05289 
5.27904   8.97051 
5.35543   9.02197 
5.42964   8.93028 
5.37026   8.86840 
5.45243   8.85910 
5.46971   8.75052 
5.39030   8.71940 
5.46696   8.67270 
5.43947   8.58117 
4.87067   9.25175 
4.90782   9.27526 
4.94729   9.26839 
4.96264   9.22565 
4.99322   9.25962 
5.02763   9.24789 
5.06061   9.22382 
5.03682   9.18158 
5.08886   9.18853 
5.12964   9.14330 
5.05260   9.09169 
5.11718   9.08870 
5.12537   9.01926 
4.93398   9.18460 
4.97990   9.17582 
5.00815   9.14053 
4.99569   9.08593 
4.77211   9.19392 
4.82705   9.21672 
4.87310   9.19940 
4.89036   9.14958 
4.64237   9.13993 
4.71180   9.15942 
4.76917   9.12988 
4.47599   9.06553 
4.56686   9.10001 
4.63335   9.05545 
4.29330   8.97443 
4.38793   9.01695 
4.46977   8.96695 
4.27123   8.86724 
4.30539   8.63693 
4.27732   8.76706 
4.38779   8.81820 
4.39195   8.42935 
4.32984   8.53858 
4.41834   8.61967 
4.52298   8.27111 
4.44249   8.34860 
4.49333   8.44058 
4.78559   9.07116 
4.84590   9.10566 
4.90678   9.09086 
4.95123   9.04202 
4.64648   8.98708 
4.72200   9.02701 
4.79872   9.00279 
4.48597   8.87906 
4.57404   8.92764 
4.66268   8.89920 
4.49206   8.77889 
4.50345   8.58888 
4.47900   8.68722 
4.57718   8.74809 
4.57404   8.43129 
4.52350   8.51204 
4.58417   8.57958 
4.67113   8.16892 
4.58714   8.21541 
4.60803   8.30412 
4.68054   8.31373 
4.61637   8.36944 
4.64654   8.44090 
4.82484   8.94068 
4.88843   8.98483 
4.97734   8.97991 
5.00119   8.91927 
5.06399   8.97645 
5.14922   8.95862 
5.15917   8.88444 
5.22056   8.92725 
5.28899   8.89632 
5.31178   8.82514 
5.25571   8.78542 
5.33698   8.75750 
5.33422   8.67968 
4.68640   8.83578 
4.75885   8.89522 
4.84855   8.87727 
4.62611   8.69619 
4.63917   8.78786 
4.73533   8.78389 
4.64827   8.55784 
4.62822   8.63468 
4.69021   8.67445 
4.70285   8.43226 
4.66052   8.49410 
4.70458   8.54920 
4.75070   8.66367 
4.74859   8.72518 
4.79582   8.77311 
4.85657   8.75344 
4.84332   8.81214 
4.90930   8.85759 
4.95311   8.81499 
4.95834   8.88012 
5.04499   8.87666 
5.05156   8.81892 
5.09440   8.85807 
5.16574   8.82669 
5.14256   8.77558 
5.20733   8.80195 
5.23253   8.73431 
4.73952   8.51935 
4.72727   8.58309 
4.77467   8.58731 
4.73972   8.61717 
4.79810   8.66790 
4.95810   8.76328 
5.00713   8.78581 
5.05655   8.76721 
5.05889   8.71751 
5.10331   8.75062 
5.14490   8.72588 
4.86061   8.70924 
4.90810   8.74827 
4.96213   8.71908 
4.82192   8.63109 
4.83289   8.67759 
4.88442   8.67242 
5.14375   8.67963 
5.18300   8.70459 
5.23138   8.68807 
5.22173   8.63077 
5.27126   8.66050 
5.32458   8.62239 
5.30038   8.55918 
5.36334   8.57836 
5.41527   8.51795 
5.36773   8.45190 
5.44385   8.45471 
5.48148   8.36704 
5.40578   8.31033 
5.49095   8.28872 
5.49689   8.17709 
5.40042   8.14923 
5.48206   8.09431 
5.44516   7.99363 
5.34540   7.99593 
5.40497   7.92311 
5.34685   7.85870 
5.26931   7.86816 
5.31094   7.80145 
5.26199   7.75822 
5.20227   7.76089 
5.23086   7.70821 
5.19683   7.67551 
5.16032   7.66518 
5.13875   7.68835 
5.12793   7.64265 
5.09474   7.63705 
5.07661   7.65889 
5.06499   7.63012 
5.03662   7.62129 
5.02376   7.64267 
5.01351   7.61200 
4.98779   7.61204 
4.97967   7.63892 
4.96680   7.61758 
4.94065   7.62807 
4.93609   7.66142 
4.91807   7.64503 
4.89172   7.65609 
4.87619   7.68838 
4.91332   7.71528 
4.87600   7.72527 
4.85201   7.77236 
4.90820   7.79500 
4.84708   7.81519 
4.87080   7.87505 
4.81461   7.85241 
4.77027   7.92622 
4.85108   7.97515 
4.78303   7.98909 
4.76695   8.06372 
4.83223   8.10392 
4.73534   8.12963 
4.73641   8.20912 
4.79764   8.23840 
4.73343   8.27769 
4.74176   8.34301 
4.79192   8.35892 
4.73903   8.39496 
4.75301   8.44817 
4.79588   8.44851 
4.75970   8.48580 
4.78239   8.51968 
4.97445   7.67122 
4.95186   7.68818 
4.95167   7.72508 
4.99544   7.66568 
5.01854   7.67497 
5.08804   7.69481 
5.05830   7.68789 
5.02997   7.71089 
5.12043   7.71734 
4.99898   7.74692 
4.96044   7.77402 
4.95551   7.81684 
5.03874   7.75983 
5.14586   7.75312 
5.09516   7.75958 
5.06417   7.79561 
5.17700   7.80313 
5.21027   7.91599 
5.17437   7.85874 
5.11796   7.85097 
5.06154   7.85122 
5.04209   7.91531 
4.98829   7.85995 
4.93605   7.88094 
4.90358   7.91816 
4.91634   7.98103 
5.29374   8.05249 
5.25355   7.98197 
5.15861   7.97255 
5.11959   8.03752 
5.07632   7.97154 
5.00307   7.98028 
4.95057   8.03726 
5.33852   8.20167 
5.32369   8.11890 
5.23184   8.10493 
5.34039   8.34537 
5.34986   8.26705 
5.27313   8.23671 
5.30619   8.46753 
5.33478   8.40428 
5.27886   8.36100 
5.24514   8.55851 
5.28390   8.51448 
5.25095   8.46687 
5.17434   8.61734 
5.21422   8.58977 
5.19775   8.54508 
5.00327   8.09852 
4.91654   8.09928 
4.88493   8.16518 
4.92504   8.19825 
4.84073   8.20289 
4.83776   8.27146 
5.15712   8.09510 
5.07483   8.09409 
5.04079   8.15611 
5.18707   8.16151 
5.22633   8.27984 
5.21499   8.21446 
5.14028   8.20463 
5.23217   8.38837 
5.23778   8.32945 
5.17965   8.30720 
5.20749   8.47892 
5.22978   8.43197 
5.18871   8.40042 
5.15823   8.54452 
5.18915   8.51327 
5.16798   8.47836 
5.11347   8.25499 
5.08555   8.20204 
5.01399   8.20647 
5.01313   8.25784 
4.96838   8.21191 
4.92419   8.24962 
5.14856   8.34192 
5.13711   8.29230 
5.08238   8.28971 
5.15621   8.42214 
5.15860   8.37854 
5.11606   8.36364 
5.13751   8.48677 
5.15585   8.45242 
5.12574   8.43055 
5.06474   8.33154 
5.04110   8.29423 
4.99549   8.29968 
5.09745   8.38978 
5.08740   8.35315 
5.04612   8.35768 
5.10155   8.44868 
5.10192   8.41841 
5.07326   8.40792 
5.10649   8.65855 
5.14459   8.63726 
5.13708   8.59626 
5.10273   8.58531 
5.13248   8.56538 
5.12389   8.53357 
5.09661   8.53172 
5.12236   8.51086 
5.11023   8.48492 
5.08976   8.49158 
5.10490   8.46749 
5.08108   8.45535 
5.03145   8.69340 
5.07821   8.67680 
5.07904   8.63444 
4.94609   8.68673 
4.99609   8.70175 
5.01541   8.66105 
4.88926   8.64031 
4.91697   8.67195 
4.95093   8.65462 
5.05343   8.61747 
5.08170   8.59921 
5.07711   8.56834 
5.05402   8.55612 
5.07505   8.54222 
5.07353   8.51950 
5.07754   8.50450 
5.05796   8.51553 
5.07221   8.48708 
5.06819   8.47207 
5.05796   8.48447 
5.04305   8.56710 
5.04243   8.54242 
5.06484   8.45327 
5.05386   8.44229 
5.04242   8.45757 
5.03891   8.43187 
5.06278   8.42613 
5.05830   8.39750 
5.00658   8.42140 
5.02158   8.42542 
5.01553   8.44204 
5.03049   8.40925 
5.04097   8.39104 
5.01831   8.36943 
4.99569   8.64534 
5.03105   8.63699 
5.03371   8.60176 
5.01441   8.60214 
5.03678   8.58262 
5.02374   8.56748 
5.00874   8.57150 
5.01553   8.55796 
4.94452   8.63224 
4.97364   8.64702 
4.98928   8.62296 
4.97542   8.60703 
4.99747   8.60535 
5.00054   8.58621 
4.99180   8.57471 
4.97681   8.57069 
4.98447   8.55796 
4.95521   8.60763 
4.96341   8.59002 
4.95660   8.57129 
4.93251   8.61523 
4.93432   8.57293 
4.94772   8.55360 
4.93674   8.54262 
4.95758   8.54243 
4.90685   8.61433 
4.91754   8.58972 
4.90866   8.57203 
4.87430   8.61480 
4.81050   8.59063 
4.84530   8.60032 
4.86288   8.57434 
4.79805   8.55655 
4.81822   8.52300 
4.85950   8.54801 
4.88851   8.56250 
4.90528   8.54571 
4.83119   8.49180 
4.84684   8.52866 
4.87247   8.51682 
4.90203   8.52846 
4.92219   8.53799 
4.93349   8.52538 
4.92947   8.51037 
4.94204   8.51553 
4.88414   8.48959 
4.89680   8.50894 
4.91370   8.50123 
4.92424   8.49086 
4.92825   8.47586 
4.94204   8.48447 
4.83899   8.46238 
4.86761   8.46804 
4.89194   8.46017 
4.83230   8.42475 
4.82458   8.33977 
4.82184   8.39172 
4.86495   8.40559 
4.88587   8.27427 
4.84277   8.30978 
4.87269   8.34258 
4.92920   8.28794 
4.98878   8.33241 
4.96080   8.29602 
4.92248   8.32067 
4.99501   8.38691 
5.00016   8.35354 
4.96547   8.34988 
4.98478   8.42678 
4.99136   8.40817 
4.97320   8.39229 
4.96978   8.43080 
4.98447   8.44204 
4.93814   8.35797 
4.90653   8.34989 
4.88834   8.37988 
4.94952   8.37910 
4.89880   8.41290 
4.94587   8.40037 
4.95042   8.42604 
4.92674   8.41286 
4.90335   8.43858 
4.95064   8.44329 
4.93966   8.45427 
4.95757   8.45758 
4.91988   8.46013 
5.01720   10.61600 
0.00000   0.00000 
1.99987   0.00000 
0.00000   1.94256 
20.00000   0.00000 
20.00000   1.99987 
17.99880   0.00000 
20.00000   20.00000 
18.00010   20.00000 
20.00000   17.99880 
0.00000   20.00000 
0.00000   18.05880 
2.00120   20.00000 
0.00000   16.14210 
1.60235   17.44960 
3.29789   18.59590 
4.00107   20.00000 
5.19418   18.69210 
6.00093   20.00000 
7.20165   18.54990 
8.00080   20.00000 
9.22771   18.43500 
10.00070   20.00000 
11.28760   18.26640 
12.00050   20.00000 
13.28500   18.19500 
14.00040   20.00000 
15.21810   18.32240 
16.00030   20.00000 
16.80190   18.62440 
18.11630   18.09970 
18.62890   16.76860 
20.00000   15.99890 
18.26000   15.14390 
20.00000   13.99910 
16.80480   16.74740 
18.20030   13.18020 
20.00000   11.99920 
18.26960   11.11870 
20.00000   9.99933 
18.30670   9.06255 
20.00000   7.99947 
18.31430   7.05418 
20.00000   5.99960 
18.28710   5.08074 
20.00000   3.99973 
18.19110   3.18237 
17.73720   1.50917 
15.99890   0.00000 
0.00000   14.45850 
1.11203   15.51760 
0.00000   12.94340 
1.05185   13.94720 
0.00000   11.47200 
0.85052   12.37430 
0.00000   10.00050 
0.97026   10.98650 
0.00000   8.52896 
0.92476   9.23829 
0.00000   7.05761 
0.83971   7.72633 
0.00000   5.54256 
1.07569   6.16251 
0.00000   3.85913 
1.09239   4.61118 
1.40062   3.01706 
2.27742   1.51130 
3.99973   0.00000 
14.76310   16.52040 
12.59250   16.28350 
10.39500   16.78800 
8.31439   17.03170 
6.07863   17.31300 
16.28200   14.54350 
16.52310   12.23610 
16.64450   10.12130 
16.63150   8.05503 
16.64790   6.09453 
16.53200   4.14468 
16.29780   2.29634 
14.80110   1.46520 
13.99910   0.00000 
14.49360   3.29302 
15.18960   5.10710 
13.09650   1.65303 
11.99920   0.00000 
11.14480   1.67260 
9.99933   0.00000 
9.18810   1.54109 
7.99947   0.00000 
7.22886   1.35221 
5.99960   0.00000 
5.39874   1.34522 
3.87735   1.59323 
3.00665   2.70605 
2.32191   3.93755 
14.83800   6.94252 
15.09700   9.08430 
14.99180   11.10620 
14.75730   13.12550 
14.28130   14.92190 
2.03717   5.18011 
2.13182   6.22549 
1.65680   7.14962 
4.70921   2.71478 
6.45148   2.59842 
3.61256   3.67634 
3.06189   4.65968 
2.85326   5.60188 
8.18578   2.76299 
10.23130   3.37106 
12.35700   3.35132 
13.53030   5.06797 
4.40516   17.52160 
3.03323   17.29760 
2.35262   16.21430 
3.66175   16.43990 
4.89121   16.42660 
2.03670   14.96700 
3.08977   15.46470 
1.58839   13.06060 
2.04855   13.91500 
2.81684   14.53510 
4.16282   15.54310 
3.64835   14.81580 
1.75809   12.05910 
1.58832   8.28800 
6.01033   16.07870 
7.13344   16.36190 
5.11467   15.45780 
4.53589   14.72910 
1.54050   10.09670 
1.87889   10.94540 
1.86237   9.23177 
11.63600   5.04332 
12.85060   6.73830 
13.68980   8.26390 
13.54530   10.01240 
13.32220   12.00470 
12.94810   14.03150 
11.28140   14.95050 
9.57931   15.53390 
8.15868   15.61470 
11.61650   12.84960 
10.19230   13.99890 
8.86209   14.48000 
12.06980   10.77680 
12.12650   8.62919 
11.23980   6.75848 
9.83437   5.27512 
8.77174   4.06614 
7.21694   3.90876 
5.75913   3.66671 
4.67231   3.79719 
4.11321   4.55670 
3.63947   5.25504 
6.97205   15.42330 
7.68766   14.64260 
6.03454   15.16410 
5.34913   14.75440 
5.10449   4.62413 
6.22613   4.57646 
4.48770   5.32676 
8.18790   5.15020 
7.06768   4.94942 
9.98211   6.85941 
8.96523   6.33695 
10.55120   8.17264 
10.86270   9.75162 
10.71150   11.38500 
10.26080   12.67410 
9.16866   13.24680 
8.11417   13.70280 
8.05469   6.14342 
7.29344   5.74394 
6.72122   14.55720 
7.20611   13.92490 
6.01270   14.44900 
6.40570   13.83140 
6.35670   5.54604 
5.71732   5.14708 
5.14031   5.35408 
5.57132   5.78848 
4.89847   5.89399 
4.41476   5.92556 
3.99630   5.73021 
3.49792   5.99170 
2.95227   6.39789 
2.47816   7.00828 
2.17670   7.72880 
2.40564   8.48753 
4.06852   6.28786 
3.59303   6.57992 
3.17210   7.00666 
2.86133   7.64481 
4.59996   6.35714 
5.25842   6.15072 
4.96186   6.33391 
6.73313   6.21746 
6.08508   6.10570 
5.59305   6.30283 
7.41720   6.55757 
5.23323   6.54833 
4.86981   6.66526 
4.59455   6.70188 
4.32438   6.59133 
4.03678   6.76502 
3.71543   7.04016 
3.43706   7.44266 
3.34612   7.93596 
3.00764   8.27414 
4.40359   6.91117 
4.12070   7.10155 
3.87935   7.38057 
3.72551   7.73349 
4.73428   6.93445 
5.09004   6.78297 
4.93981   6.90187 
2.30155   10.10200 
2.60282   9.29466 
3.06110   8.80517 
3.55856   8.45562 
3.71820   8.09315 
9.09515   7.77409 
8.21725   7.03971 
9.62184   9.12229 
9.72432   10.50630 
9.35930   11.92250 
8.23203   12.68100 
7.44143   13.17970 
6.83499   13.42240 
2.39198   13.03950 
2.73484   13.78490 
3.42738   14.01300 
4.00003   14.30740 
4.44680   14.05800 
4.95482   14.28300 
5.49345   14.19900 
5.88626   13.94160 
4.03209   13.76510 
3.11737   13.36070 
3.64404   13.49700 
2.31713   11.56270 
2.56429   12.23790 
2.66502   10.95630 
3.00195   12.76840 
3.58212   13.03680 
4.06750   13.29000 
4.44218   13.55200 
4.80631   13.83000 
5.18257   13.90590 
5.51178   13.66780 
5.93802   13.51180 
6.32131   13.25710 
5.09303   13.52750 
4.77651   13.50240 
5.35577   13.37250 
5.62373   13.30300 
4.38749   13.22860 
4.65459   13.25670 
5.91004   13.12350 
4.90624   13.26270 
5.15256   13.23630 
5.36844   13.08180 
5.61580   13.03480 
6.75701   12.88880 
6.18655   12.84900 
7.38588   12.50600 
7.81520   12.00690 
8.42846   11.74450 
8.69072   10.92460 
8.76958   9.88230 
8.49551   8.82797 
8.02106   7.97360 
7.44543   7.32534 
7.68748   11.25470 
7.92584   10.41340 
7.88603   9.54987 
7.53173   8.75273 
7.24356   8.04944 
5.77982   12.83240 
6.82431   6.91339 
6.88060   7.57915 
6.34623   6.57733 
5.92162   6.48288 
5.58161   6.68540 
5.29332   6.83163 
6.54032   7.31676 
6.31492   7.01419 
5.98061   6.80649 
5.71793   6.97455 
5.48890   6.92711 
5.96839   7.13608 
6.17130   7.39104 
6.38547   7.70858 
6.60523   8.07368 
6.84401   8.51796 
7.16450   9.43349 
6.93535   8.98321 
7.27378   10.04470 
7.19717   10.69930 
5.10063   7.02015 
5.30649   7.03460 
4.91814   7.08208 
4.72510   7.12087 
4.56237   7.07294 
4.38900   7.18487 
4.20113   7.37399 
4.06723   7.63976 
4.00851   7.96000 
5.49789   7.14112 
5.70930   7.20952 
5.83597   7.41963 
6.02197   7.70990 
5.53801   7.35791 
5.39185   7.28348 
5.32510   7.17959 
5.18671   7.16323 
5.04984   7.17061 
5.77636   7.66976 
5.64835   7.53157 
5.24282   7.29651 
5.12190   7.26301 
4.94171   7.21768 
4.83724   7.18709 
5.02374   7.27484 
5.34315   7.40949 
5.48604   7.52210 
5.55694   7.71003 
4.60174   7.25430 
4.75218   7.26196 
4.42913   7.38729 
4.33347   7.57918 
4.26535   7.83634 
4.86579   7.28945 
4.94797   7.31113 
4.69765   7.36584 
4.57973   7.40602 
4.80654   7.35517 
4.54562   7.54901 
4.45498   7.74069 
4.89953   7.37933 
4.67572   7.48180 
4.77255   7.43765 
4.84654   7.41809 
4.69649   7.60123 
4.58856   7.68398 
4.76520   7.52227 
4.84679   7.47882 
4.90317   7.44400 
4.95822   7.37333 
4.94489   7.42221 
5.00887   7.35282 
5.07334   7.33664 
5.15544   7.34758 
5.22705   7.40411 
5.36629   7.53295 
5.27082   7.49735 
5.40513   7.64803 
4.99517   7.40776 
5.04386   7.40205 
5.09894   7.38899 
5.14781   7.41983 
5.19379   7.47670 
5.07735   7.43872 
5.03000   7.44804 
5.00000   7.44000 
5.05196   7.47000 
4.97000   7.44804 
4.94804   7.47000 
4.94000   7.50000 
4.90527   7.48847 
5.13110   7.47097 
5.08707   7.47754 
5.06000   7.50000 
4.87294   7.52248 
4.82851   7.54319 
4.91336   7.52960 
4.94804   7.53000 
5.10778   7.51013 
5.15361   7.51792 
5.08264   7.53394 
5.05196   7.53000 
5.11798   7.56169 
5.19849   7.56057 
5.29353   7.59561 
5.06478   7.56515 
5.03000   7.55196 
4.88304   7.57237 
4.93536   7.56544 
4.97000   7.55196 
5.22253   7.64015 
5.14951   7.61949 
5.08312   7.60828 
5.29058   7.70554 
5.38848   7.79199 
4.80483   7.60778 
4.75997   7.68521 
4.68327   7.72350 
4.61073   7.82075 
4.49799   7.96572 
4.27911   8.09898 
4.04664   8.31084 
5.02637   7.59062 
5.00000   7.56000 
6.07614   8.07172 
6.33298   8.44961 
6.44716   8.87182 
5.74165   7.92273 
5.50473   7.92080 
5.44542   12.85790 
5.17168   13.03410 
5.25243   12.89680 
5.00687   13.07380 
4.79542   13.03450 
4.55319   13.04070 
4.28521   12.95940 
3.96643   12.94550 
3.41929   12.59850 
3.79384   12.67090 
3.18059   12.17740 
2.89094   11.62430 
3.68392   12.33260 
3.40120   11.68810 
3.59846   12.01350 
3.33324   11.19370 
2.87263   10.36950 
3.18552   10.72020 
2.97964   9.85230 
3.22137   9.34163 
3.56733   8.93216 
3.91344   8.66915 
4.12209   12.69770 
4.04497   12.43170 
3.99273   12.10050 
4.34888   12.71970 
4.49015   12.84140 
4.67477   12.89030 
4.83132   12.85500 
4.93410   12.94050 
5.07560   12.87840 
4.34922   12.50330 
4.25767   12.27460 
4.53029   12.63370 
4.62108   12.75110 
4.74552   12.76280 
4.69740   12.63160 
4.52665   12.48030 
4.64044   12.53370 
4.49744   12.32890 
4.66033   12.41600 
4.75923   12.51510 
4.79186   12.59290 
4.79035   12.67420 
4.87064   12.72970 
4.95588   12.81840 
3.42487   10.27960 
3.50842   9.79742 
3.67913   9.36890 
3.94185   9.06830 
3.66380   10.76750 
3.76833   11.12350 
3.74776   11.44040 
3.83613   11.77000 
4.86059   12.62890 
4.92876   12.67060 
4.96626   12.72900 
5.05191   12.74490 
5.16827   12.78440 
5.29848   12.75500 
5.43307   12.68140 
5.60176   12.70740 
4.84966   12.53730 
4.76193   12.42660 
4.83261   12.46700 
5.01039   12.66000 
5.07202   12.66320 
5.12737   12.70020 
5.20414   12.67500 
5.30227   12.63060 
5.11595   12.61210 
5.20112   12.58720 
4.92289   12.61170 
4.96750   12.62860 
4.89169   12.57620 
5.05173   12.60240 
5.00742   12.59720 
5.07576   12.56080 
5.13357   12.55090 
5.03000   12.55200 
5.00000   12.56000 
5.05196   12.53000 
4.96778   12.58640 
4.97000   12.55200 
4.93435   12.56530 
4.94804   12.53000 
4.90989   12.53170 
4.94000   12.50000 
4.88834   12.49160 
4.91694   12.46520 
4.94804   12.47000 
5.06000   12.50000 
5.09118   12.52060 
4.93588   12.43440 
4.97000   12.44800 
4.88505   12.43070 
4.82565   12.38920 
5.05196   12.47000 
5.09091   12.47880 
5.13707   12.49680 
5.19923   12.51640 
5.28584   12.53170 
5.40259   12.54780 
5.55344   12.56210 
5.76273   12.55500 
5.98894   12.62110 
6.21425   12.49220 
6.50231   12.53990 
6.84626   12.27480 
7.22467   11.83280 
6.88989   11.29150 
6.33514   12.16000 
6.64453   11.80120 
5.98735   12.33060 
5.62428   12.43330 
5.75152   12.34610 
5.47899   12.42860 
5.34914   12.44150 
5.25150   12.45280 
5.18251   12.46230 
5.12787   12.44460 
5.07655   12.44140 
5.03000   12.44800 
4.74627   12.33480 
4.64791   12.26920 
4.41029   12.15740 
4.55115   12.17190 
4.28320   12.01950 
4.16168   11.81100 
4.09138   11.55660 
4.07114   11.28570 
4.53754   11.99950 
4.43377   11.82270 
4.35445   11.62770 
4.33488   11.41560 
4.08884   10.98290 
4.33685   11.18840 
3.80171   10.42780 
4.02046   10.65020 
3.88418   10.09600 
3.87666   9.69976 
4.02573   9.40528 
4.88359   12.35670 
4.92352   12.39390 
4.83137   12.29830 
4.97229   12.40840 
5.00000   12.44000 
4.76631   12.21780 
4.68106   12.11650 
4.11693   10.37430 
4.11843   9.89431 
4.22827   10.14650 
4.16551   9.62804 
4.29201   10.56690 
4.24827   10.77770 
4.39180   10.94800 
4.39397   10.35870 
4.97493   7.59070 
4.92263   7.61168 
4.86993   7.63379 
4.83888   7.69837 
4.79089   7.79254 
5.01648   12.40630 
5.05550   12.41030 
4.48333   10.73180 
4.48144   10.54090 
5.54490   12.27980 
5.37942   12.32670 
5.26585   12.36790 
5.18235   12.40490 
5.10551   12.39100 
5.05246   12.36370 
4.99991   12.35800 
4.94641   12.34930 
4.90997   12.28840 
4.87585   12.20740 
4.98135   12.29390 
5.03626   12.30950 
4.95769   12.23140 
5.04651   12.23530 
5.09789   12.31380 
5.17328   12.33200 
5.25995   12.26760 
5.38099   12.19300 
5.14940   12.24020 
5.23231   12.15140 
5.09746   12.14050 
4.97404   12.15170 
4.84641   12.09490 
4.73285   11.97160 
4.65666   11.81060 
4.55185   11.66750 
4.52570   11.50730 
4.53513   11.32820 
4.53827   11.10730 
4.61509   10.91220 
4.89868   11.95610 
5.00752   12.04420 
4.81294   11.84060 
5.16782   12.02920 
5.34182   12.04630 
5.53530   12.09490 
5.75334   12.16450 
5.98540   12.02400 
6.19221   11.78320 
6.36348   11.46470 
5.06534   11.91660 
4.94194   11.83760 
4.69244   11.67020 
4.78353   11.71890 
4.88553   11.73690 
4.67645   11.56280 
4.66323   11.44960 
5.25503   11.90330 
5.47207   11.92830 
5.70592   11.95580 
5.84381   11.76000 
5.59227   11.77150 
5.96852   11.52230 
5.39433   11.78650 
5.64981   11.55610 
5.45943   11.64730 
6.44128   11.12430 
6.63285   10.78510 
6.07705   11.22850 
6.72940   10.31680 
5.77947   11.33660 
6.68071   9.81377 
6.56934   9.34229 
5.47648   11.50590 
5.52783   11.36280 
5.14130   11.80270 
5.25683   11.77770 
5.03864   11.80230 
4.97383   11.73470 
5.29500   11.67030 
5.35956   11.55430 
4.66040   11.21730 
4.67772   11.34100 
4.72623   11.06280 
4.80152   11.59460 
4.85847   11.65500 
4.93385   11.64170 
4.77549   11.50660 
4.76691   11.41470 
4.88985   11.58650 
4.85776   11.52900 
4.84546   11.46490 
4.90324   11.48900 
4.91298   11.53490 
4.94671   11.57720 
4.98290   11.60880 
4.99686   11.66610 
5.06325   11.70510 
5.17381   11.70400 
5.18834   11.61740 
5.26433   11.57950 
5.11287   11.64420 
5.03511   11.62520 
4.78030   11.30670 
4.77363   11.18180 
4.84416   11.39300 
4.90195   11.44170 
5.00000   11.56000 
4.97000   11.55200 
5.03000   11.55200 
5.04251   11.58190 
4.94804   11.53000 
4.94000   11.50000 
4.94804   11.47000 
5.08041   11.59960 
4.94154   11.42330 
4.97000   11.44800 
4.90216   11.38320 
4.86750   11.31650 
4.86053   11.22530 
5.12363   11.57010 
5.19159   11.54160 
5.05196   11.53000 
5.07126   11.55970 
5.08975   11.52470 
5.06000   11.50000 
5.13552   11.51620 
5.09389   11.48000 
5.05196   11.47000 
5.26230   11.49870 
5.17179   11.46970 
5.34768   11.42640 
4.98011   11.40580 
5.00000   11.44000 
4.94657   11.37520 
4.92420   11.33120 
4.93315   11.26810 
4.87226   11.11280 
4.95739   11.18260 
4.97999   11.33150 
5.01213   11.25860 
5.01538   11.37030 
5.01744   11.41140 
5.03000   11.44800 
5.04613   11.32580 
5.05638   11.39610 
5.07449   11.43990 
5.12375   11.43800 
5.10602   11.39920 
5.10770   11.34330 
5.09544   11.26600 
5.06423   11.17750 
5.00871   11.08460 
4.92126   10.98550 
4.78203   10.93200 
4.65399   10.75990 
4.77464   10.81390 
4.62849   10.63160 
5.16838   11.38960 
5.24068   11.42480 
5.17619   11.29990 
5.26072   11.34390 
5.16714   11.20080 
5.26913   11.23860 
5.37691   11.29450 
5.49317   11.20760 
5.64524   11.19470 
5.37270   11.14810 
5.25099   11.13470 
5.14557   11.09360 
5.81621   11.04610 
6.15066   10.87540 
6.28889   10.50400 
6.29398   10.09930 
6.19791   9.67555 
6.15617   9.19445 
5.09953   10.98450 
5.28091   11.01370 
4.78045   10.69480 
5.51535   11.04180 
5.61296   10.86500 
5.84986   10.81210 
5.94733   10.59610 
5.98443   10.31600 
5.39110   10.88530 
5.19019   10.86880 
5.03243   10.87430 
4.90080   10.85440 
4.88476   10.74520 
4.98610   10.76560 
5.08862   10.77080 
5.18815   10.75530 
5.30696   10.76160 
5.46289   10.72440 
5.66323   10.66630 
5.71335   10.46250 
5.47569   10.55110 
5.93323   9.99730 
5.72729   10.23070 
5.54753   10.36200 
5.33799   10.63230 
5.22561   10.67050 
5.12177   10.68100 
5.04147   10.68680 
4.96029   10.67960 
4.88657   10.65990 
5.32218   10.51360 
5.40685   10.42790 
5.23755   10.57820 
5.15632   10.61490 
5.07172   10.61180 
5.00651   10.63500 
4.95166   10.60370 
5.84306   9.69085 
5.95096   9.46825 
4.73933   10.60740 
4.82359   10.61360 
4.89147   10.60040 
4.60786   10.50960 
4.70388   10.53260 
4.57052   10.40250 
4.69236   10.43230 
4.79530   10.54650 
4.86707   10.55570 
4.77908   10.47480 
4.85526   10.50220 
4.92561   10.56080 
4.90829   10.52040 
4.97000   10.55200 
4.99479   10.59010 
5.00000   10.56000 
4.94804   10.53000 
4.94000   10.50000 
5.02788   10.59700 
5.03000   10.55200 
5.05196   10.53000 
5.07202   10.56000 
5.11476   10.57330 
5.16401   10.54460 
4.90778   10.47380 
4.94804   10.47000 
5.09669   10.52630 
5.06000   10.50000 
5.05196   10.47000 
5.08206   10.46520 
5.10371   10.48590 
5.03000   10.44800 
5.06695   10.43630 
5.15232   10.48640 
5.22363   10.49290 
5.27972   10.40710 
5.18536   10.42440 
5.11898   10.43770 
5.40006   10.30230 
5.51323   10.18390 
5.64826   10.03040 
5.71082   9.85768 
5.20544   10.33760 
5.28646   10.28760 
5.13652   10.37220 
5.08727   10.39870 
5.03597   10.40770 
5.00000   10.44000 
6.01694   8.73756 
5.98870   8.41778 
5.78185   8.24255 
5.57853   8.12217 
5.82250   9.26740 
5.88346   9.02398 
5.64905   9.50631 
5.57103   9.70215 
5.31964   10.16410 
5.43108   10.02330 
5.49509   9.86413 
5.70799   8.53931 
5.72381   8.83290 
5.56665   8.34542 
4.45662   10.15810 
4.55714   10.27980 
4.70980   10.31560 
4.38351   9.96572 
4.29742   9.77980 
4.78259   10.39180 
4.84380   10.44410 
4.89009   10.42460 
4.93241   10.43640 
4.97000   10.44800 
4.85665   10.37800 
4.91790   10.38830 
4.96305   10.41160 
4.99656   10.39480 
4.96066   10.35950 
4.90409   10.32780 
5.01483   10.34880 
5.07213   10.35000 
4.96951   10.29640 
5.04391   10.28530 
5.12510   10.29650 
5.19908   10.23370 
5.09214   10.20940 
5.16792   10.12330 
5.25482   10.01770 
5.31043   9.87431 
4.98930   10.21570 
5.02591   10.11790 
5.09081   10.01640 
5.16049   9.90150 
4.89786   10.24960 
4.82329   10.30950 
5.34414   9.72278 
5.44291   9.58269 
5.19267   9.76386 
4.90006   10.14870 
4.91471   10.02430 
5.01120   9.91577 
5.07215   9.81021 
4.79404   10.21550 
4.65660   10.18620 
4.59331   10.04800 
4.76946   10.09660 
4.74274   9.97371 
4.86883   9.90005 
4.58085   9.90695 
4.46160   9.79540 
4.73081   9.85350 
4.61454   9.77983 
4.96009   9.81034 
4.84376   9.79296 
4.73972   9.74287 
5.21814   9.64920 
5.30781   9.60429 
5.09437   9.72198 
5.14037   9.67275 
5.01472   9.71337 
4.92142   9.72583 
4.83780   9.69856 
5.46115   9.43180 
5.60727   9.31412 
5.60546   9.11171 
5.32387   9.50386 
4.40737   9.61163 
4.53564   9.68488 
4.65333   9.66695 
4.76059   9.64663 
4.31100   9.43981 
4.21858   9.23620 
4.16077   8.81611 
4.20491   9.03050 
4.21689   8.55584 
4.34111   8.33738 
4.50208   8.18240 
4.70222   7.94016 
4.67006   8.08942 
5.06658   9.63509 
4.96370   9.66577 
5.00850   9.63929 
4.90857   9.64806 
4.84305   9.62288 
4.97065   9.59412 
4.90387   9.59123 
5.02263   9.59111 
5.19813   9.55673 
5.12410   9.60045 
5.06482   9.57209 
5.10615   9.54131 
5.15937   9.50007 
5.23111   9.46142 
5.44315   9.26990 
5.32423   9.38639 
5.36338   9.10435 
5.51181   8.92098 
5.54638   8.70382 
5.49140   8.52076 
5.30210   9.25514 
5.21671   9.36283 
5.16037   9.43865 
5.10319   9.49192 
5.05196   9.53000 
5.06000   9.50000 
5.03000   9.55196 
5.00000   9.56000 
4.97000   9.55196 
4.93806   9.56328 
4.94804   9.53000 
5.05196   9.47000 
5.07963   9.46374 
5.10726   9.42900 
4.90741   9.53697 
4.94000   9.50000 
4.85789   9.56570 
4.79206   9.56873 
4.70020   9.57022 
4.57788   9.57184 
4.51475   9.45235 
4.45286   9.29905 
4.39415   9.11554 
5.13750   9.37438 
5.15548   9.30601 
5.20303   9.25275 
5.03000   9.44804 
5.06227   9.43176 
5.07734   9.38526 
5.09564   9.31957 
5.02580   9.40730 
5.00000   9.44000 
5.03905   9.34370 
4.65709   9.47245 
4.76007   9.49684 
4.84271   9.51135 
4.89361   9.49951 
4.91405   9.47355 
4.94804   9.47000 
4.63303   9.34342 
4.57587   9.18449 
4.87070   9.46243 
4.81243   9.44306 
4.73916   9.40767 
4.71474   9.22346 
4.74485   9.31932 
4.82713   9.36168 
4.86368   9.41540 
4.91947   9.43797 
4.97000   9.44804 
4.98238   9.40665 
4.99541   9.36349 
4.94440   9.40792 
4.94810   9.36009 
4.89967   9.38168 
4.89892   9.31610 
4.82463   9.26907 
4.97787   9.30236 
5.04670   9.27890 
5.11265   9.23077 
5.19422   9.14030 
5.21060   9.00143 
5.34748   8.93958 
5.39305   8.79722 
5.38754   8.64158 
4.91672   9.23443 
5.00857   9.21688 
5.06507   9.14629 
5.04014   9.03709 
4.95124   9.13477 
4.82948   9.16438 
4.70886   9.09538 
4.55784   9.01552 
4.38170   8.91837 
4.39388   8.71802 
4.44279   8.52133 
4.54387   8.35983 
4.86232   9.04695 
4.73513   8.95864 
4.59023   8.83976 
4.56412   8.65643 
4.60421   8.50274 
4.67220   8.24841 
4.68887   8.37905 
4.91454   8.92272 
5.08783   8.91582 
5.23051   8.85306 
5.28091   8.71779 
4.78256   8.83181 
4.68810   8.73596 
4.69232   8.61294 
4.71683   8.48546 
4.80908   8.71440 
4.90407   8.79247 
5.00214   8.83751 
5.10097   8.80033 
5.18415   8.75084 
4.76221   8.55323 
4.78712   8.62139 
5.01212   8.73410 
5.10565   8.70091 
4.91213   8.70407 
4.85671   8.64078 
5.18186   8.65834 
5.26161   8.60320 
5.33914   8.51515 
5.39631   8.38865 
5.41525   8.23201 
5.38559   8.06646 
5.30521   7.92541 
5.23340   7.81090 
5.17113   7.71088 
5.10636   7.66582 
5.04687   7.65197 
5.00066   7.63338 
4.95868   7.64446 
4.91351   7.67839 
4.91313   7.75218 
4.90327   7.83783 
4.83832   7.91228 
4.86384   8.03801 
4.80062   8.16983 
4.79466   8.30697 
4.78919   8.41088 
4.80257   8.48614 
4.99022   7.69798 
5.06973   7.72381 
5.00775   7.79585 
5.12059   7.79536 
5.11533   7.90658 
4.96884   7.92405 
5.20189   8.03853 
5.03730   8.03650 
5.26179   8.17134 
5.28447   8.30209 
5.27325   8.41992 
5.22866   8.51382 
5.16683   8.57633 
4.96923   8.16054 
4.88085   8.23595 
5.11235   8.15167 
5.16820   8.25759 
5.19110   8.35682 
5.18632   8.44401 
5.14964   8.51271 
5.05874   8.25240 
4.96752   8.26329 
5.10602   8.32702 
5.12611   8.40027 
5.12538   8.46083 
5.02346   8.33607 
5.06878   8.37929 
5.07773   8.43654 
5.10732   8.61618 
5.09813   8.55444 
5.09509   8.50901 
5.08442   8.47415 
5.05077   8.65270 
4.98005   8.66940 
4.92182   8.63983 
5.05609   8.58224 
5.05196   8.53000 
5.06000   8.50000 
5.05196   8.47000 
5.03000   8.55196 
5.03000   8.44804 
5.04782   8.41571 
5.00000   8.44000 
5.01316   8.40280 
5.01134   8.62128 
5.01748   8.58299 
5.00000   8.56000 
4.96723   8.62464 
4.98361   8.58942 
4.97000   8.55196 
4.94320   8.59062 
4.92544   8.55524 
4.94804   8.53000 
4.89189   8.58883 
4.83388   8.55986 
4.88513   8.53617 
4.85981   8.49746 
4.91893   8.52075 
4.94000   8.50000 
4.90847   8.48172 
4.94804   8.47000 
4.87541   8.43862 
4.85450   8.37257 
4.89088   8.31259 
4.95409   8.32875 
4.97685   8.37102 
4.96956   8.41355 
4.97000   8.44804 
4.92219   8.38719 
4.93129   8.43853 
