BCnode   BCtype
176   4
outBCNode	outBCNum
1	1
92	1
91	1
90	1
89	1
88	1
87	1
86	1
85	1
84	1
83	1
82	1
81	1
80	1
79	1
78	1
77	1
76	1
75	1
74	1
73	1
72	1
71	1
70	1
69	1
68	1
67	1
66	1
65	1
64	1
63	1
62	1
2	1
51	3
50	3
49	3
48	3
47	3
46	3
45	3
44	3
43	3
42	3
41	3
40	3
39	3
38	3
37	3
36	3
35	3
34	3
33	3
3	2
147	2
146	2
145	2
144	2
143	2
142	2
141	2
140	2
139	2
138	2
137	2
136	2
135	2
134	2
133	2
132	2
131	2
130	2
129	2
128	2
127	2
126	2
125	2
124	2
123	2
122	2
121	2
120	2
119	2
118	2
117	2
4	2
170	3
169	3
168	3
167	3
166	3
165	3
164	3
163	3
162	3
161	3
160	3
159	3
158	3
157	3
156	3
155	3
154	3
153	3
152	3
5	4
6	4
7	4
8	4
9	4
10	4
11	4
12	4
13	4
14	4
15	4
16	4
17	4
18	4
19	4
20	4
21	4
22	4
23	4
24	4
25	4
26	4
27	4
28	4
29	4
30	4
31	4
32	4
52	4
53	4
54	4
55	4
56	4
57	4
58	4
59	4
60	4
61	4
93	4
94	4
95	4
96	4
97	4
98	4
99	4
100	4
101	4
102	4
103	4
104	4
105	4
106	4
107	4
108	4
109	4
110	4
111	4
112	4
113	4
114	4
115	4
116	4
148	4
149	4
150	4
151	4
171	4
172	4
173	4
174	4
175	4
176	4
