315	18	111
263	138	139
667	488	668
215	83	84
274	127	128
293	292	97
256	146	255
288	57	11
244	43	44
409	410	246
188	30	187
444	1563	296
184	61	5
286	12	56
628	359	187
196	162	163
439	279	278
189	345	284
279	280	122
334	28	485
486	333	335
199	200	159
201	157	158
200	158	159
370	201	200
348	92	1
348	207	92
348	1	152
206	153	205
373	204	203
204	155	203
207	91	92
372	202	371
214	84	85
600	490	491
331	330	21
327	96	22
342	341	172
333	28	115
217	81	82
218	80	81
390	391	224
268	269	133
311	151	310
309	20	99
285	286	620
185	186	60
225	73	74
228	229	70
228	70	71
228	71	227
397	231	230
230	68	69
243	45	242
182	183	103
181	104	8
232	67	231
231	68	230
545	400	399
346	2	62
346	62	236
403	239	402
238	49	50
401	235	234
399	233	232
241	242	46
180	8	54
354	182	181
245	42	43
179	54	55
241	46	47
246	42	245
352	180	179
405	242	241
178	179	55
247	40	41
252	253	35
249	39	248
256	145	146
347	3	33
253	254	34
258	144	257
347	147	3
259	260	142
251	36	37
248	39	40
258	143	144
409	246	245
260	141	142
241	47	240
261	262	140
619	177	349
262	139	140
783	478	612
244	245	43
263	139	262
426	265	425
318	472	19
981	888	651
302	53	303
197	161	162
428	268	267
326	96	327
216	82	83
336	116	27
579	436	435
277	125	276
338	105	106
337	336	27
438	439	278
193	165	166
275	127	274
282	283	119
276	125	126
191	167	168
192	166	167
441	442	281
443	283	282
284	345	117
277	124	125
445	286	287
291	32	10
188	29	30
187	30	6
264	137	138
425	265	264
296	108	285
186	6	60
298	114	16
295	107	296
223	75	76
296	107	108
222	76	77
301	456	15
290	31	32
290	32	291
320	309	99
303	53	14
221	77	78
292	10	97
1566	292	450
306	13	307
460	304	305
309	636	622
386	220	219
273	129	272
304	14	101
312	17	150
221	222	77
219	79	80
313	112	17
270	131	132
434	274	273
272	129	130
323	322	109
331	21	173
273	274	128
301	15	52
319	100	19
317	58	59
316	315	632
318	19	58
583	440	439
477	323	324
324	110	23
330	149	21
476	322	323
334	176	28
344	176	334
218	81	217
313	17	312
383	216	382
210	89	209
195	196	163
210	88	89
576	432	575
578	435	434
192	193	166
197	198	161
433	273	272
511	512	365
366	367	197
342	172	25
213	214	85
213	85	86
212	87	211
347	255	147
255	146	147
1567	186	358
398	231	397
343	25	175
380	214	213
178	55	7
263	264	138
286	638	620
285	108	12
252	36	251
254	255	347
629	458	303
310	151	20
393	394	227
227	71	72
471	318	317
322	24	109
269	270	132
273	128	129
329	148	149
327	328	633
303	14	459
310	309	622
339	338	106
205	153	154
514	368	367
199	159	160
218	219	80
388	222	221
224	74	75
637	781	621
236	62	63
234	64	65
398	232	231
356	184	183
177	29	188
266	135	136
346	51	2
237	238	50
335	333	115
325	478	23
339	106	26
201	158	200
293	97	98
390	224	223
297	637	621
453	297	299
216	217	82
215	216	83
345	170	4
345	4	117
268	133	134
289	447	11
480	479	326
370	371	201
449	290	291
299	93	94
318	58	317
271	131	270
239	48	49
239	49	238
1563	295	296
295	9	107
302	52	53
302	301	52
211	87	88
1541	494	602
554	555	410
351	179	178
223	76	222
307	13	113
860	732	731
631	304	460
452	294	295
294	9	295
349	177	188
620	444	285
203	155	156
341	171	172
622	465	310
332	331	173
389	223	222
224	225	74
212	86	87
212	213	86
231	67	68
1521	356	504
1539	1561	528
634	322	476
177	350	7
287	286	56
197	162	196
366	196	365
756	460	592
458	302	303
877	594	467
1524	874	693
240	47	48
240	48	239
371	202	201
375	209	208
177	7	29
359	188	187
210	211	88
522	376	521
191	192	167
283	284	118
340	339	26
492	339	340
185	60	61
185	61	184
329	149	330
215	84	214
267	135	266
269	132	133
570	426	569
265	137	264
226	73	225
1558	294	452
771	617	489
325	23	95
337	27	105
337	105	338
271	130	131
271	272	130
566	423	422
247	248	40
280	121	122
279	123	278
253	34	35
252	35	36
311	150	151
311	312	150
521	376	375
202	157	201
618	337	490
284	117	118
662	477	610
430	270	269
729	573	728
890	612	664
476	323	477
468	314	313
233	65	66
233	234	65
279	122	123
362	193	192
648	637	453
298	297	621
237	346	236
497	237	236
382	215	381
379	380	213
209	89	90
374	204	373
202	156	157
202	203	156
283	118	119
281	121	280
198	160	161
198	199	160
377	211	210
208	209	90
259	142	143
259	143	258
250	37	38
250	251	37
189	169	170
189	170	345
568	425	424
424	263	423
580	581	437
435	275	274
332	173	174
384	218	217
335	115	116
335	116	336
194	164	165
194	165	193
343	342	25
493	492	340
402	239	238
235	64	234
625	480	327
249	38	39
249	250	38
257	144	145
257	145	256
224	75	223
462	306	307
282	119	120
281	282	120
180	54	179
400	234	233
261	140	141
261	141	260
220	79	219
594	468	467
229	69	70
229	230	69
300	94	15
300	299	94
393	227	226
451	293	294
427	428	267
848	849	720
361	192	191
431	271	270
204	154	155
204	205	154
195	163	164
195	164	194
320	99	100
320	100	319
633	328	481
381	215	214
607	498	416
422	261	421
385	219	218
314	315	111
226	72	73
226	227	72
246	41	42
246	247	41
351	352	179
567	424	423
642	638	445
638	286	445
365	196	195
367	198	197
382	216	215
484	331	332
316	59	18
316	317	59
275	126	127
275	276	126
190	191	168
360	361	191
344	175	176
344	343	175
298	16	297
308	114	298
287	56	57
287	57	288
254	33	34
254	347	33
278	123	124
278	124	277
463	307	308
306	102	13
411	412	248
421	261	260
265	136	137
265	266	136
206	207	348
604	521	375
308	113	114
308	307	113
771	489	618
479	325	326
237	50	51
237	51	346
498	256	255
498	255	254
360	190	499
281	120	121
242	45	46
406	242	405
243	44	45
243	244	44
417	257	256
416	498	253
328	22	148
328	148	329
206	152	153
206	348	152
183	5	103
183	184	5
288	11	447
637	297	453
498	254	253
418	419	258
180	181	8
546	605	401
400	401	234
399	400	233
321	24	474
982	658	815
190	168	169
190	169	189
985	646	807
553	554	409
423	263	262
410	247	246
289	11	31
289	31	290
326	95	96
326	325	95
363	193	362
830	679	829
433	434	273
319	19	472
340	26	171
340	171	341
361	362	192
360	191	190
208	90	91
208	91	207
372	203	202
376	210	209
398	399	232
396	397	230
232	66	67
232	233	66
413	250	249
414	250	413
235	63	64
235	236	63
591	463	454
391	225	224
314	111	112
314	112	313
267	134	135
267	268	134
462	307	463
305	304	101
494	341	342
494	342	602
294	98	9
294	293	98
321	174	24
321	332	174
323	109	110
323	110	324
220	78	79
220	221	78
305	101	102
305	102	306
182	103	104
182	104	181
297	16	93
297	93	299
497	235	401
497	236	235
466	312	311
696	535	534
374	205	204
372	373	203
997	773	764
480	326	327
513	367	366
366	197	196
392	226	225
392	393	226
656	471	470
322	474	24
437	277	276
581	438	437
659	654	473
473	320	319
733	578	577
512	366	365
420	421	260
417	418	257
324	23	478
612	478	325
427	267	266
732	576	731
638	782	620
1563	587	741
526	381	380
689	527	526
636	309	464
785	456	614
375	376	209
519	520	373
605	497	401
605	402	497
385	386	219
658	615	471
526	380	525
377	210	376
424	264	263
424	425	264
358	186	185
539	394	393
385	218	384
623	475	321
533	387	532
482	481	329
355	504	183
354	1535	355
387	221	220
387	220	386
435	274	434
675	676	511
582	438	581
440	280	279
417	256	498
416	253	252
712	554	553
555	411	410
380	381	214
599	496	487
636	780	622
652	651	457
611	446	288
791	742	699
395	228	394
357	184	356
759	358	506
1008	786	887
657	470	626
632	315	469
691	692	530
440	279	439
606	499	443
616	178	350
353	354	181
349	188	359
178	7	350
1540	741	790
394	228	227
364	195	194
364	365	195
499	189	284
499	190	189
495	342	343
495	602	342
415	252	251
415	416	252
395	229	228
356	183	504
389	390	223
389	222	388
799	600	800
370	200	369
450	293	451
698	699	537
408	245	244
837	708	836
378	212	211
378	379	212
457	301	302
571	428	427
713	555	554
639	349	359
517	371	370
668	488	617
760	623	779
623	321	474
450	292	293
627	449	291
419	259	258
418	258	257
422	262	261
422	423	262
353	181	180
353	180	352
404	405	241
1138	968	1099
557	412	556
721	565	720
634	474	322
779	623	474
470	317	316
470	471	317
538	539	393
588	450	451
442	282	281
442	443	282
414	251	250
414	415	251
392	225	391
537	392	391
379	213	212
525	380	379
467	468	313
387	388	221
516	369	515
378	211	377
1521	505	356
545	399	544
564	420	563
558	414	413
368	199	198
368	198	367
500	207	206
500	208	207
467	313	312
467	312	466
464	309	320
464	320	473
617	488	336
667	486	488
531	532	386
531	386	385
396	230	229
395	396	229
759	1567	358
1558	451	294
738	582	737
586	507	606
412	249	248
412	413	249
548	404	403
549	550	405
409	245	408
407	243	406
499	284	283
499	283	443
482	329	330
481	328	329
406	243	242
403	240	239
556	411	555
568	424	567
369	200	199
369	199	368
457	302	458
614	301	457
487	344	334
798	749	599
438	278	277
438	277	437
822	800	766
686	523	522
500	375	208
604	375	500
420	260	259
420	259	419
432	271	431
1113	1011	889
489	336	337
740	585	584
1557	331	484
531	385	530
483	330	331
483	482	330
436	437	276
580	437	436
616	351	178
552	407	551
500	206	205
500	205	374
430	431	270
651	614	457
646	448	645
649	453	455
609	455	300
649	648	453
469	315	314
469	314	468
532	387	386
593	467	466
1566	291	292
621	454	298
448	289	290
448	290	449
465	311	310
465	466	311
355	183	182
355	182	354
496	495	343
778	624	485
493	340	341
493	341	494
707	708	549
404	241	240
446	287	288
446	445	287
304	459	14
631	459	304
618	489	337
604	500	374
363	194	193
363	364	194
606	507	360
585	442	441
475	332	321
475	484	332
501	352	351
550	406	405
10	292	291
1013	699	698
544	399	398
404	240	403
1565	306	462
462	1530	876
1531	742	588
1531	589	742
729	730	574
300	15	456
333	485	28
635	333	486
536	390	535
697	536	535
436	276	275
436	275	435
383	217	216
383	384	217
454	308	298
454	463	308
496	343	344
496	344	487
411	248	247
411	247	410
630	339	492
490	337	338
6	186	187
777	1567	759
488	335	336
488	486	335
560	416	415
561	418	417
444	296	285
587	1563	444
556	412	411
841	842	713
441	281	280
441	280	440
597	482	483
528	383	382
432	272	271
432	433	272
505	1532	356
765	587	444
523	378	377
518	371	517
426	266	265
426	427	266
497	238	237
497	402	238
461	305	306
461	460	305
455	299	300
455	453	299
357	185	184
357	358	185
708	550	549
549	405	404
678	679	514
513	514	367
357	356	1532
1542	503	671
429	269	268
429	268	428
530	385	384
596	484	475
407	244	243
407	408	244
614	456	301
430	269	429
574	431	430
729	574	573
619	350	177
1082	917	788
491	338	339
491	490	338
761	624	778
635	485	333
870	704	835
563	420	419
507	361	360
606	360	499
551	407	406
551	406	550
327	22	328
1553	797	1539
715	557	556
562	563	419
694	533	532
533	388	387
1541	751	1569
688	525	524
553	408	552
552	408	407
571	572	428
784	472	615
699	538	537
763	591	454
573	430	429
573	574	430
1564	481	482
903	526	525
508	361	507
673	509	508
462	463	1530
535	390	389
534	388	533
1525	873	876
316	18	315
626	470	316
1564	482	597
529	530	384
506	358	357
540	395	394
786	447	613
725	569	724
808	649	809
613	447	289
613	289	448
1088	923	809
564	421	420
572	429	428
572	573	429
630	491	339
684	519	683
543	544	398
1547	504	1542
513	366	512
679	515	514
543	398	397
542	397	396
706	548	547
938	939	837
509	510	363
510	364	363
829	679	678
872	1543	688
687	523	686
524	525	379
615	472	318
615	318	471
564	565	421
566	567	423
535	389	534
743	1525	1530
580	436	579
823	674	673
562	418	561
559	560	415
586	443	442
586	442	585
610	477	324
610	324	478
1542	671	1547
787	769	501
1567	187	186
700	540	539
579	435	578
832	833	682
519	373	372
767	604	520
832	682	681
830	680	679
559	415	414
559	414	558
1548	903	751
1520	602	495
529	384	383
529	383	528
611	288	447
770	350	619
658	471	656
901	779	634
540	394	539
1532	506	357
612	325	479
677	513	512
534	389	388
1565	461	306
874	694	532
908	483	598
522	377	376
522	523	377
496	1534	495
1534	749	603
310	20	309
1101	900	995
509	363	362
586	606	443
764	633	481
1570	1565	876
617	336	489
890	783	612
999	765	782
590	452	1563
524	379	378
524	378	523
690	528	527
527	528	382
285	12	286
595	469	468
693	532	531
518	372	371
682	518	517
605	547	402
547	403	402
723	724	568
548	403	547
548	549	404
536	391	390
536	537	391
607	561	417
607	417	498
511	365	364
511	364	510
557	413	412
557	558	413
527	382	381
527	381	526
541	396	395
542	543	397
592	460	461
1565	1570	461
767	521	604
493	494	1569
569	426	425
569	425	568
1106	796	760
779	474	634
538	393	392
538	392	537
553	409	408
554	410	409
908	597	483
1554	1561	908
1563	452	295
907	589	452
705	768	546
702	543	542
654	464	473
794	745	1568
773	625	633
773	633	764
584	440	583
674	510	509
1005	771	879
909	690	689
541	542	396
541	395	540
515	369	368
515	368	514
765	444	620
1540	539	1560
842	714	713
646	613	448
624	487	334
624	334	485
577	434	433
577	578	434
794	1568	758
1568	745	593
873	744	1570
1530	591	743
1555	1560	538
812	654	659
629	303	459
707	549	548
709	710	551
1568	593	466
1017	695	694
756	631	460
810	651	652
607	416	560
607	560	561
609	300	456
785	609	456
875	502	353
705	706	768
546	401	400
546	400	545
516	370	369
516	517	370
724	569	568
713	554	712
508	362	361
508	509	362
627	291	1566
807	646	645
996	896	969
691	530	529
520	374	373
520	604	374
565	422	421
566	422	565
644	643	446
1348	1217	1177
776	1566	757
757	1566	450
575	432	431
575	431	574
709	551	550
770	616	350
783	610	478
734	579	578
601	492	493
1541	1569	494
762	774	632
1529	746	595
727	572	571
659	473	608
753	507	586
678	514	513
502	354	353
503	355	1535
1096	835	871
950	852	851
1557	483	331
1533	747	598
705	546	545
706	547	768
570	427	426
570	571	427
518	519	372
736	581	580
802	640	639
790	587	765
879	771	618
664	612	479
904	542	541
1562	541	701
576	433	432
576	577	433
864	736	735
839	840	711
584	441	440
584	585	441
462	876	1565
752	560	559
562	419	418
735	579	734
990	821	668
582	439	438
582	583	439
849	721	720
713	714	555
927	817	816
1003	531	692
1077	806	993
647	449	627
801	601	750
766	630	669
608	319	472
608	473	319
873	535	696
758	465	622
718	563	562
848	720	719
872	688	687
869	685	881
847	718	846
839	711	710
752	561	560
717	558	716
753	508	507
868	740	739
1543	1015	801
750	1569	751
1561	597	908
764	481	1564
763	454	621
1001	536	697
757	450	588
946	848	847
850	722	721
628	187	1567
1539	797	748
1533	596	747
695	534	533
1016	696	695
826	676	675
674	509	673
768	547	605
768	605	546
877	467	593
1524	877	874
730	575	574
860	861	732
1552	700	1540
907	452	590
1547	671	904
871	702	670
882	706	705
882	707	706
722	567	566
723	568	567
726	571	570
726	727	571
782	765	620
1552	1540	790
797	764	1564
665	480	625
643	445	446
643	642	445
716	558	557
716	557	715
1072	928	819
778	485	635
704	705	545
1535	354	502
1105	791	1013
808	648	649
1105	757	791
698	537	536
899	637	648
998	970	899
856	728	727
851	723	722
845	846	717
844	715	843
1525	697	873
793	592	744
786	611	447
723	567	722
653	458	629
900	780	636
1534	599	749
1520	495	603
687	524	523
687	688	524
1002	798	761
798	599	761
761	599	487
761	487	624
719	564	563
719	563	718
1548	772	903
880	526	772
813	654	812
859	730	858
720	565	564
720	564	719
692	531	530
1350	1222	1223
656	470	657
958	859	957
676	512	511
677	512	676
682	517	681
881	685	684
991	892	640
942	841	840
734	578	733
1107	977	1092
798	689	749
749	880	603
527	689	690
818	664	663
661	634	476
901	634	661
893	641	628
790	741	587
680	516	515
680	515	679
669	630	492
669	492	601
881	684	683
685	686	522
695	533	694
695	696	534
896	657	626
1060	972	992
755	351	616
755	501	351
834	687	686
801	669	601
714	556	555
714	715	556
645	448	449
645	449	647
793	744	696
775	629	459
859	731	730
735	736	580
1106	1012	796
774	626	632
1001	698	536
760	475	623
760	596	475
906	562	561
906	718	562
1003	795	746
795	595	746
728	573	572
728	572	727
769	353	352
769	352	501
777	628	1567
701	541	540
911	701	700
735	580	579
928	818	819
663	664	479
821	667	668
670	671	503
670	702	671
711	553	552
711	712	553
789	759	506
789	672	701
825	826	675
866	867	738
784	608	472
1113	1191	1011
625	327	633
1183	984	1085
893	628	777
853	854	725
829	678	828
660	477	662
681	517	516
681	516	680
685	767	684
869	686	685
861	733	732
828	678	677
815	658	656
816	660	662
753	673	508
1006	868	966
899	781	637
1001	743	792
703	544	543
703	543	702
1094	1062	991
841	713	712
721	566	565
721	722	566
895	629	775
1018	775	756
905	586	585
905	585	740
796	691	747
1012	692	691
1554	529	1561
1554	908	598
985	887	646
1013	791	699
1560	907	590
1555	742	589
1087	810	924
677	678	513
717	559	558
717	752	559
1137	1075	929
902	635	666
683	519	518
683	518	682
626	316	632
896	626	774
731	576	575
731	575	730
739	584	583
739	740	584
780	758	622
663	479	480
663	480	665
1049	957	1048
858	729	857
594	1524	1529
1524	594	877
1109	1186	979
1091	807	922
641	359	628
641	639	359
675	511	510
675	510	674
766	491	630
766	600	491
710	552	551
710	711	552
941	840	839
709	550	708
652	457	458
652	458	653
644	446	611
853	725	724
914	986	893
660	476	477
660	661	476
871	835	703
707	548	706
1010	883	785
1009	885	783
666	635	486
666	486	667
655	636	464
655	464	654
684	520	519
684	767	520
640	619	349
640	349	639
732	577	576
732	733	577
704	545	544
704	544	703
900	636	655
794	694	745
737	582	581
737	581	736
725	570	569
725	726	570
854	726	725
942	840	941
1054	962	1053
959	860	958
809	649	650
855	726	854
1273	1197	917
835	704	703
1546	1017	794
924	810	811
789	506	672
1000	759	789
852	853	724
1088	809	979
754	618	490
754	490	600
1563	741	590
1086	812	978
855	856	727
781	763	621
1564	597	748
1561	748	597
788	501	755
787	501	788
738	583	582
738	739	583
776	627	1566
1521	1562	505
1547	1562	1521
775	459	631
775	631	756
762	632	469
762	469	595
650	455	609
650	649	455
880	772	603
903	772	526
827	828	677
827	677	676
685	522	521
685	521	767
750	751	688
880	689	526
880	749	689
879	618	754
799	754	600
930	931	826
824	740	868
852	724	723
855	727	726
1016	793	696
994	811	653
981	651	810
859	860	731
1519	971	1105
807	645	806
975	1014	875
875	353	769
813	655	654
925	813	812
895	653	629
994	653	895
986	641	893
914	893	777
966	868	867
865	866	737
843	714	842
1007	847	846
839	710	838
840	841	712
833	683	682
833	881	683
955	857	856
863	735	734
897	665	625
897	625	773
837	709	708
840	712	711
819	663	665
1134	1072	1139
824	905	740
905	753	586
902	778	635
929	820	821
920	802	803
804	642	643
805	643	644
952	853	951
1006	823	824
824	753	905
862	733	861
1052	1053	961
873	697	535
873	696	744
836	708	707
836	707	882
1014	871	670
871	703	702
838	710	709
837	838	709
988	898	642
804	643	805
806	645	647
993	894	971
1019	758	780
793	756	592
867	739	738
867	868	739
906	561	752
846	752	717
1017	694	794
1550	793	1016
1152	1153	1033
1062	1004	991
869	834	686
1071	919	1015
888	614	651
888	785	614
878	616	770
878	755	616
953	855	854
954	856	855
831	681	680
832	681	831
1000	777	759
540	700	701
850	721	849
949	851	850
999	790	765
921	804	805
803	639	641
803	802	639
800	600	766
1209	1145	1071
992	972	901
858	730	729
1555	589	907
1555	699	742
1060	992	1076
795	762	595
971	894	776
998	648	808
792	591	763
792	743	591
864	735	863
827	676	826
889	615	658
889	784	615
843	715	714
850	851	722
1102	930	974
866	738	737
830	831	680
1229	1228	1136
1562	701	672
1562	672	505
906	752	846
906	846	718
845	717	716
1103	973	945
1030	935	1029
872	687	834
892	770	619
892	619	640
960	862	861
862	734	733
825	675	674
825	674	823
974	825	823
964	866	865
917	787	788
1032	939	938
996	657	896
1009	783	890
898	638	642
898	782	638
940	838	939
852	723	851
857	729	728
857	728	856
915	778	902
987	897	913
954	855	953
991	640	802
969	896	774
972	779	901
936	937	832
936	832	831
1182	1111	1194
986	803	641
874	745	694
874	532	693
884	659	608
884	608	784
912	1000	789
912	789	701
1554	598	747
1554	747	691
1546	1064	1017
1101	780	900
963	964	865
935	831	830
822	766	669
822	669	801
814	656	657
814	815	656
937	833	832
918	799	800
824	673	753
824	823	673
874	593	745
874	877	593
967	834	869
1140	1069	909
865	737	736
961	863	862
923	808	809
922	807	806
1033	940	939
939	838	837
894	647	627
894	627	776
903	525	688
903	688	751
1076	817	927
1517	795	1003
820	666	667
820	667	821
1027	932	1026
863	734	862
1139	1072	1020
1142	1067	1022
1066	1013	698
970	781	899
1007	846	845
946	847	1007
982	889	658
959	861	860
887	613	646
887	786	613
796	747	596
796	596	760
1043	952	951
943	842	841
791	588	742
791	757	588
934	829	933
864	865	736
847	719	718
847	848	719
1276	1206	1174
1209	872	834
886	644	611
886	611	786
936	831	935
818	663	819
904	671	702
904	702	542
811	652	653
811	810	652
997	764	797
1002	761	778
883	609	785
883	650	609
1096	1099	835
1099	968	835
885	662	610
885	610	783
870	705	704
870	882	705
1086	925	812
1290	1210	1064
844	716	715
844	845	716
891	668	617
891	617	771
817	661	660
817	660	816
1093	990	1061
961	862	960
1090	1188	982
955	856	954
934	830	829
990	668	891
1014	670	502
1014	502	875
1011	884	784
1108	1184	978
1003	693	531
1003	746	693
1104	1082	976
1004	878	770
951	853	852
1248	1167	1166
1011	784	889
956	858	857
1154	1034	1153
1236	1153	1152
1041	949	1040
943	944	842
1024	919	1071
1117	869	881
962	864	863
933	829	828
1084	921	805
1037	943	1036
1069	1020	913
1067	1140	909
938	837	836
1273	917	1082
1006	824	868
1110	1187	983
1073	1023	988
1154	1035	1034
1015	822	801
1543	872	1015
1545	1195	1348
1098	792	763
978	812	659
978	659	884
962	863	961
1049	958	957
932	933	828
932	828	827
1040	949	948
1036	942	1035
1185	1192	1112
1242	1160	1241
926	815	814
1080	814	996
934	935	830
963	864	962
963	865	864
965	866	964
1048	957	956
1167	1049	1048
1029	935	934
1092	799	918
1095	1016	695
1297	1234	1233
944	843	842
973	946	1007
958	860	859
1113	889	982
913	897	773
913	773	997
1072	819	987
915	1002	778
943	841	942
945	843	944
955	956	857
1189	985	1091
1081	1058	998
998	899	648
1056	964	1055
1151	1030	1150
1001	697	743
1516	792	1098
931	827	826
932	827	931
957	859	858
957	858	956
1089	816	983
1085	984	818
1078	811	994
1095	695	1017
930	826	825
930	825	974
988	642	804
1074	803	986
1045	954	953
1185	981	1087
948	850	849
948	949	850
993	806	647
993	647	894
1004	770	892
1004	892	991
947	948	849
1033	939	1032
950	951	852
1041	1042	950
1101	1019	780
1550	1063	1018
1037	1038	944
950	851	949
1097	762	795
1057	1080	996
940	839	838
940	941	839
952	854	853
952	953	854
1010	785	888
1327	1185	1278
912	701	911
1552	790	999
945	844	843
973	844	945
914	777	1000
916	898	988
1518	1544	1196
1012	691	796
947	849	848
947	848	946
1214	1121	1120
1084	805	980
1143	1068	911
1070	999	916
1074	920	803
1143	911	1070
1037	944	943
1041	950	949
1038	945	944
1039	948	947
915	902	989
1075	1022	989
959	960	861
1251	1169	1250
984	890	664
984	664	818
1050	959	958
1047	1048	956
976	788	755
976	755	878
1018	1100	775
1100	994	895
965	867	866
965	966	867
1077	922	806
1270	1058	1176
1202	937	1031
1117	833	937
980	805	644
980	644	886
1339	1224	1132
1049	1050	958
1126	1087	924
1550	1016	1063
916	782	898
916	999	782
1200	1057	969
1196	1065	1012
1076	992	817
996	814	657
1005	891	771
1005	990	891
979	809	650
979	650	883
1025	931	930
1055	964	963
973	845	844
973	1007	845
1149	1150	1029
1025	930	1102
1199	1098	970
1195	1013	1066
1537	1067	910
910	798	1002
919	822	1015
1209	834	967
1054	963	962
1206	1102	1056
995	655	813
995	900	655
919	800	822
919	918	800
1132	927	1089
1269	1057	1200
977	879	754
977	754	799
1008	886	786
1111	1182	980
983	816	662
983	662	885
989	902	666
989	666	820
975	875	769
975	769	787
968	1116	870
968	870	835
992	901	661
992	661	817
910	689	798
910	909	689
987	665	897
987	819	665
1022	915	989
1020	987	913
1028	1029	934
1061	990	1005
1089	927	816
1051	959	1050
1128	1079	925
1291	1207	1100
1006	966	974
1006	974	823
1059	1077	993
1123	922	1077
1552	999	1070
1074	986	1021
1028	934	933
1092	977	799
1121	1073	921
1021	986	914
1201	938	1116
1116	938	836
1096	871	1014
1096	1014	975
1116	836	882
1116	882	870
1083	787	917
1083	975	787
1046	955	954
1220	1126	1127
1056	1102	965
1056	965	964
1042	951	950
1158	1040	1039
1020	1072	987
1136	929	1093
1043	951	1042
1087	981	810
1102	974	966
1102	966	965
1222	1130	1131
1057	996	969
1046	954	1045
1157	1038	1037
1164	1046	1045
1044	952	1043
1026	932	931
1206	1025	1102
1271	1079	1128
1095	1063	1016
1079	813	925
1079	995	813
1034	940	1033
1163	1044	1162
1064	1095	1017
1078	924	811
1236	1237	1153
1197	1083	917
1516	1001	792
1059	993	971
1039	1040	948
1103	946	973
1148	1027	1147
1031	937	936
1026	931	1025
1027	933	932
1119	1074	1141
1212	1180	1118
1288	1139	1140
1537	910	1002
1035	942	941
1036	943	942
1105	776	757
1105	971	776
1024	918	919
1202	967	1117
1285	1138	1264
1082	788	976
1023	916	988
1023	1070	916
1536	912	1068
1536	1000	912
1180	1062	1094
1153	1034	1033
1103	945	1038
1205	1039	1103
1091	985	807
1303	1242	1241
1054	1055	963
1193	1009	1115
1166	1047	1165
1310	1248	1309
1247	1248	1166
1221	1128	1129
1112	1192	1010
1185	1112	981
1106	760	779
1106	779	972
1058	970	998
1545	1348	1177
1199	970	1058
1176	1058	1081
1109	883	1010
1109	979	883
1204	1005	1107
1085	818	928
1179	1093	1061
1150	1030	1029
1108	978	884
1108	884	1011
1546	1019	1064
1290	1101	1208
1114	1194	1008
1309	1248	1247
1069	913	997
1553	1539	690
1052	961	960
1053	962	961
1051	960	959
1168	1050	1049
1202	1117	937
1274	1024	1145
1075	820	929
1075	989	820
1117	881	833
1117	967	869
1097	774	762
1097	969	774
1273	1264	1197
1203	1181	1104
1100	895	775
1556	1210	1290
1335	1283	1330
1189	1114	985
1115	1009	890
1115	890	984
1052	960	1051
1173	1055	1054
1044	953	952
1044	1045	953
1549	975	1083
1549	1099	1096
1112	888	981
1112	1010	888
1111	980	886
1111	886	1008
1080	926	814
1178	1060	1076
1171	1053	1052
1169	1051	1050
1093	821	990
1093	929	821
911	1068	912
1536	914	1000
1149	1029	1028
1226	1135	1134
1271	1208	1079
1207	1078	994
1030	936	935
1030	1031	936
1270	1199	1058
1218	1125	1124
1094	991	802
1094	802	920
1553	1069	997
1553	997	797
1027	1028	933
1147	1027	1026
1152	1033	1032
1160	1042	1041
1098	763	781
1098	781	970
1034	941	940
1034	1035	941
1538	1291	1210
1207	994	1100
909	910	1067
1537	1002	915
1110	885	1009
1110	983	885
1168	1169	1050
1192	1109	1010
1151	1031	1030
1148	1028	1027
1081	808	923
1081	998	808
1136	1137	929
1228	1137	1136
1114	887	985
1114	1008	887
1408	1426	1394
1131	926	1080
1198	918	1024
1204	1061	1005
1103	947	946
1103	1039	947
1154	1155	1035
1155	1036	1035
1104	878	1004
1104	976	878
1047	956	955
1047	955	1046
1544	1347	1196
1200	969	1097
1073	804	921
1073	988	804
1274	1198	1024
1198	1092	918
1191	1108	1011
1339	1132	1284
1090	982	815
1090	815	926
1517	1097	795
1065	692	1012
1143	1070	1023
1144	1073	1121
1107	1005	879
1107	879	977
1172	1054	1053
1172	1053	1171
1289	1141	1068
1396	1316	1262
1127	924	1078
1291	1063	1210
1446	1351	1387
1246	1164	1245
1208	1101	995
1208	995	1079
1135	1085	928
1326	1277	1342
1125	1081	923
1125	1176	1081
1175	1080	1057
1225	1178	1133
1170	1052	1051
1168	1049	1167
1349	1152	1285
1201	1032	938
1159	1041	1040
1156	1037	1036
1308	1247	1246
1427	1377	1393
1209	967	1145
1145	1024	1071
1174	1056	1055
1174	1206	1056
1296	1233	1232
1170	1051	1169
1147	1026	1146
1174	1055	1173
1141	1074	1021
1215	1144	1121
1288	1227	1139
1296	1232	1295
1182	1084	980
1351	1219	1218
1141	1021	1068
1289	1068	1143
1187	1089	983
1249	1167	1248
1146	1026	1025
1146	1025	1206
1348	1270	1176
1217	1123	1177
1211	1118	1119
1212	1118	1211
1233	1149	1148
1311	1249	1310
1276	1174	1265
1249	1168	1167
1254	1173	1172
1148	1149	1028
1252	1253	1171
1277	1090	1130
1318	1257	1261
1257	1184	1191
1171	1052	1170
1172	1173	1054
1210	1063	1095
1210	1095	1064
1134	928	1072
1134	1135	928
1337	1328	1280
1343	1281	1323
1181	1082	1104
1344	1181	1267
1124	923	1088
1124	1125	923
1130	1090	926
1130	926	1131
1549	1096	975
1551	1138	1099
1188	1113	982
1188	1191	1113
1235	1151	1150
1204	1107	1190
1183	1115	984
1193	1115	1183
1161	1162	1043
1245	1164	1163
1120	921	1084
1120	1121	921
1517	1200	1097
1517	1065	1200
1186	1088	979
1186	1109	1192
1286	1145	1202
1202	1145	967
1142	1022	1075
1142	1075	1137
1261	1191	1188
1404	1346	1345
1175	1131	1080
1269	1175	1057
1156	1036	1155
1156	1157	1037
1158	1159	1040
1240	1275	1157
1203	1004	1062
1203	1104	1004
1129	925	1086
1129	1128	925
1538	1401	1272
1127	1126	924
1238	1155	1154
1447	1361	1360
1161	1043	1042
1162	1044	1043
1526	1190	1092
1526	1263	1190
1237	1154	1153
1239	1156	1155
1254	1265	1173
1231	1147	1146
1184	1086	978
1184	1108	1191
1232	1147	1231
1254	1172	1253
1122	1091	922
1122	922	1123
1144	1023	1073
1144	1143	1023
1193	1110	1009
1193	1187	1110
1269	1200	1065
1269	1065	1196
1194	1111	1008
1194	1114	1189
1118	1094	920
1118	1180	1094
1274	1145	1286
1333	1179	1287
1160	1041	1159
1305	1244	1243
1201	1116	968
1201	968	1138
1209	1015	872
1209	1071	1015
1516	1199	1066
1516	1098	1199
1119	920	1074
1119	1118	920
1223	1222	1131
1133	1178	1076
1264	1138	1197
1285	1201	1138
1390	1236	1349
1239	1155	1238
1238	1154	1237
1161	1042	1160
1205	1158	1039
1205	1103	1038
1545	1177	1059
1519	1059	971
1338	1327	1278
1415	1365	1364
1165	1047	1046
1165	1046	1164
1266	1159	1158
1397	1319	1258
1258	1192	1185
1379	1342	1388
1163	1045	1044
1163	1164	1045
1518	1106	972
1518	972	1060
1205	1038	1157
1243	1162	1161
1265	1174	1173
1276	1146	1206
1140	1020	1069
1140	1139	1020
1177	1077	1059
1177	1123	1077
1133	1076	927
1133	927	1132
1166	1048	1047
1166	1167	1048
1295	1232	1231
1179	1136	1093
1334	1135	1226
1229	1136	1179
1292	1287	1204
1515	1292	1263
1278	1087	1126
1278	1185	1087
1234	1150	1149
1398	1326	1379
1213	1141	1289
1215	1121	1214
1241	1160	1159
1241	1159	1266
1280	1189	1091
1280	1091	1122
1329	1180	1212
1340	1215	1214
1255	1194	1262
1303	1241	1322
1230	1137	1228
1230	1142	1137
1223	1131	1175
1472	1470	1429
1284	1089	1187
1284	1132	1089
1270	1066	1199
1270	1195	1066
1233	1234	1149
1253	1172	1171
1347	1175	1269
1544	1178	1347
1235	1150	1234
1292	1204	1190
1219	1125	1218
1351	1216	1217
1377	1341	1324
1341	1129	1282
1336	1227	1230
1336	1226	1227
1213	1289	1215
1340	1211	1213
1260	1187	1193
1261	1257	1191
1216	1122	1123
1216	1123	1217
1277	1188	1090
1314	1253	1252
1282	1129	1086
1282	1086	1184
1272	1078	1207
1272	1127	1078
1323	1281	1186
1246	1165	1164
1310	1249	1248
1252	1171	1170
1219	1176	1125
1348	1195	1270
1336	1230	1228
1294	1228	1229
1316	1255	1262
1244	1245	1163
1268	1062	1180
1268	1203	1062
1256	1193	1183
1256	1260	1193
1232	1148	1147
1232	1233	1148
1285	1032	1201
1285	1152	1032
1523	1240	1302
1275	1205	1157
1438	1402	1441
1378	1339	1325
1290	1019	1101
1290	1064	1019
1283	1120	1084
1283	1084	1182
1262	1194	1189
1255	1182	1194
1267	1181	1203
1267	1203	1268
1289	1143	1144
1289	1144	1215
1347	1178	1225
1347	1269	1196
1302	1239	1301
1403	1293	1340
1279	1085	1135
1279	1183	1085
1286	1031	1151
1286	1202	1031
1299	1237	1236
1304	1305	1243
1242	1161	1160
1242	1243	1161
1370	1311	1369
1362	1363	1304
1227	1134	1139
1227	1226	1134
1244	1163	1162
1244	1162	1243
1383	1331	1334
1333	1229	1179
1292	1190	1263
1332	1151	1235
1291	1018	1063
1291	1100	1018
1301	1239	1238
1302	1240	1239
1354	1333	1287
1515	1444	1292
1313	1251	1312
1313	1252	1251
1250	1169	1168
1250	1168	1249
1446	1391	1351
1433	1381	1434
1259	1186	1192
1259	1192	1258
1273	1082	1181
1344	1264	1273
1320	1267	1268
1385	1212	1293
1247	1166	1165
1247	1165	1246
1287	1179	1061
1287	1061	1204
1300	1238	1237
1399	1349	1344
1288	1067	1142
1288	1140	1067
1351	1217	1219
1407	1319	1397
1290	1208	1556
1271	1556	1208
1275	1158	1205
1275	1266	1158
1314	1252	1313
1429	1378	1392
1526	1198	1263
1263	1198	1274
1312	1251	1250
1419	1369	1368
1213	1119	1141
1213	1211	1119
1240	1157	1156
1240	1156	1239
1345	1128	1221
1556	1271	1401
1354	1287	1292
1405	1318	1398
1321	1254	1315
1276	1231	1146
1345	1271	1128
1401	1346	1272
1251	1170	1169
1251	1252	1170
1224	1133	1132
1224	1225	1133
1435	1382	1436
1344	1273	1181
1281	1124	1088
1281	1088	1186
1230	1227	1288
1230	1288	1142
1300	1237	1299
1300	1301	1238
1376	1343	1323
1323	1186	1259
1330	1283	1182
1330	1182	1255
1346	1127	1272
1346	1220	1127
1347	1223	1175
1347	1225	1223
1395	1382	1330
1396	1262	1328
1322	1241	1266
1303	1304	1242
1304	1243	1242
1361	1303	1322
1332	1286	1151
1515	1286	1332
1315	1254	1253
1321	1265	1254
1399	1267	1320
1349	1285	1264
1522	1295	1231
1423	1372	1422
1317	1260	1256
1315	1253	1314
1294	1336	1228
1357	1298	1297
1334	1279	1135
1339	1284	1325
1308	1309	1247
1308	1246	1307
1307	1246	1245
1306	1307	1245
1384	1294	1229
1402	1383	1334
1363	1364	1305
1364	1306	1305
1298	1235	1234
1298	1234	1297
1386	1235	1298
1422	1372	1371
1373	1315	1314
1471	1430	1445
1340	1213	1215
1375	1320	1329
1306	1245	1244
1306	1244	1305
1358	1300	1299
1412	1447	1359
1349	1236	1152
1349	1264	1344
1384	1229	1333
1296	1297	1233
1432	1397	1380
1363	1305	1304
1342	1130	1222
1342	1277	1130
1356	1297	1296
1356	1357	1297
1326	1188	1277
1326	1261	1188
1523	1275	1240
1302	1361	1523
1341	1221	1129
1353	1341	1377
1311	1250	1249
1311	1312	1250
1370	1312	1311
1369	1311	1310
1327	1258	1185
1367	1368	1309
1322	1523	1361
1362	1304	1303
1386	1332	1235
1439	1354	1444
1329	1268	1180
1329	1320	1268
1399	1390	1349
1385	1329	1212
1397	1258	1327
1376	1323	1394
1325	1284	1187
1325	1187	1260
1321	1374	1522
1522	1231	1276
1319	1259	1258
1359	1301	1300
1293	1212	1211
1293	1211	1340
1324	1341	1282
1393	1377	1324
1399	1344	1267
1390	1299	1236
1430	1431	1379
1421	1371	1370
1350	1223	1225
1350	1225	1224
1331	1279	1334
1400	1331	1383
1348	1176	1219
1348	1219	1217
1379	1326	1342
1453	1501	1427
1353	1221	1341
1404	1220	1346
1328	1189	1280
1328	1262	1189
1324	1184	1257
1324	1282	1184
1331	1183	1279
1331	1256	1183
1343	1218	1124
1343	1124	1281
1335	1214	1120
1335	1120	1283
1338	1278	1126
1338	1126	1220
1356	1296	1355
1444	1332	1386
1337	1280	1122
1337	1122	1216
1374	1321	1315
1355	1296	1295
1388	1342	1222
1388	1222	1350
1376	1387	1343
1417	1367	1366
1387	1351	1218
1387	1218	1343
1385	1375	1329
1487	1299	1390
1362	1303	1361
1443	1358	1299
1375	1390	1320
1399	1320	1390
1420	1370	1369
1371	1313	1312
1381	1396	1328
1446	1434	1391
1448	1356	1355
1465	1421	1420
1365	1307	1306
1365	1306	1364
1412	1359	1358
1413	1362	1447
1477	1436	1449
1424	1375	1385
1370	1371	1312
1373	1374	1315
1372	1313	1371
1372	1373	1314
1438	1383	1402
1402	1336	1294
1440	1293	1403
1436	1382	1395
1403	1340	1214
1403	1214	1335
1447	1362	1361
1359	1360	1301
1295	1522	1374
1374	1355	1295
1366	1308	1307
1366	1307	1365
1411	1357	1356
1484	1411	1448
1409	1380	1352
1457	1409	1410
1438	1437	1383
1441	1294	1384
1447	1360	1359
1359	1300	1358
1372	1314	1313
1392	1378	1325
1410	1353	1377
1360	1302	1301
1360	1361	1302
1398	1261	1326
1398	1318	1261
1391	1216	1351
1391	1337	1216
1380	1338	1352
1559	1478	1479
1382	1335	1330
1382	1403	1335
1421	1370	1420
1431	1398	1379
1442	1298	1357
1441	1402	1294
1381	1328	1337
1381	1337	1391
1394	1323	1259
1394	1259	1319
1389	1339	1378
1445	1350	1389
1393	1257	1318
1393	1324	1257
1368	1310	1309
1368	1369	1310
1404	1345	1221
1404	1221	1353
1407	1397	1432
1434	1381	1391
1467	1423	1422
1421	1422	1371
1389	1350	1224
1389	1224	1339
1395	1330	1255
1395	1255	1316
1367	1309	1308
1367	1308	1366
1402	1226	1336
1402	1334	1226
1400	1317	1256
1400	1256	1331
1439	1333	1354
1486	1441	1384
1352	1338	1220
1352	1220	1404
1380	1327	1338
1380	1397	1327
1401	1271	1345
1401	1345	1346
1392	1260	1317
1392	1325	1260
1458	1414	1413
1414	1364	1363
1409	1432	1380
1419	1368	1418
1419	1420	1369
1509	1456	1454
1485	1377	1427
1451	1431	1473
1478	1450	1437
1442	1386	1298
1487	1390	1375
1449	1395	1316
1416	1366	1365
1462	1418	1417
1423	1373	1372
1466	1422	1421
1448	1411	1356
1448	1355	1374
1414	1415	1364
1449	1316	1396
1480	1358	1443
1449	1436	1395
1440	1385	1293
1435	1403	1382
1439	1384	1333
1439	1444	1386
1405	1398	1431
1497	1503	1470
1496	1466	1465
1445	1388	1350
1480	1412	1358
1502	1412	1480
1413	1363	1362
1483	1413	1447
1450	1317	1400
1514	1411	1484
1428	1378	1429
1471	1445	1428
1418	1368	1367
1460	1415	1459
1428	1389	1378
1428	1445	1389
1430	1379	1388
1430	1388	1445
1450	1392	1317
1450	1429	1392
1415	1416	1365
1425	1446	1387
1487	1443	1299
1424	1385	1440
1425	1469	1446
1502	1483	1412
1468	1426	1456
1414	1363	1413
1437	1400	1383
1437	1450	1400
1417	1418	1367
1417	1366	1416
1425	1387	1376
1456	1426	1408
1482	1486	1442
1486	1438	1441
1506	1409	1457
1460	1416	1415
1461	1462	1417
1485	1410	1377
1426	1376	1394
1426	1425	1376
1464	1420	1419
1463	1418	1462
1515	1332	1444
1444	1354	1292
1442	1439	1386
1486	1439	1442
1408	1394	1319
1408	1319	1407
1452	1406	1405
1406	1427	1393
1435	1440	1403
1481	1440	1435
1474	1477	1449
1460	1461	1416
1433	1396	1381
1433	1449	1396
1352	1404	1353
1352	1353	1410
1409	1352	1410
1448	1374	1373
1448	1373	1423
1406	1393	1318
1406	1318	1405
1486	1384	1439
1479	1437	1438
1481	1480	1443
1505	1499	1502
1508	1527	1458
1474	1449	1433
1489	1456	1509
1459	1415	1414
1461	1417	1416
1455	1454	1407
1463	1419	1418
1492	1493	1462
1457	1410	1485
1455	1407	1432
1469	1434	1446
1475	1474	1433
1453	1427	1406
1453	1406	1452
1483	1458	1413
1483	1447	1412
1454	1408	1407
1454	1456	1408
1466	1421	1465
1464	1419	1463
1459	1414	1458
1491	1460	1490
1484	1448	1423
1484	1423	1467
1475	1433	1434
1475	1434	1469
1501	1457	1485
1512	1511	1493
1499	1477	1474
1505	1476	1477
1481	1443	1424
1481	1424	1440
1528	1496	1503
1466	1467	1422
1473	1430	1471
1498	1472	1478
1476	1480	1481
1476	1436	1477
1473	1431	1430
1496	1465	1495
1487	1375	1424
1487	1424	1443
1479	1478	1437
1514	1498	1559
1495	1465	1464
1464	1465	1420
1510	1452	1451
1497	1472	1498
1508	1458	1483
1505	1477	1499
1482	1357	1411
1482	1442	1357
1470	1428	1429
1470	1471	1428
1468	1425	1426
1468	1469	1425
1503	1473	1471
1497	1470	1472
1506	1432	1409
1506	1455	1432
1476	1435	1436
1476	1481	1435
1509	1454	1455
1494	1495	1464
1510	1451	1488
1503	1471	1470
1479	1438	1486
1479	1486	1482
1451	1405	1431
1451	1452	1405
1472	1429	1450
1472	1450	1478
1504	1500	1475
1491	1492	1461
1508	1499	1500
1508	1483	1502
1501	1485	1427
1494	1464	1463
1489	1468	1456
1527	1504	1490
1493	1463	1462
1492	1462	1461
1559	1479	1482
1498	1478	1559
1500	1499	1474
1504	1468	1489
1513	1494	1493
1494	1463	1493
1510	1488	1495
1496	1495	1488
1488	1451	1473
1488	1473	1503
1511	1457	1501
1512	1493	1492
1500	1474	1475
1508	1502	1499
1505	1480	1476
1505	1502	1480
1507	1484	1467
1511	1506	1457
1513	1453	1510
1528	1507	1466
1507	1497	1498
1507	1467	1466
1528	1466	1496
1528	1497	1507
1510	1453	1452
1510	1495	1494
1504	1475	1469
1504	1469	1468
1490	1460	1459
1527	1500	1504
1491	1461	1460
1491	1509	1492
1489	1490	1504
1459	1458	1527
1491	1489	1509
1491	1490	1489
1513	1501	1453
1513	1510	1494
1512	1509	1455
1512	1492	1509
1512	1455	1506
1512	1506	1511
1513	1493	1511
1513	1511	1501
1514	1484	1507
1514	1507	1498
1570	744	592
1570	592	461
1534	496	599
603	495	1534
1546	794	758
1546	758	1019
1540	700	539
1560	539	538
1529	468	594
1529	595	468
1488	1503	1496
1528	1503	1497
1547	904	1562
1515	1274	1286
1515	1263	1274
466	465	1568
758	1568	465
1535	502	670
1535	670	503
1525	743	697
1530	463	591
1530	1525	876
1559	1482	1411
1514	1559	1411
1531	588	451
1558	452	589
1542	504	355
1542	355	503
1539	528	690
1539	748	1561
1548	751	1541
1520	603	772
1522	1276	1265
1522	1265	1321
1517	1003	692
1517	692	1065
1532	505	672
1532	672	506
1526	1092	1198
1107	1092	1190
1544	1060	1178
1518	1060	1544
1519	1105	1013
1519	1013	1195
1551	1197	1138
1551	1099	1549
1536	1021	914
1536	1068	1021
1538	1272	1207
1538	1207	1291
1543	801	750
750	688	1543
1523	1266	1275
1523	1322	1266
1560	590	741
1560	741	1540
1520	772	1548
1520	1548	602
1550	756	793
1550	1018	756
1527	1490	1459
1527	1508	1500
1537	915	1022
1537	1022	1067
1524	693	746
746	1529	1524
1569	750	601
1569	601	493
1516	698	1001
1516	1066	698
1551	1083	1197
1551	1549	1083
873	1570	876
797	1564	748
1545	1059	1519
1545	1519	1195
1533	484	596
1557	598	483
1518	1012	1106
1518	1196	1012
1541	602	1548
904	541	1562
1547	1521	504
1552	911	700
1552	1070	911
1553	690	909
1553	909	1069
1554	691	529
1561	529	528
1555	538	699
1555	907	1560
1556	1401	1538
1556	1538	1210
1557	484	1533
1557	1533	598
1558	589	1531
1558	1531	451
