BCnode   BCtype
195      4
outBCNode	outBCNum
1	1
134	1
133	1
132	1
131	1
130	1
129	1
128	1
127	1
126	1
125	1
124	1
123	1
122	1
121	1
120	1
119	1
118	1
117	1
116	1
115	1
114	1
113	1
112	1
111	1
110	1
109	1
108	1
107	1
106	1
105	1
104	1
103	1
102	1
101	1
100	1
99	1
98	1
97	1
96	1
95	1
94	1
93	1
92	1
91	1
90	1
89	1
88	1
87	1
86	1
85	1
84	1
83	1
82	1
81	1
80	1
79	1
78	1
77	1
76	1
75	1
74	1
73	1
72	1
71	1
2	1
65	2
64	2
63	2
62	2
61	2
60	2
59	2
58	2
57	2
56	2
55	2
54	2
53	2
52	2
51	2
50	2
49	2
48	2
47	2
46	2
45	2
44	2
43	2
42	2
41	2
40	2
39	2
38	2
37	2
36	2
35	2
34	2
33	2
32	2
31	2
30	2
29	2
28	2
27	2
26	2
25	2
24	2
23	2
22	2
21	2
20	2
19	2
18	2
17	2
16	2
15	2
14	2
13	2
12	2
11	2
10	2
9	2
8	2
7	2
6	2
5	2
3	3
70	3
69	3
68	3
67	3
66	3
4	3
195	4
194	4
193	4
192	4
191	4
190	4
189	4
188	4
187	4
186	4
185	4
184	4
183	4
182	4
181	4
180	4
179	4
178	4
177	4
176	4
175	4
174	4
173	4
172	4
171	4
170	4
169	4
168	4
167	4
166	4
165	4
164	4
163	4
162	4
161	4
160	4
159	4
158	4
157	4
156	4
155	4
154	4
153	4
152	4
151	4
150	4
149	4
148	4
147	4
146	4
145	4
144	4
143	4
142	4
141	4
140	4
139	4
138	4
137	4
136	4
135	4