196	6	7
5	1726	3
470	469	286
309	128	310
295	113	114
335	334	156
197	8	198
371	193	372
208	207	18
199	9	10
358	357	179
349	170	171
341	162	163
534	350	351
284	102	103
230	40	41
426	425	242
626	625	452
71	1723	2
254	376	72
1723	438	253
253	63	64
255	73	74
256	255	74
243	242	53
256	75	257
256	74	75
443	259	260
257	75	76
259	258	77
260	79	261
263	82	264
261	79	80
247	246	57
248	59	249
246	56	57
445	261	262
604	427	428
245	55	56
264	82	83
450	266	267
265	83	84
245	56	246
242	52	53
267	85	86
461	278	462
601	424	425
624	450	451
242	241	52
271	90	272
240	51	241
239	238	49
420	236	237
275	93	94
284	283	102
238	48	49
466	465	282
278	277	96
234	233	44
424	241	425
282	101	283
236	46	47
603	602	426
281	99	100
235	46	236
286	285	104
279	97	98
287	106	288
237	48	238
335	156	157
288	107	289
293	111	112
330	152	331
520	336	337
488	487	304
328	149	150
323	322	144
323	144	145
327	326	148
375	314	133
135	1724	1
315	136	137
318	139	140
986	838	839
667	493	494
308	307	126
319	141	320
321	143	322
499	315	316
502	318	319
318	317	139
305	304	123
489	305	306
306	305	124
307	125	126
305	123	124
322	143	144
302	120	121
304	122	123
324	145	146
324	323	145
296	295	114
300	299	118
493	309	310
326	147	148
511	327	328
331	152	153
296	114	115
296	115	297
290	108	109
292	110	111
329	328	150
283	101	102
411	227	228
288	106	107
280	279	98
422	238	239
278	96	97
333	154	155
233	43	44
335	157	336
235	45	46
336	157	158
521	338	522
231	230	41
229	228	39
523	339	340
229	39	40
414	230	231
228	38	39
340	162	341
642	641	468
465	464	281
226	36	37
343	164	165
224	34	35
347	346	168
227	226	37
534	533	350
582	581	405
222	32	33
703	533	704
347	169	348
346	167	168
216	215	26
352	173	174
219	29	30
535	351	352
351	173	352
225	224	35
352	174	353
215	25	26
353	174	175
216	26	27
354	176	355
350	171	172
214	213	24
356	178	357
350	349	171
211	21	22
357	178	179
211	22	212
358	179	180
740	572	573
365	186	187
207	17	18
207	206	17
206	16	17
363	185	364
205	15	16
365	187	366
363	362	184
724	553	554
378	194	195
203	13	14
732	564	565
198	8	9
553	369	370
202	13	203
200	10	11
721	550	551
554	553	370
382	198	199
197	7	8
199	198	9
377	5	6
380	377	196
66	1725	4
373	67	68
372	193	194
196	7	197
196	377	6
373	68	374
1726	380	374
1726	69	70
205	16	206
366	187	188
213	212	23
576	399	400
369	190	191
553	552	369
542	358	359
361	360	182
364	185	186
365	364	186
310	128	129
320	141	142
299	117	118
512	329	513
289	107	108
515	514	331
297	115	116
301	120	302
339	338	160
583	406	407
503	502	319
330	151	152
401	217	218
392	208	209
212	22	23
355	176	177
241	51	52
625	451	452
313	312	131
312	130	131
251	250	61
254	72	73
202	12	13
201	200	11
764	596	597
519	518	335
613	440	614
442	258	259
217	216	27
400	399	216
360	181	182
208	18	19
199	10	200
367	189	368
311	129	130
311	310	129
234	45	235
419	236	420
362	183	184
362	361	183
290	289	108
292	291	110
403	402	219
347	168	169
830	829	664
496	312	313
291	109	110
290	109	291
258	76	77
258	257	76
314	132	133
375	133	134
321	142	143
321	320	142
572	395	396
529	345	346
606	429	430
240	50	51
245	244	55
268	87	269
338	159	160
337	159	338
248	58	59
249	59	60
384	200	201
204	203	14
232	42	43
232	43	233
410	227	411
398	397	214
270	88	89
425	241	242
342	164	343
225	35	36
441	257	258
436	252	253
237	47	48
237	236	47
370	192	371
371	192	193
218	28	29
218	29	219
329	150	151
476	292	293
516	515	332
330	329	151
374	68	69
1726	374	69
220	30	31
220	219	30
1025	877	878
361	182	183
867	704	868
225	36	226
209	208	19
870	706	707
363	184	185
547	363	364
204	14	15
204	15	205
333	155	334
466	282	283
234	44	45
285	103	104
334	155	156
593	416	417
317	138	139
316	138	317
399	215	216
213	23	24
356	177	178
356	355	177
514	330	331
660	486	487
419	235	236
477	294	478
745	744	577
540	356	357
265	264	83
456	455	272
292	111	293
477	293	294
701	530	531
221	220	31
210	20	21
210	21	211
287	105	106
476	475	292
479	295	296
683	513	684
332	153	154
332	331	153
250	60	61
250	249	60
816	650	651
294	293	112
311	130	312
494	310	311
542	541	358
548	364	365
348	169	170
348	170	349
339	160	161
695	524	525
221	31	32
221	32	222
303	121	122
303	122	304
1725	556	378
381	197	198
223	222	33
403	219	220
273	91	92
460	276	277
269	87	88
269	88	270
359	181	360
713	543	714
282	100	101
282	281	100
344	165	166
344	343	165
516	332	333
284	103	285
354	175	176
354	353	175
539	355	356
710	539	540
568	392	569
571	395	572
254	73	255
376	71	72
368	189	190
368	190	369
451	267	268
244	54	55
276	94	95
276	275	94
447	263	264
450	267	451
302	121	303
484	300	301
252	62	63
252	63	253
280	98	99
280	99	281
274	93	275
424	240	241
446	262	263
442	441	258
319	140	141
319	318	140
1724	498	375
1724	315	498
308	126	127
309	127	128
1724	135	136
1724	136	315
223	33	34
223	34	224
214	24	25
214	25	215
229	40	230
855	692	856
543	360	544
734	566	567
266	84	85
266	85	267
638	464	465
278	97	279
265	84	266
447	446	263
378	372	194
1725	373	556
1723	64	65
1723	253	64
306	124	125
306	125	307
707	537	708
536	353	537
538	355	539
534	351	535
1143	1006	1144
687	517	688
294	112	113
294	113	295
301	119	120
300	118	119
389	205	206
546	362	363
327	148	149
327	149	328
502	501	318
659	486	660
457	273	274
459	276	460
298	116	117
298	117	299
487	303	304
961	809	810
268	86	87
268	267	86
521	337	338
465	281	282
367	188	189
367	366	188
298	297	116
481	297	298
586	585	409
345	167	346
431	430	247
435	434	251
272	90	91
272	91	273
325	147	326
300	119	301
607	430	431
259	77	78
262	80	81
262	261	80
271	89	90
271	270	89
405	221	222
700	530	701
760	592	593
407	223	224
386	385	202
549	365	366
503	319	320
308	127	309
277	95	96
277	276	95
1725	66	67
1725	67	373
383	199	200
552	368	369
351	172	173
351	350	172
209	19	20
209	20	210
472	288	289
333	332	154
719	549	720
379	196	197
666	492	493
659	658	485
345	166	167
345	344	166
482	298	299
481	298	482
337	158	159
337	336	158
359	180	181
359	358	180
655	481	482
680	679	509
227	37	38
227	38	228
413	412	229
522	338	339
247	57	58
247	58	248
251	61	62
251	62	252
417	233	234
630	456	457
437	255	439
438	376	254
243	53	54
243	54	244
421	420	237
474	290	291
286	104	105
286	105	287
370	191	192
370	369	191
231	41	42
231	42	232
313	131	132
313	132	314
340	161	162
340	339	161
342	163	164
342	341	163
239	49	50
239	50	240
508	324	325
510	327	511
201	11	12
201	12	202
316	137	138
316	315	137
418	417	234
467	283	284
505	321	322
833	667	668
325	146	147
325	324	146
379	380	196
1726	377	380
217	27	28
217	28	218
688	517	518
446	445	262
448	264	265
440	439	256
479	296	480
477	476	293
263	81	82
263	262	81
274	92	93
274	273	92
260	78	79
260	259	78
615	441	442
432	248	249
444	261	445
619	618	445
626	452	453
458	457	274
453	269	270
452	269	453
450	449	266
428	244	245
427	244	428
610	434	611
732	731	564
548	365	549
501	317	318
494	493	310
558	381	382
550	367	551
577	400	401
574	397	398
406	405	222
528	345	529
610	609	433
439	255	256
485	301	302
652	651	478
454	270	271
454	453	270
415	414	231
519	335	336
607	606	430
608	431	432
739	738	571
576	400	577
541	357	358
541	540	357
518	334	335
808	642	643
421	237	238
590	413	414
391	390	207
388	204	205
462	278	279
422	421	238
551	367	368
551	368	552
678	507	508
658	484	485
527	343	344
525	341	342
946	794	795
597	421	598
403	220	404
575	574	398
471	287	288
471	288	472
449	265	266
449	448	265
473	289	290
473	472	289
408	407	224
581	404	405
517	334	518
643	469	470
557	373	374
556	372	378
726	497	499
499	316	500
456	272	273
456	273	457
382	381	198
383	382	199
388	387	204
388	205	389
547	364	548
735	734	567
523	340	524
523	522	339
513	329	330
513	330	514
459	275	276
458	274	275
444	260	261
444	443	260
492	308	309
492	309	493
528	344	345
528	527	344
1035	895	896
714	543	544
379	197	381
383	200	384
537	353	354
708	537	538
605	428	429
427	243	244
485	302	486
485	484	301
708	538	709
539	356	540
442	259	443
430	246	247
512	328	329
512	511	328
434	250	251
610	433	434
491	307	308
491	308	492
404	220	221
404	221	405
461	277	278
461	460	277
488	304	305
489	488	305
455	271	272
455	454	271
469	285	286
468	285	469
498	315	499
499	497	498
396	212	213
709	538	539
609	608	432
433	432	249
526	342	343
526	343	527
490	306	307
490	307	491
475	291	292
475	474	291
390	206	207
390	389	206
416	232	233
415	231	232
1723	376	438
437	254	255
480	296	297
481	480	297
601	600	424
628	454	455
803	637	638
629	628	455
623	449	450
599	598	422
394	393	210
571	394	395
426	242	243
426	243	427
447	264	448
604	428	605
646	645	472
654	480	481
545	361	362
545	362	546
715	545	716
387	203	204
557	374	380
555	371	372
410	226	227
587	411	588
515	331	332
805	640	806
509	325	326
509	508	325
463	279	280
463	462	279
409	225	226
408	224	225
409	408	225
586	409	410
530	346	347
530	529	346
386	202	203
386	203	387
507	323	324
507	324	508
531	347	348
531	530	347
722	551	552
729	561	562
623	450	624
429	428	245
473	290	474
686	515	516
1722	724	728
560	384	561
483	482	299
844	680	681
464	280	281
464	463	280
960	809	961
698	527	528
418	234	235
418	235	419
696	695	525
520	337	521
538	354	355
538	537	354
510	326	327
510	509	326
483	299	300
483	300	484
433	249	250
433	250	434
544	360	361
544	361	545
674	504	675
505	322	506
478	294	295
478	295	479
402	218	219
402	401	218
416	233	417
689	518	519
397	213	214
397	396	213
536	352	353
536	535	352
429	245	246
429	246	430
822	656	657
647	473	474
412	228	229
412	411	228
504	503	320
676	506	677
423	239	240
423	240	424
395	211	212
395	212	396
520	519	336
686	685	515
486	302	303
486	303	487
532	348	349
532	531	348
413	229	230
413	230	414
580	404	581
705	534	535
583	407	584
526	525	342
680	509	510
839	838	675
500	316	317
500	317	501
506	322	323
506	323	507
393	209	210
393	392	209
489	306	490
663	489	490
533	349	350
533	532	349
550	366	367
550	549	366
406	222	223
406	223	407
495	312	496
676	675	505
810	644	645
823	822	657
431	247	248
431	248	432
556	373	557
554	370	371
470	286	287
470	287	471
696	525	526
409	226	410
578	577	401
704	533	534
728	555	556
1722	728	727
435	251	252
438	254	437
422	239	423
458	275	459
504	320	321
504	321	505
391	207	208
391	208	392
398	214	215
398	215	399
452	268	269
452	451	268
400	216	217
400	217	401
435	252	436
612	435	436
543	359	360
543	542	359
598	421	422
632	458	459
547	546	363
564	387	388
689	688	518
415	232	416
717	546	547
566	389	390
728	556	557
727	379	381
841	677	678
675	504	505
495	311	312
495	494	311
662	489	663
676	505	506
385	201	202
385	384	201
792	791	626
600	423	424
394	210	211
394	211	395
611	434	435
612	611	435
720	549	550
562	385	386
466	283	467
593	592	416
440	256	257
440	257	441
497	313	314
497	496	313
591	590	414
856	692	693
524	340	341
524	341	525
659	485	486
656	482	483
517	333	334
517	516	333
635	634	461
633	460	634
651	477	478
825	824	659
827	661	662
670	499	500
596	595	419
799	798	633
585	408	409
697	696	526
587	410	411
694	524	695
555	554	371
555	372	556
560	383	384
728	554	555
617	444	618
942	791	943
854	690	691
627	453	454
725	439	613
438	436	253
468	284	285
468	467	284
498	314	375
498	497	314
621	448	622
602	425	426
648	475	649
684	513	514
631	458	632
637	463	464
666	493	667
836	673	837
614	440	441
609	432	433
620	446	447
623	622	449
693	522	523
692	522	693
681	511	682
853	690	854
569	392	393
573	397	574
616	442	443
618	444	445
848	684	685
650	476	477
775	607	608
782	616	617
595	418	419
798	632	633
710	709	539
1026	1025	878
809	643	644
597	420	421
596	419	420
634	460	461
644	470	471
644	643	470
655	654	481
681	680	510
753	585	586
586	410	587
690	519	520
689	519	690
671	500	501
670	500	671
963	811	812
594	417	418
991	844	992
657	656	483
641	467	468
806	640	641
589	412	413
589	413	590
679	508	509
679	678	508
691	520	521
691	690	520
682	511	512
681	510	511
766	598	599
627	454	628
580	579	403
743	575	576
726	496	497
834	668	669
804	638	639
640	467	641
648	474	475
648	647	474
716	545	546
876	712	713
913	912	757
591	415	592
570	569	393
739	571	572
716	546	717
718	717	547
563	562	386
561	385	562
757	589	590
910	754	755
860	696	697
862	699	863
711	540	541
711	710	540
712	541	542
712	711	541
607	431	608
606	605	429
1026	878	879
720	550	721
737	736	569
705	704	534
713	542	543
713	712	542
722	721	551
723	552	553
637	464	638
765	764	597
624	451	625
771	603	604
677	506	507
677	507	678
1148	1010	1011
699	529	700
797	632	798
943	791	792
582	405	406
580	403	404
636	463	637
635	461	462
723	553	724
724	554	728
584	407	408
584	408	585
629	455	456
629	456	630
592	415	416
591	414	415
737	569	570
567	566	390
867	703	704
578	401	402
561	384	385
559	558	382
884	720	721
723	722	552
599	422	423
599	423	600
645	471	472
645	644	471
651	650	477
849	848	685
718	547	548
883	719	720
626	453	627
790	624	625
700	529	530
582	406	583
933	781	782
615	614	441
702	531	532
702	701	531
664	491	665
837	673	674
869	706	870
746	578	579
670	726	499
837	674	838
622	448	449
942	790	791
827	826	661
662	488	489
697	526	527
750	582	583
685	514	515
685	684	514
698	697	527
863	699	700
781	780	615
725	612	436
661	660	487
828	662	663
568	391	392
879	715	716
672	501	502
672	671	501
601	425	602
791	790	625
642	468	469
642	469	643
761	760	593
974	823	975
668	667	494
887	834	669
965	813	814
1258	1133	1134
559	382	383
884	721	889
649	475	476
649	476	650
762	595	763
593	417	594
573	396	397
573	572	396
872	709	873
1016	869	1017
570	393	394
570	394	571
588	411	412
588	412	589
762	594	595
595	594	418
565	564	388
878	715	879
814	648	649
812	646	647
845	682	846
655	482	656
694	523	524
694	693	523
758	590	591
1104	965	966
653	479	480
653	480	654
703	532	533
703	702	532
669	495	496
669	496	726
646	472	473
646	473	647
603	426	427
603	427	604
977	976	825
838	674	675
896	740	741
740	739	572
805	639	640
799	633	634
692	521	522
692	691	521
683	512	513
683	682	512
665	491	492
665	492	666
706	535	536
705	535	706
631	457	458
631	630	457
752	584	585
861	697	698
783	617	618
776	608	609
802	636	637
596	420	597
668	494	495
668	495	669
1168	1037	1038
1280	1281	1168
855	691	692
1144	1006	1007
613	439	440
780	614	615
881	717	718
890	1026	1033
633	459	460
633	632	459
707	536	537
707	706	536
575	398	399
575	399	576
789	623	624
783	618	784
940	939	788
791	625	626
817	651	652
817	816	651
727	381	558
727	728	557
747	746	579
755	587	588
885	559	886
559	383	560
615	442	616
773	772	605
673	502	503
673	672	502
664	490	491
664	663	490
775	608	776
777	776	609
889	886	560
731	563	564
619	445	446
619	446	620
1346	1235	1236
847	684	848
652	478	479
652	479	653
674	503	504
674	673	503
579	402	403
579	578	402
774	607	775
774	606	607
725	437	439
888	725	613
826	660	661
840	839	676
715	544	545
715	714	544
617	443	444
617	616	443
882	718	719
730	563	731
789	624	790
788	623	789
661	487	488
661	488	662
639	465	466
639	638	465
621	447	448
621	620	447
824	658	659
977	825	826
810	809	644
1002	854	855
437	436	438
725	436	437
753	586	754
996	848	849
640	466	467
640	639	466
860	697	861
754	586	587
1156	1019	1157
902	901	746
563	386	387
563	387	564
877	713	714
736	568	569
886	722	723
886	559	560
719	548	549
719	718	548
727	557	380
727	380	379
565	388	389
565	389	566
987	839	840
763	595	596
636	462	463
636	635	462
567	390	391
567	391	568
699	528	529
699	698	528
793	627	628
769	602	770
687	516	517
687	686	516
793	628	794
767	766	599
657	483	484
657	484	658
900	899	744
868	704	705
887	670	671
1162	983	1030
748	580	581
865	701	702
874	710	711
738	570	571
851	687	688
808	643	809
778	610	611
932	931	776
1029	780	781
1029	781	933
773	605	606
938	786	787
884	889	729
882	719	883
1012	865	1013
865	864	701
935	784	936
786	620	621
794	628	629
795	629	630
783	782	617
929	773	774
808	807	642
763	596	764
767	600	768
802	801	636
873	709	710
875	712	876
795	794	629
1082	944	1083
889	721	722
889	722	886
880	717	881
1033	879	880
819	653	654
820	654	655
807	641	642
807	806	641
829	663	664
1117	1116	978
801	635	636
800	634	635
1013	865	866
752	585	753
888	611	612
888	612	725
815	814	649
966	814	815
825	659	660
825	660	826
1093	955	1094
804	639	805
864	700	701
864	863	700
800	635	801
802	637	803
853	689	690
804	803	638
769	601	602
1061	922	1062
819	654	820
844	843	680
821	656	822
828	663	829
768	600	601
773	606	774
850	687	851
849	685	686
902	746	747
1040	900	901
1032	881	882
882	881	718
757	590	758
1012	864	865
752	751	584
1007	860	1008
830	664	665
833	668	834
755	754	587
858	695	859
796	630	631
797	631	632
1247	1119	1120
832	667	833
846	682	683
839	675	676
987	840	988
1030	832	833
730	562	563
730	729	562
842	679	843
976	824	825
767	599	600
765	597	598
741	573	574
873	710	874
812	647	813
811	810	645
974	822	823
818	653	819
843	679	680
1126	988	989
1011	864	1012
749	748	581
749	581	582
749	582	750
770	602	603
770	603	771
799	634	800
765	598	766
785	619	620
785	620	786
857	693	694
857	856	693
759	591	592
759	758	591
1722	727	558
885	558	559
869	705	706
869	868	705
1024	877	1025
876	713	877
908	752	753
960	808	809
737	570	738
1023	875	876
768	601	769
1209	1081	1082
1107	968	969
993	845	846
1157	1019	1020
867	866	703
1302	1188	1189
918	762	763
1002	1001	854
759	592	760
859	695	696
1006	1005	858
1074	935	936
934	783	935
871	707	708
871	870	707
850	686	687
850	849	686
888	778	611
1072	933	934
969	817	818
996	849	997
884	883	720
1166	730	731
953	801	802
1230	1103	1231
860	859	696
1041	1040	901
777	609	610
777	610	778
751	583	584
751	750	583
787	621	622
787	786	621
813	647	648
813	648	814
1018	870	871
742	741	574
878	714	715
878	877	714
887	726	670
887	669	726
1100	962	1101
957	805	806
977	826	978
828	827	662
784	618	619
784	619	785
1352	1242	1353
984	836	837
831	665	666
831	830	665
842	678	679
842	841	678
840	677	841
840	676	677
894	738	739
1281	1156	1157
1014	867	1015
1147	1010	1148
733	732	565
1031	733	1033
815	649	650
815	650	816
1020	872	873
740	573	741
862	698	699
862	861	698
929	928	773
1083	944	945
788	622	623
788	787	622
742	574	575
742	575	743
757	756	589
1003	855	856
934	933	782
931	775	776
835	671	672
1030	983	832
1026	879	1033
1024	876	877
880	716	717
880	879	716
954	953	802
1371	1263	1264
1125	987	988
974	973	822
756	588	589
756	755	588
744	576	577
744	743	576
920	764	765
1059	1058	919
779	614	780
779	778	888
1097	959	1098
999	851	852
981	829	830
988	840	841
1008	860	861
1268	1143	1144
835	834	887
835	887	671
866	702	703
866	865	702
745	577	578
745	578	746
1015	867	868
901	745	746
854	691	855
1002	855	1003
772	604	605
772	771	604
852	688	689
852	851	688
1004	856	857
1237	1109	1110
747	579	580
747	580	748
823	657	658
823	658	824
945	793	794
1208	1080	1081
1033	733	734
891	1026	890
792	626	627
792	627	793
821	655	656
821	820	655
796	631	797
796	795	630
925	924	769
944	793	945
818	652	653
818	817	652
979	827	828
989	842	990
952	801	953
922	921	766
836	672	673
836	835	672
997	849	850
853	852	689
811	645	646
811	646	812
1034	895	1035
1021	873	874
885	723	724
885	886	723
735	567	568
735	568	736
875	711	712
875	874	711
779	613	614
779	888	613
998	850	851
962	810	811
1032	731	732
1031	1032	732
1263	1139	1264
999	998	851
889	560	561
889	561	729
940	788	789
939	787	788
956	804	805
963	812	964
761	593	594
761	594	762
733	565	566
733	566	734
962	961	810
1099	960	961
845	681	682
845	844	681
847	683	684
847	846	683
858	694	695
858	857	694
781	615	616
781	616	782
832	666	667
832	831	666
951	799	800
949	798	950
872	708	709
872	871	708
1003	856	1004
1009	862	1010
884	729	730
884	730	883
990	842	843
987	986	839
916	915	760
1001	853	854
968	816	817
1106	1105	967
1005	857	858
1005	1004	857
1090	952	1091
1089	950	951
1056	917	1057
994	846	847
928	927	772
927	771	772
1006	858	859
907	751	752
1732	1349	1350
1229	1228	1101
1053	913	914
913	757	758
966	965	814
962	811	963
978	826	827
978	827	979
980	828	829
980	979	828
1166	883	730
1166	731	1032
1127	989	990
971	819	820
1125	1124	987
985	837	838
985	838	986
984	837	985
903	902	747
904	748	749
895	894	739
1021	1020	873
1028	777	778
936	784	785
1027	835	836
981	980	829
1194	1193	1063
945	794	946
940	789	941
1066	926	927
899	743	744
1153	1015	1016
911	755	756
911	910	755
908	907	752
906	905	750
904	749	905
1275	1274	1150
1050	910	911
1143	1005	1006
941	789	790
941	790	942
1014	866	867
1014	1013	866
972	820	821
1129	991	992
1010	862	863
908	753	909
928	772	773
1161	1029	933
1163	778	779
1072	1071	1161
895	739	740
1021	874	1022
915	759	760
915	914	759
912	756	757
912	911	756
1128	991	1129
971	820	972
1031	881	1032
1031	732	733
1284	1157	1158
893	737	738
1211	1083	1084
922	767	923
947	795	796
947	946	795
1210	1082	1083
1095	956	957
1197	1066	1067
1067	1066	927
1063	923	924
922	766	767
905	749	750
1176	1175	1045
948	796	797
948	947	796
956	805	957
954	802	803
930	929	774
938	787	939
923	767	768
1084	945	946
992	844	845
992	845	993
932	776	777
932	777	1028
909	753	754
909	754	910
958	806	807
958	957	806
1172	1041	1042
1152	1014	1015
935	783	784
934	782	783
959	958	807
1097	958	959
970	818	819
970	969	818
1009	861	862
1009	1008	861
950	798	799
1088	949	950
949	797	798
949	948	797
1245	1244	1117
1124	986	987
906	750	751
1145	1007	1008
926	770	771
926	771	927
1007	859	860
1007	1006	859
919	918	763
1092	953	954
1272	1147	1148
1057	917	918
890	734	735
890	1033	734
1116	977	978
1114	1113	975
1022	874	875
1022	875	1023
1062	923	1063
951	950	799
1011	863	864
1011	1010	863
964	812	813
964	813	965
893	738	894
891	890	735
1278	1277	1153
1280	1155	1156
1048	1047	908
955	954	803
994	993	846
968	967	816
897	896	741
1019	872	1020
1000	853	1001
1054	914	915
1132	1131	994
971	970	819
921	765	766
921	920	765
1045	1044	905
906	751	907
919	763	764
919	764	920
991	843	844
991	990	843
1163	1028	778
1163	1029	1028
937	785	786
937	936	785
989	841	842
989	988	841
1000	852	853
1000	999	852
1086	947	948
1061	921	922
891	735	736
892	891	736
1123	986	1124
1122	984	985
1147	1009	1010
1046	906	907
924	768	769
924	923	768
1038	898	899
1151	1014	1152
1178	1047	1048
1145	1144	1007
1031	880	881
1031	1033	880
1078	940	1079
1067	927	928
995	847	848
994	847	995
1017	869	870
1017	870	1018
955	803	804
955	804	956
996	995	848
997	850	998
1133	995	996
1091	952	953
892	736	737
891	1025	1026
1167	1024	1025
892	737	893
1119	980	981
1252	1128	1253
967	815	816
967	966	815
1060	920	921
1089	1088	950
973	821	822
973	972	821
1329	1328	1218
968	817	969
937	786	938
1068	928	929
1024	1023	876
1167	1025	891
1134	997	1135
1101	962	963
975	823	824
975	824	976
952	800	801
952	951	800
898	742	743
898	743	899
982	830	831
982	981	830
1044	904	905
1149	1011	1012
959	807	808
959	808	960
914	758	759
914	913	758
1069	929	930
1199	1068	1069
1076	1075	937
1076	937	938
983	831	832
983	982	831
925	769	770
925	770	926
944	792	793
944	943	792
1016	868	869
1016	1015	868
900	744	745
900	745	901
1164	833	834
1027	836	984
930	774	775
930	775	931
1352	1241	1242
1113	1112	974
1105	966	967
1259	1134	1135
903	747	748
903	748	904
1019	871	872
1019	1018	871
1164	1030	833
1164	1027	1030
1140	1002	1003
1189	1188	1058
917	761	762
917	762	918
1278	1153	1154
895	740	896
1055	1054	915
1137	1000	1138
897	741	742
897	742	898
1159	1021	1022
1158	1021	1159
1069	930	1070
1073	935	1074
1160	1023	1024
1160	892	893
916	760	761
916	761	917
1240	1112	1113
1253	1128	1129
1105	1104	966
1056	916	917
1080	941	942
1070	930	931
1284	1035	1036
1280	1156	1281
1284	1034	1035
1034	894	895
1141	1004	1142
1053	914	1054
1110	971	972
1236	1109	1237
1062	922	923
1193	1062	1063
1100	961	962
1100	1099	961
1051	1050	911
1370	1262	1263
1155	1017	1018
1153	1152	1015
1102	963	964
1102	1101	963
1077	1076	938
1415	1316	1317
1119	981	1120
1120	981	982
1173	1042	1043
1277	1152	1153
1039	1038	899
1037	1036	897
1091	953	1092
1096	958	1097
1149	1012	1150
1151	1013	1014
1069	1068	929
1071	1070	931
1036	896	897
1036	1035	896
1049	909	910
1273	1272	1148
1241	1113	1114
1111	1110	972
1103	1102	964
1232	1104	1105
1096	1095	957
1300	1299	1186
1186	1056	1187
1135	997	998
1112	973	974
1113	974	975
1172	1171	1041
1172	1042	1173
1096	957	958
1300	1187	1301
1139	1001	1002
1139	1002	1140
1138	1000	1001
1138	1001	1139
1256	1131	1132
1131	993	994
1115	976	977
1115	977	1116
1126	989	1127
1244	1116	1117
1262	1137	1138
1222	1221	1094
1165	1022	1023
1165	1159	1022
1126	1125	988
1251	1126	1127
1323	1212	1213
1064	1063	924
1132	994	995
1132	995	1133
1228	1100	1101
1257	1133	1258
1218	1090	1091
1304	1190	1191
1360	1253	1361
1231	1104	1232
1093	954	955
1093	1092	954
1162	1030	1027
1121	983	1162
1103	964	965
1103	965	1104
1087	949	1088
1061	1060	921
1108	969	970
1108	1107	969
1106	967	968
1106	968	1107
1257	1256	1132
1298	1297	1184
1348	1237	1238
1130	993	1131
1114	975	976
1114	976	1115
1136	998	999
1136	1135	998
1165	1160	893
1167	891	892
1130	992	993
1130	1129	992
1329	1218	1219
1368	1260	1261
1187	1056	1057
1266	1141	1142
1098	959	960
1098	960	1099
1154	1017	1155
1286	1285	1172
1075	936	937
1075	1074	936
1081	942	943
1081	1080	942
1058	918	919
1058	1057	918
1177	1046	1047
1456	1457	1382
1154	1016	1017
1154	1153	1016
1121	982	983
1121	1120	982
1526	1531	1467
1189	1058	1059
1146	1009	1147
1180	1049	1050
1242	1241	1114
1250	1125	1126
1079	940	941
1079	941	1080
1158	1020	1021
1158	1157	1020
1123	985	986
1123	1122	985
1118	979	980
1119	1118	980
1085	946	947
1085	947	1086
1164	834	835
1164	835	1027
1071	931	932
1161	1028	1029
1042	902	903
1276	1152	1277
1137	999	1000
1137	1136	999
1146	1008	1009
1146	1145	1008
1128	990	991
1128	1127	990
1094	955	956
1094	956	1095
1087	948	949
1087	1086	948
1364	1256	1257
1050	1049	910
1184	1053	1054
1294	1180	1181
1085	1084	946
1403	1300	1301
1149	1148	1011
1275	1150	1151
1052	912	913
1052	913	1053
1077	938	939
1078	939	940
1156	1018	1019
1156	1155	1018
1150	1012	1013
1150	1013	1151
1311	1198	1312
1083	945	1084
1065	925	926
1065	926	1066
1109	1108	970
1339	1229	1340
1207	1206	1079
1067	928	1068
1309	1195	1196
1208	1081	1209
1117	978	979
1117	979	1118
1421	1336	1337
1225	1097	1098
1039	899	900
1039	900	1040
1260	1135	1136
1224	1097	1225
1333	1332	1222
1221	1093	1094
1285	1387	1171
1043	1042	903
1274	1149	1150
1175	1044	1045
1109	970	971
1109	971	1110
1180	1179	1049
1273	1149	1274
1386	1389	1202
1199	1198	1068
1214	1087	1215
1220	1093	1221
1134	996	997
1134	1133	996
1051	911	912
1051	912	1052
1043	903	904
1043	904	1044
1059	919	920
1059	920	1060
1045	905	906
1045	906	1046
1090	951	952
1090	1089	951
1385	1355	1245
1245	1117	1118
1165	1023	1160
1165	1034	1159
1331	1221	1332
1224	1096	1097
1318	1208	1319
1191	1060	1061
1082	943	944
1082	1081	943
1047	907	908
1047	1046	907
1166	882	883
1166	1032	882
1073	934	935
1072	1161	933
1165	893	894
1165	894	1034
1327	1217	1328
1320	1319	1209
1321	1211	1322
1077	939	1078
1161	932	1028
1161	1071	932
1200	1069	1070
1073	1072	934
1162	1027	984
1162	984	1122
1048	908	909
1048	909	1049
1282	1122	1123
1121	1162	1122
1055	915	916
1055	916	1056
1111	972	973
1111	973	1112
1163	779	780
1163	780	1029
1037	897	898
1037	898	1038
1204	1076	1077
1198	1067	1068
1064	924	925
1064	925	1065
1142	1004	1005
1142	1005	1143
1141	1003	1004
1141	1140	1003
1203	1076	1204
1283	1070	1071
1041	901	902
1041	902	1042
1167	892	1160
1167	1160	1024
1226	1099	1227
1363	1255	1256
1334	1223	1224
1300	1186	1187
1370	1263	1371
1259	1258	1134
1308	1194	1195
1197	1067	1198
1236	1108	1109
1235	1107	1108
1248	1123	1124
1239	1238	1111
1284	1158	1034
1034	1158	1159
1270	1145	1146
1182	1051	1052
1455	1386	1314
1449	1455	1315
1281	1157	1284
1281	1284	1036
1265	1140	1141
1186	1055	1056
1382	1381	1274
1443	1376	1377
1526	1467	1453
1220	1092	1093
1447	1457	1391
1174	1173	1043
1341	1231	1342
1257	1132	1133
1213	1085	1086
1196	1195	1065
1260	1259	1135
1261	1137	1262
1390	1247	1282
1249	1125	1250
1200	1070	1283
1201	1073	1074
1231	1103	1104
1504	1430	1505
1369	1261	1262
1355	1244	1245
1190	1189	1059
1219	1218	1091
1387	1384	1277
1280	1279	1155
1301	1188	1302
1462	1338	1339
1347	1237	1348
1255	1131	1256
1236	1235	1108
1343	1232	1233
1282	1121	1122
1247	1246	1119
1306	1305	1192
1340	1229	1230
1297	1183	1184
1183	1052	1053
1254	1129	1130
1254	1253	1129
1266	1265	1141
1183	1053	1184
1170	1039	1040
1387	1277	1278
1382	1275	1383
1381	1273	1274
1281	1036	1037
1281	1037	1168
1243	1115	1116
1243	1116	1244
1227	1099	1100
1227	1100	1228
1283	1071	1072
1200	1199	1069
1279	1154	1155
1279	1278	1154
1267	1142	1143
1267	1143	1268
1188	1057	1058
1188	1187	1057
1283	1072	1073
1283	1073	1201
1387	1170	1171
1169	1168	1038
1269	1145	1270
1273	1148	1149
1385	1245	1246
1250	1126	1251
1440	1374	1441
1178	1177	1047
1183	1182	1052
1267	1266	1142
1207	1079	1080
1311	1197	1198
1238	1110	1111
1238	1237	1110
1211	1210	1083
1320	1209	1210
1174	1043	1044
1174	1044	1175
1271	1146	1147
1293	1179	1180
1202	1074	1075
1202	1201	1074
1246	1118	1119
1246	1245	1118
1176	1045	1046
1176	1046	1177
1291	1178	1292
1442	1376	1443
1328	1217	1218
1209	1082	1210
1507	1432	1433
1229	1101	1102
1205	1077	1078
1205	1204	1077
1223	1095	1096
1223	1096	1224
1179	1048	1049
1179	1178	1048
1206	1078	1079
1206	1205	1078
1271	1270	1146
1271	1147	1272
1252	1127	1128
1252	1251	1127
1325	1214	1215
1192	1191	1061
1386	1202	1203
1313	1389	1386
1287	1173	1174
1382	1274	1275
1212	1084	1085
1212	1085	1213
1240	1113	1241
1349	1238	1239
1219	1091	1092
1219	1092	1220
1185	1184	1054
1299	1185	1186
1276	1151	1152
1276	1275	1151
1185	1054	1055
1185	1055	1186
1181	1050	1051
1181	1180	1050
1564	1498	1520
1732	1458	1349
1222	1094	1095
1222	1095	1223
1171	1040	1041
1171	1170	1040
1514	1439	1440
1350	1349	1239
1217	1089	1090
1217	1090	1218
1255	1130	1131
1255	1254	1130
1404	1301	1302
1336	1226	1337
1548	1484	1549
1194	1063	1064
1361	1253	1254
1351	1240	1241
1282	1123	1248
1390	1282	1248
1216	1088	1089
1216	1089	1217
1295	1181	1182
1181	1051	1182
1207	1080	1208
1310	1196	1197
1203	1075	1076
1203	1202	1075
1233	1105	1106
1233	1232	1105
1602	1601	1548
1212	1211	1084
1169	1038	1039
1169	1039	1170
1264	1139	1140
1264	1140	1265
1239	1111	1112
1239	1112	1240
1230	1102	1103
1230	1229	1102
1468	1343	1344
1234	1233	1106
1282	1120	1121
1282	1247	1120
1215	1087	1088
1215	1088	1216
1242	1114	1115
1242	1115	1243
1269	1144	1145
1269	1268	1144
1192	1061	1062
1192	1062	1193
1226	1098	1099
1226	1225	1098
1234	1106	1107
1234	1107	1235
1347	1236	1237
1520	1464	1450
1384	1276	1277
1285	1171	1172
1409	1306	1307
1310	1309	1196
1214	1086	1087
1214	1213	1086
1195	1064	1065
1195	1194	1064
1261	1136	1137
1261	1260	1136
1263	1138	1139
1263	1262	1138
1394	1291	1292
1373	1266	1374
1190	1059	1060
1190	1060	1191
1249	1124	1125
1249	1248	1124
1288	1287	1174
1395	1293	1396
1397	1294	1295
1301	1187	1188
1196	1065	1066
1196	1066	1197
1280	1168	1169
1280	1169	1279
1447	1380	1381
1289	1175	1176
1307	1193	1194
1322	1211	1212
1447	1381	1457
1457	1287	1288
1377	1270	1378
1291	1177	1178
1311	1310	1197
1312	1198	1199
1366	1259	1367
1365	1257	1258
1290	1176	1177
1290	1289	1176
1305	1304	1191
1332	1221	1222
1581	1564	1520
1482	1481	1405
1352	1351	1241
1358	1251	1359
1308	1307	1194
1326	1325	1215
1338	1227	1228
1450	1347	1348
1323	1322	1212
1465	1323	1324
1388	1169	1170
1285	1384	1387
1513	1439	1514
1402	1300	1403
1388	1170	1387
1388	1279	1169
1344	1234	1345
1630	1586	1615
1319	1208	1209
1605	1606	1553
1416	1324	1325
1489	1412	1413
1313	1312	1199
1389	1201	1202
1359	1251	1252
1618	1566	1567
1379	1272	1380
1391	1457	1288
1335	1224	1225
1335	1334	1224
1482	1405	1406
1326	1215	1216
1324	1214	1325
1491	1416	1469
1294	1293	1180
1291	1290	1177
1341	1230	1231
1341	1340	1230
1461	1317	1318
1317	1206	1207
1330	1219	1220
1329	1219	1330
1318	1207	1208
1461	1415	1317
1536	1419	1420
1479	1478	1402
1353	1242	1243
1358	1250	1251
1349	1348	1238
1347	1346	1236
1380	1272	1273
1380	1273	1381
1305	1191	1192
1467	1328	1329
1360	1252	1253
1360	1359	1252
1454	1355	1385
1356	1249	1357
1288	1174	1175
1288	1175	1289
1562	1530	1497
1450	1348	1458
1376	1268	1269
1294	1181	1295
1292	1178	1179
1292	1179	1293
1378	1270	1271
1392	1391	1289
1434	1368	1435
1463	1331	1332
1367	1259	1260
1466	1452	1340
1458	1348	1349
1427	1360	1361
1395	1292	1293
1375	1268	1376
1389	1283	1201
1389	1200	1283
1368	1261	1369
1431	1430	1364
1383	1275	1276
1383	1276	1384
1379	1271	1272
1379	1378	1271
1418	1333	1334
1303	1302	1189
1496	1495	1421
1375	1267	1268
1357	1250	1358
1454	1424	1448
1390	1246	1247
1390	1385	1246
1439	1372	1373
1441	1374	1375
1296	1295	1182
1401	1298	1299
1324	1213	1214
1324	1323	1213
1357	1249	1250
1356	1385	1390
1362	1255	1363
1464	1422	1345
1369	1262	1370
1400	1297	1298
1388	1278	1279
1388	1387	1278
1317	1207	1318
1414	1413	1311
1342	1231	1232
1342	1232	1343
1296	1182	1183
1296	1183	1297
1549	1484	1485
1401	1299	1402
1366	1258	1259
1366	1365	1258
1469	1325	1326
1467	1727	1328
1364	1363	1256
1364	1257	1365
1354	1243	1244
1354	1244	1355
1354	1353	1243
1533	1423	1448
1442	1375	1376
1396	1293	1294
1377	1269	1270
1377	1376	1269
1339	1228	1229
1339	1338	1228
1331	1220	1221
1331	1330	1220
1315	1204	1205
1315	1205	1316
1457	1381	1382
1456	1286	1287
1372	1264	1265
1372	1371	1264
1298	1184	1185
1298	1185	1299
1345	1234	1235
1345	1235	1346
1314	1203	1204
1314	1386	1203
1286	1172	1173
1286	1173	1287
1313	1199	1200
1313	1200	1389
1448	1353	1354
1424	1357	1358
1456	1287	1457
1391	1288	1289
1333	1222	1223
1333	1223	1334
1356	1248	1249
1356	1390	1248
1306	1192	1193
1306	1193	1307
1337	1226	1227
1337	1227	1338
1374	1266	1267
1374	1267	1375
1451	1321	1322
1308	1195	1309
1398	1397	1295
1419	1335	1420
1434	1367	1368
1368	1367	1260
1350	1239	1240
1350	1240	1351
1321	1210	1211
1321	1320	1210
1315	1314	1204
1413	1310	1311
1336	1225	1226
1336	1335	1225
1362	1254	1255
1362	1361	1254
1344	1233	1234
1344	1343	1233
1404	1403	1301
1435	1368	1369
1373	1265	1266
1373	1372	1265
1430	1363	1364
1423	1352	1353
1327	1216	1217
1327	1326	1216
1468	1728	1343
1431	1364	1365
1316	1205	1206
1316	1206	1317
1411	1308	1309
1555	1523	1492
1433	1366	1367
1464	1345	1346
1459	1731	1320
1410	1409	1307
1303	1189	1190
1303	1190	1304
1422	1468	1344
1524	1462	1452
1412	1411	1309
1414	1311	1312
1483	1406	1407
1487	1410	1411
1732	1528	1458
1422	1344	1345
1405	1302	1303
1560	1495	1496
1402	1299	1300
1404	1302	1405
1455	1314	1315
1414	1312	1455
1416	1325	1469
1522	1459	1451
1443	1377	1444
1444	1377	1378
1437	1370	1371
1436	1370	1437
1534	1489	1413
1554	1491	1531
1456	1383	1384
1456	1382	1383
1416	1465	1324
1648	1606	1605
1462	1337	1338
1462	1421	1337
1535	1445	1446
1446	1379	1380
1438	1371	1372
1438	1437	1371
1500	1425	1426
1454	1357	1424
1452	1339	1340
1452	1462	1339
1395	1394	1292
1445	1379	1446
1459	1320	1321
1459	1321	1451
1401	1400	1298
1439	1438	1372
1454	1385	1356
1454	1356	1357
1532	1391	1392
1392	1289	1290
1398	1295	1296
1513	1438	1439
1442	1441	1375
1472	1395	1396
1478	1401	1402
1480	1404	1481
1501	1500	1426
1423	1353	1448
1455	1312	1313
1455	1313	1386
1516	1442	1517
1517	1442	1443
1728	1341	1342
1466	1340	1341
1397	1396	1294
1580	1592	1537
1406	1303	1304
1406	1405	1303
1728	1530	1466
1497	1468	1422
1453	1329	1330
1453	1467	1329
1727	1326	1327
1727	1531	1469
1532	1447	1391
1446	1380	1447
1534	1449	1415
1449	1414	1455
1426	1359	1360
1426	1360	1427
1532	1446	1447
1535	1532	1392
1417	1333	1418
1570	1569	1506
1533	1425	1500
1425	1359	1426
1429	1362	1363
1428	1362	1429
1434	1433	1367
1495	1420	1421
1432	1365	1366
1432	1366	1433
1463	1330	1331
1463	1453	1330
1525	1452	1466
1432	1431	1365
1407	1406	1304
1730	1615	1586
1651	1611	1653
1429	1363	1430
1449	1315	1316
1449	1316	1415
1535	1392	1393
1393	1392	1290
1417	1332	1333
1417	1463	1332
1474	1397	1398
1589	1470	1471
1464	1346	1347
1464	1347	1450
1582	1521	1528
1530	1468	1497
1456	1384	1285
1456	1285	1286
1428	1361	1362
1428	1427	1361
1408	1305	1306
1408	1306	1409
1420	1335	1336
1420	1336	1421
1445	1378	1379
1445	1444	1378
1399	1296	1297
1399	1297	1400
1440	1373	1374
1440	1439	1373
1465	1322	1323
1465	1451	1322
1454	1354	1355
1454	1448	1354
1570	1506	1507
1493	1463	1417
1398	1296	1399
1537	1472	1473
1410	1307	1308
1410	1308	1411
1393	1290	1291
1393	1291	1394
1624	1573	1625
1471	1395	1472
1731	1319	1320
1731	1529	1461
1407	1304	1305
1407	1305	1408
1509	1434	1435
1623	1571	1572
1460	1351	1352
1460	1352	1423
1436	1369	1370
1436	1435	1369
1518	1443	1444
1579	1515	1516
1419	1334	1335
1419	1418	1334
1425	1358	1359
1425	1424	1358
1412	1309	1310
1412	1310	1413
1525	1524	1452
1561	1496	1524
1486	1485	1409
1485	1408	1409
1536	1420	1495
1527	1453	1463
1533	1448	1424
1533	1424	1425
1538	1537	1473
1476	1475	1399
1575	1511	1512
1481	1404	1405
1523	1465	1492
1484	1483	1407
1494	1417	1418
1559	1558	1536
1727	1467	1531
1531	1491	1469
1498	1464	1520
1503	1428	1429
1523	1451	1465
1523	1522	1451
1519	1444	1445
1589	1518	1519
1529	1459	1522
1731	1459	1529
1504	1429	1430
1506	1431	1432
1534	1413	1414
1534	1414	1449
1498	1422	1464
1498	1497	1422
1511	1437	1512
1573	1510	1574
1543	1542	1478
1506	1432	1507
1496	1421	1462
1496	1462	1524
1590	1528	1499
1499	1533	1500
1484	1407	1408
1484	1408	1485
1538	1473	1474
1473	1472	1396
1578	1515	1579
1480	1403	1404
1552	1591	1583
1488	1412	1489
1515	1440	1441
1515	1514	1440
1473	1396	1397
1473	1397	1474
1504	1503	1429
1567	1503	1504
1578	1514	1515
1539	1474	1475
1502	1428	1503
1501	1426	1427
1486	1409	1410
1486	1410	1487
1569	1505	1506
1673	1613	1614
1477	1400	1401
1477	1401	1478
1493	1417	1494
1527	1463	1493
1490	1415	1461
1591	1488	1489
1535	1446	1532
1470	1394	1471
1490	1534	1415
1490	1461	1529
1475	1398	1399
1475	1474	1398
1521	1450	1458
1521	1520	1450
1512	1437	1438
1512	1438	1513
1728	1468	1530
1530	1525	1466
1508	1433	1434
1508	1507	1433
1536	1418	1419
1536	1494	1418
1518	1444	1519
1519	1445	1535
1510	1435	1436
1509	1435	1510
1527	1526	1453
1558	1494	1536
1499	1460	1423
1499	1423	1533
1597	1596	1543
1588	1531	1526
1505	1430	1431
1505	1431	1506
1482	1406	1483
1641	1596	1597
1528	1460	1499
1581	1521	1582
1471	1394	1395
1518	1517	1443
1476	1399	1400
1476	1400	1477
1490	1489	1534
1584	1522	1523
1516	1441	1442
1516	1515	1441
1492	1465	1416
1492	1416	1491
1470	1393	1394
1470	1535	1393
1545	1480	1481
1509	1508	1434
1572	1508	1509
1668	1657	1672
1511	1436	1437
1511	1510	1436
1502	1427	1428
1502	1501	1427
1584	1523	1555
1606	1555	1553
1592	1518	1589
1592	1472	1537
1488	1411	1412
1488	1487	1411
1635	1581	1582
1568	1505	1569
1622	1570	1571
1571	1508	1572
1732	1460	1528
1528	1521	1458
1470	1519	1535
1589	1519	1470
1479	1402	1403
1479	1403	1480
1621	1569	1570
1599	1545	1546
1626	1575	1627
1556	1494	1558
1550	1549	1485
1583	1529	1522
1576	1513	1577
1597	1543	1544
1546	1545	1481
1548	1483	1484
1550	1485	1486
1601	1547	1548
1540	1475	1476
1595	1542	1596
1595	1541	1542
1585	1525	1586
1580	1517	1592
1577	1513	1514
1581	1520	1521
1635	1564	1581
1586	1525	1530
1620	1568	1569
1541	1540	1476
1593	1540	1594
1546	1481	1482
1631	1587	1610
1585	1524	1525
1561	1524	1585
1553	1492	1491
1553	1555	1492
1565	1501	1502
1590	1500	1501
1574	1510	1511
1574	1511	1575
1599	1598	1545
1632	1538	1539
1592	1517	1518
1580	1516	1517
1591	1489	1490
1591	1490	1529
1616	1562	1563
1563	1562	1497
1583	1591	1529
1604	1550	1551
1544	1479	1480
1544	1480	1545
1554	1553	1491
1605	1553	1554
1631	1588	1587
1557	1527	1493
1590	1499	1500
1590	1501	1565
1576	1512	1513
1576	1575	1512
1590	1582	1528
1590	1565	1582
1592	1471	1472
1592	1589	1471
1547	1546	1482
1729	1607	1554
1571	1507	1508
1571	1570	1507
1636	1583	1584
1584	1583	1522
1539	1475	1540
1578	1577	1514
1568	1504	1505
1568	1567	1504
1563	1497	1498
1563	1498	1564
1620	1569	1621
1566	1503	1567
1542	1477	1478
1664	1663	1625
1662	1624	1663
1561	1560	1496
1552	1487	1488
1552	1488	1591
1633	1579	1634
1579	1516	1580
1543	1478	1479
1543	1479	1544
1566	1502	1503
1566	1565	1502
1620	1619	1568
1630	1585	1586
1559	1536	1495
1559	1495	1560
1594	1540	1541
1538	1474	1539
1551	1550	1486
1602	1548	1549
1547	1482	1483
1547	1483	1548
1573	1509	1510
1573	1572	1509
1634	1538	1632
1634	1579	1580
1602	1549	1603
1646	1645	1601
1629	1577	1578
1593	1632	1539
1600	1546	1547
1587	1527	1557
1541	1476	1477
1541	1477	1542
1551	1486	1487
1551	1487	1552
1622	1571	1623
1654	1612	1613
1556	1493	1494
1556	1557	1493
1587	1526	1527
1587	1588	1526
1639	1594	1595
1596	1542	1543
1598	1544	1545
1696	1666	1639
1674	1650	1631
1600	1599	1546
1652	1609	1608
1643	1642	1598
1622	1621	1570
1597	1544	1598
1674	1631	1610
1643	1598	1599
1636	1555	1606
1637	1552	1583
1636	1584	1555
1671	1606	1648
1628	1576	1577
1628	1577	1629
1639	1670	1594
1625	1573	1574
1609	1557	1556
1600	1547	1601
1717	1680	1681
1611	1559	1612
1674	1610	1609
1644	1599	1600
1610	1587	1557
1610	1557	1609
1663	1624	1625
1642	1597	1598
1617	1564	1635
1672	1638	1618
1608	1556	1558
1608	1609	1556
1631	1607	1588
1649	1605	1607
1627	1575	1576
1627	1576	1628
1637	1551	1552
1637	1583	1636
1637	1604	1551
1671	1637	1636
1624	1572	1573
1624	1623	1572
1617	1563	1564
1617	1616	1563
1626	1574	1575
1626	1625	1574
1665	1627	1666
1614	1561	1585
1634	1580	1537
1634	1537	1538
1603	1549	1550
1603	1550	1604
1594	1541	1595
1593	1539	1540
1619	1567	1568
1619	1618	1567
1729	1588	1607
1607	1605	1554
1633	1578	1579
1633	1629	1578
1630	1614	1585
1666	1628	1670
1670	1628	1629
1670	1593	1594
1730	1562	1615
1615	1562	1616
1638	1565	1566
1638	1566	1618
1633	1634	1632
1669	1593	1670
1613	1560	1561
1613	1561	1614
1659	1620	1621
1654	1653	1612
1638	1582	1565
1638	1635	1582
1662	1661	1623
1650	1607	1631
1674	1609	1652
1704	1680	1717
1673	1614	1630
1689	1698	1658
1612	1559	1560
1612	1560	1613
1669	1629	1633
1669	1670	1629
1657	1616	1617
1654	1613	1673
1611	1558	1559
1611	1608	1558
1671	1604	1637
1671	1636	1606
1666	1627	1628
1640	1639	1595
1699	1607	1650
1699	1649	1607
1662	1623	1624
1658	1619	1620
1653	1611	1612
1683	1653	1686
1695	1664	1665
1666	1670	1639
1657	1655	1616
1655	1615	1616
1675	1640	1641
1664	1625	1626
1710	1687	1688
1693	1663	1694
1698	1657	1668
1672	1635	1638
1669	1632	1593
1669	1633	1632
1668	1619	1658
1658	1620	1659
1645	1644	1600
1649	1648	1605
1660	1621	1622
1660	1659	1621
1661	1622	1623
1661	1660	1622
1672	1617	1635
1672	1657	1617
1651	1608	1611
1651	1652	1608
1647	1602	1603
1645	1600	1601
1698	1668	1658
1698	1655	1657
1700	1615	1655
1691	1660	1661
1694	1664	1695
1642	1641	1597
1640	1595	1596
1640	1596	1641
1680	1645	1646
1686	1653	1654
1643	1599	1644
1684	1652	1651
1676	1675	1641
1694	1663	1664
1692	1661	1662
1696	1665	1666
1668	1618	1619
1668	1672	1618
1656	1630	1615
1656	1673	1630
1719	1714	1701
1679	1645	1680
1704	1717	1682
1717	1681	1699
1682	1650	1674
1679	1644	1645
1697	1647	1667
1697	1648	1649
1667	1647	1603
1667	1671	1648
1646	1601	1602
1646	1602	1647
1667	1603	1604
1667	1604	1671
1665	1626	1627
1665	1664	1626
1683	1651	1653
1714	1715	1701
1696	1695	1665
1696	1675	1695
1704	1679	1680
1683	1684	1651
1678	1677	1643
1677	1642	1643
1685	1674	1652
1685	1652	1684
1704	1703	1679
1685	1682	1674
1681	1649	1699
1697	1667	1648
1708	1685	1684
1678	1643	1644
1687	1686	1654
1690	1660	1691
1720	1707	1718
1691	1661	1692
1706	1683	1686
1713	1692	1693
1688	1687	1673
1716	1689	1690
1688	1673	1656
1687	1654	1673
1713	1712	1692
1709	1687	1710
1700	1656	1615
1689	1658	1659
1700	1655	1689
1689	1655	1698
1681	1697	1649
1681	1680	1646
1711	1716	1690
1716	1700	1689
1714	1694	1715
1715	1694	1695
1703	1678	1679
1678	1644	1679
1707	1683	1706
1701	1715	1676
1696	1639	1640
1696	1640	1675
1690	1659	1660
1690	1689	1659
1681	1646	1647
1681	1647	1697
1693	1662	1663
1693	1692	1662
1676	1641	1642
1676	1642	1677
1715	1695	1675
1715	1675	1676
1711	1691	1712
1712	1691	1692
1707	1684	1683
1707	1708	1684
1702	1677	1678
1702	1678	1703
1711	1712	1710
1711	1690	1691
1709	1686	1687
1709	1706	1686
1716	1688	1656
1716	1656	1700
1717	1650	1682
1717	1699	1650
1721	1712	1713
1721	1709	1710
1701	1676	1677
1701	1677	1702
1720	1702	1703
1705	1685	1708
1719	1701	1702
1720	1708	1707
1705	1682	1685
1705	1704	1682
1711	1710	1688
1711	1688	1716
1714	1693	1694
1714	1713	1693
1718	1707	1706
1720	1703	1705
1705	1703	1704
1720	1705	1708
1721	1706	1709
1721	1710	1712
1719	1713	1714
1721	1718	1706
1720	1718	1719
1720	1719	1702
1721	1713	1719
1721	1719	1718
1728	1342	1343
1728	1466	1341
134	1	1724
1724	375	134
1722	558	885
1722	885	724
65	2	1723
1723	71	376
1729	1554	1531
1729	1531	1588
1732	1350	1351
1732	1351	1460
1727	1327	1328
1727	1469	1326
70	3	1726
1726	5	377
1731	1318	1319
1731	1461	1318
195	4	1725
1725	378	195
1730	1586	1530
1730	1530	1562