BCnode   BCtype
184     4
outBCNode	outBCNum
1	1
139	1
138	1
137	1
136	1
135	1
134	1
133	1
132	1
131	1
130	1
129	1
128	1
127	1
126	1
125	1
124	1
123	1
122	1
121	1
120	1
119	1
118	1
117	1
116	1
115	1
114	1
113	1
112	1
111	1
110	1
109	1
108	1
107	1
106	1
105	1
104	1
103	1
102	1
101	1
2	1
57	3
56	3
55	3
54	3
53	3
52	3
51	3
50	3
49	3
48	3
47	3
46	3
45	3
44	3
43	3
42	3
41	3
40	3
39	3
38	3
37	3
36	3
35	3
34	3
33	3
32	3
31	3
30	3
29	3
28	3
27	3
26	3
25	3
24	3
23	3
22	3
21	3
20	3
19	3
3	2
100	2
99	2
98	2
97	2
96	2
95	2
94	2
93	2
92	2
91	2
90	2
89	2
88	2
87	2
86	2
85	2
84	2
83	2
82	2
81	2
80	2
79	2
78	2
77	2
76	2
75	2
74	2
73	2
72	2
71	2
70	2
69	2
68	2
67	2
66	2
65	2
64	2
63	2
62	2
4	2
184	3
183	3
182	3
181	3
180	3
179	3
178	3
177	3
176	3
175	3
174	3
173	3
172	3
171	3
170	3
169	3
168	3
167	3
166	3
165	3
164	3
163	3
162	3
161	3
160	3
159	3
158	3
157	3
156	3
155	3
154	3
153	3
152	3
151	3
150	3
149	3
148	3
147	3
146	3
5	4
6	4
7	4
8	4
9	4
10	4
11	4
12	4
13	4
14	4
15	4
16	4
17	4
18	4
58	4
59	4
60	4
61	4
140	4
141	4
142	4
143	4
144	4
145	4
