0	0
0	10
10	10
10	0
3.945	5.5
4	5.445
4.055	5.5
4	5.555
3.945	4.5
4	4.445
4.055	4.5
4	4.555
4.04753495130763	5.47233362321913
4.02767193358639	5.45246828330903
4.04753495130763	4.47233362321913
4.02767193358639	4.45246828330903
4.02766637678087	5.54753495130763
4.04753171669097	5.52767193358639
9.75	10
9.5	10
9.25	10
9	10
8.75	10
8.5	10
8.25	10
8	10
7.75	10
7.5	10
7.25	10
7	10
6.75	10
6.5	10
6.25	10
6	10
5.75	10
5.5	10
5.25	10
5	10
4.75	10
4.5	10
4.25	10
4	10
3.75	10
3.5	10
3.25	10
3	10
2.75	10
2.5	10
2.25	10
2	10
1.75	10
1.5	10
1.25	10
0.999999999999999	10
0.749999999999999	10
0.5	10
0.25	10
4.02766637678087	4.54753495130763
4.04753171669097	4.52767193358639
3.97233362321913	5.45246504869237
3.95246828330904	5.4723280664136
10	0.25
10	0.5
10	0.75
10	1
10	1.25
10	1.5
10	1.75
10	2
10	2.25
10	2.5
10	2.75
10	3
10	3.25
10	3.5
10	3.75
10	4
10	4.25
10	4.5
10	4.75
10	5
10	5.25
10	5.5
10	5.75
10	6
10	6.25
10	6.5
10	6.75
10	7
10	7.25
10	7.5
10	7.75
10	8
10	8.25
10	8.5
10	8.75
10	9
10	9.25
10	9.5
10	9.75
0	9.75
0	9.5
0	9.25
0	9
0	8.75
0	8.5
0	8.25
0	8
0	7.75
0	7.5
0	7.25
0	7
0	6.75
0	6.5
0	6.25
0	6
0	5.75
0	5.5
0	5.25
0	5
0	4.75
0	4.5
0	4.25
0	4
0	3.75
0	3.5
0	3.25
0	3
0	2.75
0	2.5
0	2.25
0	2
0	1.75
0	1.5
0	1.25
0	0.999999999999999
0	0.749999999999999
0	0.5
0	0.25
3.95246504869237	5.52766637678087
3.97232806641361	5.54753171669097
3.97233362321913	4.45246504869237
3.95246828330904	4.4723280664136
3.95246504869237	4.52766637678087
3.97232806641361	4.54753171669097
0.25	0
0.5	0
0.75	0
1	0
1.25	0
1.5	0
1.75	0
2	0
2.25	0
2.5	0
2.75	0
3	0
3.25	0
3.5	0
3.75	0
4	0
4.25	0
4.5	0
4.75	0
5	0
5.25	0
5.5	0
5.75	0
6	0
6.25	0
6.5	0
6.75	0
7	0
7.25	0
7.5	0
7.75	0
8	0
8.25	0
8.5	0
8.75	0
9	0
9.25	0
9.5	0
9.75	0
3.96791890680923	5.58062810526002
4.02699662024296	5.58134083327795
3.94049643912829	5.55618342979802
3.92030598921918	5.52740497113449
3.92000682854813	5.47292634707848
3.94268857483505	5.44289699050712
3.97289244710199	5.42011856232638
4.02661027139219	5.42123334098311
4.05973611909576	5.44500039144266
4.08208552280892	5.47819633216186
4.07819609382809	5.52150980208121
4.05800534367914	5.55725977655061
9.62085072153489	0.196200848410457
9.38600484224144	0.23594580355388
9.13128577087289	0.230493839190412
8.88243390103001	0.231549131650104
8.625	0.216506350946109
8.375	0.216506350946109
8.125	0.216506350946109
7.875	0.216506350946109
7.625	0.216506350946109
7.375	0.216506350946109
7.125	0.21650635094611
6.875	0.213568934236757
6.625	0.213413502165258
6.375	0.213413502165258
6.125	0.213413502165258
5.875	0.213399684430382
5.625	0.213399684430381
5.375	0.213399684430381
5.125	0.213399684430381
4.875	0.213399684430382
4.625	0.213399684430382
4.375	0.213424564588057
4.125	0.213424564588057
3.875	0.213424564588057
3.625	0.213424564588058
3.375	0.213399765461603
3.125	0.213399765461602
2.875	0.213399765461602
2.625	0.213399765461602
2.375	0.216506350946109
2.125	0.216506350946109
1.875	0.216506350946109
1.625	0.216506350946109
1.375	0.216506350946109
1.12206684245602	0.22426711847957
0.870293409673688	0.224795253105556
0.610603433143955	0.229556017448075
0.373638875291481	0.200561470090368
0.196200848410457	0.379149278465113
0.227929609742743	0.61058225955819
0.220115780808591	0.868868917227746
0.218336931394019	1.12297313718543
0.21650635094611	1.375
0.21650635094611	1.625
0.216506350946109	1.875
0.21650635094611	2.125
0.216506350946109	2.375
0.21302096060488	2.625
0.213003399489132	2.875
0.213003399489132	3.125
0.213003399489132	3.375
0.213003399489132	3.625
0.213003399489133	3.875
0.21303073798869	4.125
0.21303073798869	4.375
0.21303073798869	4.625
0.21303073798869	4.875
0.21303073798869	5.125
0.21303073798869	5.375
0.21303073798869	5.625
0.21303073798869	5.875
0.213003505376993	6.125
0.213003505376993	6.375
0.213003505376993	6.625
0.213003505376993	6.875
0.213003505376994	7.125
0.213021148932684	7.375
0.21650635094611	7.625
0.216506350946109	7.875
0.216506350946109	8.125
0.216506350946109	8.375
0.21650635094611	8.625
0.216506350946109	8.875
0.217097770665145	9.13043944657381
0.222811943449917	9.39071555050932
0.196200848410457	9.62085072153489
0.373638875291481	9.79943852990963
0.610033414611572	9.76757421732918
0.869170179491844	9.77174976670536
1.12045459493283	9.76865003086931
1.375	9.78349364905389
1.625	9.78349364905389
1.875	9.78349364905389
2.125	9.78349364905389
2.375	9.78349364905389
2.625	9.78660031556962
2.875	9.78660031556962
3.125	9.78660031556962
3.375	9.78660031556962
3.625	9.78657543541194
3.875	9.78657543541194
4.125	9.78657543541194
4.375	9.78657543541194
4.625	9.7866002345384
4.875	9.7866002345384
5.125	9.7866002345384
5.375	9.7866002345384
5.625	9.7866002345384
5.875	9.7866002345384
6.125	9.78658634731063
6.375	9.78658634731063
6.625	9.78658634731063
6.875	9.7864310294388
7.125	9.78349364905389
7.375	9.78349364905389
7.625	9.78349364905389
7.875	9.78349364905389
8.125	9.78349364905389
8.375	9.78349364905389
8.625	9.78349364905389
8.87796826629675	9.77572977602664
9.12915421752823	9.77544518139617
9.38665154003893	9.77173961903986
9.62085072153489	9.80379915158954
9.79943852990963	9.62636112470852
9.77069073758098	9.39211602898154
9.77857714258921	9.13149597143059
9.78187520477589	8.8775322481824
9.78349364905389	8.625
9.78349364905389	8.375
9.78349364905389	8.125
9.78349364905389	7.875
9.78349364905389	7.625
9.78349364905389	7.375
9.78349364905389	7.125
9.78349364905389	6.875
9.78349364905389	6.625
9.78349364905389	6.375
9.78349364905389	6.125
9.78349364905389	5.875
9.78349364905389	5.625
9.78349364905389	5.375
9.78349364905389	5.125
9.78349364905389	4.875
9.78349364905389	4.625
9.78349364905389	4.375
9.78349364905389	4.125
9.78349364905389	3.875
9.78349364905389	3.625
9.78349364905389	3.375
9.78349364905389	3.125
9.78349364905389	2.875
9.78349364905389	2.625
9.78349364905389	2.375
9.78349364905389	2.125
9.78349364905389	1.875
9.78349364905389	1.625
9.78349364905389	1.375
9.78375756527217	1.1207474607735
9.78311475984754	0.868166474959357
9.77513239977588	0.606561116601581
9.79965443998737	0.371202854997424
3.97339217824304	4.57877172303781
4.02711005587842	4.57986810100919
4.05730059372659	4.55709220171765
4.0797337498118	4.52701273322055
4.07872821384377	4.47305602613127
4.05934935532973	4.44390255976719
4.03230821670972	4.41895878534506
3.97270701637656	4.42161477587563
3.94318868635006	4.44339611977147
3.91836736799243	4.46839482106373
3.91794161800269	4.52684260239843
3.94290101350659	4.55730739333862
9.83421966423476	0.16393895291851
9.82924682452694	9.82924682452695
0.170753175473055	0.170753175473054
0.170753175473055	9.82924682452695
3.99695285877062	5.6002720709213
3.93278242081524	5.59149088789499
4.06502226559204	5.59585847397564
3.90373195124365	5.56458844454494
3.90495521191657	5.49731422827294
3.90571576897661	5.43333218122558
3.93554818885679	5.4039960825993
4.0020965651977	5.40283458015838
4.06693988979405	5.40843067648849
4.09688692254496	5.43647403791982
4.10791537060853	5.50152955157127
4.09429130170209	5.5654427184481
9.25729825540878	0.457950766594839
9.01254388391891	0.463465446420137
8.75587507087353	0.440195312208857
8.5	0.433012701892219
8.25	0.433012701892219
8	0.433012701892219
7.75	0.433012701892219
7.5	0.433012701892219
7.25	0.43301270189222
6.99745619273976	0.431538016213834
6.74986726286529	0.426988235625227
6.5	0.426760300893523
6.25	0.426731497570021
5.9999882097092	0.426724675240648
5.75	0.426717690329642
5.5	0.426717690329642
5.25	0.426717690329642
5	0.42670396336727
4.75	0.426703963367269
4.5000212281717	0.426716356463511
4.25	0.426728824449194
4	0.426728824449193
3.75	0.426728936539086
3.49997884095438	0.42671650917758
3.25	0.426704156424965
3	0.426704156424965
2.75	0.426718064535571
2.50269029887172	0.431452723603004
2.25	0.433012701892219
2	0.433012701892219
1.75	0.433012701892219
1.5	0.433012701892219
1.25105044438197	0.437701828671041
0.996175234339581	0.452309685928091
0.743816591668372	0.444621174239574
0.439435818338355	0.738347178000046
0.436309757515371	0.993808015528644
0.434855718384672	1.24693970246782
0.43301270189222	1.5
0.433012701892219	1.75
0.433012701892219	2
0.433012701892219	2.25
0.431261591604547	2.50301831925774
0.425899730923924	2.75001495417169
0.425890843028205	3
0.425680948999505	3.24997944222706
0.425872756391321	3.5
0.42587275639132	3.75
0.425707387379702	3.99997826681571
0.425495586374186	4.24994341907229
0.425643745419856	4.49998629135614
0.42570916563703	4.74999669382181
0.425720772701867	5.0000019902103
0.425750756543335	5.25000078134451
0.425722386372713	5.50000018067217
0.425544517824379	5.750005395752
0.425680059536964	6.00001479760588
0.425873005246555	6.25
0.425873005246555	6.5
0.425677204396723	6.75002830035292
0.425891153825341	7
0.425900083416147	7.24998497561207
0.431261686677688	7.49698184381991
0.433012701892219	7.75
0.433012701892218	8
0.433012701892219	8.25
0.433012701892219	8.5
0.433012701892219	8.75
0.431868740781939	9.00591206160773
0.429285933425372	9.26543730413618
0.740763000021691	9.55145573646321
0.992211849550246	9.53827873680451
1.24814867640281	9.55813373466815
1.5	9.56698729810778
1.75	9.56698729810778
2	9.56698729810778
2.25	9.56698729810778
2.50269036904031	9.56854731726134
2.75	9.57328217210123
3	9.57329603663273
3.25	9.57329603663273
3.4999787718283	9.57328364353649
3.75	9.57327117555081
4	9.57327117555081
4.25	9.57327106346091
4.50002115904562	9.57328349082242
4.75	9.57329584357503
5	9.57329584357504
5.25	9.57328206953725
5.5	9.57328206953725
5.75	9.57328206953725
5.99998815040398	9.57327504951521
6.25	9.57326819285572
6.5	9.57323943047642
6.74986736038616	9.57301166405911
6.99745622419505	9.56846196547613
7.25	9.56698729810778
7.5	9.56698729810778
7.75	9.56698729810778
8	9.56698729810778
8.25	9.56698729810778
8.5	9.56698729810778
8.74993203031907	9.56313143665349
9.00396646789319	9.54771685930379
9.25629270933965	9.55580716331744
9.56056362063851	9.26164279958572
9.56306855793571	9.00682259390648
9.56512224640184	8.75326107748677
9.56698729810778	8.5
9.56698729810778	8.25
9.56698729810778	8
9.56698729810778	7.75
9.56698729810778	7.5
9.56698729810778	7.25
9.56698729810778	7
9.56698729810778	6.75
9.56698729810778	6.5
9.56698729810778	6.25
9.56698729810778	6
9.56698729810778	5.75
9.56698729810778	5.5
9.56698729810778	5.25
9.56698729810778	5
9.56698729810778	4.75
9.56698729810778	4.5
9.56698729810778	4.25
9.56698729810778	4
9.56698729810778	3.75
9.56698729810778	3.5
9.56698729810778	3.25
9.56698729810778	3
9.56698729810778	2.75
9.56698729810778	2.5
9.56698729810778	2.25
9.56698729810778	2
9.56698729810778	1.75
9.56698729810778	1.5
9.56783792500161	1.24769485498519
9.5690254818043	0.994838394103609
9.5704015231673	0.737023653671249
3.9979002843917	4.59713878604256
3.9341260760315	4.59392414221714
4.06396218113297	4.59545614344408
4.09373038031987	4.56607290050404
4.0978772490584	4.50172507949738
4.09550244134455	4.43530561507219
4.0687111135844	4.40389401579426
4.00404100096667	4.4055252075393
3.93389110834683	4.40627331563386
3.90383537458207	4.434154631057
3.89885546152397	4.49657769750669
3.90310936321557	4.56492390372083
9.53737244032718	0.465125694338063
0.464673173561307	0.464072984722937
0.459192082389728	9.53539132674338
9.5347343172281	9.53964528800888
9.13502966083763	0.712339326313169
8.875	0.64951905283833
8.62388703966216	0.652929781504898
8.375	0.649519052838328
8.125	0.649519052838328
7.875	0.649519052838328
7.625	0.649519052838328
7.375	0.649519052838327
7.12245613534947	0.650102034587657
6.8728190068106	0.645401946155836
6.62473895352785	0.640284637310649
6.37497542943782	0.640007419038524
6.12498828533835	0.639990682693591
5.87498814616429	0.639981211689461
5.625	0.639946492003423
5.375	0.639946492003423
5.12498829206208	0.63993968265141
4.875	0.639932776442184
4.6250211851283	0.639936633509837
4.37502124709912	0.639947012180158
4.125	0.639950946306794
3.87500009560018	0.639951002351649
3.62497882210669	0.639947137016104
3.3749788838275	0.639937259632974
3.125	0.639933415124209
2.87501186246687	0.639940412450581
2.62728813931208	0.644529835779325
2.37761613739193	0.647960713637644
2.125	0.649519052838328
1.875	0.649519052838328
1.625	0.649519052838328
1.38040935864384	0.652768798315288
1.13418594339319	0.65322404361702
0.870596446529515	0.689509939282043
0.656234504332045	0.859973228516257
0.653668604305133	1.115498345102
0.649500852285766	1.36951480746519
0.649519052838329	1.625
0.649519052838328	1.875
0.649519052838329	2.125
0.650209788389963	2.37801841495614
0.644697552841218	2.62748354070933
0.64093658823296	2.87618444296236
0.638645233886232	3.125
0.638379714784512	3.37500338366889
0.63840936106546	3.62501637827691
0.638438556863805	3.87498923682552
0.638389071919284	4.12496680466851
0.638118121048463	4.37494528670464
0.638324069677529	4.62498504964721
0.638375471079363	4.8749975110916
0.638434768290976	5.12500344564334
0.638436705682678	5.37500152717685
0.63839054414129	5.62500492068367
0.638234924588767	5.87502301137867
0.638420717893189	6.12501177037409
0.638411535513054	6.37500612062989
0.638375165648293	6.62502280743599
0.638645883497418	6.875
0.64076430864066	7.12381494201597
0.644651917222834	7.37254140144849
0.650209751411423	7.62198174813695
0.649519052838328	7.875
0.649519052838328	8.125
0.649519052838329	8.375
0.649519052838328	8.625
0.648804400527307	8.88013940415775
0.646050687778362	9.13395818295313
0.864761470574257	9.30000558996925
1.13230819639156	9.34318440782725
1.3801217511466	9.34534153178608
1.625	9.35048094716167
1.875	9.35048094716167
2.125	9.35048094716167
2.37769043689527	9.34986465030742
2.62719839820435	9.3547639500747
2.87501182528237	9.36006007506605
3.125	9.3600670504844
3.37497881486312	9.36006319342393
3.62497875290088	9.36005298781984
3.875	9.36004905369321
4.12499990439982	9.36004899764835
4.37502117789331	9.3600528629839
4.62502111616416	9.36006290911189
4.875	9.36006675362763
5.12498825189547	9.36005982375125
5.375	9.36005299102865
5.625	9.36005299102865
5.87498808655647	9.36001848604024
6.12498822640162	9.36000896739873
6.37497546435933	9.35999224159711
6.62473914619951	9.35971526469338
6.87282632978758	9.35463468422465
7.12245616680688	9.34989797256567
7.375	9.35048094716167
7.625	9.35048094716167
7.875	9.35048094716167
8.125	9.35048094716167
8.375	9.35048094716167
8.61991021072728	9.34608945967039
8.86617679371413	9.3469385156285
9.12938070310382	9.31032344870332
9.34364698571289	9.13986852602325
9.34623930166677	8.88437428861097
9.3482919080913	8.62987585855278
9.35048094716167	8.375
9.35048094716167	8.125
9.35048094716167	7.875
9.35048094716167	7.625
9.35048094716167	7.375
9.35048094716167	7.125
9.35048094716167	6.875
9.35048094716167	6.625
9.35048094716167	6.375
9.35048094716167	6.125
9.35048094716167	5.875
9.35048094716167	5.625
9.35048094716167	5.375
9.35048094716167	5.125
9.35048094716167	4.875
9.35048094716167	4.625
9.35048094716167	4.375
9.35048094716167	4.125
9.35048094716167	3.875
9.35048094716167	3.625
9.35048094716167	3.375
9.35048094716167	3.125
9.35048094716167	2.875
9.35048094716167	2.625
9.35048094716167	2.375
9.35048094716167	2.125
9.35048094716167	1.875
9.35048094716167	1.625
9.35048094716167	1.375
9.35359756625111	1.11992887513134
9.35487399512454	0.870290163168398
9.37337573955884	0.654228006442887
0.6370713816267	0.639410642208234
9.36292500261298	9.36056129713596
0.62852199007665	9.35786659132861
3.87769727942183	5.4656827792845
3.87557696662067	4.53245470051655
4.12102600553555	4.53214048307618
4.12365233586719	5.46718033223686
4.03326429159226	5.62259707125215
3.9666898370416	4.37879992511007
4.03854980498242	4.38003316412898
3.96527140479977	5.62351545152311
4.12385798826276	5.5343644396894
4.11872308572086	4.46660036900686
3.87813964798434	4.46343057053633
3.88009444123716	5.53309354617121
4.03383477454956	5.38122977608266
3.96442968815862	4.61893682853012
4.0312468176078	4.61877436107447
3.96777766369856	5.38037678458841
3.92557186165935	5.64369372359849
3.8902050673105	5.6092146446889
4.07484268319594	5.64186000855431
4.110138478118	5.60986773350628
3.85901888899057	5.57539365320674
3.85706280825167	5.42459820737723
3.89087607970684	5.38711640714331
3.92743301348759	5.35895368527519
4.10865182150345	5.39065873992697
4.07257287239346	5.35881983963502
4.14131948021828	5.4254288979416
4.14507275475966	5.57434407589693
3.92750649395717	4.64129490710798
3.89049719118438	4.60983700947296
4.10687317762677	4.60910410016837
4.07264109499455	4.640954807633
4.14080964972172	4.57426838957591
4.1395302944566	4.4254181049078
4.11037918975307	4.39022996193144
4.07624669359741	4.35765060827282
3.88959350343158	4.3903390456815
3.92525772362794	4.3562073022281
3.85794010710539	4.42435813711876
3.85640285806813	4.57395506706991
8.74013397477343	0.877560202166363
8.49552959449513	0.868181561317299
8.25	0.866025403784437
8	0.866025403784437
7.75	0.866025403784437
7.5	0.866025403784436
7.24610144541899	0.866878618795692
6.99524526664133	0.864268062531538
6.74625443198182	0.858788815334122
6.49962051416204	0.853383637872868
6.24996759053162	0.853099982819593
5.99998014258682	0.853088192890666
5.74996447984686	0.853040606591445
5.5	0.852988075121854
5.24998834400618	0.85296983960921
4.99998826099628	0.852960443033683
4.75001387942151	0.852957856799532
4.50003005979864	0.852967250521866
4.25001397557721	0.852976726156312
4.00000009555603	0.852976408192572
3.74998616543506	0.852977058592009
3.49997043642048	0.852967865736337
3.24998616575575	0.852958735259406
3.00001189392236	0.852961349322591
2.75384921104642	0.85781774630797
2.50540294838909	0.86256269008037
2.25255442452636	0.866034411706465
2	0.866025403784437
1.75	0.866025403784437
1.507303444496	0.871444764600264
1.26944754692846	0.878154153587929
0.867154399567701	1.2363520541043
0.859463929517214	1.49381375147608
0.866025403784437	1.75
0.866025403784438	2
0.866981078619436	2.25458106446523
0.863757913949285	2.50550198938048
0.857843022235325	2.75423152003468
0.853887621658402	3.00161509732599
0.851150029390601	3.25001530326641
0.850951669992257	3.50010350844113
0.850958008208728	3.75002331130221
0.850961531112632	3.99997875085667
0.850831876019794	4.24997144977802
0.850599670622549	4.49993197978792
0.850816298319976	4.74998314500965
0.850875256906925	4.99999987864488
0.850937064086332	5.25000482648791
0.850912900326961	5.50000581445304
0.850785300344139	5.75003045560025
0.850953265710463	6.00002120104064
0.850958477451055	6.24999751343142
0.850959192738393	6.49999193523401
0.851151042309502	6.74998464427156
0.853301510729723	6.99820648756779
0.857491905746691	7.24583361612236
0.863888954312133	7.49447322646296
0.867011632686661	7.74540977035457
0.866025403784437	8
0.866025403784438	8.25
0.866025403784438	8.5
0.869373907623289	8.76056156617064
1.26947037005274	9.12215487440007
1.50738405957144	9.12860238903587
1.75	9.13397459621556
2	9.13397459621556
2.25406992567759	9.13310913711375
2.5048817591508	9.13590321694781
2.75381250577746	9.14140018635883
3.00001185665347	9.14703938142729
3.24998612058063	9.14704198976485
3.49997008766792	9.14703268218834
3.74998602442309	9.14702329331645
3.99999990444398	9.14702361127887
4.25001383456521	9.14702292391417
4.50002970736402	9.14703220136541
4.7500138342463	9.1470414158376
4.99998822073739	9.14703882331572
5.24998830400338	9.14702939449875
5.5	9.14701110756695
5.74996463302502	9.14695892666113
5.99998004269524	9.14691114448246
6.24996758749385	9.14689932673301
6.49962083403631	9.14661601550947
6.74626954585513	9.14133899611692
6.99526269875599	9.13579755405843
7.24610839374083	9.13313672597747
7.5	9.13397459621556
7.75	9.13397459621556
8	9.13397459621556
8.25	9.13397459621556
8.4940655260856	9.12595203865834
8.73316934861899	9.12237622200226
9.12909059320658	8.76196680074022
9.13266867080308	8.50468313393974
9.13397459621556	8.25
9.13397459621556	8
9.13397459621556	7.75
9.13397459621556	7.5
9.13397459621556	7.25
9.13397459621556	7
9.13397459621556	6.75
9.13397459621556	6.5
9.13397459621556	6.25
9.13397459621556	6
9.13397459621556	5.75
9.13397459621556	5.5
9.13397459621556	5.25
9.13397459621556	5
9.13397459621556	4.75
9.13397459621556	4.5
9.13397459621556	4.25
9.13397459621556	4
9.13397459621556	3.75
9.13397459621556	3.5
9.13397459621556	3.25
9.13397459621556	3
9.13397459621556	2.75
9.13397459621556	2.5
9.13397459621556	2.25
9.13397459621556	2
9.13397459621556	1.75
9.1352874545749	1.49586071486155
9.13310955399384	1.23507222139361
9.13249462511491	9.03525515002188
0.867022496434842	0.964034271076552
9.14506484956472	0.991174727163323
0.85928037555427	9.02530525088918
4.00088031648869	4.35130374870824
3.99887245714271	5.64843598828324
3.84778811233719	4.49863052633668
3.85438630925657	5.49993718434469
4.00014176443987	5.35470726380299
3.99981766573662	4.64202185173598
4.15108157747179	5.50020680703855
4.14765747585835	4.49791457648463
3.8757587422614	5.66376237186825
3.83613591120457	5.6213069923799
4.12622618678021	5.66287254591132
4.16529811732745	5.62349884384706
3.83944193447503	5.37501617242967
3.88323408544877	5.33450144826741
4.15865670053754	5.37585949971801
4.11657469545901	5.3352756252429
3.88269486905515	4.66408049401044
3.83846390882784	4.62549842889299
4.11569639128322	4.66117490465837
4.15898918210199	4.62346934858425
4.16250319017251	4.37882315556889
4.12547616306397	4.33763365171611
3.87568155902066	4.33656638433788
3.83508420418263	4.37872905504297
8.62910397649602	1.07248797634091
8.38075731477103	1.08913881246543
8.13380973105459	1.09591877429614
7.875	1.08253175473055
7.625	1.08253175473055
7.3719702118522	1.08471012120188
7.11816999088003	1.08707513118813
6.86658351843932	1.0783519797836
6.61989900148254	1.0716880060333
6.3745518848531	1.0663803464691
6.12496382110164	1.0660926834691
5.87493176987513	1.06606626333432
5.62493747955857	1.06600098312292
5.37497863668577	1.06597052413983
5.12498029920441	1.06589642300522
4.87499886725159	1.06588762365995
4.62502997092889	1.06589201533876
4.37503008737503	1.06589193391069
4.12502236201563	1.06576894964561
3.87500486416923	1.06578475883666
3.62497047205243	1.06589236928048
3.37497052397068	1.06589380189581
3.12500125651238	1.06588949432783
2.8798951381064	1.07052416987657
2.63381831107176	1.07643733524496
2.38429869526699	1.08101175990826
2.122986590164	1.08830537674817
1.86169763652291	1.0986897566027
1.619419057472	1.09019212026329
1.375	1.08253175473055
1.05986881783612	1.37264032054408
1.10438128037966	1.10321540227886
1.08907167981099	1.61900096115947
1.09650811319351	1.86352649469229
1.08884859155756	2.12414417858482
1.08787584683923	2.38317180871899
1.07678111004293	2.63467895460801
1.07266207828634	2.87997284437466
1.06553482894657	3.12724971109164
1.06352770661006	3.37540389166061
1.0632974907352	3.62506982472691
1.06328887562738	3.87499531708309
1.06327814212676	4.12497427943101
1.06320024755162	4.37496324645772
1.06284687003251	4.62493556811841
1.06305768609352	4.87498869625429
1.06314720455045	5.12500329231464
1.06320983469064	5.37500438714408
1.06309373516229	5.62502217297918
1.06326289594534	5.87502135108822
1.06328682852539	6.12500233089806
1.06330071926524	6.37493059187229
1.06346911919544	6.62495529558962
1.06560262554832	6.87285543108189
1.06987799396124	7.11945316833147
1.077503163931	7.36536952530673
1.08787558835906	7.61682866291075
1.08982104477352	7.87636872030121
1.09892629586101	8.138303626783
1.08950872607813	8.38023688054536
1.07995779945796	8.6265392006726
1.10467568646105	8.89704640071817
1.375	8.91746824526945
1.61967729549858	8.90980758920046
1.86505401283238	8.90394506961137
2.1236251191995	8.9114846743578
2.38227987153746	8.91272834789617
2.63355356253782	8.92210816981332
2.88062354267834	8.92798493086407
3.12500121040883	8.93411166391915
3.37497017616534	8.93410729747143
3.62497006024345	8.93410805816902
3.87500733817861	8.93423393226541
4.12502484422112	8.934324726738
4.37502967187977	8.93410764021031
4.62502961945096	8.93410688418485
4.87499881917423	8.93411121635374
5.12498023159655	8.93410239814896
5.37497857287034	8.93402853136714
5.62493785484493	8.93399821194851
5.87493162957268	8.93393304508527
6.12496374592903	8.93390647679378
6.37455233716653	8.93361917142981
6.61999024963992	8.92857757696486
6.86659018643426	8.92199876411275
7.11817002964403	8.91292495371348
7.37183232584615	8.91503382956074
7.625	8.91746824526945
7.875	8.91746824526945
8.13839186601502	8.89973429402762
8.38136281309342	8.90690371445814
8.62465787457673	8.91264336858816
8.92226432004965	8.62316156508704
8.89463057371492	8.89387431041006
8.91046129548432	8.37871825833855
8.90469623052712	8.13316916580357
8.91746824526945	7.875
8.91746824526945	7.625
8.91746824526945	7.375
8.91746824526945	7.12500000000001
8.91746824526945	6.875
8.91746824526945	6.625
8.91746824526945	6.375
8.91746824526945	6.125
8.91746824526945	5.875
8.91746824526945	5.625
8.91746824526945	5.375
8.91746824526945	5.125
8.91746824526945	4.875
8.91746824526945	4.625
8.91746824526945	4.375
8.91746824526945	4.125
8.91746824526945	3.875
8.91746824526945	3.625
8.91746824526945	3.375
8.91746824526945	3.125
8.91746824526945	2.875
8.91746824526945	2.625
8.91746824526945	2.375
8.91746824526945	2.125
8.90064877024192	1.86053586700234
8.90710721021807	1.61419079690075
8.93291962505699	1.37157327258348
8.89551094116444	1.10420334671291
4.17036251326001	4.53497846064531
3.82660927502211	5.46354591280566
4.17096422527724	5.46171611998067
3.82504051237288	4.5363082822067
3.96193613807421	5.67776145457573
4.03878259130157	4.32775568739559
4.03868509877408	5.6715564516757
3.96136689212281	4.32484996479147
4.17740311528	5.53651213952305
3.83696625113866	5.53946366278699
3.83688025432315	4.46080200803864
4.16044507334107	4.45979891673498
4.03614298864078	5.33855022943522
3.9638715724021	4.66144817858702
4.0365962591308	4.66118948481209
3.96342014221997	5.3388124959879
1.0524722023624	0.860411025126385
8.95680005447573	0.865720619212704
8.94821593724642	9.13836266060285
1.04685884133917	9.13709298875213
3.81344510270849	5.681151134914
4.1849435998597	5.68367144261809
3.82552921364516	5.31658957734793
4.17399730381591	5.31776911723378
3.82496725760993	4.68612515755727
4.17406048042259	4.68176969919824
4.18401523094962	4.31956412727143
3.81332159425624	4.31887520359993
8.50725137666445	1.30599968749365
8.27214899483306	1.32790656285235
8.00748519679653	1.30980159601276
7.75	1.29903810567666
7.49753959252177	1.30325850209297
7.24287496725338	1.30564549902424
6.98719957257597	1.30121632768349
6.73901711479965	1.29172490106445
6.49424852815147	1.28450351836899
6.24951229402991	1.27929339830813
5.99992529815265	1.27898735785243
5.74987902976733	1.27893765113201
5.49993212047014	1.27884070909362
5.24991637501423	1.27879293791953
4.99998209065027	1.27874937269367
4.75001815873536	1.27874576899841
4.50002995982103	1.27875128395228
4.25002038025474	1.27856114776865
4.00005006340434	1.27849047211236
3.75005774254337	1.27857262270715
3.4999717177946	1.278752527103
3.24998222222193	1.27874776005534
3.00531774278536	1.28280268783005
2.76038298673598	1.28963867961787
2.51203722228793	1.29783087752792
2.25363459874744	1.30456328370083
1.98775610544686	1.31190607401931
1.72375267823819	1.3296179228786
1.48221953794542	1.31199991153264
1.32655795532676	1.73077795471255
1.31187913698731	1.98963350429344
1.30393503651336	2.25765678582795
1.29909903573062	2.5140746240731
1.28862584541396	2.76276864979427
1.28078913644673	3.00645004605036
1.27688672288125	3.25259691423405
1.27551112222855	3.5004064401065
1.2754244139013	3.75005527562908
1.27542241955129	3.9999971778297
1.27538964674355	4.24998516212475
1.27521699105026	4.49997104648463
1.27476901182906	4.74994100109368
1.27508163772156	4.9999879305264
1.27525456242866	5.24999660908169
1.27524701996106	5.50000159880151
1.27537508203337	5.75001052720982
1.27541861445731	5.99999713124104
1.27542432538412	6.24994000583747
1.27552400336746	6.49960175575625
1.27718273413524	6.74759189228636
1.28240749113764	6.99414366926899
1.29073884430668	7.23763397436941
1.30095564141053	7.48603681461672
1.30661849621971	7.74441406869187
1.31353907548005	8.00959857758756
1.33063611025402	8.27591409606425
1.49274862333555	8.69400031250634
1.72683553750044	8.6724860194845
1.98907469117367	8.68938580779964
2.25338233880778	8.69528388782105
2.51086212420132	8.70040315463208
2.76283301346893	8.70905319593031
3.00703586105373	8.7112992459534
3.24998197513457	8.7212539064545
3.4999707658898	8.72124874972542
3.75005951248766	8.72141513305137
4.00003559371784	8.72148565275061
4.25001369208801	8.72144250533618
4.50002900195545	8.72124743782824
4.75001790828812	8.72125256127112
4.99998201673055	8.72124895347121
5.24991650869231	8.7212054947955
5.49993239503135	8.72115786289434
5.74987924363989	8.72106146149602
5.99992506424065	8.72101167316677
6.24951278848857	8.72070600993624
6.49471391341636	8.71619267752236
6.73907429158383	8.708696669721
6.98742093432005	8.70028239180682
7.2435387951352	8.69593871692025
7.49825195532258	8.69702618846533
7.75	8.70096189432334
8.00937109259441	8.68876348215054
8.27804057235505	8.66803616996285
8.51942016087015	8.67804220036682
8.67309952014595	8.27008542233474
8.69180298461694	8.00699447950273
8.6952266261276	7.75315072823518
8.69229354808982	7.50479213888337
8.70096189432334	7.25000000000001
8.70096189432333	7
8.70096189432335	6.75
8.70096189432334	6.5
8.70096189432334	6.24999999999999
8.70096189432335	6
8.70096189432334	5.75
8.70096189432334	5.5
8.70096189432334	5.25
8.70096189432334	5
8.70096189432334	4.75
8.70096189432334	4.5
8.70096189432334	4.25
8.70096189432334	4
8.70096189432334	3.75
8.70096189432334	3.5
8.70096189432335	3.25
8.70096189432334	3.00000000000001
8.70096189432334	2.75
8.69940589741817	2.49073272921636
8.69876015443554	2.24684699462755
8.69171841196282	1.99178903669285
8.66892610537449	1.72519214706596
8.69296815193434	1.48558016170756
1.30997266611043	8.51430502832466
8.69346769003554	8.50407965732513
1.29903810567666	1.5
4.19298314823208	4.58243632170389
4.19495155601565	5.41671110546549
3.80064364214867	5.41537117330173
3.79667558569311	4.58421770163718
3.91725859655564	5.70381179138587
3.91566961198911	4.29437879250109
4.08308535810082	4.30375886914469
4.20645837939956	5.58385906631668
4.08394898481592	5.69581420675246
4.1926297447713	4.4271436550649
3.80485218640854	5.57239494516291
3.80441442341851	4.42801987105331
4.06519981345648	5.30205196017113
4.06692944719085	4.69244885114957
3.93347771506941	4.69609443954766
3.93644676635082	5.30488065316411
4.00041574435406	5.30029133414905
4.00097843654483	4.70057853570496
3.79102414975076	5.51196925611574
4.20468275477663	5.4996441417328
4.20468039751105	4.48625644910421
4.00147856786002	5.70703661036602
3.99935955983929	4.29385737890879
3.79146579811188	4.4887762314691
8.73142199743123	1.26990058884674
8.73111335978997	8.72025801513904
1.27216753650672	8.72421083041572
1.26461289664966	1.27349087686257
8.1320643837041	1.54261942822957
7.87459774497462	1.52684723769905
7.62398652833086	1.52210693556911
7.37244728587654	1.52545488064031
7.12216916700759	1.5223829215314
6.85865313380254	1.51738064273716
6.61217557033817	1.50516485675524
6.36950138695974	1.49771449938035
6.12445789729966	1.49191272374996
5.87466037455963	1.49170375773717
5.6248019639014	1.49158117653611
5.37488518314842	1.49140888603251
5.12492870256966	1.49133006835563
4.8749683510641	1.49126306917842
4.62499492228329	1.49128650521406
4.37498278479292	1.49125157763369
4.1250321319076	1.49109773056911
3.87517977396332	1.49101677120795
3.62543507672387	1.49143284098266
3.37733017574926	1.49253769999269
3.13032982408469	1.49487927166746
2.887307423308	1.5017069844929
2.63893881152543	1.51320082137217
2.3819207769759	1.52417828930723
2.11798654088403	1.52014317188817
1.8488116178345	1.53843339099224
1.54204690021673	1.85299666878081
1.52069834514567	2.11711508866417
1.52630206875089	2.38170903092383
1.5128548583884	2.64573324926342
1.50108618328946	2.88981134184269
1.49185418187263	3.13164662223404
1.48810863343744	3.37739703854944
1.48737159857312	3.62532095084643
1.48735038746065	3.87504887980274
1.48733749984264	4.12504746093097
1.48716355636251	4.37499162702392
1.48696718949419	4.62498461002328
1.48659779274527	4.87491517771611
1.48689005147693	5.12501154509885
1.48690829475898	5.37494985947425
1.48709940105713	5.62498455420086
1.48732573632343	5.87493546894356
1.48734915304625	6.12493305360052
1.48736852814895	6.37467368693515
1.48816136439568	6.6226588303998
1.49232205931586	6.86861225827278
1.50738379256714	7.11172596481829
1.51666425120073	7.35642570807355
1.52287962658522	7.60636349331534
1.52015384023236	7.86735389650305
1.5438229018585	8.1467562758252
1.85026586924711	8.46500473430564
2.11798632210993	8.47985670672051
2.38332626669468	8.47612745649442
2.64252253905079	8.48654888218278
2.88500491756006	8.49323171823683
3.13185507519156	8.50296759733558
3.37781727308229	8.50722740157939
3.62545270003438	8.50860095739154
3.87513650482284	8.50887202946472
4.12501219562644	8.50890025406604
4.37496579224014	8.50877137088876
4.62496804951184	8.50874692864118
4.87495050141361	8.50870762291498
5.12491400416538	8.50858821660122
5.37486128028578	8.50850161561281
5.62475416375346	8.50841567587626
5.87466490898196	8.50828165379985
6.12445834967753	8.50808630032004
6.36940987423433	8.50199393638061
6.61280077122888	8.49491153483679
6.85826046617199	8.48360075423831
7.11490385881178	8.47560313022575
7.3725448477107	8.47542062999756
7.62395854612472	8.47753835076071
7.87496058815778	8.47251195519204
8.13377247707657	8.45614983590712
8.46976511260215	8.13602440319394
8.48052316168701	7.8758700780006
8.46709619445592	7.63370045914816
8.48038525337718	7.37892479258213
8.48445554337723	7.12500000000001
8.48445554337723	6.87499999999999
8.48445554337724	6.625
8.48445554337723	6.375
8.48445554337724	6.12499999999999
8.48445554337724	5.875
8.48445554337724	5.625
8.48445554337724	5.375
8.48445554337723	5.125
8.48445554337723	4.875
8.48445554337723	4.625
8.48445554337723	4.375
8.48445554337723	4.125
8.48445554337723	3.875
8.48445554337723	3.625
8.48445554337724	3.375
8.48445554337724	3.12500000000001
8.48445554337723	2.87500000000001
8.49163473520976	2.61503807383042
8.47542514128722	2.36233607761298
8.48445554337724	2.125
8.46995457743767	1.86811261225071
3.73962721969967	5.56189542734878
3.73913432445556	4.43858218772293
4.04083336458647	5.23135498535935
4.04361029470398	4.75028439119589
3.95764498478925	4.75889670111409
3.9534386299454	5.24544500621809
4.11900524917733	5.27110082425587
4.11446416119047	4.72701789443635
4.22299074165721	4.63446570616076
4.21986816631741	5.36473944375081
3.88137531643836	4.73065628146507
3.88325341433102	5.27350315081905
4.13617691367212	5.72461797145847
4.13463255390584	4.27519037581559
3.77180777725292	5.62518785026675
3.77529370271615	5.36029714918395
3.77542010511049	4.64043209135755
3.77121340828958	4.37531340117163
4.22501049942327	4.37284494611563
3.86356738557278	5.72746815707374
3.86374897556376	4.27148725899916
4.22821941223517	5.63588532790537
3.77330017300348	5.46113693489691
4.21867249038946	4.53805348570358
4.22150534726502	5.45839806134497
3.76998757607478	4.53839350156724
8.42149704803251	1.58003208757828
1.57449462320456	1.57938398923564
1.57467665108087	8.42685627751485
8.42478422416336	8.41418110704795
3.96222147689435	5.73057363288245
4.03965871915205	4.2730517193777
4.04221774332724	5.72439766783919
3.95857928347527	4.27170895056863
4.23058416855717	5.53982379629291
3.7395826482184	5.69592886272401
3.79332298578035	5.75353317152583
4.20218355127847	5.75507009893253
4.2545951926445	5.70406550979259
3.81191891326242	5.24189819108932
3.7530893955349	5.28870391434
4.24588864560926	5.29785332713359
4.18992989579221	5.2439420709964
3.75411605810883	4.71255873423429
3.81202650855897	4.75987522823681
4.25086118388877	4.70089450041049
4.18649836432882	4.75566371276229
4.25808234698045	4.3052424813999
4.20504515393406	4.25080142303709
3.73843672907869	4.30495235496093
3.79600264706059	4.24518551819062
4.27066175877019	4.50754120519259
7.98100722784327	1.75866679685783
7.74450404940259	1.74338737866675
7.50114716700964	1.74383439214565
7.24776802178948	1.75608634827303
6.99493171420399	1.75101253443164
6.72788167742763	1.7286505951018
6.4869515694913	1.72267701107819
6.24345135473221	1.71005446613067
5.99732603823656	1.70578286121795
5.74939674550625	1.7044105000602
5.49974018596671	1.70418149252692
5.24986359336276	1.70372880428854
4.99993389345805	1.70374499613209
4.74996419116293	1.70375909122073
4.49997882161543	1.70375504481407
4.24996233134219	1.70358573859119
4.00024005545946	1.70341560673867
3.75067731872897	1.70362147073381
3.50274940284171	1.70508338076762
3.25588528399412	1.70755392455933
3.01195259255261	1.71198047611956
2.77016518237204	1.72671864703424
2.51982481779528	1.74481732330828
2.26470745542246	1.74814378119336
2.00464503392236	1.73366461130076
1.72933606845745	2.01353644472634
1.74760850142146	2.26895869790298
1.74758760962601	2.52439995697318
1.72910140784191	2.77577788625447
1.71188845222546	3.01724791502233
1.70292563502715	3.258279571167
1.69929568762273	3.50178853304813
1.69898892237196	3.75023358649584
1.69894227186432	4.00007150240392
1.69889171892179	4.25013073719882
1.69850069140278	4.50009197696409
1.69838284898945	4.75004698177016
1.69799440153304	5.00003606742335
1.69824413868961	5.24983129597393
1.69821444033683	5.49975410329437
1.69883481966835	5.74981793352818
1.69894160822823	5.99984926138627
1.69897256185295	6.24975007751119
1.69928680797293	6.49821619785754
1.70284131670446	6.74205642378121
1.71060346814965	6.98276020178051
1.72827412415216	7.22352614592529
1.75069234553497	7.47365055556098
1.7396245161136	7.71100466354121
1.7182992600075	7.96902187529731
2.00225136468315	8.26887058963832
2.2657843246275	8.25288941270629
2.52061815985309	8.25390429595634
2.76993603112337	8.27085730352048
3.01431602297368	8.28770692470439
3.25685299740268	8.29220231218577
3.50301548248151	8.29501293499239
3.75051203047717	8.29635997073773
4.00040236043281	8.29677021002869
4.24992843824156	8.29644998134927
4.49990842216572	8.29632344089355
4.74987071940179	8.29632051418997
4.99988700090728	8.29606527590624
5.2498070943263	8.29596476969906
5.49974028112416	8.29582295499113
5.74939455226913	8.29558673932122
5.9973018505647	8.29422380382726
6.24334127348987	8.29005484965281
6.4871454664255	8.27867010981579
6.73224890694868	8.27092415513022
6.99776175299279	8.24705619737608
7.24325401850535	8.24605686176557
7.50106390347278	8.25537541104885
7.74347448744816	8.25511254152753
7.98135750345753	8.24159698597968
8.29040782132072	7.99682834870149
8.22629165314313	7.76979906775126
8.26794919243113	7.5
8.26479617051044	7.25192127765628
8.26794919243111	7
8.26794919243113	6.74999999999999
8.26794919243112	6.50000000000001
8.26794919243112	6.24999999999999
8.26794919243113	6
8.26794919243113	5.75
8.26794919243113	5.5
8.26794919243113	5.25
8.26794919243113	5
8.26794919243113	4.75
8.26794919243113	4.5
8.26794919243113	4.25
8.26794919243113	4
8.26794919243113	3.75
8.26794919243113	3.5
8.26794919243113	3.25
8.26794919243112	3.00000000000002
8.27268601535382	2.7473453553267
8.28539624825094	2.49454241253541
8.23091461731775	2.23157183723417
8.29382387380571	2.00467849342228
3.69436791655452	5.6276171032753
3.69022905512013	4.37685791161607
4.12242549281083	5.19838351095836
4.11307265747872	4.80160010625767
3.88215258282833	4.80216641837043
3.88441450861822	5.19956179436649
4.0795658008464	5.76377309437806
4.07950201445379	4.22785119685564
3.72239910610725	5.41553074019349
3.72390398654358	4.58522578653193
3.92219694683218	5.77738469353491
3.91846495231882	4.22768807525194
4.27815182821599	5.57905033734075
4.27781934574701	5.49686905542805
4.00404403349384	5.77876122602932
3.99736403225315	4.22179319270682
1.74415602493647	1.75847272419882
1.74918639304947	8.24175155639234
8.22509732099977	8.21570393895872
8.22422585352682	1.78368685789789
3.71753123917348	4.50730608028209
3.71982081807386	5.49264778034253
4.25888117692918	4.58028246679754
4.26060133575957	5.42002281338794
4.25464218033696	4.43639087242965
3.65022893418077	5.70921359115327
3.71346801569016	5.78308001438454
4.28401180652157	5.78138357551997
3.7269472626087	5.21242705990397
3.80362138469933	5.15495925784948
4.27462855681609	5.21293638309225
4.20115306209623	5.15673666057025
3.72591407121354	4.79100731231501
3.80178555948011	4.84708852581076
4.27250443831767	4.7828813554625
4.19251009099047	4.84582446336936
4.28908992843525	4.22193441267471
3.71223166574054	4.21626427581244
3.64951192388676	4.29224204750288
4.33763336683709	4.54888939517733
4.3312859258808	4.45657846078796
7.62446945015654	1.96523907866284
7.38834388647551	1.97420156067464
7.11586530503341	2.00890151240735
6.84665921908507	1.96079138726423
6.6028400493444	1.94348893193978
6.36057218935668	1.92693598001807
6.11955938515499	1.92054142289117
5.87247083983669	1.91788969251831
5.62435620377292	1.91681300626212
5.37463144965234	1.91659714910085
5.12484587361327	1.9157750711474
4.87490775324516	1.91591363469059
4.62493075409573	1.91600149288365
4.3748345646017	1.91581115378171
4.12500754976602	1.91564341853344
3.87555862462457	1.91577075606313
3.62836911319252	1.91709390615691
3.38234580720068	1.92042720203266
3.13839513549727	1.92367068160765
2.90115205322726	1.93626062444962
2.6608412446191	1.96116104037474
2.39974520222468	1.99307769485495
2.00041050868621	2.3948262250086
1.96621640468456	2.66836395796576
1.94363214731215	2.91198418436574
1.92023172128068	3.14403104407837
1.91102068938246	3.3785807671179
1.91049599197034	3.62634538053662
1.91006341572184	3.87515678204548
1.91003493756003	4.12522142632819
1.9096545674474	4.37519452543652
1.90951006823147	4.62524749062037
1.9092580862843	4.87533989738555
1.9095664791991	5.12470576902885
1.90864434821216	5.37404424969984
1.90905814449143	5.6246045395607
1.90995906582895	5.874727343761
1.90999963079958	6.12480792856256
1.91045189508584	6.37369433398937
1.9110280023429	6.62142008291905
1.91947149353605	6.85857868458624
1.93752962970543	7.08919137568849
1.96540643739562	7.33107276153357
2.00144014864394	7.60288604789977
2.39347083001863	8.00183605359472
2.66169724447551	8.03782935007371
2.90425114859554	8.06644422416437
3.13910207349144	8.07753048120338
3.38287741010398	8.08000101425884
3.62842376505472	8.08302118757923
3.87557391337423	8.08468807147156
4.12493182480464	8.08439873048932
4.37470186140279	8.08432222611214
4.62464076666415	8.08422001245244
4.87477708260795	8.08383920866327
5.12473733177289	8.08364355566807
5.37462846455549	8.08343404926464
5.62434700716345	8.08318249662595
5.8724618229664	8.08210146182008
6.11956053449495	8.07945685597902
6.35958612257404	8.07292743851206
6.59852674305577	8.05950012789808
6.84701161728626	8.03657811404352
7.11854854045399	7.98941538025989
7.39157040788948	8.03208401394278
7.62117835068714	8.02440395076844
8.06717144082276	7.59568348660808
8.04320661566882	7.37416992945381
8.04338640359259	7.13646904796241
8.051442841485	6.87499999999998
8.05144284148502	6.62500000000001
8.051442841485	6.37499999999999
8.05144284148502	6.12499999999999
8.05144284148502	5.875
8.05144284148501	5.625
8.05144284148502	5.375
8.05144284148501	5.125
8.05144284148501	4.875
8.05144284148502	4.625
8.05144284148502	4.375
8.05144284148502	4.125
8.05144284148502	3.875
8.05144284148501	3.625
8.05144284148502	3.375
8.05144284148502	3.12500000000002
8.05093886448801	2.86420922606871
8.0560498864278	2.62517248480721
8.07851053478709	2.40485568704669
4.06123347145916	5.83850880462929
4.03218410805011	4.14342487113541
3.64602360316758	5.45954013776987
3.64334311037191	4.54192080902007
3.9709190129133	5.85271439138894
3.93337365200947	4.15820979218182
4.3539816375783	5.52464709356189
4.33778125956606	5.43546597188442
3.94863346376205	4.83507262211801
4.04744453552632	5.16081830726183
2.12248302004451	8.0506690761189
2.14321877917745	1.94518447955054
7.84402667032856	8.01747482443761
7.84497389992031	1.98444519325711
3.66051295246725	5.54766129920531
4.29969038593435	5.3590175667912
3.66047453460566	4.45326829272562
4.30442957855339	4.63498324232699
4.30124518485482	4.37640025179739
4.14075912798864	5.801838243958
4.15151703072367	4.20722810394147
4.29180363931181	5.65088593841211
3.7101303192868	4.65657411538831
3.70961726688277	5.3435122395428
3.85945031766325	4.19516350487219
3.84842206091894	5.79087921525634
8.05142778427317	7.99261350377817
8.05142778427318	2.00738649622184
4.09672466055137	4.90205072461275
3.89441150321392	5.10833770960464
3.61188436193118	5.81035688674537
3.70802933964496	5.1143025022169
4.29420769953029	5.11355375759635
3.70566577319671	4.88889176756303
4.29032266507133	4.88400622180294
3.60937826054633	4.19035416337632
4.42087342282998	4.49252986255458
4.39280504569721	4.3874011539993
7.51829949800626	2.19514304762841
7.32809919705729	2.20908982868978
6.91634454486582	2.19659957573408
6.69395990515563	2.1669274123307
6.4648477469417	2.15114329893065
6.2309036670342	2.14040058355219
5.99385573293849	2.13256982488151
5.74734490887448	2.13005287762452
5.49935994124301	2.12908695198859
5.24960782664681	2.12895665867371
4.99997767491509	2.12761681692166
4.74993876590926	2.12786120184473
4.49982111496839	2.12790196202505
4.2500275121971	2.12735094957375
4.00128712709743	2.12745858497877
3.75320677231191	2.1286943876331
3.50947839752838	2.13208243459663
3.26678655998913	2.13890637236622
3.03212121733954	2.14942147156362
2.80909633583462	2.16891328221279
2.5853275279502	2.20487988575142
2.17764881934952	2.17296267286557
2.2101527203492	2.59516561019651
2.17683447421082	2.82164693519604
2.15080431989959	3.04252352040606
2.12848138594592	3.26763942980446
2.1247419443823	3.50824530667963
2.12150172032586	3.75172603972996
2.12086879584608	4.00030750678947
2.12047030840652	4.25023829787203
2.12023558521349	4.50033279940224
2.11960927404091	4.75064820890996
2.12090430110557	4.99989500898033
2.12030116692869	5.24889362057947
2.11800530215146	5.49921455762761
2.12018115138225	5.74947100262514
2.1207236543605	5.99959580786824
2.12134732971479	6.24856310716132
2.12458223725181	6.49214320055593
2.12936548455488	6.73177744428441
2.14731116838923	6.95950452528393
2.17370422275814	7.18547638755438
2.21015178927171	7.40483996098932
2.16380896027853	7.82829690129325
2.58211551250984	7.79690300248542
2.8093232676462	7.82753236717211
3.03535289229263	7.85422227526997
3.26866222602583	7.86246369012188
3.50888389177533	7.86796089545374
3.75339831746315	7.87149685125239
4.00133402519062	7.87268114973291
4.24972837746608	7.87273093356911
4.49931277941116	7.87266414202478
4.74968020138183	7.87165487704329
4.99972288956731	7.87137044474551
5.24958644772535	7.87120380208309
5.49932805862525	7.87091948298292
5.74729816156836	7.86992116576237
5.99385680250086	7.86742788796827
6.23045910782773	7.85891364606067
6.46314607441529	7.84607346129245
6.69453778885182	7.83156052390062
6.91883856635415	7.79871849919083
7.32277926308373	7.80460081129399
7.52170432424197	7.8161046624694
7.85411549264904	7.55446124103937
7.83037914532637	7.28238466957728
7.83102033673231	7.01044124781989
7.83493649053892	6.74999999999998
7.8349364905389	6.50000000000002
7.8349364905389	6.24999999999997
7.83493649053892	6
7.83493649053891	5.75000000000001
7.83493649053891	5.5
7.83493649053891	5.25
7.83493649053891	5
7.83493649053891	4.75
7.83493649053891	4.5
7.83493649053891	4.25
7.83493649053891	4
7.83493649053891	3.75
7.83493649053891	3.49999999999999
7.83493649053892	3.25
7.83169135910968	2.99100535111501
7.83432340206386	2.7229266986909
7.84331992733232	2.45749139800617
4.03180519730457	5.92970053392406
3.96893657444966	4.07002120579576
3.56577613688886	5.51965708929036
3.56496505066078	4.48018654298687
4.42932634869076	5.45816372965753
4.39616406830954	5.3644377298195
7.74239771038649	7.80899337041948
7.74133189258984	2.20113558452435
3.63767301454976	5.3698091113976
3.6389444605166	4.62821250653458
4.34556409025895	4.29673739173939
4.12108208193639	4.13770267358363
3.8873644105706	4.89269300238269
4.13072029893525	5.89298054234636
4.11525286228099	5.10961693288243
3.87733586744516	5.8619203994324
3.59889558584522	4.38185844367147
3.60178253837033	5.62101224489142
3.87052045088264	4.10231809527407
1.94691073546779	7.86573034567109
1.94634885764238	2.12954040202045
4.36004681689592	5.6223527778652
4.34640568856826	4.71042278770295
4.33768816677464	5.28182338389583
3.78693189439467	4.15456748738213
3.78542719821707	5.83949723433958
4.33542257565695	5.71470528576287
3.66625535778642	4.71834363775656
3.66593977311614	5.28085104012635
4.21450862253409	5.84135902544748
4.21623743286516	4.16313853521895
1.91109413401977	1.9222207066665
1.90935004619579	8.08018230758558
7.95613849584558	7.79126563040152
7.96176201567267	2.21137578575018
3.97201737455348	5.17402479003051
4.0257762006801	4.82342068733957
4.30956544979993	5.87987359945246
4.38608899857008	5.79262187914996
4.30437388209967	4.12017188492219
4.38766624661878	4.20027683808511
4.44718156692521	4.72890587257538
4.50219303981966	4.41333883824461
4.45401093731036	4.30101474163034
6.78602359757788	2.39875466499343
6.56356674265776	2.3778578525196
6.33891328656458	2.36333044324116
6.10646277171104	2.35173718047829
5.86880981683746	2.34440823396149
5.6226171535084	2.3420881668838
5.37443633047137	2.34120163010488
5.12467000507019	2.34087271919313
4.87524683560771	2.3390638079469
4.62482397078743	2.33905287192289
4.37450928314371	2.33888993578216
4.12547068876534	2.33803372796144
3.87881552753687	2.34031724856335
3.6329970796362	2.34364589976934
3.39039953922983	2.34817982589361
3.16010413000143	2.36551649131048
2.93614737580142	2.38320115178445
2.70831044896157	2.40940225969116
2.40777536280288	2.7180656352653
2.37813095312522	2.94903989969992
2.35895609026743	3.16716859653137
2.34435855333597	3.39430973017933
2.33521646856373	3.63303405790413
2.33167243435358	3.87635211414364
2.33048869481117	4.12527948398249
2.32997435967442	4.37478250705593
2.33010186869944	4.62514942801404
2.33183376839809	4.87506751039692
2.33345802273384	5.12408728973167
2.3278424955675	5.37494976304589
2.32830509765212	5.62364070551024
2.33028993763615	5.87391079798041
2.33096303336401	6.1243755756338
2.33507235962668	6.36838871853627
2.34297715067419	6.60810465839076
2.35580083580862	6.83255354632208
2.37353335620716	7.05333031238532
2.41088092859004	7.28509363942229
2.71519855852579	7.58984456516807
2.9475026094069	7.61876553308923
3.16380619795737	7.63910981224944
3.39338433557133	7.65136000745352
3.63518078386134	7.65686124583716
3.87941198379761	7.65999123015158
4.12537142195505	7.66160039365091
4.37466751245255	7.66131081998458
4.62436273448351	7.6596755332469
4.87457351564596	7.6593498474217
5.12452937910467	7.65917756396402
5.37443716222008	7.65885168571935
5.62234737632724	7.65784305799429
5.86881121387943	7.65558918486999
6.10667165013667	7.64747666044224
6.33891539719018	7.63549421159965
6.56540171950406	7.62086351696311
6.78838994324291	7.60245161327822
7.61756970578042	7.39318923557606
7.60570032962448	7.14717953413455
7.6146607238474	6.88403762300873
7.61843013959282	6.62500000000002
7.61843013959276	6.375
7.61843013959281	6.12499999999997
7.61843013959281	5.87500000000001
7.61843013959279	5.625
7.6184301395928	5.375
7.6184301395928	5.125
7.6184301395928	4.875
7.6184301395928	4.625
7.6184301395928	4.375
7.6184301395928	4.125
7.6184301395928	3.875
7.61843013959279	3.625
7.61843013959281	3.37499999999998
7.61493276124638	3.11705753840141
7.60626698193449	2.85515650990165
7.61828773553686	2.60891418757503
4.1076781228407	6.00318002658837
3.89170269083997	3.99945613905069
3.49184698969242	5.59939059591451
3.48790014533048	4.39903853493739
3.55258704395374	5.29027434406559
3.5527724493381	4.70752588543509
4.19630135637092	4.06949735986396
4.21491832394308	5.94686439184255
3.80627624363203	5.93360366693778
3.78602109641267	4.0466465259373
4.42953099020303	5.68710927744428
7.62922642396847	7.62085465955246
7.63138924489409	2.38664083635901
4.44652605184623	5.26914575271983
3.80110095223393	4.94834722150653
3.54261425761794	5.71272693249185
3.5413680647666	4.29089251797946
4.20545486174349	5.05564851716966
4.20067715573979	4.94759676351157
3.8012322511477	5.05448693328329
4.44344401935992	5.57570740563412
3.69265957255886	4.11050461144246
3.69869346188071	5.88782970249184
4.37444593971839	4.81158172981986
4.37708794151056	5.17910543097701
3.62430488016036	5.18900767890096
3.62349615060897	4.81193196863534
3.55145365741372	5.41195618511818
3.55099088303388	4.58565300634343
4.08107477493716	4.05584241646511
3.9209853776273	5.94537841395669
3.99010061724203	4.90567150431777
4.00652628340301	5.07800570511812
3.48776994896415	5.8303117356555
3.58645377594555	5.93331375912113
3.60112709877669	5.07388371837261
4.39794097644816	5.06202752045106
3.59229139858513	4.93723096941218
4.3950241906405	4.92464809440166
3.48316211767607	4.17116530994804
3.57725813243722	4.06582356751888
4.53579273934988	5.50264191893432
4.42710510096357	5.91059444478256
4.32774816171243	5.99947540908298
4.50107616998378	5.7903450504144
4.29342292291859	3.99802363831543
4.41405865393031	4.07825782088931
4.50832098893221	4.18350185994773
4.49180198081604	4.84381984027296
4.58132434056523	4.307406357881
6.66952336764179	2.60749966178722
6.43998160301556	2.59028043260802
6.21387466856842	2.57755311849395
5.9823666755015	2.56246527431633
5.74418694441059	2.55652615298716
5.49727465954554	2.55449358821223
5.24927393804391	2.5530769104268
4.99952513441159	2.55262651348079
4.75062043796121	2.54939985956776
4.49990659180049	2.54919024623566
4.24952202658932	2.54900586622065
4.00311085902036	2.55063645948503
3.75874390872615	2.55424968981566
3.51752957703698	2.56011513600798
3.28698211004396	2.57324173341724
3.07199172151728	2.58765327389341
2.86651853562018	2.60502330021194
2.594980966058	2.87113532330091
2.58608686209212	3.0768317890636
2.5782938001096	3.29238244189032
2.55066656579038	3.51726587781712
2.54524297429321	3.75854641360499
2.53956058178089	4.00048226724212
2.5393020103981	4.24818699417281
2.53915621842315	4.49822727869968
2.53953280822911	4.75164814741599
2.54832985107884	4.99812284996942
2.55176709830357	5.2449737592867
2.53466301672182	5.4989109476493
2.53691663427461	5.74529432756671
2.53958064739581	5.99950774851854
2.54440906883057	6.2440677883156
2.55181750448597	6.4851540717754
2.57680518968244	6.7140730494467
2.57619509800515	6.92077224954626
2.59509098196482	7.12868713415596
2.86652712800193	7.39497726907098
3.0781400028513	7.40950924370248
3.29014287087262	7.42633253191812
3.51799838355003	7.44065711716461
3.75943914155996	7.44599872117356
4.00363610257032	7.45044113805109
4.24981484659649	7.45080120657001
4.4990965485038	7.44842837755345
4.74924437635049	7.44759883034428
4.99952497690045	7.44736668161287
5.2478312756864	7.44501155385822
5.49756454951177	7.44604462902218
5.74394068268754	7.44361422894442
5.98269475425703	7.43660867859256
6.21452716944339	7.41994161748028
6.43993845559339	7.40946015523813
6.66504361832513	7.39421645092234
7.37372741307137	7.30564026789359
7.39558367550343	7.01976021630654
7.39892756423941	6.75581189348929
7.40192378864667	6.50000000000006
7.40192378864666	6.24999999999994
7.40192378864672	5.99999999999999
7.40192378864669	5.75000000000002
7.40192378864668	5.5
7.40192378864669	5.25
7.40192378864669	5
7.40192378864669	4.75
7.40192378864669	4.5
7.40192378864669	4.25
7.40192378864669	4
7.40192378864668	3.75
7.40192378864668	3.49999999999998
7.39892113962491	3.24499086835068
7.39571521782208	2.98332726028879
7.37556525061777	2.70196264852716
4.21188444503375	6.07288022528843
3.79047563792082	3.92394956133212
3.41713299626075	5.70539548920509
3.412231417093	4.29448130807843
3.43397923194549	5.36371827343665
3.50338005934548	5.15666648741421
3.43674532943538	4.63047851999228
3.5024126571178	4.84309963323667
4.15298266927573	3.96147989198352
3.71007011891067	6.00662321692015
3.8497771609528	6.04033782921194
3.67690368496914	3.98829491966953
4.53921630132508	5.6504169352757
4.48832742374461	5.14713290539924
4.50657078665218	4.6481532620515
3.44880385739372	4.51311294223464
3.44674315350776	5.48385741274009
3.69754950180127	5.00146572077149
4.50171056992225	5.37118204229958
4.30064310864247	4.99822043466391
7.44274431235184	7.57342108937476
7.44406233770203	2.43350141002247
3.91120830817356	4.99872917170637
4.1090068980162	5.01327993830416
7.01155089919452	7.56943300191555
7.00773567480461	2.42516285663753
3.98408067844893	6.03872814410447
2.47388215761221	7.53270018554087
2.46002329156485	2.45824034606252
4.01565442788483	3.96367968360948
4.63081438118172	4.45143238504216
3.44195176107139	5.97514549608796
3.33368724495122	5.83801473624343
3.58431726096155	6.07755040223552
3.32809255278016	4.16395113412518
3.42671382432398	4.03183264738979
3.54347067232716	3.92409675214659
4.63327907977596	5.40283546254964
4.6616261866193	5.57391576362862
4.46831318368985	6.04531424597722
4.56961161495145	5.9209710896835
4.34317787137672	6.13677548767335
4.64256316723435	5.75733059138955
4.25856247974052	3.8616144150659
4.42089783270528	3.93376065046514
4.5535495987212	4.04170018975471
4.65755068083953	4.17474769283479
6.54742495144145	2.82818050813696
6.3186236309179	2.8020233532485
6.09041806736982	2.78459942741878
5.85552789221625	2.77578821387704
5.6192406393758	2.76904937486316
5.37169975569006	2.76699566481543
5.12384894932855	2.76527100083793
4.87419116756953	2.76455740446578
4.6255251842753	2.75835761081644
4.3745943308957	2.75767247390588
4.12750236455729	2.759497197275
3.88473538836783	2.76143116226321
3.64354570618509	2.76786827214223
3.40541802235156	2.78105502626357
3.17975226452301	2.80160333002297
2.97502972329964	2.81435882452349
2.8149295183315	2.98649169391578
2.81651555160262	3.1920680905053
2.77478063886714	3.41094413054618
2.75336047406077	3.64340705613376
2.76493934187574	3.8873044583226
2.75566310130564	4.1200274634514
2.74545150089162	4.36337453510888
2.7530707305856	4.62030144593626
2.77177431173425	4.87312726403307
2.77371299852368	5.11766384745647
2.75349304394121	5.37310083250227
2.74451150022308	5.62019350384271
2.75049537315209	5.88070249886206
2.75965319476144	6.12197384050238
2.755871927552	6.36191479741129
2.77448967964559	6.59632201407683
2.81591705540221	6.8179037499605
2.81176275565633	7.00966469780437
2.97289715778578	7.18806092894874
3.19435133556723	7.19931455976974
3.41821317927762	7.21484644017817
3.6455504821259	7.23257817427388
3.88400320076289	7.23866282551655
4.12776110060068	7.24227960101632
4.37570445676924	7.24239715659259
4.62346989210619	7.23675842509717
4.87209504090945	7.23072093274738
5.11869920614826	7.22628750373114
5.37410943825025	7.23481522053855
5.61892349287485	7.2314871618572
5.85573733590953	7.22354646192967
6.09151824335672	7.2125241097792
6.32050970859333	7.19502307313214
6.54786237516389	7.17135691047593
7.18451737629832	7.10528571237117
7.18541743770053	6.87499999999983
7.17301592001016	6.63243990094453
7.1854174377005	6.37500000000001
7.18541743770061	6.12499999999991
7.18541743770061	5.87500000000003
7.18541743770057	5.62500000000001
7.18541743770058	5.375
7.18541743770058	5.125
7.18541743770058	4.875
7.18541743770058	4.625
7.18541743770058	4.375
7.18541743770058	4.125
7.18541743770058	3.875
7.18541743770056	3.62499999999999
7.17302447301482	3.36756389531413
7.18541743770065	3.12500000000009
7.1846853055301	2.89559986489082
3.65935961909736	3.84899302996863
3.31127752840054	5.43314275075964
3.31413000254134	4.56425042097328
4.08576596792204	3.83910376834705
3.74538416701765	6.13772516860234
3.91801966162399	6.15942097730209
3.92554444604324	3.86659502644526
3.35657184514954	5.57101284150625
4.07911232014624	6.13574546297407
3.35513436143995	4.42685137348815
4.57200254843328	5.26286838062091
4.57745443281829	4.73953935567576
6.88968349447054	7.39387373827616
6.90084197412093	2.60809344464213
2.62902761206153	7.3742462175495
2.63172801566095	2.63620887458182
3.43538583569763	5.25263637441014
3.43628091820296	4.74514882769533
3.45099688562624	4.99968333326219
4.52570743326638	4.99506865207706
4.52256234349645	4.53426902948194
3.40848349476483	6.13744121223796
3.25165067918384	5.99640056001997
3.60477518531183	6.24839433505913
3.23844176194419	4.01281941152649
3.3822327261232	3.86799637490354
3.52091666051979	3.753756864351
4.73353306864198	5.27462768700261
4.79912363822803	5.46310125824699
4.80202028335953	5.68329745477128
4.64883733115121	6.07496772153004
4.4950994802907	6.20986334033415
4.75843201933344	5.89765056174832
4.18871333011492	3.70305203790336
4.40447768802245	3.75508262938178
4.58784721561951	3.86714679769141
4.72159583048049	4.00922408420239
6.42556334864971	3.03147977554631
6.19025515762995	3.00941358646103
5.96438830521901	2.99672818920944
5.73123717337847	2.98788563447443
5.49368504714279	2.98167202272168
5.2464548623716	2.97874557994708
4.99842243240275	2.97753871884782
4.74840583417785	2.97365538178866
4.49957235406071	2.96621208789487
4.25073465915207	2.96852811528827
4.00670726384388	2.96836567148498
3.76795443084643	2.9708722661457
3.53469946085301	2.98117678318535
3.29563054950684	3.00644891482124
3.00392584552892	3.30645212585068
2.95565150563349	3.53223184625787
2.9573448136318	3.76726952384003
2.99763289576384	4.00271298653507
2.93255142228642	4.24242768097548
2.97240225629149	4.49487464797257
2.96476108176404	4.74039374726053
3.00692001512451	4.99268743703515
2.95482336021346	5.25207152365966
2.97642103370281	5.50566610599506
2.93567055888744	5.75539587317504
2.99757567865187	6.00154230755635
2.95680639864673	6.24113295824536
2.96140496891189	6.48109846857312
3.01686351563236	6.703134940677
3.30293176527368	6.99528197953774
3.53170549985229	7.0243428000138
3.76377379077456	7.02696387981635
4.00626824832925	7.0346340324593
4.25260063922211	7.03842554809141
4.49809703019426	7.02581319981235
4.74382520959505	7.01369418647424
4.98821817802331	7.00553446436411
5.24293329451912	7.01631986261372
5.49360996941998	7.01934753761451
5.73111357172474	7.01374810165572
5.9634767751235	6.99993197249294
6.19620233392042	6.98191892069474
6.43331476237322	6.96241396326081
6.95721989475552	7.00199872558919
6.94127509570135	6.76735129422966
6.96465972106179	6.5072005162486
6.96891108675439	6.24999999999986
6.96891108675456	5.99999999999997
6.96891108675447	5.75000000000006
6.96891108675445	5.5
6.96891108675447	5.25
6.96891108675447	5
6.96891108675447	4.75
6.96891108675447	4.5
6.96891108675447	4.25
6.96891108675447	4
6.96891108675445	3.75000000000001
6.96453789794857	3.49364482517022
6.94129523518623	3.23265474538285
6.95777304257834	2.99961947975379
3.18826191972302	5.52921407663785
3.19560546330551	4.47026761538878
3.97711106246042	3.69702322803218
3.82343459258754	6.29601329423086
4.03913409434056	6.30364284189285
3.27208202998601	5.67811977611545
3.26471668773064	4.31711515991917
3.35557873135464	5.14180442939479
3.35672931064377	4.85480458845756
4.73691999135735	4.3244580269867
6.76730155564258	2.82980844859913
6.76728193649445	7.17018861018346
4.63572487559772	4.85935899481479
3.30732830509903	5.289308742778
4.63367170663133	5.13680257654804
3.31316940540641	4.706128678438
4.20472983851278	6.21860122605821
3.80454986733213	3.77922175455293
2.77655853215737	7.21541135573246
2.7761414479033	2.78309319395337
7.12845761466076	2.65904921230101
7.12495772924452	7.34503903229546
4.66070527158919	4.60841156996018
3.04689728814054	6.9404441237122
3.03678678995761	3.03584903029737
3.40588845863047	6.35795038744763
3.65918962057992	6.43566265537964
3.35967055079278	3.65613180447731
4.8131369642014	5.10788412678469
4.98491317580511	5.57028771750245
4.66210999974116	6.29029776734682
4.84699642219269	6.10182043307383
4.12502197962738	3.5354951088164
4.34380334922166	3.55852156430788
4.59983871663399	3.62803933733345
4.77703688628055	3.80995144984443
6.27854124845254	3.22894085443542
6.06198960106203	3.22257129400698
5.83841727027765	3.21215510916442
5.60709405436701	3.20030937469783
5.36553404097373	3.19266434835204
5.12059096727767	3.18934124306324
4.87231064063792	3.18911599355882
4.61943433540783	3.1838525142264
4.37208812632868	3.16873327867733
4.12712676653827	3.16815527288011
3.8889357601027	3.17371640598257
3.67093066524243	3.17432305650387
3.18515966479448	3.46878835415774
3.11489411544274	3.65153720290908
3.11451754242259	6.35353040435278
3.20793087188376	6.54630975549065
3.63655429790792	6.81328067437507
3.88396992821109	6.83473523158452
4.12827340626346	6.83517974690799
4.37036732582753	6.8265342649287
4.61888804777684	6.79709382731833
4.85347078551541	6.77775674187482
5.11535184023131	6.80058789811395
5.36820787473863	6.8072243185584
5.60315355655771	6.80212577360941
5.83262561235106	6.7902627158056
6.05290732392271	6.76535222359349
6.26393485400914	6.75740508950128
6.74845181197338	6.64005622934232
6.76370163571498	6.37632985273528
6.75240473580842	6.12499999999977
6.75240473580845	5.87500000000009
6.75240473580832	5.62500000000004
6.75240473580835	5.37499999999998
6.75240473580836	5.125
6.75240473580836	4.875
6.75240473580836	4.625
6.75240473580836	4.375
6.74735550768755	4.1180424888953
6.75240473580835	3.87500000000002
6.75861953761655	3.62904606212676
6.7533437953792	3.35915281977561
3.89547813731848	6.46332676195318
3.78416895615041	3.6088958074417
4.23454981884081	6.39233574461232
3.43411208253326	6.84051288437552
3.4414521890371	3.19200966259833
4.79044206965809	4.47869798830756
4.75715507313586	4.75869713439042
4.83564783793959	4.18041626949029
3.14544918512111	5.82737210971786
3.14089253752107	4.16545789716
3.23797747229101	6.7545545057085
3.21719278606163	3.23675168628503
4.34795757897097	6.27529620634367
3.14314874817766	5.36251160255466
3.14472414732205	4.63681078145191
3.25077590015165	4.99730778866969
3.16274538650977	5.16637737280875
3.16583114534943	4.81666015098971
3.18379063181216	3.84505271216978
3.1003764921678	4.3357820767526
3.18472331648976	6.17306562433817
3.11346868930932	5.6562977356349
6.99236278331001	2.79619271112276
6.98806287970749	7.2107951569708
6.69807689071857	3.07291250176356
6.69833691503215	6.92637282382708
4.68089890245587	5.0001491694228
4.89542388761237	6.33747032790658
4.87000512994112	3.60571146792244
6.15814966909461	3.44461582423913
5.93505946388739	3.44735905843205
5.71406156500712	3.42683325343282
5.48179266747845	3.40896788887609
5.24341542590597	3.40070957678778
4.99365937043656	3.3981682572977
4.73748255959036	3.40381633877948
3.77557933847456	3.39320601890731
4.24964526095477	6.60768053684933
4.47523935402016	6.64284331855095
4.70127463810856	6.53312704923373
4.9867822658502	6.57257285638612
5.24445992461841	6.59386914477797
5.48825947468881	6.59184117677699
5.70457403498668	6.58274401799708
5.92198366731834	6.56666158649732
6.15500584146385	6.51849321941867
6.55203686876558	6.48400625070666
6.54776791459277	6.24569397079196
6.54344832016374	5.99867407110018
6.54063245825264	5.75047195565977
6.5358983848622	5.49999999999998
6.53589838486225	5.24999999999999
6.53589838486225	5
6.53589838486225	4.75
6.53589838486225	4.5
6.53487832879462	4.24266605829892
6.52578870214313	3.98560043890497
6.53389485828741	3.75560353357925
6.54899305045687	3.52687128595157
4.00235841399808	6.64744574611026
3.58155551217402	3.55634523110001
4.48127319118051	3.38551303517315
4.92072424642047	4.35557182496906
4.92807853950563	3.99638154330745
6.52321394985398	6.74437484415
6.52196626323962	3.25213305684893
4.81331732322583	4.91072328518581
3.67080072509986	3.71688873472914
3.74854630526709	6.62073667803215
4.24083429789086	3.36446839040976
4.95716820281178	5.29052396389324
4.82842619038411	4.62657621714294
3.46878854599845	6.6023887524125
4.09010715373203	6.4807144924754
3.92147854226877	3.51714038065554
4.98559615005442	5.85883575022497
5.19550309740209	5.70433916532477
5.18411801444344	5.43608365042027
6.07169520218448	3.6944923664156
5.81648570331128	3.6627577738567
5.58960777213632	3.62962710455288
5.35893598897413	3.60929176530808
5.38517087724077	6.39990063049526
5.58842061419756	6.37427225846015
5.78524606532564	6.36423071383891
5.97930641271233	6.36185444009289
6.33918144726215	6.12210876066891
6.33089415546185	5.87775358466312
6.32799367623044	5.62867426870171
6.31939203391612	5.37499999999994
6.31939203391615	5.125
6.31939203391614	4.875
6.31939203391614	4.625
6.3219442474787	4.36681914178007
6.32081162048912	4.10320838081803
6.29990718658396	3.83927140231108
4.96895122559239	4.77118159070813
6.31939203391594	3.62499999999989
6.34548665801484	6.36480702769201
4.9762448990087	4.54299524068563
5.02191183860707	3.80170707661704
5.05388173861642	4.200004730675
5.12294823108031	3.60237820518025
5.13058152820717	6.37568746500728
3.38715043466874	3.41635973587198
5.06379417717318	6.12981559756642
4.99287571895176	5.03453591195756
5.41236785141978	5.56289393362885
5.88713946365857	3.89324091681387
5.6802850431094	3.85237397129308
5.47311493808381	3.82250313456909
5.67927343242944	6.1425102311483
5.88659040117455	6.12163362961377
6.12215385396797	5.75679271208007
6.10044357533382	5.50415033804221
6.10288568297006	5.24999999999994
6.10288568297003	5.00000000000001
6.10288568297003	4.75
6.09659747026256	4.47143054230349
6.12080586005411	4.22032707066813
5.19233449013645	4.63593032432407
5.47892117251571	6.16221956818611
5.14155056709287	4.39854615976436
5.13756522870147	4.01235970947877
5.28020111156595	5.96731359422259
5.19178935985148	5.18251369234125
5.27225365867211	6.21107861186577
6.36660352732699	6.57588943244006
6.35447978208906	3.41717464410757
3.57130576977503	3.35317783596211
6.12955363357058	6.00578004452938
6.11475333331817	3.96294399979717
5.53874097688842	4.05732688844908
5.87279890365564	5.64396379004972
5.87967090592466	5.37217372873384
5.88637933202397	5.125
5.88637933202391	4.87500000000001
5.8779313896311	4.61636885506266
5.86176056430944	4.33486939273129
5.38453125086431	4.45300104120294
5.75971235240633	5.88830520187758
5.74125641654477	4.08666915962076
5.31634119332375	4.20006979995135
5.41255874246138	5.32835347181316
5.23888530018895	3.79782144390312
5.23498949243416	4.91010632376366
5.5444467255177	5.94931069464695
5.95991957061495	5.88511608015353
5.9465220839962	4.0998322277012
5.67618927784945	5.00960910110931
5.6700459765106	4.76429440643124
5.64084052005959	4.520028657148
5.65095711776336	5.46550334285854
5.42677846100195	4.69312678174028
5.61850890568774	5.71278571656484
5.58565562857545	4.2802948773173
5.41582059810031	5.77797107142995
5.65751703625488	5.23431419745042
5.43272746740055	5.0974870910459
5.48785323195757	4.89796930819618
4.45299788216658	6.42525313585602
4.00819813158504	3.35143401870499
5.34180469772453	3.97956223301495
6.142629246227	6.2396351080001
2.23401618533638	2.37794746795527
2.23794942655807	7.62542357639616
4.01699190363933	4.98736102245303
7.23570447011612	2.47471172588229
7.23615265272506	7.55365049898949
2.37873245446297	7.7600464604042
2.38511874588016	2.23001929329471
7.12175552893539	2.26266697905993
7.12303174082715	7.74362515766585
4.41433417501622	4.61093750322478
