437	438	262
406	227	405
322	323	88
328	82	83
437	262	261
400	222	221
325	85	86
220	161	219
217	163	164
294	35	36
248	126	247
185	187	141
434	259	258
286	43	44
426	250	425
191	6	60
685	373	192
349	12	517
194	195	7
645	493	492
361	4	62
341	342	69
207	208	173
394	216	215
212	213	168
215	165	166
214	215	166
732	554	553
216	165	215
194	7	13
246	127	128
219	161	162
402	223	401
225	155	156
224	225	156
357	143	358
670	567	412
363	1	146
363	139	1
363	235	139
232	233	148
413	414	238
231	150	230
232	149	231
238	135	136
231	149	150
410	231	409
230	150	151
229	230	151
228	229	152
227	153	154
224	156	157
228	152	153
245	129	244
557	401	556
189	61	5
424	249	248
908	756	907
250	123	124
253	120	121
223	158	222
254	120	253
428	253	252
192	6	372
434	435	259
259	114	115
260	114	259
433	258	257
186	365	8
187	140	141
267	106	107
263	110	111
364	2	101
366	187	185
445	270	269
272	101	102
531	272	271
273	274	56
277	52	53
277	278	52
279	280	50
269	105	268
268	105	106
266	108	265
267	268	106
264	110	263
265	109	264
441	442	266
438	263	262
264	109	110
281	282	48
610	456	609
284	45	46
188	369	5
455	283	282
289	290	40
462	290	289
297	33	296
185	141	8
291	292	38
466	294	293
196	186	17
296	33	34
295	35	294
353	521	11
792	619	791
298	299	31
321	89	90
299	30	31
318	93	317
532	311	310
310	19	20
362	100	3
309	20	21
312	99	311
480	307	479
311	99	100
308	21	22
313	98	312
474	302	301
310	20	309
304	25	26
302	27	28
318	92	93
317	93	94
319	320	91
303	304	26
295	34	35
323	87	88
494	325	324
471	299	298
389	211	210
494	324	493
195	18	7
324	325	86
498	329	328
650	497	649
327	83	84
332	78	79
329	82	328
387	209	208
388	210	209
417	418	242
664	512	511
392	213	391
662	663	510
706	682	522
211	169	170
338	72	73
382	203	381
213	167	168
339	72	338
341	69	70
382	204	203
202	178	179
342	68	69
205	175	176
203	204	177
380	202	201
336	337	74
343	68	342
344	66	67
202	179	201
346	64	65
347	64	346
361	184	4
348	63	347
347	63	64
192	14	6
350	12	58
353	11	15
528	359	360
328	83	327
375	195	194
821	652	651
206	207	174
212	168	169
386	207	385
218	163	217
355	16	10
222	158	159
401	223	222
244	129	130
357	142	143
577	422	576
358	143	9
278	51	52
285	45	284
282	47	48
188	140	187
201	179	180
200	201	180
288	41	42
677	186	367
294	36	293
293	36	37
208	172	173
207	173	174
307	22	23
308	22	307
186	8	17
463	290	462
320	90	91
301	28	29
280	49	50
267	107	266
335	75	76
503	334	333
316	95	315
316	317	94
205	176	204
204	176	177
203	178	202
658	506	505
423	247	422
241	132	133
303	26	27
321	90	320
228	153	227
242	131	132
759	583	758
349	145	12
274	55	56
276	277	53
245	128	129
245	246	128
340	70	71
384	206	205
377	378	199
669	529	516
575	420	574
359	527	9
647	648	495
490	320	489
679	355	524
355	10	524
330	80	81
501	332	331
606	453	452
275	55	274
649	496	648
496	327	326
481	532	309
302	303	27
279	50	51
279	51	278
247	126	127
247	127	246
306	23	24
635	482	671
362	19	310
362	3	19
197	184	361
200	180	181
188	5	140
256	117	118
235	138	139
233	147	148
645	492	644
326	85	325
236	138	235
232	148	149
193	14	192
847	681	375
221	159	160
221	222	159
544	545	389
331	332	79
240	134	239
409	231	230
220	160	161
220	221	160
414	239	238
241	242	132
243	244	130
226	155	225
594	439	593
185	8	365
206	175	205
340	71	339
308	309	21
307	23	306
302	28	301
469	297	296
234	147	233
567	413	412
209	171	172
209	172	208
196	17	18
196	18	195
354	353	15
210	211	170
199	181	182
198	183	197
695	371	370
674	359	528
193	13	14
193	194	13
358	9	527
401	222	400
364	101	272
364	57	2
275	276	54
270	103	104
305	306	24
305	25	304
199	200	181
345	346	65
345	65	66
345	66	344
266	107	108
265	108	109
599	444	598
271	272	102
513	343	512
514	345	344
429	254	253
684	369	188
319	91	92
319	92	318
210	170	171
210	171	209
516	347	346
865	713	988
276	53	54
275	54	55
281	48	49
281	49	280
473	301	300
300	30	299
239	134	135
239	135	238
460	461	288
283	47	282
315	95	96
316	94	95
354	15	16
354	16	355
337	73	74
337	338	73
729	551	550
396	218	217
523	522	354
703	519	520
292	37	38
292	293	37
197	183	184
348	197	361
212	169	211
548	393	392
439	440	264
453	454	281
258	115	116
258	259	115
198	182	183
198	199	182
271	102	103
271	103	270
333	77	78
333	78	332
322	88	89
322	89	321
343	67	68
343	344	67
203	177	178
383	205	204
374	194	193
686	518	349
558	403	402
576	422	421
526	357	358
423	424	248
257	258	116
435	260	259
673	370	189
366	368	187
234	235	363
411	233	232
463	291	290
291	38	39
229	151	152
417	242	241
269	104	105
269	270	104
753	578	577
407	228	406
237	136	137
237	238	136
313	97	98
478	306	305
474	301	473
965	813	964
297	32	33
298	31	32
273	364	272
446	271	270
390	212	211
391	213	212
512	343	342
382	383	204
329	81	82
329	330	81
351	58	59
351	350	58
255	118	119
255	256	118
226	154	155
226	227	154
234	146	147
234	363	146
362	311	100
362	310	311
252	121	122
252	253	121
465	293	292
295	296	34
339	71	72
340	341	70
509	340	339
206	174	175
324	86	87
324	87	323
283	46	47
283	284	46
464	292	291
460	288	287
352	59	11
352	351	59
312	98	99
532	310	309
464	291	463
623	470	469
262	111	112
262	263	111
617	618	464
287	288	42
314	315	96
484	314	483
257	116	117
257	117	256
273	56	57
273	57	364
356	10	142
356	142	357
305	24	25
476	304	303
504	335	334
334	77	333
420	245	244
572	417	571
261	112	113
261	262	112
290	39	40
290	291	39
423	248	247
251	252	122
251	122	123
251	123	250
260	113	114
260	261	113
336	74	75
336	75	335
214	166	167
214	167	213
190	191	60
371	191	190
297	298	32
467	294	466
593	439	438
466	293	465
249	124	125
249	250	124
582	428	427
432	433	257
511	512	342
387	388	209
377	198	529
836	666	835
449	277	276
604	450	603
360	144	145
360	145	349
376	367	196
470	298	297
334	76	77
334	335	76
287	42	43
287	43	286
326	84	85
326	327	84
348	62	63
348	361	62
289	40	41
289	41	288
216	164	165
216	217	164
218	162	163
218	219	162
236	137	138
236	237	137
240	133	134
240	241	133
606	452	605
440	265	264
243	130	131
243	131	242
412	237	236
411	232	410
491	492	322
492	323	322
595	441	440
603	450	449
359	9	144
359	144	360
398	220	219
678	356	525
654	501	653
642	643	490
1107	965	964
499	330	329
331	79	80
331	80	330
569	415	414
406	228	227
481	309	308
482	313	312
190	60	61
190	61	189
485	316	315
491	322	321
223	157	158
223	224	157
300	29	30
300	301	29
314	96	97
314	97	313
456	284	283
611	612	458
665	666	513
715	537	536
254	119	120
254	255	119
248	125	126
248	249	125
285	44	45
285	286	44
383	384	205
542	387	386
418	243	242
408	409	230
487	318	317
642	490	489
445	269	444
446	270	445
415	239	414
736	557	735
616	463	462
443	268	267
547	548	392
389	390	211
350	517	12
518	528	360
458	286	285
608	455	454
843	683	527
419	243	418
787	615	614
617	463	616
189	5	369
683	526	358
507	338	337
390	391	212
429	253	428
673	189	369
489	320	319
487	488	318
378	200	199
377	199	198
531	273	272
771	596	595
674	527	359
434	258	433
532	312	311
634	481	480
444	269	268
444	268	443
634	671	481
477	478	305
587	433	432
584	430	429
470	471	298
470	297	469
450	278	277
450	277	449
410	232	231
530	235	234
523	354	355
508	509	339
379	201	200
379	380	201
567	568	413
530	236	235
493	324	323
493	323	492
436	260	435
591	437	436
529	198	197
529	197	348
373	374	193
759	584	583
518	360	349
702	528	518
869	717	868
352	11	521
600	672	446
447	275	274
454	282	281
454	455	282
500	330	499
817	648	647
461	289	288
461	462	289
598	444	443
368	188	187
373	193	192
990	694	673
646	647	494
644	491	643
405	227	226
733	555	554
498	499	329
648	496	495
421	246	245
421	245	420
472	473	300
644	492	491
654	502	501
502	332	501
601	448	447
448	449	276
416	241	240
416	417	241
649	497	496
497	327	496
479	307	306
479	306	478
541	386	385
656	657	504
407	229	228
564	565	409
480	308	307
481	308	480
510	341	340
510	340	509
504	334	503
656	504	503
451	279	278
451	278	450
619	466	465
367	186	196
741	742	563
560	404	559
680	185	365
456	457	284
430	255	254
429	430	254
442	267	266
442	443	267
472	300	299
472	299	471
604	451	450
684	188	368
389	210	388
682	353	522
605	452	451
765	766	590
379	200	378
515	516	346
381	203	202
381	202	380
452	280	279
452	279	451
506	337	336
506	507	337
494	495	325
681	195	375
415	240	239
415	416	240
403	225	224
396	397	218
531	271	446
778	605	777
728	549	727
396	217	395
486	317	316
486	316	485
547	391	546
522	353	354
487	317	486
475	476	303
413	238	237
413	237	412
477	305	304
477	304	476
395	217	216
395	216	394
572	418	417
562	406	561
1153	848	1000
682	521	353
457	285	284
457	458	285
439	264	263
439	263	438
419	244	243
419	420	244
680	366	185
456	283	455
422	247	246
422	246	421
584	585	430
584	429	583
531	274	273
531	447	274
619	465	618
464	465	292
658	505	657
543	388	387
556	401	400
404	405	226
515	346	345
515	345	514
495	326	325
495	496	326
511	342	341
511	341	510
539	383	538
662	510	509
534	379	378
667	515	514
519	350	351
687	517	350
427	252	251
427	428	252
393	215	214
393	394	215
657	505	504
505	506	336
482	312	532
484	485	315
618	465	464
617	464	463
529	348	347
529	347	516
639	487	486
641	488	640
687	350	519
697	699	374
700	376	681
676	375	194
425	250	249
425	249	424
488	319	318
488	489	319
385	207	206
385	206	384
191	372	6
685	192	372
497	328	327
497	498	328
525	356	357
678	524	356
408	230	229
408	229	407
689	366	680
849	850	690
551	396	395
750	751	575
632	479	478
484	315	314
625	626	472
643	491	490
448	276	275
448	275	447
436	261	260
436	437	261
399	400	221
547	392	391
583	429	428
683	358	527
663	511	510
538	383	382
500	331	330
500	501	331
468	296	295
468	469	296
399	221	220
399	220	398
624	471	470
630	477	476
533	378	377
669	377	529
467	295	294
467	468	295
397	219	218
397	398	219
431	256	255
431	255	430
585	431	430
1437	1290	1426
681	376	195
376	196	195
459	286	458
613	459	612
796	624	623
671	532	481
483	314	313
483	313	482
453	281	280
453	280	452
459	287	286
459	460	287
525	357	526
356	524	10
568	414	413
568	569	414
426	251	250
426	427	251
505	336	335
505	335	504
621	468	467
627	474	473
402	224	223
402	403	224
441	266	265
441	265	440
577	423	422
758	583	582
475	303	302
475	302	474
550	394	549
730	552	551
530	412	236
670	412	530
404	226	225
404	225	403
432	257	256
432	256	431
647	495	494
816	646	815
370	190	189
370	371	190
392	214	213
392	393	214
633	480	479
638	486	485
513	344	343
513	514	344
386	208	207
386	387	208
502	333	332
502	503	333
614	461	460
609	456	455
574	420	419
841	679	524
490	321	320
490	491	321
675	352	521
855	699	697
545	390	389
902	903	751
553	397	552
579	425	424
520	351	352
520	519	351
971	819	970
624	470	623
530	234	233
530	233	411
508	339	338
508	338	507
622	469	468
622	623	469
668	516	515
669	533	377
561	406	405
670	530	411
819	650	649
795	622	794
639	640	487
640	488	487
667	668	515
667	514	666
544	388	543
544	389	388
638	639	486
629	630	476
913	762	761
843	527	674
572	573	418
749	574	573
582	583	428
1144	711	999
592	593	438
763	587	762
754	579	578
743	565	564
662	509	661
661	509	508
848	675	521
675	520	352
575	421	420
575	576	421
769	594	593
602	603	449
557	402	401
557	558	402
626	473	472
627	473	626
592	438	437
608	454	607
715	716	537
666	514	513
651	499	498
655	656	503
578	424	423
578	423	577
831	662	661
664	511	663
589	435	434
849	690	689
672	447	531
672	531	446
826	827	657
860	703	705
563	408	407
562	407	406
660	661	508
660	508	507
671	482	532
634	480	633
564	408	563
745	746	570
542	386	541
540	385	384
607	454	453
606	607	453
688	191	371
688	372	191
752	577	576
578	579	424
592	437	591
590	591	436
570	416	415
570	415	569
565	410	409
566	567	670
601	672	600
600	446	445
566	411	410
564	409	408
615	461	614
622	468	621
850	693	690
588	433	587
844	673	369
915	916	764
549	394	393
549	393	548
597	443	442
597	598	443
825	655	824
542	543	387
788	616	615
932	781	780
620	467	466
620	466	619
555	400	399
555	556	400
637	484	636
630	631	477
604	605	451
601	447	672
602	449	448
601	602	448
950	798	949
946	794	945
1195	1055	1054
752	753	577
611	458	457
785	613	612
537	538	382
871	872	720
537	381	536
534	378	533
761	762	586
586	587	432
815	646	645
814	815	645
691	677	367
620	621	467
554	399	398
554	555	399
612	459	458
1154	842	995
586	432	431
586	431	585
749	750	574
902	751	750
726	548	547
724	725	546
537	382	381
835	666	665
677	365	186
791	619	618
1075	929	1074
596	597	442
679	523	355
727	549	548
641	489	488
641	642	489
566	670	411
566	410	565
845	685	372
686	349	517
652	500	499
652	499	651
625	472	471
624	625	471
829	660	659
1028	877	876
540	541	385
539	384	383
596	442	441
596	441	595
632	633	479
629	475	628
536	381	380
535	380	379
535	536	380
535	379	534
615	462	461
615	616	462
571	417	416
571	416	570
650	498	497
650	651	498
795	623	622
943	792	791
653	501	500
653	500	652
802	803	630
800	628	627
580	426	425
580	425	579
798	799	626
814	645	644
631	478	477
631	632	478
751	576	575
1139	708	994
893	894	742
562	563	407
1146	1150	1003
845	372	688
838	744	568
740	562	561
635	483	482
634	635	671
546	391	390
546	390	545
1066	1067	918
919	767	918
669	516	668
669	668	533
1133	705	989
676	194	374
887	736	735
742	743	564
608	609	455
780	608	607
637	638	485
637	485	484
765	590	589
934	935	783
789	616	788
944	792	943
581	426	580
757	581	756
636	484	483
636	483	635
1169	1027	1026
750	575	574
918	767	766
1084	939	938
1032	880	1031
1287	1135	990
895	744	896
863	710	709
846	686	517
846	517	687
707	523	708
725	547	546
807	637	806
959	808	807
768	593	592
762	587	586
719	541	540
540	384	539
1030	1031	879
722	723	544
599	445	444
599	600	445
613	460	459
613	614	460
746	571	570
740	561	739
997	681	847
800	627	799
693	684	368
769	593	768
716	538	537
972	820	971
922	770	921
776	777	604
699	676	374
1112	969	1111
646	494	493
646	493	645
559	404	403
559	403	558
789	617	616
782	609	781
802	629	801
960	808	959
560	405	404
560	561	405
720	541	719
659	506	658
962	811	810
800	801	628
628	475	474
628	474	627
552	397	396
552	396	551
550	395	394
550	551	395
801	629	628
629	476	475
665	513	512
665	512	664
809	640	639
802	630	629
590	436	435
590	435	589
610	457	456
610	611	457
778	606	605
786	613	785
806	637	636
1007	634	633
774	599	598
928	777	776
876	724	875
824	655	654
573	419	418
573	574	419
827	658	657
979	827	978
588	434	433
588	589	434
826	657	656
722	544	543
942	791	790
788	615	787
659	507	506
659	660	507
871	720	719
834	665	664
747	572	571
893	742	741
581	427	426
581	582	427
655	503	502
655	502	654
553	398	397
553	554	398
976	825	824
830	660	829
714	535	713
717	538	716
594	440	439
594	595	440
747	571	746
742	564	563
1281	858	1013
1013	858	857
919	768	767
770	594	769
777	605	604
778	779	606
955	956	804
799	627	626
713	535	534
714	536	535
859	704	703
1004	845	688
775	776	603
776	604	603
837	636	635
837	635	634
710	678	525
863	709	864
828	829	659
1025	873	1024
745	570	569
897	898	746
835	665	834
836	667	666
909	758	757
858	712	702
1535	1405	1404
856	697	698
712	674	528
712	528	702
698	373	685
1145	1001	1149
736	558	557
895	745	744
767	592	591
767	768	592
782	610	609
783	610	782
838	568	567
744	745	569
723	545	544
721	543	542
693	368	690
858	702	857
859	703	860
973	974	822
781	609	608
781	608	780
1616	1617	1491
1287	990	1151
921	769	920
772	596	771
786	614	613
786	787	614
708	523	679
974	823	822
728	550	549
972	973	821
732	733	554
730	551	729
842	365	677
1219	1081	1080
1398	1246	1245
820	650	819
977	978	826
997	700	681
790	618	617
790	791	618
755	580	579
755	579	754
900	749	748
737	738	559
881	882	730
861	707	862
760	585	584
760	584	759
857	702	701
1004	688	696
731	553	552
730	731	552
812	643	642
1232	1094	1093
1096	951	950
804	632	631
748	749	573
737	559	558
754	578	753
752	576	751
822	653	652
822	652	821
1116	1117	974
818	819	649
727	548	726
726	547	725
848	521	682
1000	848	682
721	722	543
875	724	723
833	664	663
833	834	664
690	368	366
690	366	689
818	649	648
818	648	817
779	607	606
779	780	607
851	691	692
794	622	621
705	520	675
705	703	520
732	553	731
1329	1174	1173
711	526	683
709	526	711
1157	865	988
714	715	536
748	573	572
748	572	747
707	522	523
707	706	522
981	830	829
1124	982	981
784	612	611
784	785	612
775	603	602
927	776	775
880	729	728
874	875	723
701	518	686
701	702	518
734	556	555
734	555	733
811	642	641
810	640	809
839	668	667
1127	985	984
946	795	794
692	691	367
773	598	597
924	773	772
724	546	545
724	545	723
796	623	795
797	625	624
952	801	800
811	812	642
766	591	590
766	767	591
990	673	844
912	761	760
808	639	638
808	809	639
696	688	371
696	371	695
847	375	676
789	790	617
1221	1222	1083
938	939	787
873	874	722
823	653	822
945	794	793
940	789	788
978	827	826
1000	682	706
763	588	587
764	589	588
783	611	610
783	784	611
764	588	763
1425	1135	1287
793	621	620
793	794	621
774	598	773
840	600	599
1531	1532	1401
1152	997	847
944	793	792
796	797	624
877	726	725
728	729	550
1401	1249	1248
1218	1080	1079
1081	936	935
842	680	365
744	569	568
894	743	742
905	754	753
906	907	755
718	540	539
718	719	540
792	620	619
792	793	620
704	687	519
704	519	703
928	776	927
931	932	780
862	707	708
878	879	727
825	656	655
825	826	656
964	812	963
813	643	812
967	816	815
968	817	816
840	601	600
840	599	774
735	557	556
735	556	734
805	633	632
837	806	636
798	626	625
798	625	797
756	581	580
755	756	580
1007	633	805
805	632	804
803	631	630
803	804	631
838	567	566
896	744	838
820	651	650
820	821	651
717	539	538
717	718	539
1266	1144	1156
1156	843	992
841	524	678
1038	887	886
832	833	663
982	831	830
961	962	810
961	810	809
1164	1165	1022
1026	1027	875
936	785	784
936	784	935
895	897	745
738	560	559
956	805	804
1158	957	958
885	886	734
737	558	736
948	797	796
970	819	818
828	659	658
828	658	827
807	638	637
807	808	638
813	644	643
813	814	644
942	943	791
941	790	789
739	561	560
739	560	738
1242	1106	1105
965	814	813
823	654	653
823	824	654
1043	1044	892
907	756	755
1439	1288	1316
867	716	715
697	374	373
697	373	698
709	525	526
709	710	525
844	369	684
1063	914	1062
899	747	898
891	740	739
839	533	668
839	667	836
810	641	640
810	811	641
832	663	662
832	662	831
1016	863	864
864	709	711
741	563	562
741	562	740
896	838	1005
1005	565	743
757	582	581
757	758	582
816	647	646
816	817	647
1029	878	877
1176	1034	1033
1006	534	533
1006	713	534
1030	879	878
1155	994	841
986	834	985
1157	988	987
1008	602	601
1008	775	602
765	589	764
915	764	763
830	661	660
830	831	661
770	595	594
770	771	595
692	367	376
692	376	700
1276	854	1011
916	765	764
761	586	585
761	585	760
720	542	541
720	721	542
772	597	596
772	773	597
935	784	783
934	783	782
1050	902	901
901	749	900
694	370	673
694	695	370
852	851	692
947	796	795
1069	1070	921
921	770	769
933	781	932
911	760	759
872	721	720
873	722	721
951	800	799
1105	963	962
954	802	953
955	804	803
952	953	801
1007	837	634
953	802	801
952	800	951
949	798	797
949	797	948
1064	916	915
920	769	768
983	831	982
868	717	716
1316	1288	1153
1115	973	972
954	803	802
961	809	960
1278	862	1139
885	734	733
1033	882	881
1039	888	887
1002	686	846
1002	701	686
979	828	827
981	982	830
852	692	700
1089	944	943
1065	916	1064
917	765	916
1160	896	894
901	750	749
1345	1191	1190
888	889	737
874	723	722
1439	1133	1288
1008	601	840
926	1008	840
1150	846	1003
855	697	856
1047	899	898
889	738	737
1011	854	853
1149	1001	845
1038	886	1037
1155	841	996
960	809	808
1101	955	1100
1006	533	839
988	839	836
1003	846	687
1003	687	704
964	813	812
1092	947	946
969	817	968
971	820	819
985	834	833
865	714	713
883	732	731
1032	881	880
1043	892	891
891	739	890
1143	693	850
910	758	909
1498	1499	1362
1207	1067	1066
888	737	736
888	736	887
999	683	843
999	711	683
941	942	790
1232	1093	1231
930	779	778
1216	1078	1077
984	985	833
867	868	716
1126	983	1125
983	832	831
904	753	752
904	905	753
1144	864	711
1057	909	908
1005	566	565
1005	838	566
1207	1066	1206
923	924	772
963	812	811
963	811	962
870	718	869
869	718	717
908	757	756
908	909	757
1133	860	705
975	976	824
995	677	691
995	842	677
926	927	775
1212	1072	1071
1110	967	1109
967	968	816
957	807	806
958	837	1007
1143	998	693
1062	914	913
950	799	798
950	951	799
873	721	872
980	828	979
1006	839	988
1006	988	713
1149	845	1004
1253	1116	1252
977	826	825
977	825	976
922	771	770
923	772	771
903	752	751
903	904	752
1268	1150	1146
1419	1271	1267
1046	897	1132
1185	1186	1043
947	948	796
1140	852	700
870	719	718
870	871	719
865	866	714
986	835	834
884	885	733
1351	1196	1350
1147	701	1002
1150	1002	846
1022	1023	871
1020	869	868
892	741	740
892	893	741
1217	1078	1216
1373	1220	1219
879	728	727
879	880	728
1109	967	966
966	967	815
876	725	724
876	877	725
1418	1282	1266
853	695	694
958	805	956
957	959	807
898	747	746
897	746	745
938	787	786
1224	1086	1085
975	824	823
975	823	974
861	706	707
1142	706	861
958	1007	805
1158	958	956
1147	857	701
1148	1149	1004
929	778	777
929	777	928
902	750	901
1051	903	902
896	743	894
896	1005	743
939	788	787
939	940	788
1083	938	937
1077	1078	932
1220	1082	1081
937	785	936
912	913	761
1054	905	1053
925	774	773
925	773	924
1094	949	948
1105	962	1104
1001	685	845
1001	698	685
996	678	710
996	841	678
882	731	730
882	883	731
993	689	680
993	680	842
1151	990	844
912	760	911
945	793	944
1010	851	852
881	730	729
881	729	880
1088	1089	943
941	789	940
1086	941	940
954	955	803
1250	1251	1114
973	822	821
906	755	754
906	754	905
933	782	781
933	934	782
919	920	768
1077	932	931
910	759	758
910	911	759
1426	1136	1281
914	762	913
923	771	922
1159	926	925
926	775	1008
1159	927	926
1072	924	923
929	930	778
1021	870	869
1125	983	982
886	735	734
886	887	735
1317	1162	1161
1026	875	874
1014	859	860
1251	1115	1114
899	748	747
899	900	748
1044	1045	893
1046	898	897
866	715	714
866	867	715
854	696	695
854	695	853
958	806	837
958	957	806
1097	951	1096
1104	962	961
991	676	699
991	847	676
1118	976	975
1153	1000	1142
931	780	779
931	779	930
917	766	765
917	918	766
1238	1099	1237
1103	1104	961
1239	1103	1102
1094	1095	949
1079	933	1078
1078	933	932
878	727	726
878	726	877
891	892	740
1285	863	1016
1232	1233	1094
946	947	795
984	833	832
984	832	983
1244	1107	1243
1252	1116	1115
994	708	679
994	679	841
1209	1069	1068
1500	1501	1364
890	739	738
890	738	889
926	840	774
926	774	925
980	829	828
980	981	829
1291	1129	1128
986	987	835
1059	911	910
1060	912	911
969	818	817
969	970	818
1288	1133	989
1111	969	968
1087	941	1086
1088	943	942
1097	952	951
1246	1110	1109
989	675	848
989	705	675
1035	884	883
1298	1432	1155
1182	1040	1039
1132	897	895
966	815	814
966	814	965
998	684	693
998	844	684
937	786	785
937	938	786
884	733	732
884	732	883
1048	1049	900
1041	890	889
1053	904	1052
1040	889	888
1115	972	1114
972	821	820
1395	1243	1242
1114	972	971
987	836	835
987	988	836
992	843	674
992	674	712
914	763	762
914	915	763
1017	866	865
1157	1017	865
1031	880	879
1123	1124	981
1181	1038	1180
1192	1052	1051
1100	954	1099
1294	1131	1101
1053	905	904
1484	1348	1347
1124	1125	982
1164	1022	1021
1061	913	912
1065	917	916
1251	1252	1115
1705	1267	1270
1020	1021	869
1128	985	1127
1120	978	977
1165	1023	1022
1029	1030	878
1139	862	708
1095	950	949
1095	1096	950
1195	1196	1055
1059	910	1058
1101	1131	1158
1102	960	959
1159	1073	927
1073	928	927
1040	1041	889
1044	893	892
1026	874	1025
1024	873	872
1108	966	965
1108	1109	966
1423	1565	1546
1083	1084	938
1554	1421	1269
1012	855	856
1045	894	893
1050	1051	902
1091	946	945
1092	946	1091
1052	904	903
1052	903	1051
1198	1057	1197
1423	1297	1141
1090	945	944
1090	944	1089
1205	1065	1064
1067	919	918
1121	979	978
1025	874	873
1113	971	970
1113	1114	971
1098	953	952
1099	954	953
1128	986	985
1129	1017	1157
1160	894	1045
1160	895	896
1084	1085	939
1527	1396	1526
1032	1033	881
1177	1035	1034
1080	935	934
1080	1081	935
1366	1211	1365
1213	1075	1074
1131	1102	959
1097	1098	952
1059	1060	911
1438	1287	1151
1130	924	1072
1130	1073	1159
1370	1217	1216
1203	1062	1202
1130	925	924
1130	1159	925
1027	876	875
1027	1028	876
1112	970	969
1112	1113	970
1019	868	867
1020	868	1019
1117	975	974
1117	1118	975
1140	700	997
1152	847	991
1061	912	1060
1061	1062	913
1160	1132	895
1160	1045	1132
1226	1088	1087
1511	1377	1510
1058	910	909
1058	909	1057
1043	891	1042
1189	1048	1188
1036	885	884
1037	886	885
1082	937	936
1082	936	1081
1036	884	1035
1037	885	1036
1178	1036	1035
1700	1566	1681
1330	1331	1175
1029	877	1028
1151	844	998
1151	998	1143
1056	908	907
1056	1057	908
1145	856	698
1145	698	1001
1015	861	862
1172	1030	1029
1091	945	1090
1286	852	1140
1254	1118	1117
1429	1286	1140
1126	1127	984
1665	1540	1664
1148	1004	696
1148	696	854
1023	872	871
1023	1024	872
1136	712	858
1136	992	712
1129	986	1128
1161	1019	1018
1168	1026	1025
1018	866	1017
1079	934	933
1079	1080	934
1055	907	906
1055	1056	907
1299	1429	1140
1306	1274	1012
1066	918	917
1066	917	1065
1009	850	849
1206	1066	1065
1074	929	928
1074	928	1073
1022	871	870
1022	870	1021
1243	1107	1106
1231	1093	1092
1068	920	919
1068	919	1067
1071	923	922
1071	1072	923
1168	1169	1026
1257	1120	1256
1536	1537	1406
1121	978	1120
1107	1108	965
1107	964	1106
1284	1009	849
1154	993	842
1049	901	900
1050	901	1049
1034	1035	883
1177	1178	1035
1281	1136	858
1360	1205	1359
1277	1141	851
1083	937	1082
1272	1268	1146
1147	1002	1150
1199	1059	1058
1275	857	1147
1085	940	939
1085	1086	940
1126	984	983
1320	1321	1165
1295	993	1154
1284	849	1137
1087	942	941
1087	1088	942
1205	1064	1204
1204	1064	1063
1138	710	863
1138	996	710
1119	976	1118
1257	1121	1120
1253	1254	1117
1330	1174	1329
1311	1420	1272
1422	1270	1276
1093	948	947
1093	1094	948
1131	959	957
1131	957	1158
1167	1025	1024
1142	1000	706
1296	1139	994
1174	1032	1031
1283	1142	861
1328	1329	1173
1146	704	859
1146	1003	704
1263	1127	1126
1162	1020	1019
1038	1039	887
1183	1184	1041
1110	968	967
1110	1111	968
1141	691	851
1141	995	691
1116	974	973
1116	973	1115
1099	953	1098
1100	955	954
1106	964	963
1106	963	1105
1048	900	899
1048	899	1047
1229	1091	1090
1092	1093	947
1434	1212	1366
1075	930	929
1054	906	905
1054	1055	906
1040	888	1039
1346	1192	1191
1236	1237	1098
1235	1097	1096
1076	1077	931
1215	1076	1214
1103	961	960
1103	960	1102
1286	1010	852
1243	1106	1242
1190	1050	1049
1334	1179	1178
1042	891	890
1042	890	1041
1119	977	976
1119	1120	977
1063	915	914
1063	1064	915
1046	1047	898
1186	1044	1043
1076	931	930
1076	930	1075
1070	922	921
1070	1071	922
1034	883	882
1034	882	1033
1069	921	920
1069	920	1068
1201	1202	1061
1265	1151	1143
1174	1031	1173
1278	1015	862
1122	980	979
1122	979	1121
1129	987	986
1129	1157	987
1430	1299	1152
1430	1152	1289
1698	1569	1678
1276	1148	854
1156	999	843
1156	1144	999
1217	1079	1078
1208	1068	1067
1282	1144	1266
1486	1350	1349
1240	1104	1103
1239	1240	1103
1018	867	866
1018	1019	867
1248	1112	1111
1225	1086	1224
1135	694	990
1135	853	694
1123	981	980
1123	980	1122
1267	1145	1149
1419	1307	1271
1294	1101	1100
1237	1099	1098
1325	1169	1324
1180	1038	1037
1256	1120	1119
1153	989	848
1134	699	855
1134	991	699
1261	1124	1260
1461	1462	1322
1288	989	1153
1257	1258	1121
1188	1048	1047
1185	1043	1042
1223	1084	1222
1277	851	1010
1187	1046	1292
1314	1315	1016
1101	956	955
1101	1158	956
1137	849	689
1137	689	993
1221	1083	1082
1382	1229	1228
1191	1050	1190
1285	1428	1138
1275	1013	857
1308	1281	1013
1295	1427	1137
1423	1141	1277
1195	1054	1194
1562	1418	1266
1293	1073	1130
1293	1074	1073
1264	1128	1127
1161	1162	1019
1435	1294	1238
1233	1095	1094
1219	1220	1081
1218	1079	1217
1222	1084	1083
1376	1223	1222
1477	1338	1337
1183	1041	1040
1177	1034	1176
1296	994	1155
1179	1036	1178
1336	1181	1180
1197	1057	1056
1314	1016	1282
1866	1742	1741
1201	1061	1060
1259	1123	1122
1166	1167	1024
1274	855	1012
1274	1134	855
1163	1021	1020
1163	1020	1162
1175	1176	1033
1175	1033	1032
1200	1201	1060
1555	1419	1267
1245	1109	1108
1241	1242	1105
1173	1031	1030
1173	1030	1172
1235	1096	1234
1236	1097	1235
1293	1213	1074
1434	1293	1212
1234	1096	1095
1234	1095	1233
1264	1127	1263
1415	1263	1262
1270	1148	1276
1421	1275	1269
1269	1150	1268
1270	1149	1148
1166	1024	1023
1166	1023	1165
1210	1211	1070
1502	1368	1556
1175	1032	1174
1476	1337	1336
1371	1218	1217
1208	1209	1068
1269	1147	1150
1269	1275	1147
1293	1130	1072
1293	1072	1212
1539	1540	1409
1255	1256	1119
1191	1051	1050
1191	1192	1051
1378	1224	1377
1221	1082	1220
1214	1076	1075
1214	1075	1213
1430	1289	1440
1253	1117	1116
1229	1090	1228
1227	1089	1088
1855	1729	1854
1560	1438	1265
1228	1090	1089
1383	1229	1382
1292	1132	1045
1292	1046	1132
1193	1053	1052
1193	1052	1192
1280	1011	853
1280	853	1135
1371	1372	1218
1431	1154	1297
1202	1062	1061
1356	1201	1355
1318	1163	1162
1262	1126	1125
1230	1092	1091
1230	1231	1092
1194	1054	1053
1194	1053	1193
1474	1335	1334
1335	1336	1180
1262	1263	1126
1409	1257	1256
1862	1863	1738
1279	1265	1143
1289	1152	991
1289	991	1134
1318	1319	1163
1291	1017	1129
1299	1140	997
1299	997	1152
1291	1128	1264
1573	1559	1317
1290	992	1136
1290	1156	992
1273	860	1133
1273	1014	860
1306	1012	1307
1245	1246	1109
1184	1042	1041
1185	1042	1184
1228	1089	1227
1227	1088	1226
1250	1114	1113
1249	1112	1248
1386	1387	1233
1386	1233	1232
1206	1065	1205
1207	1208	1067
1452	1420	1311
1564	1441	1283
1285	1138	863
1335	1180	1179
1211	1071	1070
1211	1212	1071
1187	1047	1046
1187	1188	1047
1400	1401	1248
1247	1110	1246
1363	1209	1208
1365	1211	1210
1328	1173	1172
1283	861	1015
1910	1787	1909
1407	1255	1254
1438	1151	1265
1300	1279	1009
1260	1124	1123
1260	1123	1259
1225	1087	1086
1225	1226	1087
1198	1058	1057
1198	1199	1058
1272	859	1014
1272	1146	859
1179	1037	1036
1179	1180	1037
1297	1154	995
1297	995	1141
1241	1105	1104
1241	1104	1240
1196	1056	1055
1196	1197	1056
1361	1207	1206
1301	1009	1284
1292	1045	1044
1292	1044	1186
1258	1122	1121
1258	1259	1122
1358	1204	1203
1356	1202	1201
1392	1240	1239
1236	1098	1097
1410	1258	1257
1415	1262	1414
1510	1377	1376
1369	1216	1215
1347	1348	1193
1182	1183	1040
1333	1334	1178
1333	1178	1177
1203	1063	1062
1203	1204	1063
1223	1085	1084
1223	1224	1085
1343	1189	1188
1477	1337	1476
1362	1208	1207
1219	1080	1218
1294	1102	1131
1294	1239	1102
1816	1449	1579
1618	1493	1492
1164	1021	1163
1412	1260	1259
1267	1149	1270
1271	1145	1267
1563	1310	1273
1404	1252	1251
1282	864	1144
1282	1016	864
1424	1139	1296
1485	1348	1484
1489	1352	1488
1372	1219	1218
1171	1029	1028
1171	1172	1029
1341	1186	1185
1433	1187	1292
1387	1234	1233
1392	1239	1435
1298	1155	996
1298	996	1138
1229	1230	1091
1378	1379	1225
1261	1125	1124
1261	1262	1125
1238	1100	1099
1238	1294	1100
1189	1049	1048
1189	1190	1049
1396	1244	1243
1391	1435	1238
1255	1119	1118
1255	1118	1254
1210	1070	1069
1210	1069	1209
1539	1408	1538
1169	1170	1027
1335	1179	1334
1337	1338	1182
1291	1018	1017
1291	1161	1018
1170	1028	1027
1170	1171	1028
1181	1039	1038
1181	1182	1039
1279	1143	850
1279	850	1009
1405	1253	1252
1441	1142	1283
1397	1244	1396
1517	1383	1516
1374	1220	1373
1295	1137	993
1200	1060	1059
1200	1059	1199
1315	1285	1016
1345	1346	1191
1384	1231	1230
1394	1395	1242
1453	1312	1313
1313	1312	1015
1354	1199	1353
1352	1198	1197
1168	1025	1167
1461	1321	1460
1319	1164	1163
1545	1415	1414
1247	1111	1110
1247	1248	1111
1431	1427	1295
1375	1376	1222
1402	1249	1401
1328	1172	1327
1420	1268	1272
1307	1012	1271
1249	1113	1112
1249	1250	1113
1390	1237	1236
1389	1236	1235
1271	856	1145
1271	1012	856
1215	1077	1076
1215	1216	1077
1350	1196	1195
1418	1314	1282
1244	1108	1107
1244	1245	1108
1313	1015	1278
1330	1175	1174
1391	1237	1390
1435	1239	1294
1344	1189	1343
1340	1185	1184
1380	1381	1227
1567	1286	1429
1310	1014	1273
1803	1675	1693
1434	1213	1293
1366	1212	1211
1302	1277	1010
1567	1303	1286
1442	1417	1300
1360	1206	1205
1332	1177	1176
1333	1177	1332
1357	1203	1202
1357	1358	1203
1430	1429	1299
1561	1274	1306
1439	1273	1133
1563	1273	1439
1461	1322	1321
1411	1258	1410
1398	1399	1246
1393	1394	1241
1385	1232	1231
1399	1247	1246
1414	1262	1261
1593	1594	1468
1409	1410	1257
1408	1255	1407
1394	1242	1241
1391	1238	1237
1356	1357	1202
1355	1201	1200
1695	1443	1301
1373	1219	1372
1713	1712	1583
1457	1441	1564
1472	1333	1332
1475	1476	1336
1374	1221	1220
1375	1222	1221
1552	1429	1430
1404	1405	1252
1634	1509	1508
1508	1374	1507
1349	1350	1195
1799	1694	1811
1326	1171	1170
1324	1168	1323
1553	1430	1440
1511	1512	1378
1323	1168	1167
1321	1166	1165
1685	1427	1550
1747	1622	1621
1478	1339	1338
1338	1183	1182
1575	1422	1446
1574	1420	1452
1468	1329	1328
1325	1326	1170
1669	1545	1544
1413	1260	1412
1541	1411	1410
1312	1283	1015
1564	1283	1312
1537	1407	1406
1320	1165	1164
1320	1164	1319
1359	1205	1204
1359	1204	1358
1432	1424	1296
1591	1466	1465
1379	1226	1225
1378	1225	1224
1463	1464	1324
1322	1166	1321
1364	1365	1210
1300	1009	1301
1322	1167	1166
1322	1323	1167
1331	1176	1175
1331	1332	1176
1362	1207	1361
1370	1216	1369
1396	1243	1395
1526	1396	1395
1348	1194	1193
1603	1478	1477
1351	1197	1196
1351	1352	1197
1689	1365	1501
1367	1214	1213
1609	1483	1608
1915	1806	1793
1480	1344	1343
1433	1292	1186
1525	1526	1395
1389	1235	1388
1362	1363	1208
1500	1364	1363
1311	1272	1014
1311	1014	1310
1353	1199	1198
1353	1198	1352
1458	1318	1559
1436	1317	1161
1325	1170	1169
1324	1169	1168
1400	1248	1247
1400	1247	1399
1337	1181	1336
1339	1340	1184
1360	1361	1206
1496	1360	1359
1393	1241	1240
1392	1393	1240
1427	1284	1137
1546	1431	1423
1389	1390	1236
1524	1394	1393
1441	1153	1142
1441	1316	1153
1739	1613	1738
1487	1350	1486
1388	1235	1234
1388	1234	1387
1337	1182	1181
1849	1724	1723
1411	1259	1258
1411	1412	1259
1408	1256	1255
1408	1409	1256
1449	1308	1309
1450	1449	1309
1699	1302	1444
1521	1522	1388
1462	1323	1322
1463	1324	1323
1730	1602	1729
1482	1483	1346
1413	1261	1260
1413	1414	1261
1593	1468	1467
1406	1407	1254
1549	1437	1426
1426	1290	1136
1344	1190	1189
1344	1345	1190
1428	1298	1138
1454	1314	1455
1597	1472	1471
1471	1331	1470
1496	1497	1360
1371	1217	1370
1495	1359	1358
1560	1265	1417
1661	1536	1660
1657	1533	1532
1489	1490	1353
1548	1425	1438
1425	1280	1135
1425	1287	1438
1406	1254	1253
1406	1253	1405
1317	1318	1162
1559	1318	1317
1473	1333	1472
2366	1606	1480
1436	1161	1291
1436	1291	1264
1342	1188	1187
1342	1343	1188
1673	1562	1549
1481	1345	1344
1380	1227	1226
1380	1226	1379
1497	1361	1360
1443	1300	1301
1639	1640	1514
1530	1531	1400
1446	1422	1304
1309	1275	1421
1465	1326	1325
1464	1465	1325
1704	1573	1415
1416	1263	1415
1466	1467	1327
1470	1331	1330
1416	1264	1263
1416	1436	1264
1342	1187	1433
1341	1185	1340
1385	1231	1384
1385	1386	1232
1520	1387	1386
1651	1652	1527
1431	1295	1154
1431	1297	1423
1552	1430	1553
1524	1525	1394
1354	1200	1199
1354	1355	1200
1403	1251	1250
1403	1404	1251
1368	1369	1215
1367	1213	1434
1327	1172	1171
1327	1171	1326
1339	1184	1183
1339	1183	1338
1381	1228	1227
1381	1382	1228
1341	1433	1186
1701	1433	1341
1572	1435	1391
1572	1393	1392
1424	1278	1139
1688	1551	1570
1304	1276	1011
1304	1422	1276
1364	1210	1209
1364	1209	1363
1349	1195	1194
1349	1194	1348
1303	1010	1286
1303	1302	1010
1309	1013	1275
1309	1308	1013
1548	1438	1560
1491	1355	1354
1523	1389	1522
1572	1392	1435
1643	1644	1518
1525	1395	1394
1638	1513	1512
1514	1515	1381
1509	1376	1375
1505	1372	1371
1397	1245	1244
1397	1398	1245
1377	1224	1223
1377	1223	1376
1479	1340	1339
1690	1557	1605
1507	1374	1373
1375	1221	1374
1578	1447	1448
2069	1965	1964
1502	1369	1368
1556	1368	1367
1547	1424	1432
1594	1469	1468
1437	1266	1156
1437	1156	1290
1417	1265	1279
1417	1279	1300
1509	1510	1376
1685	1571	1427
1444	1302	1303
1511	1378	1377
1347	1193	1192
1347	1192	1346
1305	1011	1280
1305	1304	1011
1498	1361	1497
1627	1502	1556
1368	1215	1214
1368	1214	1367
1402	1250	1249
1402	1403	1250
1432	1296	1155
1432	1298	1428
1440	1134	1274
1440	1289	1134
1383	1230	1229
1383	1384	1230
1660	1536	1535
1711	1692	2375
1680	1583	1564
1593	1467	1592
1457	1316	1441
1668	1669	1544
1696	1303	1567
1870	1871	1746
1481	1344	1480
1482	1346	1345
1542	1411	1541
1584	1459	1458
1557	1341	1340
1454	1315	1314
1699	1565	1302
1513	1380	1379
1757	1633	1756
1516	1383	1382
1697	1679	1568
1678	1425	1548
1543	1413	1412
1460	1321	1320
1597	1598	1472
1718	1591	1590
1485	1349	1348
1478	1479	1339
1540	1410	1409
1540	1541	1410
1691	1696	1567
1528	1398	1397
1504	1371	1370
1504	1370	1503
1695	1301	1571
1503	1370	1369
1496	1359	1495
1617	1492	1491
1443	1442	1300
1633	1508	1507
1534	1404	1403
1561	1440	1274
1719	1592	1591
1553	1440	1561
1821	1554	1706
1706	1268	1420
1538	1408	1407
1538	1407	1537
1506	1373	1372
1506	1507	1373
1620	1494	1619
1577	1446	1445
1702	1434	1366
1702	1367	1434
1487	1351	1350
1485	1486	1349
1488	1351	1487
1744	1618	1743
1532	1402	1401
1535	1404	1534
1662	1663	1538
1675	1561	1693
1573	1416	1415
1677	1584	1458
1573	1317	1436
1573	1436	1416
1498	1362	1361
1499	1363	1362
1459	1319	1458
1458	1319	1318
1519	1520	1386
1530	1400	1399
1710	1680	1453
1544	1545	1414
1826	1814	1578
1533	1402	1532
2370	1647	2374
1647	1522	1521
1916	1794	1817
1633	1507	1632
1571	1301	1284
1571	1284	1427
1459	1320	1319
1459	1460	1320
1568	1426	1281
1568	1281	1308
1518	1384	1517
1531	1401	1400
1469	1470	1330
1596	1471	1470
1518	1385	1384
1529	1398	1528
1701	1342	1433
1557	1340	1479
1588	1589	1463
1657	1532	1656
1456	1563	1439
1654	1529	1653
1447	1306	1307
1684	1448	1419
1455	1314	1418
1736	1737	1611
1428	1570	1551
1721	1593	1720
1473	1334	1333
1473	1474	1334
1501	1365	1364
1702	1556	1367
1570	1285	1315
1570	1428	1285
1659	1535	1534
2375	1563	1456
1565	1423	1277
1565	1277	1302
1467	1328	1327
1467	1468	1328
1562	1266	1437
1562	1437	1549
1539	1409	1408
1583	1457	1564
1451	1311	1310
1451	1452	1311
1755	1632	1631
1493	1357	1356
1701	1341	1557
1690	1480	1343
1682	1450	1421
1450	1309	1421
1789	1669	1668
1668	1544	1543
1527	1397	1396
1527	1528	1397
1674	1553	1675
1639	1514	1513
1463	1323	1462
1464	1325	1324
1469	1330	1329
1469	1329	1468
1631	1632	1506
1683	1565	1699
1503	1369	1502
1504	1505	1371
1512	1379	1378
1512	1513	1379
1544	1414	1413
1544	1413	1543
1490	1354	1353
1490	1491	1354
1483	1347	1346
1483	1484	1347
1550	1427	1431
1550	1431	1546
1522	1389	1388
1773	1652	1772
1590	1465	1464
1663	1539	1538
1523	1390	1389
1649	1525	1524
1865	1866	1741
1598	1473	1472
1620	1495	1494
1505	1506	1372
1651	1527	1526
1771	1772	1651
1685	1695	1571
1633	1634	1508
2037	1949	1930
1705	1270	1422
1648	1522	1647
1703	1649	1524
1749	1624	1623
1500	1363	1499
1519	1386	1385
1517	1384	1383
1448	1307	1419
1448	1447	1307
1739	1614	1613
1946	1947	1829
1492	1355	1491
1494	1495	1358
1569	1280	1425
1569	1305	1280
1488	1352	1351
1489	1353	1352
1684	1419	1555
1580	1452	1451
1676	1558	1523
1636	1510	1635
1805	1792	1687
1804	1450	1682
1630	1505	1504
1625	1500	1499
1655	1531	1530
1691	1567	1429
1744	1619	1618
1817	1794	1678
1601	1476	1475
1478	1338	1477
1494	1358	1357
1494	1357	1493
1736	1611	1610
1482	1345	1481
1508	1375	1374
1508	1509	1375
1738	1613	1612
1613	1488	1487
1515	1382	1381
1515	1516	1382
1632	1507	1506
1636	1511	1510
1518	1519	1385
1803	1693	1814
1542	1412	1411
1542	1543	1412
1614	1488	1613
1614	1615	1489
1609	1484	1483
1608	1483	1482
1703	1572	1558
1558	1390	1523
1471	1332	1331
1471	1472	1332
1782	1662	1661
1590	1464	1589
1514	1381	1380
1514	1380	1513
1529	1399	1398
1529	1530	1399
1772	1652	1651
1641	1642	1516
1521	1388	1387
1521	1387	1520
1558	1391	1390
1558	1572	1391
1629	1504	1503
1874	1750	1749
1645	1520	1519
1653	1529	1528
1536	1406	1405
1536	1405	1535
1533	1403	1402
1533	1534	1403
1705	1555	1267
1682	1421	1554
2366	1940	1606
1605	1557	1479
1445	1304	1305
1445	1446	1304
1607	1608	1482
2366	1480	1605
1576	1442	1443
1871	1747	1746
1589	1464	1463
1667	1543	1542
1641	1516	1515
1654	1655	1530
1456	1439	1316
1456	1316	1457
1475	1336	1335
1475	1335	1474
1492	1356	1355
1492	1493	1356
1566	1313	1278
1566	1278	1424
1551	1432	1428
1551	1547	1432
1466	1327	1326
1466	1326	1465
1601	1475	1600
1726	1598	1725
1812	1443	1695
1622	1623	1497
2005	2006	1889
1648	1523	1522
1808	1574	1452
1827	1919	1816
1757	1634	1633
1683	1546	1565
1766	1643	1642
1659	1660	1535
1693	1561	1306
1693	1306	1447
1704	1545	1669
1585	1460	1459
1841	1716	1715
1965	1847	1846
1652	1528	1527
1652	1653	1528
1602	1477	1476
1602	1603	1477
1579	1449	1450
1678	1569	1425
1636	1637	1511
1756	1633	1632
1606	1481	1480
2372	1604	1940
1635	1510	1509
1635	1509	1634
2370	1932	1647
1651	1526	1650
1675	1553	1561
1583	1582	1457
1690	1605	1480
1690	1701	1557
1661	1537	1536
1590	1591	1465
1899	1777	1776
1643	1518	1517
1696	1444	1303
1640	1515	1514
1587	1461	1586
1667	1668	1543
1677	1458	1559
1802	1584	1677
1703	1524	1393
1703	1393	1572
1596	1597	1471
1671	1547	1551
1809	1446	1577
1614	1489	1488
1706	1420	1574
1821	1706	1574
1637	1512	1511
1637	1638	1512
1760	1637	1636
1798	1812	1695
1609	1610	1484
1581	1454	1455
1587	1462	1461
1585	1459	1584
1797	1683	1699
2035	1790	1912
1691	1429	1552
1641	1515	1640
2130	2036	2125
1815	1698	1794
1687	1560	1417
1687	1417	1442
1656	1532	1531
1656	1531	1655
1644	1519	1518
1644	1645	1519
1664	1540	1539
1664	1539	1663
1631	1506	1505
1629	1503	1628
1575	1705	1422
1809	1575	1446
1881	1757	1880
1670	1550	1546
1740	1615	1614
1615	1490	1489
1604	1479	1478
1604	1478	1603
2371	1939	1628
1628	1503	1502
1650	1526	1525
1650	1525	1649
1786	1666	1665
1788	1668	1667
1710	1453	1709
1607	1482	1481
1607	1481	1606
1698	1305	1569
1698	1445	1305
1592	1467	1466
1592	1466	1591
1629	1630	1504
1689	1501	1627
1582	1456	1457
1781	1661	1660
1619	1494	1493
1619	1493	1618
1724	1597	1596
1600	1475	1474
1646	1521	1520
1646	1520	1645
1599	1473	1598
1601	1602	1476
1642	1517	1516
1643	1517	1642
1624	1499	1498
1624	1625	1499
1903	1781	1780
1658	1659	1534
1631	1505	1630
1757	1758	1634
1639	1513	1638
1708	1696	1800
1720	1593	1592
1716	1717	1589
1802	1677	1669
1704	1415	1545
1676	1703	1558
1676	1523	1648
1743	1618	1617
1617	1618	1492
1780	1781	1660
1843	1717	1842
1761	1637	1760
1883	1884	1760
1626	1501	1500
1626	1500	1625
1679	1549	1426
1679	1426	1568
1770	1650	1649
1769	1646	1645
1806	1686	1793
2036	1915	1793
1925	1803	1814
1901	1779	1778
1666	1542	1541
1666	1667	1542
2375	1456	1582
1654	1530	1529
1775	1655	1654
1793	1686	1673
1686	1455	1418
1670	1546	1683
1758	1635	1634
1623	1498	1497
1623	1624	1498
1681	1424	1547
1681	1566	1424
1780	1660	1659
2018	2019	1903
1612	1487	1486
1612	1613	1487
1688	1570	1694
1854	1729	1728
1665	1541	1540
1665	1666	1541
1700	1453	1313
1700	1313	1566
1588	1463	1462
1841	1842	1716
1595	1470	1469
1595	1469	1594
1704	1559	1573
1704	1677	1559
1878	1755	1754
1880	1757	1756
1706	1269	1268
1706	1554	1269
1853	1854	1728
1729	1602	1601
2367	1501	1626
2367	1627	1501
1697	1568	1308
1697	1308	1449
1672	1548	1560
1672	1560	1687
1795	1818	1679
1816	1697	1449
1586	1461	1460
2373	1937	1586
1662	1538	1537
1662	1537	1661
1930	1675	1803
1808	1452	1580
1690	1343	1342
1690	1342	1701
1819	1681	1547
1596	1470	1595
1588	1462	1587
1783	1662	1782
1763	1640	1639
1764	1640	1763
1754	1631	1630
1746	1620	1745
1801	1649	1676
1703	1676	1649
1935	1807	1684
1935	2368	1574
1611	1486	1485
1611	1612	1486
1689	1627	1556
1689	1556	1702
1610	1485	1484
1610	1611	1485
1694	1570	1315
1694	1315	1454
1712	1582	1583
1964	1846	1845
1674	1552	1553
1890	1891	1767
2035	1938	1790
1810	1800	1691
1800	1696	1691
1774	1654	1653
1671	1551	1688
1923	1799	1811
1621	1495	1620
1622	1497	1496
1658	1534	1533
1658	1533	1657
1742	1617	1616
1988	1871	1870
1682	1821	1934
2368	1935	1822
1686	1418	1562
1686	1562	1673
1616	1491	1490
1616	1490	1615
1692	1310	1563
1692	1451	1310
1737	1612	1611
1735	1610	1609
1748	1622	1747
1943	1823	1824
1728	1601	1600
1726	1599	1598
1887	1763	1886
1766	1767	1643
1599	1474	1473
1599	1600	1474
1796	1709	1700
1723	1596	1595
1621	1496	1495
1621	1622	1496
1689	1366	1365
1689	1702	1366
1822	1684	1555
1821	1682	1554
1783	1663	1662
1782	1661	1781
1680	1564	1312
1680	1312	1453
1776	1656	1655
1924	1800	1810
1940	1732	1606
1791	1671	1688
1751	1626	1625
1755	1756	1632
1870	1746	1745
1794	1698	1678
1741	1616	1615
2131	1917	2043
1792	1672	1687
1868	1743	1867
1764	1641	1640
1797	1790	1683
1920	1796	1819
1819	1547	1671
2244	2183	2243
1879	1880	1756
1728	1600	1727
1975	1858	1857
1811	1454	1581
1811	1694	1454
1941	1671	1791
2235	2165	2164
1833	1797	1707
1790	1670	1683
2374	1646	1936
1773	1774	1653
1767	1644	1643
1775	1776	1655
1940	1604	1731
1731	1604	1603
1715	1587	1714
1714	1587	1586
1802	1669	1789
1704	1669	1677
2012	1896	2011
1892	1769	1768
1837	1713	1710
1709	1453	1700
1719	1591	1718
1839	1713	1837
1998	1882	1881
1764	1765	1641
2222	2089	2049
1825	1577	1815
2065	1961	1960
1842	1717	1716
1886	1763	1762
1882	1759	1758
1799	1688	1694
1799	1791	1688
1788	1789	1668
1906	1784	1783
1742	1616	1741
1739	1740	1614
1733	1608	1607
1734	1608	1733
1810	1691	1552
1810	1552	1674
1815	1577	1445
1815	1445	1698
1773	1653	1652
1768	1644	1767
1890	1767	1766
1774	1775	1654
1818	1549	1679
1818	1673	1549
1944	1823	1943
2028	1916	1928
1719	1720	1592
1933	1802	1789
1742	1743	1617
1741	1615	1740
1734	1609	1608
1734	1735	1609
1762	1639	1638
1762	1763	1639
1785	1786	1665
1838	1828	1813
1814	1693	1447
1814	1447	1578
1721	1594	1593
1969	1851	1850
1822	1555	1705
1822	1705	1575
1730	1603	1602
1730	1731	1603
1717	1590	1589
1717	1718	1590
1804	1579	1450
2051	1947	1946
1765	1642	1641
1765	1766	1642
1707	1699	1444
1797	1699	1707
1777	1657	1656
1777	1656	1776
1807	1448	1684
1807	1578	1448
1754	1755	1631
1753	1630	1629
1752	1629	1628
1938	1670	1790
1752	1753	1629
1877	1754	1753
1796	1700	1681
1796	1681	1819
1801	1770	1649
1801	1676	1648
1759	1636	1635
1759	1635	1758
1813	1692	1711
1692	1563	2375
1725	1598	1597
1725	1597	1724
1784	1664	1663
1784	1663	1783
1932	1801	1648
1894	1895	1772
1820	1685	1550
1820	1550	1670
1806	1581	1455
1806	1455	1686
1715	1588	1587
1716	1589	1588
1778	1658	1657
1778	1657	1777
1872	1747	1871
1750	1624	1749
1873	1748	1872
1760	1636	1759
2020	1904	2019
1716	1588	1715
1838	1813	1711
1779	1658	1778
1903	1904	1781
2046	1828	1838
1831	1810	1674
1958	1839	1837
1771	1651	1650
1771	1650	1770
1750	1625	1624
1750	1751	1625
1748	1623	1622
1748	1749	1623
1795	1679	1697
1795	1697	1816
2023	1908	1907
1840	1715	1714
1723	1724	1596
1852	1727	1726
1721	1722	1594
1844	1719	1718
1839	1712	1713
1924	1810	1831
1937	1714	1586
1911	1933	1789
1722	1595	1594
1722	1723	1595
1785	1665	1664
1785	1664	1784
1883	1760	1759
1912	1797	1833
1934	1804	1682
1575	1934	1822
1919	1795	1816
1869	1745	1744
1859	1735	1734
1861	1736	1860
1745	1620	1619
1745	1619	1744
1713	1583	1680
1713	1680	1710
1728	1729	1601
2033	1791	1913
1844	1845	1719
1787	1666	1786
1768	1645	1644
1768	1769	1645
1931	1808	1580
1826	1925	1814
1813	1580	1451
1813	1451	1692
1727	1600	1599
1727	1599	1726
1873	1749	1748
1754	1630	1753
1889	1766	1765
2214	1953	2058
1779	1659	1658
1779	1780	1659
1879	1756	1755
1921	1812	1798
1817	1678	1548
1817	1548	1672
1867	1743	1742
1866	1867	1742
1761	1638	1637
1761	1762	1638
1812	1576	1443
1878	1754	1877
1939	1752	1628
2367	1626	1939
1913	1791	1799
1858	1859	1734
1843	1718	1717
1844	1718	1843
1787	1667	1666
1787	1788	1667
1824	1576	1812
1872	1748	1747
1736	1610	1735
1737	1738	1612
1836	1710	1709
1846	1721	1720
2368	1934	1821
2368	1822	1934
1708	1444	1696
1708	1707	1444
1746	1621	1620
1746	1747	1621
1732	1607	1606
1732	1733	1607
2000	1883	1999
1951	1833	1832
1864	1740	1739
2219	2085	2084
1805	1442	1576
1805	1687	1442
1798	1695	1685
1798	1685	1820
2078	1977	1976
1861	1737	1736
2018	1903	1902
2016	1900	2015
1860	1736	1735
1947	1830	1829
1857	1733	1732
1858	1734	1733
1953	1912	1833
1951	1953	1833
1865	1740	1864
1865	1741	1740
2011	1896	1895
2105	2106	2007
1929	1579	1804
1929	1804	1809
1905	1782	1904
1909	1786	1908
1996	1880	1879
1939	1626	1751
1904	1782	1781
1968	1850	1849
1881	1758	1757
1881	1882	1758
1826	1578	1931
2113	2015	2112
1933	1585	1584
1933	1584	1802
1931	1578	1807
1931	1807	1808
1972	1854	1853
1851	1852	1726
1832	1707	1708
2103	2005	2004
1929	1809	1577
1929	1577	1825
2033	1941	1791
1853	1727	1852
1845	1720	1719
1845	1846	1720
2116	2018	2115
1832	1833	1707
1879	1755	1878
1921	1824	1812
1875	1750	1874
1875	1751	1750
1836	1837	1710
1965	1846	1964
1885	1762	1761
1885	1886	1762
1980	1862	1979
1830	1923	1811
1928	1916	1817
1986	1869	1868
2369	1933	1911
1911	1789	1788
1841	1715	1840
1908	1786	1785
1914	1792	1805
1823	1914	1805
2215	2124	2087
2034	1792	1914
1891	1768	1767
1898	1899	1776
1853	1728	1727
1859	1860	1735
1950	1924	1831
1924	1834	1800
1884	1761	1760
1884	1885	1761
2009	1894	1893
1895	1773	1772
1828	1580	1813
1828	1931	1580
1909	1787	1786
2040	1714	1937
2005	1889	1888
1900	1901	1778
1935	1574	1808
1935	1808	1807
1902	1779	1901
2228	2046	2136
2080	1979	1978
1981	1864	1863
1926	1711	2375
1712	2047	1582
1912	1790	1797
1883	1759	1882
1897	1774	1896
1898	1776	1775
2133	1942	1839
1907	1908	1785
1847	1722	1721
1847	1721	1846
1869	1870	1745
2124	2028	2034
1863	1739	1738
1863	1864	1739
1960	1842	1841
1835	1796	1920
1894	1772	1771
1892	1768	1891
1936	1646	1769
1893	1771	1770
1848	1722	1847
1955	1835	1920
2026	1910	2025
2026	1911	1910
1927	1793	1673
1927	1673	1818
2045	1825	1917
1827	1929	1825
1876	1753	1752
1876	1877	1753
1834	1708	1800
1834	1832	1708
1910	1788	1787
1910	1911	1788
2370	1893	1932
1932	1648	1647
1998	1999	1882
1989	1872	1871
1998	1881	1997
1997	1881	1880
2022	1907	1906
2020	1905	1904
1855	1730	1729
2042	1732	1940
2145	2009	1893
1894	1771	1893
1918	1818	1795
1918	1927	1818
1978	1979	1861
1979	1862	1861
1873	1874	1749
2142	1993	1876
1907	1785	1784
1907	1784	1906
1922	1798	1820
1922	1921	1798
2143	1857	2042
2042	1857	1732
1930	1674	1675
1930	1831	1674
1868	1744	1743
1869	1744	1868
2079	1978	1977
2052	1948	1947
2370	2374	1936
2008	1892	1891
1888	1765	1764
1889	1765	1888
1941	1819	1671
1941	1920	1819
1896	1774	1773
1896	1773	1895
1993	1877	1876
2041	1876	1752
2006	1890	1889
2014	1899	1898
2369	1937	2373
2369	1585	1933
1848	1723	1722
1848	1849	1723
2142	1876	2041
2041	1752	1939
1999	1883	1882
2000	1884	1883
1851	1726	1725
1850	1724	1849
1829	1581	1806
1829	1806	1915
2019	1904	1903
1942	1712	1839
1968	1969	1850
1948	1830	1947
2029	1927	1918
1982	1864	1981
1902	1780	1779
1902	1903	1780
1994	1877	1993
1995	1878	1994
1823	1805	1576
1823	1576	1824
1985	1868	1867
1984	1867	1866
1913	1799	1923
1970	1971	1852
1917	1815	1794
1917	1825	1815
2067	2068	1963
1962	1844	1843
1905	1783	1782
1905	1906	1783
1928	1672	1792
1928	1817	1672
2153	2056	2055
1961	1843	1842
1900	1778	1777
1900	1777	1899
2223	2129	2210
1991	1992	1874
2027	1913	1923
1858	1733	1857
1827	1816	1579
1827	1579	1929
2032	1938	2035
1994	1878	1877
2022	2023	1907
1963	1964	1845
1944	1914	1823
1986	1868	1985
1948	1923	1830
1973	1974	1855
1938	1820	1670
1938	1922	1820
1889	1890	1766
2004	1887	2003
1934	1575	1809
1934	1809	1804
2117	2118	2020
2114	2017	2016
1976	1858	1975
1976	1977	1859
1897	1775	1774
1897	1898	1775
1830	1811	1581
1830	1581	1829
1850	1725	1724
1850	1851	1725
1862	1738	1737
1862	1737	1861
1835	1709	1796
1835	1836	1709
1932	1770	1801
1932	1893	1770
1826	1931	1828
2054	1949	2037
1856	1731	1730
1856	1730	1855
2040	1840	1714
2144	1911	2026
1887	1764	1763
1887	1888	1764
2062	1957	1956
1967	1968	1849
2137	2043	1916
2137	1916	2028
2159	2063	2062
2113	2016	2015
1967	1849	1848
1956	1836	1835
1978	1861	1860
2148	1976	1975
2013	1897	2012
2135	1892	2008
2083	1982	1981
1982	1865	1864
2060	1955	2030
1957	1836	1956
2369	2373	1585
2068	1964	1963
2102	2004	2003
1952	1951	1832
1987	1988	1870
1945	1824	1921
2012	1897	1896
2225	2039	2135
2042	1940	1731
2042	1731	1856
2001	1885	1884
2000	2001	1884
1980	1863	1862
1980	1981	1863
2025	1910	1909
2121	2024	2023
1955	1956	1835
1967	1848	1966
2097	1999	1998
2032	1922	1938
2201	2122	2121
2067	1963	1962
1966	1848	1847
1966	1847	1965
1995	1879	1878
2031	1945	1921
1959	1841	1840
1959	1960	1841
2050	2031	2127
2140	1912	1953
2034	1928	1792
2034	2028	1928
1949	1950	1831
2047	1712	1942
1992	1875	1874
2142	2041	1875
2085	2086	1984
1984	1866	1983
1973	1854	1972
1974	1856	1855
2064	1960	1959
2024	1908	2023
2063	1957	2062
1961	1962	1843
2133	1839	1958
2098	2099	2000
2095	1997	1996
2048	1943	1945
2015	1900	1899
2015	1899	2014
1990	1873	1872
1991	1874	1873
1983	1866	1865
2139	1918	2044
1996	1997	1880
2128	2035	2140
1984	1985	1867
1983	1865	1982
1946	1829	1915
2216	2084	2083
1973	1855	1854
2077	1973	1972
2147	1994	1993
1995	1996	1879
1990	1872	1989
1945	1943	1824
1976	1859	1858
2053	2027	1948
2065	1960	2064
2120	2023	2022
2200	2201	2121
2021	1905	2020
2130	1946	1915
2125	2036	2029
2100	2101	2002
2104	2006	2005
2066	2067	1962
1949	1831	1930
2002	1886	1885
2002	1885	2001
2127	2031	2032
2094	2095	1996
2224	2123	2134
2123	2026	2025
2096	1997	2095
2147	1993	1992
2038	1711	1926
2038	1838	1711
1988	1989	1871
2089	1988	1987
2267	2160	2064
2118	2021	2020
1977	1860	1859
1977	1978	1860
2024	1909	1908
2024	2025	1909
2017	1902	1901
2017	2018	1902
2117	2020	2019
2324	2301	2264
2003	1887	1886
2003	1886	2002
2141	2126	2033
2141	2033	1913
2210	2129	1944
1991	1873	1990
1954	1834	1924
1954	1924	1950
2132	2139	2044
2139	2029	1918
2090	1989	1988
2049	1944	1943
2039	1769	1892
2039	1936	1769
2037	1803	1925
2037	1930	1803
1961	1842	1960
2066	1962	1961
2093	1995	1994
2147	1992	1991
2129	2124	2034
2223	2124	2129
2154	2058	2057
2010	1894	2009
2109	2012	2011
2135	2039	1892
1957	1837	1836
1957	1958	1837
2031	1921	1922
2031	1922	2032
2106	2008	2007
2007	1890	2006
2143	1856	1974
2143	2042	1856
1952	1832	1834
1952	1834	1954
2112	2014	2111
2110	2013	2012
2007	1891	1890
2007	2008	1891
2030	1941	2033
2074	1970	1969
2140	2035	1912
2090	1988	2089
2021	1906	1905
2021	2022	1906
2227	2135	2008
2105	2007	2006
1987	1870	1869
1987	1869	1986
2072	1968	1967
2168	2073	2072
2036	1793	1927
2036	1927	2029
1971	1853	1852
1971	1972	1853
2010	1895	1894
2010	2011	1895
2041	1939	1751
2041	1751	1875
2043	1794	1916
2043	1917	1794
1970	1852	1851
1970	1851	1969
2220	2081	2080
2027	1923	1948
2045	1919	1827
2045	1827	1825
2004	1888	1887
2004	2005	1888
2069	2070	1965
2071	1966	2070
2053	1948	2052
2078	2079	1977
2058	1953	1951
2099	2001	2000
2120	2121	2023
2144	2040	1937
2213	2078	2148
2075	1970	2074
1963	1845	1844
1963	1844	1962
2030	1920	1941
2030	1955	1920
2086	1985	1984
2087	1986	1985
2044	1795	1919
2044	1918	1795
2016	1901	1900
2016	2017	1901
2013	1898	1897
2013	2014	1898
2046	1925	1826
2046	1826	1828
2143	1975	1857
2143	1974	1975
2238	2171	2170
2076	1972	1971
2119	2120	2022
2116	2117	2019
2101	2003	2002
2155	2057	2059
2108	2109	2011
2107	2010	2009
2110	2012	2109
2184	2103	2102
2050	2048	1945
2091	1989	2090
2142	1875	1992
2142	1992	1993
2080	1978	2079
2173	2080	2079
2070	1966	1965
2069	1964	2068
2131	2045	1917
2085	1984	1983
2112	2015	2014
2288	2249	2300
2075	1971	1970
2141	1913	2027
2102	2003	2101
2186	2105	2104
2122	2025	2024
2122	2024	2121
2130	1915	2036
2051	2052	1947
2215	2028	2124
2088	2089	1987
2178	2097	2096
2098	2000	1999
2163	2068	2067
2263	2168	2167
2100	2002	2001
2100	2001	2099
2134	1840	2040
2134	1959	1840
2166	2071	2070
2157	2061	2060
2211	1946	2130
2211	2051	1946
2126	2030	2033
2126	2060	2030
2092	1991	1990
2094	1996	1995
2136	1838	2038
2136	2046	1838
2084	1982	2083
2216	2029	2139
2217	2132	2045
2081	1979	2080
2210	1944	2049
2088	1987	1986
2058	1951	2057
2180	2181	2099
2152	2054	2138
2113	2114	2016
2224	2134	2040
2224	2040	2144
2226	2064	1959
2122	2123	2025
2138	1925	2046
2253	2194	2193
2075	2076	1971
2220	2080	2173
2128	2032	2035
2098	1999	2097
2127	2032	2128
2150	2050	2127
2111	2014	2013
2111	2013	2110
2211	2221	2082
2211	2130	2221
2145	1936	2039
2107	2108	2010
2056	1954	1950
2277	2056	2153
2104	2005	2103
2103	2004	2102
2104	2105	2006
2192	2193	2113
2119	2022	2021
2119	2021	2118
2057	1951	1952
2181	2100	2099
2096	1998	1997
2096	2097	1998
2169	2073	2168
2073	1968	2072
2093	1994	2147
2094	1995	2093
2081	1980	1979
2220	2051	2081
2115	2018	2017
2115	2017	2114
2059	1954	2056
2180	2098	2179
2272	2153	2055
2116	2019	2018
2066	1961	2065
2063	1958	1957
2222	2049	2048
2092	2147	1991
2207	1942	2133
2303	2264	2209
2193	2114	2113
2055	1949	2054
2061	1955	2060
2302	2265	2159
2187	2106	2105
2188	2108	2227
2236	2165	2235
2267	2260	2330
2048	2049	1943
2222	2090	2089
2084	1983	1982
2084	2085	1983
2077	1972	2076
2148	1975	1974
2132	1919	2045
2132	2044	1919
2155	2154	2057
2185	2103	2184
2269	2262	2203
2170	2075	2074
2164	2069	2068
2165	2166	2070
2194	2114	2193
2195	2116	2115
2202	2127	2128
2214	2140	1953
2226	2134	2123
2226	1959	2134
2185	2104	2103
2246	2185	2245
2273	2298	2208
2146	2047	1942
2071	1967	1966
2071	2072	1967
2205	2176	2094
2179	2097	2178
2138	2037	1925
2138	2054	2037
2321	2333	2296
2190	2111	2110
2149	2050	2150
2149	2222	2048
2050	1945	2031
2176	2095	2094
2148	2078	1976
2171	2206	2076
2146	2038	1926
2146	1926	2047
2227	2108	2107
2108	2011	2010
2091	1990	1989
2091	2092	1990
2231	2161	2160
2259	2200	2199
2151	2053	2052
2172	2079	2078
2061	1956	1955
2061	2062	1956
2216	2125	2029
2216	2083	2125
2266	2106	2187
2227	2008	2106
2157	2158	2061
2269	2027	2053
2129	2034	1914
2129	1914	1944
2055	1950	1949
2055	2056	1950
2059	1952	1954
2059	2057	1952
2131	2043	2137
2217	2045	2131
2221	2130	2125
2082	1980	2081
2225	2135	2107
2225	2145	2039
2161	2066	2065
2162	2163	2067
2087	2088	1986
2087	1985	2086
2082	1981	1980
2082	2083	1981
2215	2087	2086
2223	2210	2088
2073	1969	1968
2073	2074	1969
2243	2183	2182
2180	2099	2098
2218	2086	2085
2219	2084	2216
2148	1974	1973
2148	1973	2077
2174	2091	2090
2174	2090	2222
2163	2164	2068
2257	2198	2197
2263	2237	2158
2169	2170	2074
2198	2119	2118
2162	2067	2066
2263	2167	2237
2167	2071	2166
2221	2125	2083
2221	2083	2082
2177	2096	2095
2177	2095	2176
2227	2107	2135
2187	2105	2186
2183	2101	2182
2277	2059	2056
2182	2101	2100
2182	2100	2181
2179	2098	2097
2241	2242	2181
2149	2048	2050
2175	2092	2091
2197	2118	2117
2196	2117	2116
2237	2167	2166
2230	2158	2237
2247	2187	2186
2185	2186	2104
2149	2175	2174
2261	2275	2239
2183	2102	2101
2183	2184	2102
2218	2215	2086
2215	2137	2028
2205	2094	2093
2177	2178	2096
2158	2062	2061
2158	2159	2062
2211	2081	2051
2211	2082	2081
2324	2322	2301
2282	2234	2233
2253	2193	2252
2302	2159	2230
2250	2191	2190
2191	2112	2111
2362	2241	2240
2275	2204	2239
2251	2252	2192
2252	2193	2192
2207	2146	1942
2196	2116	2195
2218	2217	2131
2085	2217	2218
2151	2173	2172
2171	2075	2170
2260	2201	2200
2265	2063	2159
2197	2117	2196
2197	2198	2118
2240	2180	2179
2362	2240	2239
2212	2147	2092
2175	2212	2092
2188	2109	2108
2266	2188	2227
2209	1958	2063
2209	2133	1958
2162	2066	2161
2267	2064	2226
2189	2190	2110
2266	2227	2106
2343	2311	2310
2263	2158	2157
2208	2136	2038
2208	2038	2146
2271	2169	2168
2169	2074	2073
2218	2131	2137
2218	2137	2215
2189	2110	2109
2189	2109	2188
2206	2077	2076
2172	2173	2079
2210	2049	2089
2210	2089	2088
2225	2009	2145
2225	2107	2009
2171	2076	2075
2220	2052	2051
2228	2152	2138
2228	2138	2046
2203	2126	2141
2276	2126	2203
2199	2120	2119
2199	2119	2198
2175	2091	2174
2270	2177	2176
2213	2172	2078
2331	2206	2171
2202	2150	2127
2270	2150	2202
2254	2194	2253
2191	2111	2190
2278	2277	2153
2277	2155	2059
2160	2065	2064
2160	2161	2065
2165	2070	2069
2165	2069	2164
2219	2217	2085
2219	2132	2217
2219	2139	2132
2219	2216	2139
2246	2186	2185
2298	2308	2268
2244	2245	2184
2244	2184	2183
2223	2088	2087
2223	2087	2124
2239	2179	2178
2261	2239	2178
2212	2093	2147
2212	2205	2093
2226	2123	2122
2226	2122	2201
2149	2174	2222
2274	2175	2149
2192	2113	2112
2192	2112	2191
2224	2026	2123
2224	2144	2026
2265	2209	2063
2301	2273	2207
2156	2060	2126
2156	2157	2060
2262	2053	2151
2306	2151	2172
2275	2128	2204
2275	2202	2128
2194	2115	2114
2194	2195	2115
2167	2072	2071
2167	2168	2072
2276	2156	2126
2363	2170	2169
2331	2238	2262
2276	2203	2238
2213	2148	2077
2213	2077	2206
2274	2149	2150
2274	2176	2205
2268	2152	2228
2289	2251	2250
2204	2128	2140
2204	2140	2214
2220	2173	2151
2220	2151	2052
2200	2121	2120
2200	2120	2199
2241	2180	2240
2240	2179	2239
2245	2185	2184
2313	2286	2285
2306	2262	2151
2269	2053	2262
2271	2157	2156
2363	2276	2238
2249	2190	2189
2248	2189	2188
2251	2192	2191
2300	2249	2248
2285	2244	2284
2246	2247	2186
2268	2136	2208
2268	2228	2136
2241	2181	2180
2229	2154	2155
2232	2162	2161
2312	2283	2282
2284	2244	2243
2232	2233	2162
2272	2055	2054
2272	2054	2152
2242	2182	2181
2242	2243	2182
2255	2196	2195
2286	2245	2285
2233	2163	2162
2234	2235	2164
2294	2256	2255
2301	2207	2264
2362	2058	2154
2362	2214	2058
2274	2205	2212
2274	2212	2175
2258	2259	2199
2259	2260	2200
2250	2190	2249
2250	2251	2191
2305	2243	2242
2362	2154	2241
2230	2159	2158
2230	2237	2236
2248	2249	2189
2248	2188	2266
2270	2176	2274
2270	2274	2150
2261	2178	2177
2261	2202	2275
2263	2157	2271
2263	2271	2168
2316	2317	2291
2291	2253	2252
2236	2166	2165
2236	2237	2166
2232	2161	2231
2299	2260	2259
2229	2242	2241
2229	2241	2154
2305	2284	2243
2291	2292	2253
2306	2172	2213
2306	2213	2206
2256	2196	2255
2319	2320	2294
2344	2303	2325
2281	2233	2232
2267	2226	2201
2267	2201	2260
2348	2323	2326
2315	2290	2289
2261	2177	2270
2261	2270	2202
2258	2199	2198
2258	2198	2257
2273	2146	2207
2273	2208	2146
2282	2233	2281
2316	2290	2315
2346	2283	2312
2304	2236	2235
2264	2207	2133
2264	2133	2209
2329	2266	2187
2329	2300	2248
2269	2141	2027
2269	2203	2141
2234	2164	2163
2234	2163	2233
2256	2197	2196
2256	2257	2197
2326	2277	2278
2327	2272	2308
2363	2156	2276
2363	2238	2170
2254	2195	2194
2254	2255	2195
2347	2308	2298
2292	2254	2253
2317	2292	2291
2293	2254	2292
2295	2257	2256
2303	2209	2265
2308	2152	2268
2308	2272	2152
2305	2242	2229
2307	2155	2277
2279	2153	2272
2279	2278	2153
2280	2231	2299
2297	2280	2299
2330	2160	2267
2330	2260	2299
2282	2283	2234
2325	2303	2265
2295	2256	2294
2296	2258	2257
2286	2287	2246
2285	2245	2244
2286	2246	2245
2329	2248	2266
2296	2297	2258
2296	2257	2295
2311	2312	2282
2311	2282	2281
2293	2255	2254
2293	2294	2255
2298	2268	2208
2298	2273	2301
2280	2232	2231
2280	2281	2232
2290	2251	2289
2316	2291	2290
2328	2284	2305
2328	2305	2307
2283	2235	2234
2304	2235	2283
2297	2259	2258
2297	2299	2259
2320	2295	2294
2322	2298	2301
2304	2230	2236
2304	2302	2230
2365	2288	2300
2326	2328	2307
2290	2252	2251
2290	2291	2252
2287	2247	2246
2365	2314	2332
2331	2171	2238
2331	2306	2206
2288	2250	2249
2288	2289	2250
2307	2229	2155
2307	2305	2229
2310	2281	2280
2325	2265	2302
2349	2332	2314
2335	2315	2349
2203	2262	2238
2331	2262	2306
2350	2333	2321
2333	2297	2296
2340	2350	2321
2347	2327	2308
2311	2281	2310
2357	2344	2334
2333	2280	2297
2333	2310	2280
2327	2279	2272
2318	2293	2292
2339	2320	2319
2340	2321	2320
2314	2286	2313
2365	2332	2288
2321	2296	2295
2321	2295	2320
2314	2287	2286
2356	2348	2358
2323	2313	2285
2326	2307	2277
2323	2285	2284
2323	2284	2328
2332	2289	2288
2365	2287	2314
2309	2278	2279
2338	2318	2337
2364	2312	2334
2346	2304	2283
2318	2292	2317
2345	2279	2327
2324	2264	2303
2334	2312	2311
2336	2337	2317
2345	2309	2279
2332	2315	2289
2349	2315	2332
2319	2294	2293
2319	2293	2318
2329	2187	2247
2329	2247	2300
2337	2318	2317
2358	2326	2278
2344	2324	2303
2353	2340	2339
2330	2231	2160
2330	2299	2231
2348	2313	2323
2358	2348	2326
2336	2317	2316
2336	2316	2335
2346	2302	2304
2346	2325	2302
2335	2316	2315
2354	2336	2335
2326	2323	2328
2358	2278	2309
2343	2334	2311
2341	2324	2344
2342	2313	2348
2342	2335	2349
2360	2345	2327
2355	2347	2322
2364	2334	2344
2364	2344	2325
2340	2343	2350
2361	2347	2355
2350	2310	2333
2350	2343	2310
2357	2353	2341
2340	2320	2339
2341	2322	2324
2353	2355	2341
2338	2319	2318
2338	2339	2319
2361	2360	2347
2347	2298	2322
2359	2354	2345
2361	2351	2360
2342	2314	2313
2342	2349	2314
2355	2322	2341
2352	2339	2338
2360	2327	2347
2359	2360	2351
2357	2341	2344
2357	2334	2343
2356	2358	2309
2356	2309	2354
2351	2338	2337
2352	2338	2351
2345	2354	2309
2356	2342	2348
2359	2345	2360
2359	2336	2354
2357	2343	2340
2357	2340	2353
2352	2355	2353
2352	2353	2339
2359	2337	2336
2359	2351	2337
2356	2335	2342
2356	2354	2335
2361	2355	2352
2361	2352	2351
2374	1647	1521
2374	1521	1646
2373	1460	1585
2373	1586	1460
2369	1911	2144
2369	2144	1937
2372	1605	1479
2372	1479	1604
2365	2300	2247
2365	2247	2287
2362	2204	2214
2362	2239	2204
2370	1936	2145
2370	2145	1893
2371	1628	1502
2371	1502	1627
2366	1605	2372
2366	2372	1940
2368	1821	1574
1684	1822	1935
2364	2325	2346
2364	2346	2312
2363	2169	2271
2363	2271	2156
2375	2047	1926
2375	1582	2047
2367	1939	2371
2367	2371	1627
