0	0
0	8
5	8
5	0
0.945	7
1	6.945
1.055	7
1	7.055
0.945	5.8
1	5.745
1.055	5.8
1	5.855
0.945	4.6
1	4.545
1.055	4.6
1	4.655
0.945	3.4
1	3.345
1.055	3.4
1	3.455
0.945	2.2
1	2.145
1.055	2.2
1	2.255
0.945	1
1	0.945
1.055	1
1	1.055
1.04753495130763	4.57233362321913
1.02767193358639	4.55246828330903
1.04753495130763	3.37233362321913
1.02767193358639	3.35246828330903
1.04753495130763	5.77233362321913
1.02767193358639	5.75246828330903
1.04753495130763	2.17233362321913
1.02767193358639	2.15246828330903
1.02766637678087	3.44753495130763
1.04753171669097	3.42767193358639
1.04753495130763	6.97233362321913
1.02767193358639	6.95246828330903
0.972333623219129	4.55246504869237
0.952468283309036	4.5723280664136
4.75	8
4.5	8
4.25	8
4	8
3.75	8
3.5	8
3.25	8
3	8
2.75	8
2.5	8
2.25	8
2	8
1.75	8
1.5	8
1.25	8
0.999999999999999	8
0.749999999999999	8
0.5	8
0.25	8
1.02766637678087	4.64753495130763
1.04753171669096	4.6276719335864
0.972333623219129	5.75246504869237
0.952468283309036	5.7723280664136
1.04753495130763	0.972333623219129
1.02767193358639	0.952468283309035
5	0.25
5	0.5
5	0.75
5	1
5	1.25
5	1.5
5	1.75
5	2
5	2.25
5	2.5
5	2.75
5	3
5	3.25
5	3.5
5	3.75
5	4
5	4.25
5	4.5
5	4.75
5	5
5	5.25
5	5.5
5	5.75
5	6
5	6.25
5	6.5
5	6.75
5	7
5	7.25
5	7.5
5	7.75
1.02766637678087	2.24753495130763
1.04753171669097	2.22767193358639
0.972333623219129	3.35246504869237
0.952468283309034	3.37232806641361
1.02766637678087	5.84753495130763
1.04753171669096	5.8276719335864
1.02766637678087	7.04753495130763
1.04753171669096	7.0276719335864
0.972333623219129	6.95246504869237
0.952468283309036	6.9723280664136
0.952465048692368	3.42766637678087
0.972328066413606	3.44753171669097
1.02766637678087	1.04753495130763
1.04753171669097	1.02767193358639
0.95246504869237	4.62766637678087
0.972328066413607	4.64753171669097
0.972333623219129	2.15246504869237
0.952468283309034	2.17232806641361
0.972333623219129	0.952465048692369
0.952468283309035	0.972328066413606
0.95246504869237	5.82766637678087
0.972328066413607	5.84753171669097
0.952465048692368	2.22766637678087
0.972328066413606	2.24753171669097
0	7.75
0	7.5
0	7.25
0	7
0	6.75
0	6.5
0	6.25
0	6
0	5.75
0	5.5
0	5.25
0	5
0	4.75
0	4.5
0	4.25
0	4
0	3.75
0	3.5
0	3.25
0	3
0	2.75
0	2.5
0	2.25
0	2
0	1.75
0	1.5
0	1.25
0	1
0	0.75
0	0.5
0	0.25
0.95246504869237	7.02766637678087
0.972328066413607	7.04753171669097
0.25	0
0.5	0
0.75	0
1	0
1.25	0
1.5	0
1.75	0
2	0
2.25	0
2.5	0
2.75	0
3	0
3.25	0
3.5	0
3.75	0
4	0
4.25	0
4.5	0
4.75	0
0.952465048692369	1.02766637678087
0.972328066413607	1.04753171669097
1.07885384015	4.6301910058695
1.07849755289768	4.57033556938873
1.0528361625034	4.6611585822225
1.0182919945034	4.681891845131
0.977966903479942	4.67732395148798
0.943889311022133	4.65734781263833
0.916290735987246	4.62181260284647
0.91756826005246	4.57648158065943
0.936057054530986	4.53602717986606
0.977142731699564	4.52068496863021
1.01959035774255	4.51919963909138
1.05426906305155	4.54046659438004
4.62879714500258	0.200345560012634
4.3907623996504	0.228778641765162
4.125	0.21650635094611
3.875	0.21650635094611
3.625	0.216506350946109
3.375	0.21650635094611
3.125	0.21650635094611
2.875	0.211266657043487
2.625	0.207290133287456
2.375	0.207082990768988
2.12346684979395	0.201268313090757
1.87326626321127	0.19578614675138
1.62472658624287	0.188776122816289
1.37657046152229	0.178428000593175
1.12525858580801	0.185925715005263
0.875	0.195238507933911
0.61820441461654	0.218667795499798
0.372399434267362	0.204530334825317
0.193229519744995	0.37455228505944
0.218646966325869	0.606216382399693
0.195238507933911	0.875
0.186295609259459	1.12242807946847
0.187722076398493	1.37430268552509
0.187986173420575	1.6256059862839
0.188281775315539	1.87706868356856
0.191586704361017	2.12672718914739
0.189825552568542	2.37512544292272
0.186945994058337	2.62478028477735
0.182894331532144	2.87340334643122
0.183794131901461	3.12432752055525
0.185021179488826	3.37470073518559
0.184769990715235	3.62471021430244
0.184234012682758	3.87398871212962
0.184577250991363	4.12454027529596
0.187875845316418	4.37510375498612
0.187304009657553	4.62547746596331
0.185661226562314	4.87586997608643
0.184523634515432	5.12673690998903
0.187040093989235	5.37542268972896
0.195200587825774	5.625
0.195238507933911	5.875
0.190849495273596	6.12411477761887
0.189203054287555	6.37298024830181
0.188303088159545	6.62198875794599
0.192007575597371	6.87324962801718
0.203934072778836	7.12528343427691
0.219732272180214	7.38475878591459
0.193230515605181	7.62544784907359
0.372399666490505	7.79547029392112
0.615407034557574	7.78426678015291
0.874999999999999	7.80476149206609
1.13177792434375	7.81578004383563
1.37992892608525	7.81587589366387
1.62619946116945	7.81026675205682
1.87449697981786	7.80581023328898
2.12361205257087	7.799091345771
2.375	7.79291614154016
2.625	7.79270986671254
2.875	7.78873334295651
3.125	7.78349364905389
3.375	7.78349364905389
3.625	7.78349364905389
3.875	7.78349364905389
4.125	7.78349364905389
4.39332579457152	7.77414594729314
4.62636112470852	7.79943852990963
4.80379915158954	7.62085072153489
4.77152169871577	7.38780756202954
4.78349364905389	7.125
4.78349364905389	6.875
4.78349364905389	6.625
4.78349364905389	6.375
4.78349364905389	6.125
4.78696926201131	5.875
4.78696926201131	5.625
4.78696926201131	5.375
4.78696926201131	5.125
4.78696926201131	4.875
4.78696926201131	4.625
4.78696926201131	4.375
4.78696926201131	4.125
4.78696926201131	3.875
4.78696926201131	3.625
4.78696926201131	3.375
4.78696926201131	3.125
4.78696926201131	2.875
4.78696926201131	2.625
4.78696926201131	2.375
4.78696926201131	2.125
4.78349364905389	1.875
4.78349364905389	1.625
4.78349364905389	1.375
4.78349364905389	1.125
4.78247416507695	0.868671989428243
4.77260903771699	0.611571633288341
4.80379915158954	0.379149278465113
1.01647276206256	3.48146511191969
0.976262534641567	3.47631705356787
1.05414951905961	3.46240103858795
1.07931543446317	3.42975040293174
1.07863435813404	3.36968670695265
1.05304431818154	3.33772232265843
1.01700001479501	3.31869836075328
0.97498935794543	3.32419860035842
0.938838997836665	3.34355614538216
0.920397780350396	3.37602123049477
0.921317729098653	3.41950890142157
0.941455435342866	3.45561992157579
1.07864527149946	5.77015881122282
1.07868534941625	5.83132504103946
1.05444734672605	5.74102222383502
1.01950832909268	5.71831862816056
0.97748587387633	5.72281190429964
0.942427741251197	5.74473711262857
0.920259421100363	5.77978162856613
0.920209240316429	5.82139570188078
0.943315164097007	5.85609155811645
0.978120244158847	5.87656740619522
1.01890344210608	5.88026421819486
1.05430209719521	5.85943210201094
1.01793677535549	2.28228684449827
0.976194009850558	2.27666075308875
0.942404116832269	2.25619098888308
0.918350748338071	2.2217598176705
0.91594433103778	2.18050366275324
0.936715112654661	2.1369806297145
0.978489816214236	2.12031658526174
1.02126794261486	2.11722105232719
1.0550511727018	2.14072327721507
1.08051042800345	2.17081272727077
1.08108522596092	2.23085003717881
1.05378969297934	2.26141043779538
1.08395524129658	6.97402368174681
1.08711732441454	7.02227097054993
1.05632386741227	6.93965175544105
1.01966217678404	6.91884128354029
0.978493471781388	6.92254808890121
0.94135614262885	6.94156747465456
0.918751085064024	6.97752998771557
0.915882490384127	7.02121861833526
0.941208494071441	7.05947853301085
0.979057948256825	7.08715046922137
1.02425066271694	7.08005900234222
1.05989062523387	7.05853463368937
0.978074687479551	1.07714057391414
1.0193485527694	1.08110955969788
1.05658183465018	1.05963202105732
1.08295660010997	1.02479789187769
1.08666416726681	0.976426590585266
1.05840478581063	0.941887484474074
1.02259694148059	0.922099324821035
0.979621627172483	0.913360837058136
0.941587220919842	0.939996166066076
0.914267782712062	0.976957804664585
0.920754042818274	1.02177052250499
0.942959419046295	1.05587200703939
4.83606104708149	0.165780335765243
0.170753175473055	7.82924682452694
4.82924682452694	7.82924682452694
0.170753175473055	0.170753175473056
1.0929504307695	4.66861754371134
1.09857209886297	4.60170591640132
1.09386902465515	4.532468347734
1.05994867100514	4.69624105092076
0.987751713559287	4.71328707910794
0.948499644558844	4.69815787447055
0.912888062307143	4.67023255329542
0.87944606200614	4.58516739942099
0.888869712744746	4.54406550326691
0.943250610809864	4.48903469793457
0.987718496512823	4.48551835649847
1.06068437514162	4.50570108072376
4.25754830918925	0.44360830383023
3.9994107510544	0.455086002206919
3.75	0.433012701892219
3.5	0.433012701892219
3.25	0.43301270189222
2.99546269049703	0.430373840244254
2.74664727811635	0.420060606548562
2.49982895036978	0.413626108435265
2.24549951086276	0.408472616063504
1.9935241573291	0.397322561416448
1.74455688796369	0.386605254763683
1.49608504052618	0.370874296714093
1.25426262627993	0.36225004280533
1.00552422791046	0.381917421022132
0.750477085745759	0.41941467155972
0.406939525773958	0.739443951367915
0.37742624164554	0.989996777470034
0.376095774653225	1.24823826732501
0.374303453283561	1.50148842579381
0.377836485116675	1.75029329010438
0.382159167490848	2.00739092732046
0.387217355802528	2.25121645434908
0.378937850669709	2.50020664648601
0.371094082658057	2.74660126397622
0.365847022196714	2.99735853332005
0.36808580430125	3.24878764196028
0.371913312305384	3.50199208701922
0.367554607870602	3.74910514421652
0.368425005400857	3.99703295377655
0.375358051983998	4.24961010417608
0.377492213620033	4.50094398578403
0.3724264781923	4.75235389146232
0.3697725794414	5.00323365455419
0.369484533304751	5.25554647430109
0.385356066184263	5.5
0.402855066097469	5.75082269582286
0.384604201304865	6.00002643019804
0.377956893620688	6.2478349452275
0.379619055445641	6.49596650231558
0.37642083002416	6.73880730463188
0.392203183819394	6.99360299222889
0.420815096967927	7.25218439228906
0.745951351991922	7.59150260595282
1.01257190285421	7.6263173378283
1.25376551655346	7.63884446200367
1.49480060768749	7.62822543113402
1.74570231125713	7.61553555538592
1.99437666658272	7.60324049700383
2.24366831823089	7.59257775549246
2.4998296661603	7.58637259442282
2.74664727710413	7.57993932981435
2.99546269049703	7.56962615975575
3.25	7.56698729810778
3.5	7.56698729810778
3.75	7.56698729810778
4	7.56698729810778
4.26404094430299	7.56793800910246
4.55553934703789	7.2602419476
4.5475416049408	7.00885187780991
4.56698729810778	6.75
4.56698729810778	6.5
4.56698729810778	6.25
4.56873347256362	5.99699014722055
4.57409758035103	5.75
4.57409977011876	5.5
4.57409977011876	5.25
4.57409987491489	5
4.57409987491489	4.75
4.57409975127726	4.5
4.57409975127726	4.25
4.5740998938763	4
4.5740998938763	3.75
4.5740998938763	3.5
4.5740997325535	3.25
4.5740997325535	3
4.5740999129554	2.75
4.5740999129554	2.5
4.5740999129554	2.25
4.56873347256362	2.00300985277945
4.56698729810778	1.75
4.56698729810778	1.5
4.56698729810778	1.25
4.56562915046985	0.994855963578263
4.57312883422085	0.728704485583211
1.05867900481629	3.49777075447673
0.982528692807946	3.51196754053422
0.938071117858563	3.49221355872213
1.0933630309787	3.46790501352043
1.09882696523259	3.3980600652784
1.09251123469323	3.32994093878884
1.05843538143311	3.30386478258017
0.981493994166181	3.28961163929348
0.935254709504535	3.30724893629726
0.887750651625352	3.33597840130125
0.882777178972883	3.40021320372844
0.897571409240541	3.45750972680199
1.09311116295737	5.73099220412544
1.09907370745632	5.80161708311471
1.09403206082054	5.86853629944409
1.06084758293141	5.70300671730622
0.983260846688905	5.68589759798355
0.936711069413099	5.7042693179586
0.896032140491267	5.74199756227806
0.87456113222976	5.80142082432665
0.897344973976861	5.85958819866337
0.937986422638791	5.89433212144286
0.984452578757022	5.91171449222191
1.06092631975363	5.89448306289422
1.05983030394865	2.29644394286411
0.983291068412571	2.31391100061102
0.937346934099534	2.29603960080727
0.898362188023252	2.25930904370465
0.866750392531745	2.20627529915165
0.887439627464111	2.14934954155119
0.951544034998177	2.09197016045561
0.994367540366888	2.08428737791183
1.06339989989469	2.10568705571823
1.09578148490962	2.13364448689847
1.10018072582772	2.20335643659085
1.09334504878021	2.2698577178515
1.09379028355078	6.92889539957683
1.12701920330516	6.99402262447957
1.1056506593751	7.06711004517425
1.06054449574811	6.9025518049056
0.985616949081067	6.88643832634667
0.938476734246195	6.90188549810547
0.901670857209848	6.93436995148546
0.883170006179369	6.98301034647397
0.901754953964924	7.06773912176566
0.931103446406169	7.09760188016708
1.0211275645342	7.12495688339434
1.0651469009656	7.09406494070669
0.9848000275461	1.11284072807466
0.936816060650709	1.09781936318038
1.06067133060039	1.09642396276913
1.09372389158129	1.06971439088192
1.12217106229229	1.003741310199
1.099563037955	0.931024333622162
1.0645335060739	0.905295367129992
1.02042620662981	0.878941048155481
0.93198939912685	0.902122195173299
0.898436642669367	0.930481172155246
0.880978946060885	1.00781337733074
0.894593059099994	1.06252269354667
4.53884195541124	7.53884195541124
4.53884195541124	0.461158044588755
0.461391899861411	7.53876746555968
0.464663556496298	0.457442183292276
0.959592458965998	4.74625089303945
0.846332904623415	4.64552289935949
0.823108458623079	4.55301856304195
0.901036629271281	4.49696492292678
0.956532758397735	4.43938139945042
4.12790892977493	0.68770289852629
3.85626262558381	0.661302258330299
3.625	0.649519052838329
3.375	0.64951905283833
3.12049754984099	0.647159009278111
2.86232900406947	0.635738814898417
2.61779066183002	0.625799995817478
2.36435418300805	0.619090916947473
2.10954310703844	0.608882735861056
1.86005976827428	0.588667175714889
1.61067758997766	0.571827880743761
1.37237007773396	0.55190671744421
1.12845319594918	0.533311775839616
0.912418996358331	0.611984392112335
0.564648896053051	0.874971571895739
0.564665199118914	1.12502238941501
0.560076923135366	1.37866556789869
0.557319351344405	1.63295188006646
0.562618004035845	1.88139952891491
0.586655662808085	2.13148916890177
0.581792677059177	2.37519926989611
0.560803804355302	2.62544106837566
0.553311093041051	2.87016832875207
0.545294767653565	3.12267516023936
0.577300959097675	3.37416270943844
0.546197485328543	3.62106932858449
0.55016424554519	3.86776437538909
0.554328272529758	4.11719500925586
0.573552970044685	4.37665415707487
0.559804567370233	4.63299298456303
0.553984828840887	4.87993792868911
0.551494757640104	5.131662469494
0.558717655531896	5.37766637245434
0.592208171736796	5.63063055405973
0.602083361514889	5.86854269233307
0.560109792830838	6.11429039470705
0.568248235001914	6.37393460994959
0.566184338347118	6.61244813784333
0.561769368407806	6.85216843645876
0.615303510436973	7.08357263810039
0.914837647083791	7.42148165483152
1.15151464552984	7.46366283552401
1.38040441455169	7.44368875204853
1.61866802371271	7.43150101557735
1.86365644471656	7.41322185120496
2.11100912056184	7.39443901935564
2.36260161725245	7.38181217488311
2.617792008085	7.3741978043824
2.86232903014947	7.36426049482585
3.12049754799755	7.35284081290883
3.375	7.35048094716167
3.625	7.35048094716167
3.88033722138031	7.35202827518419
4.13394978565478	7.34526643406125
4.31419048218481	7.14253187305448
4.34476871249905	6.86954355255026
4.35048094716167	6.625
4.35048094716167	6.375
4.34979213146831	6.12199005232217
4.35649355746192	5.86882741937165
4.36135391954191	5.6249981365536
4.36135501154519	5.375
4.36135528485224	5.12499991082078
4.36135533743428	4.875
4.36135527569696	4.62500010521292
4.36135521393225	4.375
4.36135528545064	4.12499987865134
4.36135536363856	3.875
4.36135536363856	3.625
4.3613552830481	3.37500013728217
4.36135520249269	3.125
4.36135529301012	2.87499984648193
4.36135517485531	2.625
4.36135517485531	2.375
4.35649474151813	2.13117460999127
4.34979213146831	1.87800994767783
4.35048094716167	1.625
4.35048094716167	1.375
4.35031823709743	1.11658373587285
4.34761347871417	0.859353669454365
0.895697186027172	3.5168136413591
0.901129844053152	3.27598001131218
0.843239615400246	3.35326519731438
0.835307210411247	3.44670101852149
0.889111219488711	5.68302780284813
0.839182324797964	5.75383599139732
0.843351197510552	5.84901905901384
0.892245069164781	5.91705830324642
0.889085665703116	2.31771188754738
0.842096662137894	2.24532897663436
0.832089258828613	2.14701862732823
0.903112361124893	2.09135324286512
0.967083883433623	2.04182690988582
1.1219196945682	7.11654047441977
0.888228629269139	6.87985968107092
0.814304066430432	7.05145796861878
0.87870533503746	7.11487837160025
0.961959667997179	7.13187850247503
1.04432770948759	7.18860263207759
0.885643118527256	1.1204072927065
1.1201984877264	0.88226235914965
1.04648191824257	0.815337847254712
0.944809082620358	0.81305497970242
0.883643061475963	0.878700691418374
0.86468209879156	0.967177207696339
0.852769228522426	1.03998390155156
4.35730387185624	7.36461234859077
4.36831042157565	0.63582521481812
1.12329371769867	5.83714080801542
1.12601413783444	2.1642246832702
1.12221241092056	4.63700881218897
1.12497273363352	3.4345108958014
1.12096931201824	3.36196136126381
1.1223330540444	4.56493694339755
1.02783710169473	5.68267926316797
1.02857363806145	4.4844364203769
1.02453491256832	3.28622983527027
1.02652884540293	4.71674959361272
1.0222212707751	3.51540521484744
1.0267443853127	2.31623081824401
1.02680937637332	6.88252950211656
1.03214494338351	2.08407688466111
1.12030569368749	2.23858415668807
1.02673241208187	5.91256296491879
1.0259874559186	1.11641431132108
1.13321762091746	7.03253930189146
1.12133566231205	0.96410936434777
1.11971016530108	5.76476417067407
1.11825595932351	1.04165274954503
1.12074262300583	6.95574393520232
1.10407379398455	4.7124558013754
1.14182542939599	4.67924106905716
1.10471114508473	4.4870140934439
1.14260235216066	4.52262962177727
1.06181652642826	4.74009073206564
1.06136623576542	4.45921827445245
1.10338746955576	3.51330260249114
1.05663226153581	3.54246812448321
1.00184895433882	3.55681658088967
1.14457066575246	3.47684049084998
1.14061605840858	3.31936115141129
1.10174264485165	3.28584086268475
1.05667538575966	3.25934051845819
1.10365703568613	5.68563238669693
1.13808461037165	5.72142965230967
1.10337941335487	5.91240961162807
1.14171009237286	5.87832795296212
1.05860645386976	5.65477275793451
1.00736972845318	5.64168922500407
1.0050093266663	5.95312889738902
1.05753880410887	5.94088292310139
1.10391800441738	2.31337098159565
1.06012974311549	2.34162181708747
1.00659837371007	2.35752602359332
1.10682080625484	2.08715265179953
1.06443747682454	2.05887662933364
1.14350900938816	2.12336632797535
1.14039722726945	2.27804044071321
1.10406268113084	6.88196263507269
1.13983286057727	6.91788135615545
1.05805825226112	6.85432738161544
1.00279336674178	6.83926537218379
1.00474704152582	1.15650178075382
1.05844286778033	1.14408879008862
1.10554534865645	1.11366282560106
1.14337921049469	1.07805539485923
0.913809470315244	4.77525134650669
0.816966190408093	4.68605133082694
0.762357633064634	4.62273576529767
0.814204660617057	4.48191339786272
0.897601770830162	4.39601023902169
3.73497729971805	0.88594624227274
3.4914214306353	0.872161754234608
3.2457194150766	0.867181200428516
2.98188649766082	0.856814314335407
2.73154250895686	0.84033276218888
2.47860266610786	0.831703579937246
2.22359782894244	0.824923831075094
1.96483186434492	0.802392848325564
1.7113690227754	0.779512023130479
1.46922085463452	0.750384479255099
1.24853550292694	0.723488298261452
0.746785758831213	1.2608779758826
0.73747078840623	1.49887885854861
0.733213096790175	1.99482288847932
0.744902916923289	2.52622295863963
0.730006866593199	2.75636123389189
0.748976386056536	3.00548541123108
0.724483902263473	3.23341901413593
0.719967494008727	3.50845459454804
0.729330369339399	3.73045966566396
0.720048237393449	3.9812982742099
0.738083307424726	4.22484690741249
0.710129409949451	4.50498406569798
0.730254217671979	4.76591271899355
0.753428517589951	4.98408125372112
0.725384323854249	5.2390182624043
0.746576801394678	5.4768214878877
0.741192831582724	6.00675830092281
0.7316530023831	6.51101542533987
0.75583302006343	6.74213221897924
1.26142417516396	7.27308683503891
1.48911565260276	7.25664698882587
1.72899574690641	7.22768693381368
1.97381934586035	7.19883936923588
2.22576523146634	7.18093526960285
2.48068110021689	7.16980437188529
2.73154916953185	7.15978210868052
2.9818885121178	7.14322087784046
3.2457195670538	7.13281870914603
3.5	7.13397459621556
3.76220117839525	7.13429386307189
4.114937465071	6.73605067126036
4.13397459621556	6.5
4.13206649462092	6.24908871850566
4.13817443993543	5.98971834292782
4.1456409865886	5.7426613140378
4.14886866721888	5.49999814012913
4.14886913867661	5.24999972311478
4.14886946134007	4.99999991071861
4.1488694586227	4.75000010507971
4.1488692238413	4.50000010510299
4.14886922711498	4.24999987853907
4.14886950760244	3.99999987287034
4.14886953384482	3.75
4.14886950836293	3.50000013713844
4.14886918952261	3.25000013710865
4.14886919296903	2.99999984630624
4.14886943165803	2.75000002366591
4.14886935587024	2.5
4.14564423008975	2.25733885878576
4.13814116244273	2.01028452825679
4.13206649462092	1.75091128149434
4.13567709932827	1.49509844567752
4.13601939475568	1.23147550777491
0.82909393586119	3.52034303655479
0.908773954936192	3.22695849980783
0.814575894795876	3.29519813233925
0.773485027166043	3.38742796336668
0.818945030772476	5.68953457914389
0.823228123517161	5.91311100341597
0.818849418940981	2.31202216049403
0.814454564627868	2.08757505583481
0.923275933149351	1.99500654083322
1.12756245075528	7.19189631183382
0.811429783063883	6.8670424951699
0.823110097641604	7.11758118372262
0.855523102790908	7.17667707169237
0.814039943906757	1.13373716491006
1.12310770516238	0.809034344508756
0.882695600232823	0.819480579417419
0.820348932800032	0.855294626503642
1.19892966627418	1.00907125390264
4.1421012738648	0.960978011972162
4.02850712713717	7.15080656180731
1.01584561778479	2.04373927988307
1.00433602580102	3.24683850529268
1.011196601091	4.75532469276499
1.01096295089058	4.44265990502409
1.16355366958596	7.07042631502685
1.15491676925348	0.92786870962914
0.648610980705931	7.35454319255931
0.661313186019042	0.656404071444579
0.944739207834293	5.65007068574011
0.945118513832914	2.34976327814348
0.944791768798742	6.84926864026673
0.945329841934808	1.14698757011385
0.945449869965108	3.54774365860835
0.947289422289688	5.9444275036891
1.15315697216989	2.20162663525955
1.1517936121521	3.39955553572185
1.14651737099372	4.60121835046514
0.756184573608302	7.00484243939971
0.989892692951605	0.751798168634906
0.975545197517643	7.25407334812944
0.707406782959048	0.991812257118996
1.14929901515731	5.79981957217418
0.728763105320019	2.26266862988386
0.739015248507522	5.75820619886451
0.974056212340278	4.80442323084859
0.974986662748651	4.38621896478005
0.892601957839222	3.5877299772986
0.967863371976722	3.19693516481157
0.862966299356036	5.60614665922424
0.878139055739445	5.98548357111027
0.863235767361546	2.3951040740212
0.992693920806178	1.99593632971529
1.21219656942048	7.1333648490687
0.874515620928933	6.81336371303445
0.873670118579043	1.18630266971019
1.20290775437998	0.862168821306913
1.15606803064949	4.73215095518136
1.10407247726285	4.7705744748419
1.15850818763857	4.46971486974722
1.10745589777051	4.43191827757315
1.04293996413804	4.79726626814568
1.04667364277173	4.40090199864624
1.10588322112965	3.56932060459724
1.15875612045531	3.52923398548635
1.04210093881725	3.60017849829577
0.964773097033152	3.61530099223001
1.15496100564446	3.26841180149193
1.10412198568954	3.23311232496169
1.04114254751352	3.20463456941954
1.15731421572968	5.67286200076243
1.10741457119324	5.62884579890824
1.10365996771821	5.97029204981815
1.15668899903647	5.93021647804959
1.04544854447821	5.59703536343306
0.96416264362597	5.58274102614072
0.966388709298355	6.00675894128557
1.03963436888658	5.99860415934025
1.15867233531825	2.32485775768751
1.10898884930087	2.36883595806692
1.04656507482084	2.40251115180348
0.968156963687393	2.42034597738168
1.15974836089264	2.06920615949293
1.11067127514482	2.03162366691333
1.05446245171275	2.00759343758135
1.10712512698437	6.82627709019113
1.1614459754474	6.86400248039638
1.04256550491476	6.79377465534628
0.963552219970341	6.78185427836635
0.965110355799169	1.21226406146764
1.04321374755019	1.19860041814711
1.10764395250405	1.16972568766773
1.16522320953438	1.12798477751623
3.625	1.08253175473055
3.37385391269524	1.0853330156216
3.10959214317483	1.08438370175685
2.84246122164268	1.06507155693813
2.59068577178267	1.04804405163962
2.33208497873985	1.03511999165267
2.07116796346515	1.01925492253356
1.8051818874702	0.988959819956734
1.83183096178267	7.00642027539349
2.08567212678134	6.98232131186987
2.34504429457249	6.96554283809842
2.60100687139496	6.95703006445647
2.8423966667753	6.93500770299892
3.10952694804194	6.91649941720501
3.37385406670159	6.9146670182764
3.62472579718039	6.92037640327357
3.89782380034183	6.89955124441919
3.91746824526945	6.625
3.91604318277583	6.37619440403835
3.90487009511522	6.12752332793738
3.92697009782508	5.85969399332932
3.93456846240604	5.61850077018837
3.93655363455322	5.37499853122872
3.93653710721297	5.12499954286912
3.93655357694534	4.87500001020693
3.93655343760156	4.62500030448265
3.93655329773976	4.37499998904081
3.93653673893726	4.12499963747815
3.93653733242906	3.87499991414675
3.93655364077405	3.62500009021007
3.9365534541042	3.37500040790301
3.93655326557087	3.12499998878054
3.93653669328327	2.87499973226009
3.93655139992363	2.6250000761974
3.93457147270971	2.38149615684542
3.92695687112276	2.14033931856782
3.90400850376272	1.87987329651661
3.90416844817503	1.63405667322511
3.9341327910668	1.37407356455666
3.89837661451226	1.10420883828837
1.24241955068246	7.04051401856478
1.2187886961691	0.94614758755821
1.17437939379765	5.83803268475551
1.17704582755974	2.16330220531992
0.763246580101839	6.2519099836553
1.17341679395481	4.64129929594019
1.18009322214841	3.43473517610014
1.16459822656984	3.35683462031827
1.17343724397588	4.56081362721555
1.16271074789301	5.75975290372223
1.16398670037236	2.24025619769574
1.072348417439	0.693896912573864
1.08142075674077	7.31115842177163
3.94976069949264	0.860749907215482
4.13881863756677	6.95826692552725
0.718415093855943	0.836728560181493
0.847461420866814	7.27346823330282
0.744744924169852	2.37197613803096
0.748930259308802	5.63361260049777
0.724486855880714	1.11119296594337
0.703705942851887	6.91184072378248
0.74668543810648	1.76393698779152
0.753149425174471	7.19545666445757
0.797820932409679	0.747655402063514
0.892217160500846	1.62712903695455
0.892775803824458	2.66991383013592
0.908823150782034	2.86441847237794
0.903486389990336	3.88311056241115
0.891124430628225	4.12680036736858
0.907530226668968	5.13993287368727
0.888620030191651	5.33454175794121
0.929220012193852	6.42059147908612
0.998740083702172	4.87101161797956
1.01777670144725	4.32142452463788
0.990110880140842	3.13053885610411
1.032830032101	1.94782604885028
0.883390889571904	6.73416035056294
0.893928715549864	1.25916031148465
1.16069082050674	4.7994367660984
1.08876275124925	4.8437906247023
1.16777208413278	4.40662321387151
1.10045293756395	4.36428656604034
1.16663687945257	3.59712951658681
1.09795079994646	3.64308484559673
1.01226224484832	3.677355794038
1.16145500431523	3.20364991390021
1.08627389101925	3.1576297667763
1.17125073855137	5.61093451872088
1.10593689772532	5.5606921146906
1.16335273208474	5.99452059062488
1.09353565894716	6.04003449421255
1.02372720361414	5.52423870384195
1.00618068305777	6.07740674512091
1.17395904527699	2.38688909428852
1.10917747232726	2.43842276998921
1.02993396574578	2.48104284524716
1.1712518761481	2.00542377632704
1.10562752609512	1.96830738434111
1.10407625705295	6.76451576175462
1.17473484530537	6.80298257504279
1.02768257370835	6.71877747549626
1.03030804943757	1.26558430900501
1.10468751132124	1.2371659636262
1.17381629807319	1.19711398117864
3.50507223915884	1.31692137874999
3.24920897182062	1.32309103476166
2.97610611646542	1.29833911833335
2.70235017933554	1.26580990744843
2.45640337779851	1.25457073961153
2.19663266915352	1.23963236063978
1.93651508010376	1.21249291930483
1.92983643985336	6.78250029431999
2.19358861619426	6.76261644920807
2.45748921280403	6.74599866500854
2.70239040819305	6.73434469686805
2.97619446623464	6.70290504859415
3.25918146530693	6.67816920049904
3.68582109549371	6.50986575842423
3.66410272359049	6.25394745662584
3.68747466252312	5.9944640245033
3.71888200718534	5.73242224914598
3.72243391106909	5.49501211408957
3.72435135452863	5.25001306511652
3.72435165649771	4.99998579741905
3.72456049660361	4.75000027550456
3.72456017205028	4.50000026536058
3.72435066113436	4.25001386797753
3.72434340094755	3.99999927207116
3.7243518062025	3.74998616005768
3.72456058475035	3.50000040734753
3.72456010901743	3.25000035821267
3.72435059651536	3.00001392669124
3.72435058882852	2.7499874216001
3.72243341052308	2.50498105773829
3.7188960017076	2.26760754056113
3.68558299282527	2.00550869306299
3.66472342993413	1.75134379435822
3.69565009619963	1.4977564857359
3.49352584098095	6.68595234078588
0.958410850103758	1.94456034479827
0.868517938535174	3.14335988181501
0.875988338520629	4.85371245694445
0.884287325637735	6.09518460341015
1.19926095095581	5.89011701683595
1.19787375525354	2.11289377894557
1.19680702870849	6.91405585809257
1.21107154971706	1.07123268299583
1.54696574899776	0.954588307319705
1.585107642883	7.06413705324644
0.904154448853132	4.30025496830917
1.19947590874886	4.68880053888228
1.20595486000042	3.48318706556675
1.19577965351209	3.31977745248269
1.20353935190267	4.51139075280437
0.875824736610619	1.35275961417184
1.36227381505976	7.100267145582
1.33847407506542	0.890915405443716
0.866869908456968	6.61163252201772
0.865829385320698	1.90956889595325
1.19478985624058	5.72694631252156
1.19769551307029	2.276862050146
1.20505606565691	5.78684950618791
1.20459879418934	4.6008609212336
1.20954697828057	2.21264319464431
3.72934627777929	1.27691208949606
3.72283179612594	6.7270747502395
0.916590871847613	5.4990587747519
0.919001364129364	2.50656230109356
1.07550546447046	4.93080521897634
1.09683035852631	4.29251706119858
1.07091060886832	3.07089969285906
1.08671116752766	1.88951292615051
0.99339299807416	1.35261441497954
1.16711976338202	4.87169417679549
1.17396778080448	4.3367631394528
1.17300314114895	3.67611510853228
1.09143634322032	3.72850960508748
1.16527491274112	3.12303772412448
1.18440465746876	5.53223768293608
1.10443206080443	5.48734922794344
1.17207112110325	6.06887854361187
1.08699067470994	6.11917874467789
1.1864819435555	2.46201885214879
1.17611817775448	1.92631487837066
1.0918431347834	6.67420320775174
1.17507750459312	6.7343994027376
1.09449299080572	1.32310837553773
1.17946152548734	1.28140260874421
3.11294224448488	1.5419161528271
2.83740304252095	1.50519490451968
2.56951576318962	1.47958171544606
2.31958399381459	1.46566575477423
2.05628272329913	1.44445677547259
2.06265001352928	6.56427209815092
2.31961890981968	6.5374654942345
2.57088163648263	6.51900097462723
2.83414734474167	6.4965819743
3.10850334512855	6.46817500227216
3.44282205026685	6.12004681647562
3.48401079671105	5.85748515309682
3.51070318452554	5.61057603863691
3.50948750437572	5.3708384974334
3.51227288765764	5.12499917513098
3.51270389409405	4.8748161368243
3.51280679261488	4.62500054533382
3.5127032231645	4.3751845339091
3.512269370879	4.12501272855852
3.51227047283117	3.87498558618896
3.51270407930528	3.62481643642695
3.5128068119056	3.37500078573253
3.51270308678976	3.12518461107213
3.51227168472029	2.87500068066584
3.50948306943324	2.62915808011129
3.5107288827681	2.38942282351512
3.48341854274996	2.14062234694502
3.44495213490211	1.87082619201411
1.25897054229935	5.73768087331254
1.26457293223643	2.2607368746691
0.995433840305692	6.60991556324029
1.00707194172114	4.210580012424
1.32026292924757	6.96945660293744
1.23150472887765	1.14414473576434
1.23758598556169	6.85095467478009
1.22312937632448	5.94704413665254
1.66679539866297	6.8325420130165
1.68618171453678	1.17792623806907
1.22704817521809	2.0553777291363
1.22176710368141	4.74451931915305
1.22120235416706	3.25914254485398
1.2248359999346	3.54126921991213
1.22325922466599	4.45632152208369
1.22366490785937	5.66958590600705
1.22900790996036	2.33166419868351
0.926716820735673	1.7751061035956
1.01139909735402	5.41289449507787
1.02392513765393	2.59340766014226
1.22508206789974	5.84101525850496
0.906892770226026	1.47653035011747
0.971629035745907	6.20670412200535
1.22615168850765	2.15899905513994
3.39996169050823	6.41898898745554
3.40583747603693	1.58861333434875
1.22908273025721	4.64305463638421
1.2347264127194	3.43484017371965
1.22929781760371	4.55676847523223
0.952356967781666	4.96662109610514
0.942699609101181	3.02952157837719
0.894146208810263	3.70858599792626
1.2739559301982	0.998336833758144
1.05224277721106	1.66848746848716
1.02283618722158	1.54457916673626
1.06744467549127	6.31169336275178
1.17562333571632	4.95852527807282
1.10967630176976	4.20419891983906
1.19344287138586	4.25048089560734
1.16947875817427	3.02697172454285
1.17668203323974	1.82987364187528
1.17237041632525	3.7759405243771
1.19539522396825	5.4400923287625
1.11675708543082	5.39786312468871
1.181098003369	6.15600529826941
1.10619695778847	6.20277289018909
1.17333440734908	6.65291478750529
1.18848818700995	1.39117997455264
2.93643197892362	1.73217426243801
2.68210996371598	1.70944109022587
2.43934475262396	1.690785617613
2.43972026530534	6.31152631472194
2.67947035033368	6.29015177964277
2.93844868068497	6.26779525847557
3.25246292586013	5.96440330919999
3.28299791708785	5.71463327573643
3.2952722424665	5.48074716665103
3.29977375035654	5.24552697984954
3.30087397562217	4.99954309419267
3.30117983235867	4.74982119356759
3.30117852343448	4.50018025561726
3.30087228293386	4.2504656159287
3.30024413473945	3.99999822290608
3.3008744122598	3.74953423263905
3.30117987050842	3.49982160408506
3.30117850491712	3.25018054616173
3.30087200600847	3.00045754265755
3.29977132729379	2.75447397577719
3.29441057737121	2.51431880547996
3.28100312749172	2.28284254324051
3.25150389058951	2.03592456010197
1.3081131437818	5.67611446986053
1.30985468866664	2.32785489436402
1.33963266319396	6.84995756665925
1.27830008225948	4.68350174344148
1.27860116725946	3.32394408256192
1.28244287603134	3.48199905645404
1.2792493160222	4.51503837614119
1.27710112295809	4.59989178504977
1.28520765033216	3.39974188014553
1.79758183574598	1.40329653907255
1.80413940174531	6.59623298340807
1.23946765450707	3.18341689780588
1.25002144649214	5.60108255338911
1.24661290358994	6.0158226929902
1.24141077325409	3.61732333724315
1.2396852204513	4.81835044917845
1.25260759501462	1.97931612653508
1.24300608822433	4.38375976958938
1.25871723629328	2.40738922430466
1.11333076432116	2.52347399405162
1.26073222091898	6.77068586705183
1.07262994118925	5.06376221881035
1.27960357870268	2.19000770233871
1.05532779601279	5.25951371654366
1.26018671532772	1.22574831822239
1.27480725842204	5.81036823309259
1.00540235063195	3.76155480921654
1.05733960785673	2.94876152573607
3.19894167559082	6.21910619602481
3.20156234183969	1.77824881273472
1.26494995369559	5.88255324717234
1.2652419277692	2.11866860161214
1.05745557321525	2.76075824269818
1.06751684638822	1.42485798423228
1.09804191989613	6.54990243977263
0.98322819056702	1.86851451806144
1.44933255366661	6.9468438918197
1.48102342278673	1.16270882509448
1.27315911463645	2.49545443826138
1.19798233763955	2.54200534100353
1.90553520429504	1.64341781361306
1.91825735226689	6.36449836862021
1.20642940933077	4.01551708835011
2.7666078229419	1.93753554576701
2.53505316832194	1.91775506919882
2.53271457811646	6.08379574914066
2.76127215240358	6.06452854393802
3.06638488476138	5.80408743393526
3.07332525421832	5.5803701361103
3.08567126156827	5.35734728894006
3.08966840576214	5.12159282710453
3.08998412898199	4.87442366092664
3.0901449170849	4.62500183109303
3.08998412588855	4.37558174873842
3.08943784426991	4.12576138903898
3.0894388780936	3.87423495603498
3.08998569342654	3.62441976421321
3.09014529448568	3.37500222952504
3.08998274924495	3.12557806859614
3.08966662976131	2.87840835679892
3.08400233223463	2.64248231550688
3.07416387824507	2.41773003841176
3.05883664733648	2.19252109437615
1.33684035242091	5.58783175105051
1.35141289021966	2.42290635192128
1.34386435346033	6.73703155041474
1.46270037933416	6.75897692318556
1.36608219713903	4.6436614069046
1.36267319548406	3.35741971785782
1.36502344056552	3.4464553879562
1.36492985918469	4.5551753436404
1.37019398408946	1.27255445367971
1.34023447989993	2.13555071583723
1.3401754822487	5.8577946778092
1.26195099726637	3.70298111747883
1.2701028358371	5.50700459546667
1.26678467575826	4.30291957202077
1.26009367560365	3.09829468704186
1.26323975099671	4.90089684949931
1.30780648192781	5.94620396581331
1.27321568185734	1.88606840928538
1.30747313192415	2.05269357583311
1.26481283030621	6.10616738785268
1.34047100246742	5.76272669742452
1.35125464019064	2.23424036211608
1.14590938879238	2.63259347543707
3.02721548332548	6.04939269904044
3.02076731407073	1.94822024355415
1.26553631470332	6.67861104998067
1.26579049107789	1.32135799028751
1.28978212021615	3.24622869012108
1.28920613418946	3.55636268921156
1.2873093245981	4.4416789303953
1.28860007056415	4.75908150581431
1.57570198798599	6.60726645372586
1.53949781672612	1.36859830012927
2.16469692626968	1.67567628515831
2.17281919797271	6.32576303021888
1.06218953931824	3.84809743204346
1.18335762312801	6.27115196685382
1.18851995539311	4.13117755497612
1.19444371922822	5.31861299463709
1.28614410882881	5.00057712551136
1.20228824747691	5.06144901294314
1.17610626475553	2.89015232113371
1.27836814425449	2.98196834410332
1.29294067382983	1.77057669002816
1.2807315656939	3.81042071760306
1.2067242420315	2.74516553644503
1.37782539346825	2.52943927554166
1.30406931680443	1.61116692042921
1.31805011071403	4.06845820742292
2.64238447981794	2.16635589308653
2.64221249029689	5.83681638619882
2.86551128731259	5.46035433022927
2.87651750141684	5.24057897127588
2.87940042370568	4.9977394551293
2.87940644994635	4.74957694670166
2.87940854808238	4.50042759143444
2.87901300189253	4.25113230169462
2.87794980241608	3.99999730327692
2.87901314932231	3.7488661651199
2.87940810594658	3.49957619823805
2.87940697970523	3.2504274304671
2.87940006241617	3.00226233679035
2.87651682072122	2.7594155181233
2.86489966069724	2.53713822134968
1.36547158950398	5.48233933659463
1.44167614060026	4.59972803387845
1.43263021657819	3.39924491236309
1.42662402005306	2.15630317488996
1.40219768527147	2.05447390340508
1.43855576972267	5.81376855855858
1.4096959420673	5.93968067641849
2.84458877487314	5.68273621608606
2.84455182043602	2.31741017518459
1.24001450254858	6.57600514804252
1.28827893145565	5.39611014811011
1.6372821448725	1.59650230598209
1.28922491577289	4.19681515838261
1.67482174280101	6.40174374760257
1.34768644288378	6.03672951006029
1.34757424290008	1.96336448772047
1.41275816603153	5.67998061505365
1.39467384823466	2.33386180727282
1.33599620026671	3.17779304596033
1.28198615571498	6.22399712827998
1.33619974758415	4.82804900707543
1.33351884549891	4.37045389732003
1.36425920361402	3.52898384484458
1.36400390767278	4.72856462121919
1.36980231795751	3.27640689419864
1.36463558932664	4.46951294020257
1.33226525459526	3.62296376861087
2.27327051926186	1.900487358859
2.27320160847153	6.10708488746354
1.15342369451792	6.4340440305624
1.18128136575429	5.17959591452201
1.38976800070611	6.60529183203236
1.33334158787791	1.42294422552576
1.27423275544351	2.61383635114504
1.17490048966534	3.88661209080774
1.76442719293771	1.8292675645302
1.76053270388516	6.19037676271047
1.30298953025322	5.12454465444509
1.44007148085191	1.70385480179579
1.40961751516618	2.64826684114577
2.66173550075397	5.34081119520368
2.65575769868582	5.56921387901553
2.66825491350353	5.11666966583944
2.6693181329715	4.87365309932053
2.66922111935559	4.62500049904695
2.66900897522446	4.37611346478335
2.67099831872989	4.12644319819748
2.67101016652758	3.87355325303299
2.66900845000933	3.62388815286307
2.66922031459828	3.37500276447385
2.66931704105958	3.12635073952445
2.66824829869461	2.88332874812282
2.66133445859058	2.65993855451927
2.65611412552801	2.4295483345926
1.40645092695837	5.36298275716168
1.51430767060476	2.3270945899718
1.51852120369264	2.07821529064919
1.46928499795838	1.95414415831025
1.52686132105785	5.92480856764882
1.50803584697256	5.71733733812898
1.47225000009395	6.05748705269872
1.44756214755212	3.18158192232589
1.44500388896409	4.81900555274085
1.44525339202589	4.38075426089565
1.44391218974711	3.61294407529921
1.42557340307017	5.56747572249074
1.47438017107225	2.43390879630912
1.39671665098508	1.84952232238979
1.37076195885671	3.07482257058393
1.37288736202284	4.92492452513429
2.4023330918352	2.10506407681465
2.40257482214717	5.89493989195395
1.37120968570132	4.27498271020311
1.38088022976353	6.15306233297669
1.30803825380159	3.93160394605199
1.30180841179511	6.36955871409144
1.3064771760354	5.261049966855
1.36916408698251	3.71913187081808
1.30481561560694	6.4889636474164
1.45694801271872	4.69659843995513
1.46545460281602	3.48966064589081
1.45935448629021	3.30815539110923
1.46093311277075	6.4208076164862
1.4605360302666	4.50476456470146
2.86612293960849	2.11236341302773
2.86658671498032	5.88539293953055
1.9929883940382	1.89757510133517
2.01000759530548	6.10954609367845
1.29527381790604	2.85277229002911
1.44952651101009	3.99276288057168
2.45430342789891	5.43119444441719
2.45550601371404	5.21277125044759
2.46002305936483	4.9942480235355
2.46338781195951	4.74940712546717
2.46326426738379	4.50073244318406
2.4638033424874	4.24963535156267
2.46508601668399	3.99998857842471
2.4638131992402	3.75037390220239
2.46044393964418	3.5034170695169
2.4633908517806	3.2505966648429
2.46001316075977	3.00575785340549
2.45397513264694	2.78569758958372
2.45358436979196	2.56637019298915
1.44329034965043	5.20273942895222
1.6237472209472	1.97506761418917
1.62377028071811	6.04625636273043
1.48817375995239	3.03842848206031
1.57296284406106	3.25267397724376
1.55980392251609	4.7427082507754
1.48986644547489	4.95381253128167
1.56279523535233	4.45846725871688
1.48434355192066	4.24226556094627
1.48970346871266	3.74481806879453
1.56359955856464	3.53990125539731
1.53703255675202	6.22574837428831
1.39834678011703	3.84762535204268
1.40987862552157	4.14852847109771
1.52121434975673	2.55928570985024
1.39833567306157	2.93949630577532
1.39685479881891	5.045232771857
1.49018332758869	5.4721266981433
2.45113532846639	2.35153921476052
2.45135402382628	5.64854506286213
2.15504151685988	2.10818661470684
2.15938123096988	5.89956043613515
1.3231951112602	2.72143174304783
1.5526597577179	5.81222362514632
1.5241201302633	5.60769599992039
1.55087983246066	4.60048710283519
1.56003416214359	3.3966637676626
1.95398394896123	2.14763621078238
1.96053024544333	5.87653169614395
2.23926628642238	5.31180840081374
2.24740435666766	5.09791431610066
2.24348047059092	4.86932649063395
2.24405603071699	4.63075305567261
2.25140641066562	4.37777482853453
2.25151534343133	4.12655427176578
2.24440141834172	3.86896866827032
2.23986642611521	3.63102448927416
2.25798646895247	3.38704660417487
2.25189808766358	3.14026805520853
2.24419895387781	2.9111021326548
2.24662773557811	2.69007648884321
1.53850812766513	2.8819050120951
1.71062600912096	3.31692866339196
1.68482881212964	4.67410501266319
1.51826555031885	5.07497309617221
1.69512875999559	4.52655145317078
1.70030114005716	3.47446750781973
1.63379067491796	5.50918595001666
1.53803872968543	2.71109245888619
2.24472323003892	5.52693514967754
2.24427226454605	2.47318224394826
1.79629568519149	2.06457014655997
1.66527559176114	5.86911867999622
1.54291157300335	4.10962269429997
1.51554511368155	3.86049225858925
1.63289485375758	2.43382457836696
1.55308486550476	5.34708044384809
1.64855835651485	2.1485380733175
1.56130923105417	3.13331039520853
1.5629621770269	1.81637811941164
1.80082837803815	5.97800541904701
1.55619115842273	4.85552522719494
1.55566979783921	3.65469942148868
1.38297989515269	6.27908845273987
1.42304658483672	2.78997975447223
1.55962827057163	4.3418154801354
2.2684572160048	2.26876130544138
2.2586033845549	5.72748445614525
1.65373136773851	5.69249569073959
2.0468919963115	5.21337534643767
2.04763798204898	5.44017199102199
2.03082990786816	4.9982963882223
2.01622077116459	4.75839300979607
2.05103521236995	4.51017436525096
2.02715917903037	4.25789185290255
2.05254900351448	3.99998927269871
2.00590778012442	3.74719640125987
2.05541553954127	3.50308312834078
2.0564093940579	3.28124921105917
2.02483427941706	3.0369639974474
2.03574009423328	2.80360147799269
2.03813255976971	2.58007928506902
1.88014384309471	3.39620411850917
1.86221518220108	4.60462494895139
1.82234510688255	5.53654914535119
1.70997124298998	5.33011897209447
1.65669170124232	2.99744032128519
1.66910564253928	2.61295516768088
1.63140557016388	4.23225165350791
1.65259829792816	4.99724905912373
1.64359153637452	3.78538942009811
1.81201912844144	5.76397765875958
1.68130283905649	3.62066834605304
1.68562985136745	2.79981063342723
1.68040734140276	4.82045556862107
1.68703073223742	4.37845945441756
1.69621312810648	3.16347018660576
2.03822484275869	5.6760484406524
2.03241453236097	2.33703270109573
1.62226817277243	5.18620582182383
1.62055064607159	3.95788193156124
1.7622516015808	2.29642938388852
1.87949539050672	4.10371070871089
1.85073981210355	4.91452770656738
1.81978209959955	3.0583652399607
1.80215149791924	4.26216643178702
1.80253195700796	3.72896230077452
1.84324794869418	2.6952961464612
1.84423050418506	2.89577418241996
1.70404670243	4.09192874692971
1.85851901580336	4.42618038534623
1.86492842512148	3.57150329415351
1.82749905449363	5.14200865813476
1.81969618745215	3.9080429030074
1.82816930562756	2.48974856537218
1.86167739991127	3.22064823373165
0.753120418816754	5.86880942542549
0.742569899714867	2.13636144425384
1.81744837686399	4.75302072855664
1.0630049018233	1.79413340342513
1.17657228684465	1.70347458747031
0.85169857214458	4.74941314798827
0.845672323680384	3.24295792289038
0.861066478660611	4.44928048518538
0.827199341463829	3.63244340633286
0.856393533516487	2.03186037305747
0.995194098710149	0.832178989004556
0.83405326345141	6.99337230398533
0.82225058939028	0.9985760969033
0.994302828343242	7.16123338979104
0.804801657222819	2.19641673072518
0.807621120614787	5.80634446325998
0.842487721176185	3.39885941660267
0.842442762441855	4.60113053080534
1.88767883436631	5.32768466757983
0.859985243282599	3.29786132304666
0.865345543186213	5.72012338268583
0.862071868053566	2.10669257936418
0.873043239067869	4.68393482448987
1.37434490484906	1.03115047415796
0.866141677917492	2.28079935242684
0.867001347936888	5.8820179131813
0.8606057825348	4.50765189190166
0.866772543315029	3.48450769220816
0.849242772217821	1.08396714061145
1.43947591583554	1.53536792545115
0.903521548055592	0.747029380490325
0.751524473934543	7.09150181287876
1.07583060861387	0.862137256177014
1.07532096969511	7.13728910138306
0.910391600267975	4.72138037234401
0.915700406438392	7.14197831525094
0.851908005425834	0.912391827023463
0.920017229180266	2.04787479856264
0.9235759195176	0.859441414369477
0.860014798446386	7.07544026839558
1.15852292104364	1.03246765232653
0.911451339346008	4.45486747128185
1.53165556782458	2.2029054158494
1.16297191110554	6.96142568580272
1.62011354105465	2.2830670608135
0.795946931890042	1.05813307325568
0.799938792007668	6.9442218035726
1.17591932675638	7.01223580428762
1.16069900429345	0.980257035673441
0.793871970454627	0.934461282738984
0.933053264759916	7.19344345320695
1.25949970738152	6.91385450716945
0.958614356780234	1.2839198014526
0.952655774028207	6.69602225578008
1.44058888187842	2.249141478365
0.790897583661264	4.37896143256255
0.96727597257375	0.868967528536028
0.871494516860057	7.02949332045763
1.27531861618791	1.07445278557372
1.05452280841512	4.03676746293955
0.953307897864079	3.25596510301721
1.21332838850256	3.38106523412643
0.883372036629259	4.63342887098745
1.17158318193003	1.53564200326696
0.853783103000708	6.93161302659207
1.22339911532615	6.97206020226759
1.32894582937266	1.14855872044288
