404	240	239
270	82	83
195	196	167
333	176	28
356	184	183
217	142	143
287	285	37
230	129	130
301	10	64
753	599	792
285	20	37
186	14	41
189	345	284
583	584	434
279	280	73
192	193	170
333	28	334
199	200	163
200	162	163
497	336	337
317	35	36
336	112	27
348	1	156
348	153	1
348	207	153
206	157	205
343	342	25
212	213	147
212	148	211
800	832	769
291	32	18
215	144	145
216	217	143
440	279	278
309	24	99
434	435	273
183	184	13
222	137	138
295	17	109
185	186	41
225	134	135
184	42	13
355	354	1508
228	132	227
300	10	301
183	13	113
1536	183	355
481	323	484
324	40	6
325	324	6
396	229	228
468	307	308
332	331	105
245	52	53
346	2	123
346	61	2
552	400	551
426	265	264
240	57	58
242	55	56
1517	673	986
247	50	51
558	408	407
418	257	256
323	40	324
321	7	39
732	733	576
263	264	89
419	420	258
249	49	248
256	96	97
347	3	43
253	254	44
258	95	257
347	98	3
251	46	47
784	625	449
248	49	50
258	94	95
410	411	246
260	92	93
410	246	245
261	262	91
429	268	267
177	63	15
424	263	262
179	62	63
264	88	89
269	270	83
266	86	87
269	83	84
178	15	29
445	285	287
273	274	79
582	432	581
288	38	19
277	76	276
319	100	23
635	316	476
436	275	274
193	169	170
275	78	274
282	283	70
590	441	440
191	171	172
192	170	171
190	173	189
506	284	283
284	345	68
277	75	76
218	141	142
218	219	141
188	30	187
187	30	14
272	80	81
289	449	19
274	78	79
286	110	20
313	21	312
311	122	310
453	293	454
216	143	144
541	390	389
221	138	139
296	109	110
178	350	15
303	65	9
262	90	91
297	33	299
427	266	265
227	132	133
181	114	16
302	301	64
391	224	223
304	9	119
304	303	9
231	129	230
601	465	466
246	52	245
298	104	11
290	31	32
497	1522	1514
435	274	273
292	18	101
312	21	121
214	145	146
213	214	146
1511	757	606
381	214	213
215	216	144
315	22	115
377	210	209
783	479	623
334	28	111
368	198	197
476	316	315
196	166	167
318	35	317
290	32	291
432	271	270
307	12	103
330	155	8
328	327	5
408	243	407
641	297	457
232	127	128
231	128	129
233	234	126
1531	1485	488
240	58	239
235	125	234
238	59	60
329	155	330
322	106	7
203	159	160
201	161	162
201	162	200
338	66	67
339	67	26
371	372	201
205	157	158
339	338	67
207	152	153
341	117	118
209	150	151
342	118	25
347	255	98
255	97	98
392	225	224
224	136	223
335	334	111
381	382	214
460	299	300
180	181	16
354	182	181
1515	358	512
252	46	251
254	255	347
228	229	131
709	544	708
288	19	449
360	188	187
518	519	366
276	76	77
436	274	435
318	23	35
235	124	125
237	238	60
537	386	385
292	291	18
197	165	166
638	334	495
197	198	165
199	163	164
294	17	295
293	292	101
293	101	102
310	122	24
236	123	124
346	123	236
295	109	296
186	187	14
259	260	93
256	97	255
235	236	124
329	154	155
211	148	149
528	377	376
202	160	161
204	205	158
310	24	309
434	273	272
219	140	141
221	222	138
212	147	148
213	146	147
345	174	4
345	4	68
563	412	562
267	85	86
401	402	234
553	401	552
352	180	179
462	301	302
872	740	871
271	82	270
239	58	59
239	59	238
218	142	217
387	220	219
302	64	65
302	65	303
372	202	201
202	161	201
482	322	321
481	321	323
389	222	221
447	296	286
320	309	99
469	309	320
228	131	132
397	398	230
625	288	449
286	20	285
313	116	21
379	380	212
241	57	240
492	331	332
223	136	137
223	137	222
1523	896	765
340	339	26
1531	489	1513
325	6	107
220	221	139
286	296	110
265	266	87
299	33	34
769	635	476
197	166	196
382	215	214
215	145	214
636	319	479
633	309	469
241	56	57
243	244	54
370	199	369
202	203	160
188	29	30
188	178	29
208	151	152
208	209	151
191	192	171
283	284	69
210	211	149
508	208	207
185	41	42
185	42	184
471	311	310
471	472	311
431	270	269
581	432	431
265	87	88
265	88	264
308	307	103
484	323	324
1157	1029	1082
524	525	372
337	27	66
337	66	338
271	81	82
271	272	81
298	11	458
247	248	50
280	72	73
279	74	278
253	44	45
417	253	252
311	121	122
311	312	121
208	152	207
375	204	374
190	191	172
284	68	69
267	86	266
177	179	63
273	79	80
273	80	272
314	315	115
316	22	315
326	325	107
397	230	229
279	73	74
363	193	192
631	180	352
598	462	463
237	346	236
490	330	611
234	125	126
487	326	327
342	341	118
376	377	209
502	342	618
373	202	372
283	69	70
281	72	280
198	164	165
198	199	164
500	339	340
374	204	203
259	93	94
259	94	258
250	47	48
250	251	47
189	173	174
189	174	345
263	89	90
263	90	262
634	324	485
674	484	634
474	605	314
383	215	382
335	111	112
335	112	336
194	168	169
194	169	193
343	25	175
494	344	333
232	233	127
233	126	127
472	312	311
471	310	470
249	48	49
249	250	48
257	95	96
257	96	256
226	227	133
548	397	396
282	70	71
281	282	71
327	108	5
401	234	233
261	91	92
261	92	260
220	139	140
220	140	219
229	130	131
229	230	130
300	34	10
300	299	34
386	218	385
455	294	295
451	290	291
289	31	290
687	518	517
815	654	655
204	158	159
204	159	203
195	167	168
195	168	194
320	99	100
320	100	319
344	176	333
378	210	377
964	864	963
423	261	422
454	293	294
386	219	218
226	133	134
226	134	225
246	51	52
246	247	51
244	53	54
244	245	53
358	186	185
388	220	387
318	479	23
366	196	195
331	8	105
331	330	8
316	36	22
316	317	36
275	77	78
275	276	77
190	172	173
361	362	191
344	175	176
344	343	175
465	304	305
398	231	230
287	37	38
287	38	288
254	43	44
254	347	43
278	74	75
278	75	277
305	120	306
464	463	303
412	413	248
422	261	260
297	11	33
297	458	11
206	207	348
1514	987	679
308	103	104
308	104	298
486	325	326
232	128	231
237	60	61
237	61	346
563	413	412
567	417	416
361	190	506
281	71	72
672	481	484
241	242	56
243	54	55
243	55	242
252	45	46
252	253	45
328	5	154
328	154	329
206	156	157
206	348	156
182	114	181
393	394	226
289	19	31
636	480	319
421	422	260
725	566	565
492	332	483
483	332	322
180	16	62
180	62	179
332	105	106
332	106	322
444	283	282
442	443	281
268	84	85
268	269	84
267	268	85
431	269	430
437	438	276
891	671	636
326	107	108
326	108	327
439	440	278
654	450	655
362	192	191
691	522	521
340	26	117
340	117	341
362	363	192
361	191	190
502	341	342
376	209	208
210	149	150
210	150	209
463	302	303
395	228	227
488	327	328
487	486	326
414	250	249
415	250	414
402	235	234
488	487	327
224	135	136
224	225	135
314	115	116
314	116	313
431	432	270
624	177	350
306	120	12
306	12	307
378	211	210
613	504	494
294	102	17
294	293	102
408	244	243
554	404	403
323	39	40
323	321	39
597	455	456
456	455	295
305	119	120
305	304	119
182	113	114
182	183	113
457	297	299
641	458	297
507	237	236
507	403	238
399	232	231
396	228	395
791	603	755
379	212	211
550	551	399
634	484	324
364	193	363
999	980	757
396	397	229
647	627	351
569	570	420
573	424	423
491	611	330
1521	639	482
319	23	479
438	277	276
538	386	537
453	292	293
593	514	621
876	745	744
506	189	284
506	190	189
485	324	325
485	325	486
562	412	411
953	954	851
540	389	388
357	184	356
533	381	532
474	314	313
496	335	336
623	318	478
375	205	204
1530	501	1512
400	233	232
550	399	398
403	239	238
404	239	403
525	373	372
526	374	373
425	264	263
425	426	264
539	388	387
358	185	512
391	392	224
388	221	220
495	334	335
478	318	317
1536	356	183
544	393	392
388	389	221
541	389	540
370	200	199
519	367	366
589	439	588
441	280	279
505	255	254
419	258	257
418	419	257
505	254	253
527	375	374
526	373	525
480	320	319
480	469	320
808	646	649
772	649	629
649	360	629
632	446	285
540	388	539
625	448	288
473	312	472
533	382	381
400	401	233
552	401	400
621	506	444
444	506	283
644	349	645
425	263	424
922	808	810
351	178	188
385	218	217
454	294	455
365	195	194
365	366	195
441	279	440
521	369	368
503	342	343
503	618	342
416	252	251
416	417	252
545	393	544
705	706	541
511	357	356
390	222	389
520	368	367
367	196	366
576	426	575
411	247	246
410	245	409
409	245	244
379	211	378
475	314	605
427	265	426
351	188	360
349	179	177
349	352	179
373	203	202
373	374	203
407	242	406
639	483	322
603	473	472
470	310	309
420	259	258
569	419	568
423	262	261
423	424	262
353	181	180
353	354	181
507	238	237
775	402	553
564	413	563
570	421	420
520	367	519
623	479	318
477	317	316
477	478	317
778	602	471
534	383	382
443	282	281
443	444	282
415	251	250
415	416	251
394	227	226
394	395	227
532	381	380
837	780	676
536	537	385
384	216	383
380	213	212
380	381	213
399	231	398
399	400	232
571	421	570
565	415	414
369	199	198
369	198	368
1530	1484	500
508	207	206
473	313	312
473	474	313
778	471	470
386	387	219
504	503	343
764	617	765
1498	472	602
701	537	536
637	467	307
551	400	399
456	295	296
456	296	447
747	591	590
586	437	436
413	249	248
413	414	249
1538	487	488
549	398	397
627	350	178
734	577	733
507	236	235
507	235	402
489	328	329
1487	491	612
407	243	242
406	242	241
467	306	307
660	459	622
27	337	336
804	695	997
462	302	463
662	661	628
715	556	555
555	404	554
439	278	277
439	277	438
531	532	380
638	493	334
508	376	208
531	379	530
421	260	259
421	259	420
582	433	432
433	271	432
367	197	196
367	368	197
490	329	330
490	489	329
491	330	331
491	331	492
626	449	289
585	436	435
720	560	719
561	562	411
508	206	205
508	205	375
177	15	350
427	428	266
785	624	350
626	289	450
428	267	266
428	429	267
475	315	314
475	476	315
1501	456	594
594	456	447
559	409	408
622	459	298
450	289	290
450	290	451
383	216	215
902	698	532
355	183	182
355	182	354
642	496	336
496	495	335
501	340	341
501	341	502
405	241	240
492	1507	491
448	287	288
448	445	287
464	303	304
464	304	465
1522	497	640
687	517	686
364	194	193
364	365	194
621	514	361
592	443	442
7	321	322
643	482	321
557	407	406
408	409	244
452	291	292
452	292	453
405	406	241
405	240	404
466	465	305
1499	754	600
393	226	225
393	225	392
628	460	300
460	457	299
493	333	334
493	494	333
390	223	222
390	391	223
437	276	275
437	275	436
384	217	216
384	385	217
459	308	298
459	468	308
504	343	344
504	344	494
412	248	247
412	247	411
371	201	200
371	200	370
359	187	186
359	186	358
985	670	830
522	370	369
505	253	417
855	723	854
446	286	285
446	447	286
574	425	424
575	426	425
442	281	280
442	280	441
633	470	309
433	272	271
433	434	272
549	550	398
600	464	465
766	1514	1522
498	337	338
577	427	576
807	647	646
505	256	255
505	418	256
466	305	306
466	306	467
712	549	548
631	353	180
357	185	184
357	512	185
1507	492	607
556	557	406
499	339	500
614	498	499
548	396	547
1489	464	600
430	269	268
430	268	429
1493	595	454
538	539	387
673	481	672
558	407	557
461	300	301
461	301	462
784	449	626
627	178	351
658	457	657
575	425	574
499	338	339
499	498	338
892	527	526
1484	787	615
728	572	571
559	408	558
514	362	361
621	361	506
643	321	481
639	322	482
509	354	353
711	547	546
1132	1136	1535
888	784	626
513	359	358
966	867	866
773	607	483
556	406	405
622	298	458
717	558	557
578	429	428
733	577	576
865	733	864
628	300	461
580	431	430
580	581	431
530	379	378
531	380	379
515	362	514
691	521	690
710	546	545
546	395	394
1501	597	456
704	540	539
744	588	587
588	439	438
607	492	483
612	491	1507
542	390	541
1500	512	357
576	427	426
578	579	429
595	453	454
796	1534	750
846	847	691
520	521	368
862	863	731
571	422	421
579	430	429
579	580	430
776	528	376
1510	617	502
1491	511	356
543	544	392
911	711	710
910	911	710
1485	1520	1538
1485	1538	488
555	405	404
555	556	405
516	517	364
517	365	364
640	497	337
640	337	498
529	378	377
529	377	528
1000	658	818
737	581	580
571	572	422
573	574	424
1493	454	596
796	770	1534
587	437	586
746	589	745
567	620	417
895	569	568
1510	502	618
1523	789	896
620	418	505
620	505	417
675	634	485
718	558	717
1035	953	1034
857	768	725
842	687	686
586	436	585
526	527	374
1504	787	616
522	369	521
524	372	371
569	420	419
568	620	567
608	486	487
779	486	608
700	536	535
535	384	383
657	460	661
624	349	177
529	530	378
789	529	528
771	509	353
1068	919	805
975	876	875
783	636	479
548	549	397
1494	463	599
655	450	451
656	451	630
902	532	531
696	530	529
1486	503	619
1486	618	503
542	391	390
708	544	543
516	364	363
593	621	444
702	537	701
656	655	451
748	591	747
689	690	520
902	531	697
635	477	316
697	531	530
676	638	677
534	535	383
534	382	533
869	738	737
632	285	445
769	476	606
1475	756	604
692	522	691
523	370	522
553	402	401
552	901	553
630	451	291
630	291	452
775	554	403
1509	610	490
1529	1481	683
1515	513	358
568	419	418
568	418	620
518	366	365
518	365	517
564	414	413
564	565	414
1488	604	473
700	701	536
547	396	395
547	395	546
599	463	464
1494	598	463
554	897	788
645	349	624
730	574	573
1509	490	611
1520	901	759
596	454	455
1490	455	597
560	409	559
561	411	410
1488	473	603
698	533	532
538	387	386
751	752	702
543	392	391
543	391	542
566	415	565
768	566	725
606	476	475
605	1483	1511
591	441	590
686	517	516
1024	937	938
669	635	769
782	466	467
1007	823	797
523	371	370
523	524	371
781	594	447
909	706	705
805	806	644
1135	1083	1003
821	659	660
637	307	468
584	435	434
584	585	435
602	472	471
1498	603	472
1529	683	707
355	1496	1536
545	394	393
545	546	394
718	719	559
718	559	558
788	893	554
1524	897	761
652	446	632
813	652	651
1517	482	643
773	483	639
617	501	502
1530	1512	616
887	625	784
785	350	627
510	1536	1496
682	708	543
615	1506	500
1506	614	499
642	336	497
692	523	522
593	444	443
593	443	592
515	363	362
515	516	363
798	712	754
782	601	466
536	385	384
536	384	535
776	508	375
776	376	508
572	423	422
573	423	572
629	360	187
629	187	359
679	496	642
831	668	669
1136	1084	1535
654	626	450
672	484	674
890	790	641
728	571	727
790	622	458
610	489	490
1531	1513	609
751	596	752
1490	596	455
619	503	504
1502	504	613
748	592	591
879	747	878
355	1508	1496
1508	1479	1496
560	410	409
560	561	410
885	713	550
714	552	551
775	507	402
775	403	507
577	428	427
577	578	428
695	526	525
997	695	694
856	724	855
724	565	564
868	736	867
657	457	460
792	548	547
1489	599	464
583	434	433
583	433	582
685	516	515
743	586	742
591	442	441
591	592	442
663	637	664
1499	601	754
566	416	415
566	567	416
587	438	437
587	588	438
589	440	439
589	590	440
727	571	570
954	852	851
604	474	473
1483	605	1495
726	570	569
725	565	724
981	796	750
656	630	770
661	460	628
919	806	805
983	885	712
836	779	802
709	545	544
710	711	546
690	521	520
742	586	585
767	593	592
894	515	514
707	543	542
794	810	772
1505	903	553
1505	786	609
871	739	870
807	646	808
673	643	481
1539	986	1525
1512	501	617
804	763	695
664	637	468
802	759	714
699	535	534
699	700	535
770	630	452
659	459	660
833	674	835
658	641	457
883	660	622
1529	542	706
706	542	541
806	648	644
771	353	631
675	674	634
933	824	825
885	550	549
881	801	773
745	589	588
945	842	841
1050	971	970
646	647	351
913	793	809
710	545	709
662	628	461
823	662	777
998	714	713
885	549	712
887	653	625
810	649	772
838	837	676
670	623	478
888	626	654
872	741	740
931	825	820
825	663	664
781	447	446
781	446	652
1508	509	680
707	682	543
651	632	445
651	652	632
667	778	470
907	701	700
667	470	633
817	770	796
793	680	509
809	648	806
749	703	597
703	704	539
901	714	759
901	552	714
1502	619	504
676	493	638
876	877	745
873	742	741
677	638	495
832	669	769
824	663	825
1474	1489	600
809	771	648
1496	681	510
1288	1167	1166
665	469	480
779	485	486
779	675	485
722	723	563
883	622	790
899	547	711
797	753	899
740	741	584
871	740	739
735	736	579
859	728	727
688	518	687
689	520	519
1475	1488	791
1483	1495	756
648	631	352
648	771	631
780	613	494
696	697	530
852	721	720
801	607	773
719	560	559
721	562	561
768	568	567
768	567	566
1154	908	1088
814	781	652
738	582	581
738	581	737
903	760	761
1505	760	903
739	583	582
739	582	738
1065	849	989
716	556	715
776	375	527
904	776	527
741	585	584
741	742	585
678	496	679
839	677	678
1482	749	795
752	597	703
732	576	575
790	458	641
713	551	550
713	714	551
845	690	689
743	587	586
927	926	816
799	699	898
693	694	524
988	694	693
702	538	537
702	752	538
974	875	874
666	667	633
1524	788	897
897	554	775
731	575	574
890	641	658
1474	754	712
1474	600	754
1522	640	774
804	882	774
650	445	448
650	651	445
895	726	569
726	727	570
734	578	577
1003	785	889
663	467	637
663	782	467
774	640	498
774	498	614
705	541	540
705	540	704
995	697	696
1486	619	1519
791	534	533
898	699	534
653	448	625
653	650	448
934	827	826
826	665	671
723	564	563
723	724	564
1513	489	610
760	610	761
1504	904	527
1504	527	787
767	592	748
767	514	593
884	623	670
942	837	838
499	500	1506
892	615	787
777	462	598
1007	711	911
892	787	527
892	763	615
884	783	623
1066	988	848
838	676	677
1013	942	1027
644	352	349
644	648	352
682	510	681
682	681	708
740	584	583
740	583	739
982	709	708
894	685	515
685	686	516
1487	611	491
893	788	612
858	727	726
856	725	724
801	715	758
801	758	607
736	580	579
736	737	580
849	718	717
850	851	719
1493	596	751
1534	452	453
703	539	538
703	538	752
668	478	477
668	670	478
891	636	783
744	745	588
666	633	469
666	469	665
908	909	705
811	651	650
1500	357	511
684	1515	1481
863	732	731
732	575	731
770	452	1534
1417	1266	1290
893	612	758
893	555	554
729	573	572
730	573	729
659	468	459
659	664	468
746	590	589
746	747	590
996	716	715
986	673	834
729	572	728
862	731	730
777	461	462
777	662	461
678	495	496
678	677	495
1043	963	1042
1210	1101	1021
780	494	493
780	493	676
682	707	511
683	511	707
1539	1521	1517
1521	773	639
1087	915	981
1480	750	595
688	519	518
688	689	519
671	480	636
671	665	480
669	477	635
669	668	477
1083	991	886
864	733	732
646	351	360
646	360	649
722	563	562
722	562	721
730	731	574
805	644	645
904	764	765
1504	764	904
716	557	556
716	717	557
853	854	722
854	723	722
694	525	524
694	695	525
900	696	529
900	762	696
693	524	523
693	523	692
1495	604	756
1475	698	756
757	1511	1483
1483	756	698
720	561	560
720	721	561
772	359	513
772	629	359
846	691	690
744	587	743
842	686	841
876	744	875
841	686	685
1029	946	1082
735	579	578
735	578	734
829	778	667
906	700	699
903	761	897
1505	553	786
970	871	870
866	867	735
982	680	793
1149	1009	1093
803	696	762
803	780	837
866	735	734
864	732	863
810	808	649
914	810	794
802	608	759
802	779	608
969	870	869
923	811	812
867	736	735
1280	1220	1276
824	782	663
834	673	672
961	862	861
821	820	659
998	917	714
1225	1108	1035
1068	805	991
1070	812	992
880	767	748
878	747	746
861	729	860
1057	1000	1072
1152	1028	944
839	838	677
813	651	811
908	705	704
952	850	849
1077	984	883
818	658	657
928	818	819
892	526	695
892	695	763
900	529	789
1519	619	1502
814	652	813
1482	1088	704
894	514	767
880	841	685
828	829	667
827	666	665
1007	797	711
819	657	661
831	669	832
938	831	832
970	870	969
874	742	873
870	739	738
870	738	869
1208	1024	1097
847	692	691
924	811	923
924	813	811
993	654	815
972	873	872
886	645	624
886	624	785
895	568	768
857	858	726
844	688	843
875	744	743
860	729	728
859	860	728
944	839	840
840	839	678
917	836	802
835	674	675
1520	786	901
786	553	901
973	874	873
1003	886	785
820	664	659
820	825	664
881	996	801
879	748	747
879	880	748
804	774	614
804	614	763
1001	826	671
926	815	816
989	849	717
996	715	801
816	655	656
816	815	655
822	662	823
1479	708	681
817	656	770
817	816	656
997	694	988
848	692	847
1076	906	1008
906	907	700
800	769	606
800	606	757
799	755	602
799	898	755
797	899	711
797	598	753
1201	1158	1153
1000	890	658
851	720	719
851	852	720
1540	1152	1062
848	693	692
818	657	819
1116	1045	1044
898	534	791
898	791	755
1078	697	995
916	938	832
803	613	780
803	762	613
950	846	949
1250	1184	1249
896	904	765
896	789	528
826	827	665
1004	783	884
983	712	798
798	754	601
971	871	970
872	873	741
899	792	547
899	753	792
940	834	833
930	820	821
939	940	833
1527	1059	941
861	730	729
861	862	730
1055	976	975
1055	1056	976
993	888	654
1049	970	969
889	627	647
889	785	627
830	670	668
830	668	831
855	724	723
856	857	725
859	727	858
957	854	956
946	843	842
1157	1082	1056
794	513	684
794	772	513
843	688	687
843	687	842
797	777	598
797	823	777
874	743	742
874	875	743
836	675	779
836	835	675
798	601	782
798	782	824
799	602	778
799	778	829
853	722	721
853	721	852
958	859	858
1081	979	957
828	667	666
828	666	827
895	768	857
895	857	726
865	734	733
865	866	734
985	884	670
951	848	847
877	746	745
877	878	746
850	719	718
850	718	849
812	650	653
812	811	650
948	845	844
975	976	876
793	509	771
793	771	809
845	846	690
948	844	947
1042	963	962
955	853	852
949	846	845
1001	671	891
967	968	868
1085	1003	889
1006	858	857
1006	958	858
894	767	880
894	880	685
988	693	848
840	678	679
844	689	688
844	845	689
903	775	553
903	897	775
795	749	594
1430	1390	1389
833	672	674
833	834	672
1033	951	950
905	902	697
896	528	776
896	776	904
822	661	662
822	819	661
868	737	736
868	869	737
955	956	853
1077	883	1002
795	594	781
795	781	814
893	715	555
893	758	715
1067	985	830
1150	1080	1159
1086	982	913
932	822	823
1069	1132	993
1073	934	826
1481	1500	683
990	794	684
1211	1201	1153
1088	814	925
1139	926	1018
1084	1133	992
990	706	909
1016	924	923
965	966	866
1046	967	966
939	833	835
1002	883	790
1052	973	972
1056	1082	977
964	865	864
1072	818	928
714	917	802
931	820	930
948	949	845
976	877	876
1008	699	799
1008	799	829
1154	1088	925
1088	795	814
963	864	863
1072	1000	818
1067	830	937
1012	1024	938
963	863	962
962	863	862
1071	994	807
1070	923	812
968	869	868
968	969	869
1083	886	1003
961	962	862
916	832	800
999	698	902
931	933	825
1162	1025	1059
945	841	1005
977	877	976
959	960	860
1006	857	856
1026	940	939
1026	939	1025
920	913	809
929	822	932
1135	1003	1085
922	810	914
1226	1533	908
1119	1048	1047
994	647	807
994	889	647
943	942	838
1165	988	1066
927	816	817
1076	1008	936
920	806	919
920	809	806
1018	926	927
1087	701	907
913	982	793
1191	1128	1140
906	699	1008
1160	1236	1232
956	854	853
955	852	954
960	861	860
961	861	960
997	882	804
1062	944	840
918	803	837
1013	995	1526
1005	841	880
1005	880	879
981	702	701
1480	751	702
912	713	885
1059	1025	941
915	796	981
1087	981	701
945	946	842
1056	977	976
1112	1041	1040
979	856	855
1284	1092	1227
1525	986	1063
974	874	973
973	873	972
935	936	828
1147	935	1023
943	838	839
943	839	944
978	879	878
978	1005	879
915	817	796
915	927	817
918	696	803
995	696	918
1041	1042	962
1131	991	1083
929	819	822
929	928	819
945	1005	978
1082	946	945
1477	1012	1163
1078	995	1013
1020	929	932
910	710	709
947	844	843
947	843	946
980	800	757
980	916	800
965	865	964
965	866	865
977	878	877
977	978	878
1043	1044	964
1041	962	961
925	814	813
925	813	924
936	829	828
936	1008	829
991	805	645
991	645	886
1100	1020	1075
1009	913	920
983	824	933
983	798	824
1025	939	941
912	998	713
1043	964	963
1036	1037	955
1035	954	953
1038	957	956
1002	790	890
1002	890	1000
1027	943	1028
1028	943	944
1075	1020	932
1007	932	823
989	717	716
989	716	996
1009	1086	913
1111	1039	1156
971	872	871
971	972	872
992	653	887
992	812	653
950	847	846
950	951	847
984	660	883
984	821	660
1006	856	979
1006	979	958
941	835	836
941	939	835
1105	1029	1157
1058	1073	1001
959	860	859
959	859	958
1059	998	912
1022	931	1021
1066	848	951
1234	1478	1238
1079	885	983
1079	912	885
1514	766	987
987	840	679
937	830	831
937	831	938
1062	840	987
1089	882	997
935	828	827
935	827	934
1054	975	974
1478	1234	1097
967	868	867
967	867	966
1010	922	914
990	914	794
957	855	854
957	979	855
1163	916	980
1090	1074	905
1164	1065	989
1164	1061	1130
1004	891	783
1004	1001	891
1535	784	888
1535	888	993
1051	972	971
975	875	974
1051	1052	972
1030	948	947
953	851	850
953	850	952
1044	965	964
1045	966	965
1021	931	930
1036	955	954
921	807	808
921	808	922
1157	1056	1127
1341	1168	1224
1272	1129	1212
1232	1233	1096
1040	960	1039
1040	961	960
1034	953	952
1040	1041	961
1082	945	978
1082	978	977
1092	1284	912
1022	933	931
1027	942	943
1078	905	697
1208	1144	1024
1537	1091	1161
1085	889	994
1071	1134	994
1155	1096	1011
1023	935	934
1193	1130	1148
1141	930	1064
1081	958	979
1039	960	959
1102	1079	1022
1216	1148	1026
1132	1535	993
1188	1124	1187
1017	925	924
1060	990	909
1081	957	1038
1156	1039	1081
1060	914	990
1060	1010	914
1477	1478	1097
1209	1200	1159
1031	948	1030
1055	975	1054
1046	1047	967
1045	965	1044
1051	971	1050
1049	1050	970
1482	795	1088
1088	908	704
1014	920	919
1177	1114	1113
1074	902	905
1074	999	902
1012	938	916
1163	1012	916
1037	956	955
1037	1038	956
1526	942	1013
918	1526	995
1146	934	1073
1106	1031	1030
1096	1018	1011
1011	915	1087
1071	807	921
1142	923	1070
1073	826	1001
1053	973	1052
1086	709	982
1086	910	709
1065	952	849
1216	1026	1103
1053	974	973
1053	1054	974
1107	1032	1031
1032	950	949
1138	952	1065
1103	1025	1162
1081	959	958
1081	1039	959
1084	992	887
1535	887	784
1091	905	1078
1259	1200	1209
1098	1017	1016
1017	924	1016
1204	1145	1015
1057	1002	1000
1153	1077	1002
1278	1131	1195
1151	911	910
1162	1059	912
1103	1026	1025
1138	1034	952
1141	1021	930
1140	1072	928
1128	1057	1072
1182	1183	1119
1185	1122	1121
1035	1036	954
1109	1037	1036
1532	1062	987
1497	1165	1540
1046	966	1045
1219	1070	1133
1129	1146	1073
1126	1055	1054
1126	1127	1055
1127	1056	1055
1033	950	1032
1137	951	1033
1118	1046	1117
1202	1016	1142
1059	1527	998
917	998	1527
1180	1116	1179
1119	1047	1118
1063	834	940
1063	986	834
1048	969	968
1049	969	1048
1058	1001	1004
1200	1150	1159
1047	968	967
1047	1048	968
1015	921	922
1015	922	1010
1061	996	881
1521	1539	881
1031	949	948
1031	1032	949
1122	1051	1050
1139	1069	926
1029	947	946
1029	1030	947
1014	1009	920
1255	1191	1203
1161	1013	1027
1238	1537	1287
1113	1042	1041
1108	1036	1035
1117	1046	1045
1118	1047	1046
1202	1098	1016
1205	1139	1018
1128	1072	1140
1099	1019	1020
1115	1044	1043
1111	1040	1039
1089	766	882
1089	987	766
1011	927	915
1011	1018	927
1069	993	815
1069	815	926
1064	930	821
1064	821	984
1121	1049	1120
1120	1049	1048
1080	884	985
1080	1004	884
1019	928	929
1019	929	1020
1075	932	1007
1075	1007	911
1079	983	933
1079	933	1022
1156	1081	1038
1113	1114	1042
1146	1023	934
1192	1146	1129
1091	1090	905
1540	1199	1152
1296	1242	1262
1116	1044	1115
1196	1197	1136
1123	1051	1122
1278	1221	1131
1100	1099	1020
1114	1043	1042
1115	1043	1114
1148	940	1026
1148	1063	940
1336	1257	1196
1228	1094	1533
1124	1053	1052
1125	1054	1053
1084	887	1535
1376	1240	1308
1225	1035	1034
1108	1109	1036
1271	1260	1211
1153	1002	1057
1497	1089	997
1533	909	908
1228	1533	1170
1332	1281	1319
1197	1133	1136
1129	1073	1058
1189	1126	1125
1121	1050	1049
1121	1122	1050
1533	1060	909
1142	1016	923
1125	1053	1124
1107	1031	1106
1137	1066	951
1287	1199	1223
1154	925	1017
1289	1533	1226
1097	1024	1012
1537	1090	1091
1104	1027	1028
1161	1027	1104
1155	1087	907
1155	1011	1087
1093	1009	1014
1229	1100	1151
1207	1158	1201
1113	1041	1112
1140	928	1019
1229	1099	1100
1165	1497	988
1532	987	1089
1240	1172	1171
1212	1150	1200
1131	1068	991
1131	1083	1135
1159	985	1067
1159	1080	985
1149	910	1086
1149	1086	1009
1193	1194	1130
1222	1138	1065
1172	1107	1106
1126	1054	1125
1539	1525	1061
1130	1063	1148
1248	1182	1247
1178	1179	1115
1134	1085	994
1134	1135	1085
1151	1075	911
1151	1100	1075
1226	908	1154
1301	1248	1247
1167	1023	1166
1166	1023	1146
1176	1113	1112
1175	1176	1112
1144	1067	937
1144	937	1024
1160	907	906
1160	906	1076
1272	1192	1129
1373	1361	1323
1246	1180	1245
1116	1117	1045
1094	1010	1060
1110	1156	1038
1111	1112	1040
1382	1314	1271
1320	1191	1255
1133	1070	992
1133	1084	1136
1171	1106	1105
1189	1190	1126
1536	1491	356
1536	510	1491
1147	936	935
1147	1076	936
1152	944	1062
1223	1066	1137
1119	1120	1048
1228	1095	1094
1145	1071	921
1145	921	1015
1101	1022	1021
1210	1021	1141
1095	1015	1010
1095	1010	1094
1123	1052	1051
1123	1124	1052
1217	1152	1199
1092	912	1079
1102	1022	1101
1143	919	1068
1143	1014	919
1150	1058	1004
1150	1004	1080
1215	1127	1190
1184	1120	1183
1164	989	996
1164	996	1061
1166	1146	1192
1338	1280	1318
1092	1079	1102
1162	912	1284
1191	1140	1203
1149	1151	910
1178	1115	1114
1179	1116	1115
1327	1276	1204
1214	1156	1110
1158	1077	1153
1207	1141	1064
1158	984	1077
1158	1064	984
1183	1120	1119
1281	1142	1219
1105	1030	1029
1105	1106	1030
1110	1038	1037
1110	1037	1109
1260	1201	1211
1169	1225	1034
1276	1145	1204
1327	1204	1267
1163	980	999
1163	999	1074
1264	1216	1103
1227	1102	1101
1161	1078	1013
1161	1091	1078
1177	1113	1176
1377	1296	1241
1094	1060	1533
1249	1184	1183
1178	1114	1177
1275	1221	1278
1315	1261	1313
1207	1064	1158
1175	1112	1111
1340	1174	1241
1181	1118	1117
1251	1185	1250
1194	1065	1164
1194	1164	1130
1190	1127	1126
1188	1125	1124
1305	1251	1304
1270	1259	1209
1261	1207	1201
1193	1148	1216
1213	1147	1167
1167	1147	1023
1168	1137	1033
1224	1032	1107
1186	1122	1185
1187	1124	1123
1274	1227	1101
1286	1194	1193
1219	1142	1070
1204	1015	1095
1241	1174	1173
1328	1269	1315
1211	1057	1128
1211	1153	1057
1281	1202	1142
1276	1220	1145
1329	1289	1235
1198	1135	1134
1222	1065	1194
1286	1193	1216
1235	1098	1202
1335	1319	1277
1206	1093	1014
1206	1014	1143
1244	1179	1178
1365	1383	1338
1182	1119	1118
1182	1118	1181
1242	1177	1176
1261	1201	1260
1285	1151	1149
1292	1285	1231
1220	1134	1071
1220	1071	1145
1257	1197	1196
1205	1018	1096
1355	1306	1305
1196	1136	1132
1254	1188	1253
1188	1189	1125
1215	1157	1127
1215	1105	1157
1237	1288	1166
1236	1160	1213
1254	1263	1189
1384	1335	1257
1184	1121	1120
1184	1185	1121
1227	1092	1102
1380	1236	1288
1155	1160	1232
1266	1137	1168
1287	1104	1217
1214	1111	1156
1214	1175	1111
1218	1069	1139
1218	1132	1069
1503	1223	1266
1503	1293	1238
1298	1299	1245
1345	1346	1295
1223	1165	1066
1223	1199	1165
1169	1034	1138
1342	1169	1291
1378	1282	1325
1324	1206	1275
1203	1019	1099
1203	1140	1019
1268	1169	1138
1268	1138	1222
1274	1101	1210
1213	1160	1076
1213	1076	1147
1242	1243	1177
1285	1229	1151
1180	1117	1116
1180	1181	1117
1174	1110	1109
1174	1214	1110
1195	1131	1135
1195	1135	1198
1171	1105	1215
1171	1172	1106
1173	1109	1108
1173	1174	1109
1209	1159	1067
1209	1067	1144
1339	1190	1263
1253	1188	1187
1308	1240	1263
1281	1219	1277
1234	1208	1097
1287	1217	1199
1254	1189	1188
1396	1397	1355
1226	1017	1098
1226	1154	1017
1224	1033	1032
1224	1168	1033
1186	1123	1122
1186	1187	1123
1221	1068	1131
1221	1143	1068
1212	1058	1150
1212	1129	1058
1287	1537	1104
1537	1161	1104
1217	1104	1028
1217	1028	1152
1236	1343	1232
1237	1166	1192
1320	1271	1191
1309	1255	1265
1288	1213	1167
1236	1213	1288
1321	1192	1272
1372	1237	1321
1442	1455	1449
1262	1176	1175
1251	1186	1185
1263	1190	1189
1376	1325	1240
1273	1279	1218
1336	1196	1279
1294	1288	1237
1243	1178	1177
1243	1244	1178
1337	1268	1222
1313	1261	1260
1269	1207	1261
1328	1274	1210
1330	1227	1274
1264	1286	1216
1269	1210	1141
1269	1141	1207
1339	1215	1190
1339	1171	1215
1478	1090	1537
1266	1223	1137
1324	1230	1206
1297	1244	1243
1265	1099	1229
1309	1265	1331
1458	1412	1448
1250	1185	1184
1252	1187	1186
1252	1253	1187
1352	1353	1303
1289	1170	1533
1246	1181	1180
1300	1301	1247
1364	1324	1317
1291	1169	1268
1245	1180	1179
1245	1179	1244
1328	1210	1269
1286	1222	1194
1374	1324	1364
1292	1231	1230
1337	1222	1286
1264	1162	1284
1417	1293	1266
1359	1311	1312
1298	1245	1244
1295	1297	1243
1267	1095	1228
1267	1204	1095
1302	1249	1248
1391	1350	1349
1256	1195	1198
1299	1246	1245
1289	1226	1098
1289	1098	1235
1262	1242	1176
1296	1262	1241
1340	1241	1262
1340	1214	1174
1290	1168	1341
1528	1310	1272
1230	1093	1206
1231	1093	1230
1279	1196	1132
1279	1132	1218
1537	1238	1478
1233	1205	1096
1282	1107	1172
1282	1224	1107
1277	1133	1197
1277	1219	1133
1265	1203	1099
1265	1255	1203
1273	1139	1205
1273	1218	1139
1283	1108	1225
1283	1173	1108
1353	1304	1303
1361	1316	1323
1341	1224	1282
1322	1312	1270
1271	1211	1128
1271	1128	1191
1239	1228	1170
1239	1267	1228
1275	1206	1143
1275	1143	1221
1258	1212	1200
1258	1200	1259
1232	1096	1155
1155	907	1160
1247	1182	1181
1247	1181	1246
1308	1263	1254
1307	1308	1254
1270	1144	1208
1270	1209	1144
1251	1252	1186
1303	1304	1250
1231	1149	1093
1231	1285	1149
1305	1252	1251
1304	1251	1250
1290	1266	1168
1312	1259	1270
1383	1334	1256
1317	1275	1278
1248	1183	1182
1248	1249	1183
1333	1286	1264
1330	1284	1227
1280	1198	1134
1280	1134	1220
1306	1253	1252
1307	1253	1306
1421	1328	1369
1264	1103	1162
1315	1269	1261
1360	1315	1313
1305	1306	1252
1466	1438	1437
1321	1237	1192
1307	1254	1253
1329	1170	1289
1329	1239	1170
1331	1229	1285
1331	1265	1229
1372	1294	1237
1380	1343	1236
1343	1233	1232
1371	1239	1344
1383	1256	1338
1325	1172	1240
1325	1282	1172
1334	1278	1195
1334	1195	1256
1323	1205	1233
1323	1273	1205
1293	1322	1234
1293	1234	1238
1379	1326	1283
1331	1285	1292
1349	1300	1299
1318	1280	1276
1342	1225	1169
1342	1283	1225
1516	1258	1311
1424	1378	1325
1333	1337	1286
1333	1330	1337
1314	1260	1271
1381	1260	1314
1298	1244	1297
1317	1324	1275
1303	1250	1249
1302	1248	1301
1373	1233	1343
1373	1323	1233
1409	1290	1341
1503	1266	1293
1319	1281	1277
1370	1344	1329
1322	1208	1234
1322	1270	1208
1302	1303	1249
1318	1276	1327
1389	1348	1347
1317	1278	1334
1311	1258	1259
1311	1259	1312
1300	1247	1246
1300	1246	1299
1369	1268	1337
1369	1328	1315
1356	1357	1307
1394	1353	1352
1417	1290	1359
1293	1417	1322
1377	1241	1326
1295	1243	1242
1412	1370	1367
1348	1299	1298
1390	1391	1349
1347	1298	1297
1375	1382	1320
1345	1295	1296
1339	1240	1171
1339	1263	1240
1335	1197	1257
1335	1277	1197
1333	1264	1284
1333	1284	1330
1340	1175	1214
1340	1262	1175
1295	1242	1296
1402	1374	1364
1316	1273	1323
1362	1336	1316
1326	1241	1173
1326	1173	1283
1516	1310	1528
1310	1321	1272
1418	1342	1291
1381	1313	1260
1352	1303	1302
1354	1355	1305
1369	1291	1268
1360	1291	1369
1516	1311	1415
1357	1376	1308
1377	1345	1296
1379	1283	1342
1316	1279	1273
1316	1336	1279
1332	1235	1202
1332	1202	1281
1338	1256	1198
1338	1198	1280
1346	1297	1295
1382	1271	1320
1385	1341	1378
1415	1311	1359
1356	1306	1355
1368	1335	1384
1365	1338	1318
1350	1301	1300
1448	1367	1420
1351	1302	1301
1384	1257	1336
1384	1336	1362
1344	1239	1329
1351	1301	1350
1351	1352	1302
1393	1394	1352
1454	1400	1362
1357	1308	1307
1371	1366	1327
1392	1351	1350
1423	1318	1366
1426	1314	1382
1347	1297	1346
1349	1350	1300
1378	1341	1282
1356	1307	1306
1374	1358	1292
1407	1387	1345
1385	1409	1341
1424	1325	1376
1455	1386	1449
1407	1345	1377
1347	1348	1298
1348	1349	1299
1363	1317	1334
1363	1334	1383
1358	1331	1292
1358	1309	1331
1380	1288	1294
1397	1356	1355
1374	1292	1230
1374	1230	1324
1451	1406	1445
1406	1294	1372
1366	1318	1327
1423	1365	1318
1427	1429	1388
1387	1346	1345
1375	1320	1255
1375	1255	1309
1410	1313	1381
1360	1369	1315
1368	1319	1335
1404	1368	1384
1435	1436	1395
1437	1397	1396
1390	1349	1348
1401	1363	1383
1425	1326	1379
1425	1407	1377
1371	1267	1239
1371	1327	1267
1421	1330	1274
1421	1274	1328
1393	1352	1351
1434	1394	1393
1408	1357	1398
1445	1406	1372
1354	1305	1304
1354	1304	1353
1393	1351	1392
1459	1409	1385
1402	1358	1374
1388	1347	1346
1370	1329	1235
1370	1235	1332
1418	1291	1360
1386	1379	1342
1367	1332	1319
1367	1370	1332
1465	1439	1438
1395	1396	1354
1399	1361	1373
1398	1357	1356
1391	1392	1350
1388	1389	1347
1442	1426	1405
1414	1405	1375
1386	1342	1418
1425	1377	1326
1432	1391	1431
1433	1392	1432
1422	1294	1406
1422	1343	1380
1398	1356	1397
1439	1408	1398
1445	1372	1413
1444	1454	1416
1465	1438	1466
1456	1378	1424
1518	1415	1459
1439	1456	1408
1455	1425	1379
1426	1381	1314
1410	1381	1426
1449	1386	1418
1422	1380	1294
1437	1396	1436
1413	1321	1310
1413	1372	1321
1436	1396	1395
1396	1355	1354
1405	1382	1375
1405	1426	1382
1492	1470	1427
1457	1358	1402
1420	1319	1368
1420	1367	1319
1412	1344	1370
1448	1412	1367
1452	1447	1419
1447	1364	1419
1410	1360	1313
1410	1418	1360
1409	1359	1290
1409	1415	1359
1388	1346	1387
1461	1447	1452
1416	1362	1316
1416	1316	1361
1453	1423	1446
1468	1432	1431
1430	1389	1429
1446	1366	1411
1403	1383	1365
1403	1401	1383
1417	1312	1322
1417	1359	1312
1455	1379	1386
1455	1407	1425
1411	1366	1371
1411	1371	1344
1419	1364	1317
1419	1317	1363
1414	1309	1358
1414	1375	1309
1422	1373	1343
1422	1399	1373
1390	1348	1389
1430	1431	1390
1400	1384	1362
1400	1404	1384
1441	1401	1403
1431	1391	1390
1421	1337	1330
1421	1369	1337
1464	1471	1448
1450	1448	1420
1408	1376	1357
1408	1424	1376
1395	1354	1353
1395	1353	1394
1447	1402	1364
1429	1389	1388
1456	1385	1378
1459	1415	1409
1463	1453	1446
1440	1404	1400
1442	1449	1426
1427	1388	1387
1468	1463	1432
1464	1450	1469
1446	1423	1366
1432	1392	1391
1444	1399	1451
1466	1444	1451
1472	1465	1445
1456	1424	1408
1467	1411	1458
1471	1458	1448
1422	1406	1399
1451	1399	1406
1449	1418	1410
1449	1410	1426
1428	1407	1455
1467	1471	1460
1441	1431	1430
1461	1430	1429
1452	1363	1401
1452	1419	1363
1442	1428	1455
1443	1405	1414
1435	1395	1394
1435	1394	1434
1457	1402	1447
1470	1447	1461
1469	1440	1435
1435	1440	1436
1454	1362	1416
1473	1437	1436
1516	1528	1258
1459	1385	1456
1458	1344	1412
1458	1411	1344
1457	1443	1414
1457	1414	1358
1450	1368	1404
1450	1420	1368
1438	1397	1437
1472	1459	1456
1467	1446	1411
1471	1434	1433
1428	1387	1407
1428	1427	1387
1453	1365	1423
1453	1403	1365
1433	1393	1392
1433	1434	1393
1472	1456	1439
1472	1439	1465
1470	1457	1447
1476	1461	1452
1492	1443	1470
1470	1443	1457
1442	1405	1443
1492	1427	1428
1469	1435	1434
1464	1448	1450
1438	1398	1397
1438	1439	1398
1462	1444	1466
1454	1473	1400
1444	1361	1399
1444	1416	1361
1462	1466	1437
1462	1454	1444
1469	1404	1440
1469	1450	1404
1463	1460	1432
1467	1458	1471
1476	1430	1461
1476	1441	1430
1460	1433	1432
1460	1471	1433
1465	1451	1445
1465	1466	1451
1473	1436	1440
1473	1462	1437
1470	1429	1427
1470	1461	1429
1468	1431	1441
1468	1453	1463
1464	1469	1434
1464	1434	1471
1467	1460	1463
1467	1463	1446
1472	1445	1413
1472	1413	1459
1468	1403	1453
1468	1441	1403
1473	1440	1400
1473	1454	1462
512	1481	1515
1515	684	513
1474	792	1489
1489	792	599
1474	712	548
1474	548	792
1485	609	786
1505	609	760
1525	1063	1130
1525	1130	1061
1492	1428	1442
1492	1442	1443
1488	603	791
1475	604	1488
1528	1272	1212
1528	1212	1258
1512	617	764
1512	764	616
482	1517	1521
1521	881	773
1487	612	788
1524	761	1509
1513	610	760
1513	760	609
1524	611	1487
1524	1487	788
1495	605	474
1495	474	604
1501	594	749
1501	749	597
1517	643	673
1517	986	1539
1500	511	683
1481	512	1500
1519	762	900
1519	900	789
1480	702	981
1480	981	750
1538	759	608
1531	609	1485
1482	704	703
1482	703	749
1529	706	990
1529	707	542
1508	354	509
1508	680	1479
1532	1497	1540
1532	1540	1062
1497	997	988
1476	1452	1401
1476	1401	1441
1503	1287	1223
1503	1238	1287
1490	597	752
1490	752	596
1493	751	1480
1493	1480	595
1506	615	763
1506	763	614
1479	680	982
1479	982	708
1520	759	1538
1538	608	487
1502	613	762
1502	762	1519
1477	1090	1478
1477	1097	1012
1527	836	917
1527	941	836
1518	1413	1310
1518	1459	1413
1530	616	1484
1484	615	500
1498	602	755
1498	755	603
1477	1074	1090
1477	1163	1074
1483	698	999
1483	999	757
1507	607	758
1507	758	612
1494	599	753
1494	753	598
1485	786	1520
1523	765	1510
1486	1519	789
1522	774	882
1522	882	766
1491	510	682
1491	682	511
1496	1479	681
1511	475	605
1511	606	475
1504	616	764
1484	616	787
1514	679	642
1514	642	497
1509	611	1524
1509	761	610
1510	618	1523
1510	765	617
1516	1415	1518
1516	1518	1310
1486	789	1523
1486	1523	618
1534	453	595
1534	595	750
1475	791	533
1475	533	698
1526	837	942
1526	918	837
1499	600	465
1499	465	601
1529	990	684
1529	684	1481
1530	500	340
1530	340	501
1531	488	328
1531	328	489
1539	1061	881
1532	1089	1497
1199	1540	1165
