BCnode   BCtype
228  4
outBCNode	outBCNum
2   1 
12   1 
15   1 
29   1 
33   1 
138   1 
142   1 
146   1 
162   1 
165   1 
170   1 
173   1 
3523   1 
3525   1 
3532   1 
3533   1 
3535   1 
3542   1 
3544   1 
3591   1 
3593   1 
3595   1 
3601   1 
3602   1 
3605   1 
6   2 
8   2 
63   2 
67   2 
71   2 
75   2 
79   2 
83   2 
87   2 
91   2 
3526   2 
3527   2 
3529   2 
3531   2 
3558   2 
3560   2 
3562   2 
3564   2 
3566   2 
3568   2 
3570   2 
3   3 
5   3 
9   3 
11   3 
22   3 
26   3 
38   3 
42   3 
46   3 
50   3 
54   3 
58   3 
98   3 
102   3 
111   3 
115   3 
119   3 
123   3 
127   3 
131   3 
3524   3 
3528   3 
3530   3 
3534   3 
3539   3 
3541   3 
3547   3 
3549   3 
3551   3 
3553   3 
3555   3 
3574   3 
3576   3 
3579   3 
3581   3 
3583   3 
3585   3 
3587   3 
1080   4 
1084   4 
1085   4 
1092   4 
1103   4 
1114   4 
1124   4 
1161   4 
1185   4 
1226   4 
1235   4 
1239   4 
3915   4 
3916   4 
3918   4 
3919   4 
3921   4 
3925   4 
3929   4 
3932   4 
3945   4 
3953   4 
3968   4 
3971   4 
1640   4 
1642   4 
1646   4 
1652   4 
1665   4 
1674   4 
1677   4 
1693   4 
1697   4 
1739   4 
1772   4 
1802   4 
4103   4 
4104   4 
4105   4 
4107   4 
4109   4 
4114   4 
4117   4 
4118   4 
4124   4 
4126   4 
4140   4 
4151   4 
2206   4 
2208   4 
2211   4 
2215   4 
2221   4 
2229   4 
2235   4 
2241   4 
2251   4 
2255   4 
2291   4 
2301   4 
4294   4 
4295   4 
4296   4 
4297   4 
4299   4 
4301   4 
4304   4 
4306   4 
4308   4 
4312   4 
4314   4 
4326   4 
3227   4 
3231   4 
3233   4 
3237   4 
3242   4 
3250   4 
3336   4 
3346   4 
3452   4 
3484   4 
3502   4 
3520   4 
4637   4 
4638   4 
4640   4 
4641   4 
4642   4 
4644   4 
4647   4 
4674   4 
4678   4 
4709   4 
4719   4 
4725   4 
3029   4 
3033   4 
3039   4 
3055   4 
3062   4 
3070   4 
3073   4 
3095   4 
3118   4 
3171   4 
3190   4 
3213   4 
4569   4 
4570   4 
4572   4 
4574   4 
4580   4 
4582   4 
4585   4 
4586   4 
4594   4 
4602   4 
4619   4 
4626   4 
2731   4 
2732   4 
2737   4 
2739   4 
2742   4 
2749   4 
2754   4 
2760   4 
2768   4 
2798   4 
2811   4 
2815   4 
4470   4 
4471   4 
4472   4 
4473   4 
4474   4 
4475   4 
4478   4 
4480   4 
4482   4 
4485   4 
4495   4 
4500   4 
