2.51806   0.89547 
0.99999   0.89547 
1.51807   0.00000 
0.99999   2.30716 
0.00000   1.41169 
17.99410   1.99987 
17.99410   0.00000 
20.00000   1.99987 
17.99480   17.99950 
20.00000   17.99950 
17.99480   20.00000 
1.01373   17.68750 
1.01373   19.09870 
0.00000   18.58880 
2.53238   19.09870 
1.51865   20.00000 
0.76950   15.55660 
0.76950   16.67010 
0.00000   16.06420 
1.78323   17.17990 
1.76192   2.81814 
0.76193   3.33435 
0.76193   4.44773 
0.00000   3.93676 
5.21334   0.77735 
3.78502   0.77735 
4.46446   0.00000 
3.26694   1.67283 
3.96883   2.32747 
2.70186   2.44559 
2.46381   3.47278 
3.31163   18.29620 
3.81655   19.19750 
5.24484   19.19750 
4.46559   20.00000 
2.50713   16.51720 
2.75137   17.53470 
4.03554   17.63350 
0.66751   13.68120 
0.66751   14.59640 
0.00000   14.03550 
1.43701   15.20230 
2.07257   14.81290 
2.17456   15.77310 
3.14269   16.12780 
1.43205   4.81282 
0.67012   5.41522 
0.67012   6.33035 
0.00000   5.96527 
3.10104   3.87104 
2.16110   4.24359 
2.06929   5.21108 
0.49209   12.03070 
0.49209   12.83160 
0.00000   12.31940 
1.15960   13.39250 
1.16520   6.63392 
0.49508   7.18396 
0.49508   7.98486 
0.00000   7.68129 
0.46922   10.58840 
0.46922   11.34750 
0.00000   10.75940 
0.96131   11.85970 
0.96536   8.17831 
0.47028   8.67564 
0.47028   9.43471 
0.00000   9.24125 
0.99488   9.44849 
0.52460   10.01410 
0.99382   10.60220 
1.49987   12.86400 
1.67530   13.71360 
2.30138   13.69180 
1.96111   14.22040 
2.69865   14.79110 
2.70310   5.25129 
1.97405   5.82052 
2.31730   6.36289 
1.68349   6.32268 
1.50845   7.17629 
1.39553   11.55450 
1.41839   12.23770 
1.93409   12.55880 
1.41591   10.35590 
1.36054   10.93010 
1.81762   11.30820 
1.94205   7.50678 
1.42376   7.81802 
1.39896   8.50881 
1.82177   8.78580 
1.36338   9.14609 
1.41769   9.72549 
1.78441   10.05350 
8.09105   0.93976 
6.62176   0.93976 
7.36207   0.00000 
5.94232   1.71712 
6.38202   2.44012 
4.97360   2.27771 
4.40853   3.05047 
4.88478   3.63398 
3.88001   3.68374 
3.57730   4.45455 
4.05712   4.90997 
3.27815   5.09727 
3.18292   5.70671 
5.99782   18.22080 
6.64686   19.02330 
8.11617   19.02330 
7.36319   20.00000 
4.53900   16.86520 
5.09926   17.62670 
6.50128   17.45250 
3.62185   15.54220 
3.95443   16.28640 
5.01816   16.27960 
3.15248   14.38680 
3.26394   14.97940 
4.07568   15.13790 
11.35190   1.18681 
9.70738   1.18681 
10.47590   0.00000 
8.96708   2.12658 
14.93070   1.43955 
12.99680   1.43955 
14.05430   0.00000 
12.22830   2.62637 
18.45470   4.30189 
16.44880   2.30202 
15.39130   3.74157 
18.45470   6.30175 
20.00000   5.99960 
9.06002   17.82850 
9.77635   18.80520 
11.42090   18.80520 
10.47710   20.00000 
12.36470   17.26850 
13.06550   18.46330 
14.99940   18.46330 
14.05560   20.00000 
15.53520   15.96860 
16.52540   17.50530 
18.53060   15.50480 
18.53060   13.50490 
20.00000   13.99910 
9.66090   3.00542 
8.04457   2.75837 
7.87923   3.54027 
7.18541   2.66142 
6.21669   3.22201 
6.47350   3.88973 
5.67012   3.66843 
5.14160   4.30170 
5.45893   4.83060 
4.67359   4.79615 
4.37445   5.43886 
6.51215   16.48680 
7.41070   17.08090 
8.22314   16.30910 
8.21227   17.27470 
9.87245   17.05660 
5.22300   15.56730 
5.80757   16.14610 
6.71699   15.77450 
4.35341   14.59840 
4.71132   15.16130 
5.50073   15.02780 
13.11720   3.91063 
11.47230   3.65789 
11.37880   4.72393 
10.49000   3.43967 
9.56745   4.07146 
15.76870   5.43931 
14.25060   4.57684 
13.49460   5.60837 
18.40040   7.98205 
16.85510   6.28434 
15.71440   7.11961 
18.63910   11.54340 
18.63910   9.54358 
20.00000   9.99933 
17.03940   9.52617 
17.16970   13.04910 
14.42720   15.11430 
15.95310   14.15620 
16.06160   12.19480 
11.61210   16.26160 
13.25670   15.91980 
13.67450   14.10740 
9.77969   16.00770 
10.62740   16.56140 
11.51930   15.21270 
14.69470   11.59710 
15.91130   10.49000 
15.67260   8.92844 
14.58620   8.08341 
13.66030   8.77883 
13.70210   6.97000 
12.56870   6.30379 
11.88010   7.00226 
11.67260   5.64062 
10.69030   5.42240 
12.65630   13.60430 
13.82680   12.79880 
13.67650   11.09390 
12.53700   11.16360 
13.40500   9.96193 
12.52090   8.84852 
10.76410   14.60420 
11.74880   14.30440 
11.90100   12.99580 
11.68360   9.18173 
11.93890   7.99864 
11.04280   7.33547 
11.01890   12.74230 
11.92640   12.04220 
11.65490   10.91020 
10.81380   10.93560 
11.42440   10.05700 
10.84240   9.20716 
10.01530   5.93640 
9.72155   5.01971 
8.89249   4.58546 
8.27204   5.13262 
8.11794   4.18438 
7.25878   4.08743 
6.71221   4.53385 
10.43050   7.77895 
10.37170   6.78256 
9.40294   6.37987 
10.15530   9.41147 
10.41450   8.53616 
9.74331   7.98326 
9.03581   15.59550 
9.79079   15.10030 
10.02020   14.19210 
8.23424   15.40170 
6.69280   15.05290 
7.39738   15.39360 
8.21005   14.68010 
9.32057   13.81830 
10.29390   13.32220 
10.31930   12.36860 
7.79496   14.07880 
8.63182   14.08690 
8.90548   13.21710 
5.56345   14.42870 
6.07514   14.83470 
6.75553   14.45380 
6.60055   13.94890 
7.21821   14.16710 
7.63998   13.57400 
9.60874   12.18050 
10.33380   11.60060 
10.10320   10.74750 
9.44790   10.73320 
9.92788   10.06820 
9.49993   9.39721 
8.36194   12.86210 
9.05069   12.59350 
9.06520   11.82550 
7.22405   13.16840 
7.80080   13.08010 
7.94601   12.45650 
8.51681   11.63380 
9.07486   11.22080 
8.89950   10.54160 
7.56057   12.15570 
8.12171   11.93770 
8.13137   11.33300 
6.15960   13.71440 
6.62229   13.42770 
6.78310   12.93390 
5.13633   14.13160 
5.71074   13.93850 
5.73248   13.41730 
4.00966   14.18740 
4.64530   14.21070 
4.79258   13.72060 
2.90112   13.82750 
3.46641   14.01580 
3.75830   13.62810 
2.61531   13.32070 
2.24924   12.28930 
2.33072   12.91560 
2.93045   13.05130 
6.37952   12.83290 
6.98127   12.57360 
6.78734   12.20290 
7.19092   12.30390 
7.36663   11.78500 
2.07522   11.00790 
2.11022   11.63220 
2.56049   11.64190 
2.30288   11.94220 
2.69951   12.29900 
3.11053   12.22510 
3.05689   12.57230 
3.34148   12.97740 
3.70843   12.78990 
3.58200   13.26890 
4.12525   13.44060 
4.30672   13.06470 
4.48302   13.42390 
4.97405   13.34480 
5.00904   12.95030 
5.31860   13.24700 
5.76747   13.02290 
5.64256   12.67720 
6.05644   12.84760 
6.25461   12.48730 
3.84962   12.48020 
4.09014   12.77160 
4.44791   12.75500 
4.52687   12.43360 
4.74345   12.72670 
5.08801   12.62890 
5.09040   12.33050 
5.35600   12.55410 
5.64496   12.37880 
6.09631   12.19950 
6.41939   12.18490 
6.62904   11.91520 
5.56400   12.14110 
5.85057   12.26420 
6.01535   11.96180 
2.04577   9.75559 
2.04399   10.38600 
2.43831   10.40610 
2.17694   10.70390 
2.46954   11.02800 
2.11163   8.47517 
2.07605   9.11245 
2.47334   9.14031 
2.18348   9.45094 
2.44306   9.78344 
2.82729   11.02250 
2.72556   11.32640 
2.91823   11.63630 
3.22536   11.59130 
3.06028   11.90670 
3.41766   12.18000 
3.64821   11.91720 
3.69846   12.23560 
4.08017   12.21730 
4.21445   11.94840 
4.36561   12.19300 
4.66115   12.16470 
4.74099   11.93960 
4.90226   12.18020 
5.17025   12.10540 
5.19595   11.86030 
5.38410   12.01060 
5.58971   11.89600 
3.51053   6.10074 
2.93547   6.25477 
2.64491   6.75692 
2.94301   7.04807 
2.32484   7.15619 
2.24015   7.79792 
2.70034   7.80593 
2.31755   8.15652 
2.57182   8.48317 
4.73157   5.88219 
4.11509   5.99601 
3.86765   6.54406 
3.31095   7.11426 
2.99087   7.51353 
3.06827   7.87212 
4.20166   6.78492 
3.59710   6.88966 
3.64496   7.35512 
2.90211   8.51024 
2.69619   8.82889 
2.80363   9.16738 
3.40631   7.90625 
3.11577   8.19864 
3.24014   8.54436 
3.99596   7.47643 
3.70981   7.70104 
3.75731   8.02756 
4.53164   6.84907 
4.26108   7.19466 
4.32594   7.54058 
3.39723   11.39940 
3.53928   11.66980 
3.82008   11.72530 
3.92757   11.52360 
4.03650   11.77100 
4.32194   11.74670 
2.85569   10.73740 
3.11171   11.03580 
3.34935   10.89430 
3.32095   11.17930 
3.63488   11.25790 
2.65011   10.13490 
2.78307   10.45290 
3.06749   10.46620 
2.78783   9.83023 
3.09098   9.21194 
2.86813   9.52336 
3.07518   9.87480 
5.24070   5.71606 
4.98135   6.27320 
5.38925   6.48699 
4.88012   6.65312 
4.93954   7.06286 
6.12755   4.90769 
5.65955   5.40214 
5.90933   5.79315 
6.91283   5.10539 
8.24281   5.80382 
7.46826   5.40274 
6.88360   5.77658 
9.13129   6.98309 
8.77494   6.13692 
7.97116   6.40704 
9.19915   8.29855 
9.21513   7.54134 
8.58713   7.29839 
8.93628   9.52772 
9.16367   8.87098 
8.63550   8.42906 
8.37465   10.51160 
8.74769   10.02400 
8.41143   9.49774 
6.88243   6.35111 
6.32700   6.05375 
5.90816   6.36767 
5.80692   6.74760 
7.99545   6.99324 
7.46332   6.66015 
6.90672   6.93732 
8.07929   7.55150 
8.19768   8.64973 
8.23316   8.07730 
7.64147   7.77216 
7.96202   9.59830 
8.15061   9.10205 
7.74827   8.75029 
7.40783   8.13001 
7.25396   7.60421 
6.80791   7.68149 
7.04156   7.32364 
6.46067   7.01460 
6.22858   7.38244 
6.09374   6.99611 
5.57483   7.11543 
5.52888   7.44256 
5.24207   7.19404 
4.89359   7.38999 
7.41310   8.94922 
7.46017   8.49690 
7.07266   8.32895 
4.94521   7.66571 
4.64268   7.53453 
4.37756   7.81630 
7.69288   11.17730 
8.08798   10.87350 
7.93617   10.35590 
7.51901   10.33490 
7.80568   9.97300 
7.54486   9.57732 
7.05322   11.56940 
7.42287   11.42120 
7.37948   10.96170 
6.44492   11.69990 
6.81287   11.71790 
6.86911   11.35420 
7.18692   9.63840 
7.34326   9.26369 
7.05517   9.01031 
7.01602   10.87360 
7.28604   10.62960 
7.15555   10.24670 
6.58189   11.26860 
6.82225   11.12010 
6.72881   10.78800 
6.85046   10.20610 
7.08342   9.91138 
6.88182   9.59775 
6.46996   10.83020 
6.66373   10.58370 
6.45778   10.42930 
6.71664   10.38700 
6.64451   10.05170 
6.20571   11.62530 
6.38954   11.42810 
6.34269   11.19400 
5.79602   11.82010 
6.04176   11.75540 
5.98639   11.48360 
5.61612   11.68960 
6.10675   11.15590 
6.29910   10.99630 
6.23402   10.79210 
5.78131   11.41700 
5.94526   11.28690 
5.90167   11.08920 
5.47121   11.59920 
5.67752   11.52330 
5.63639   11.32650 
6.62168   7.96188 
6.40928   7.68131 
6.04234   7.66283 
6.87423   8.54656 
6.82188   8.17967 
6.42325   8.17950 
6.74527   9.12092 
6.81511   8.80645 
6.56434   8.65718 
5.92360   7.92783 
5.74290   7.62895 
5.41014   7.70756 
5.39718   7.95962 
5.18316   7.77322 
4.93225   7.91777 
6.62125   9.66409 
6.72475   9.39111 
6.48470   9.18725 
6.38147   10.04500 
6.51528   9.86403 
6.35821   9.65739 
6.32579   8.72047 
6.38491   8.46059 
6.18470   8.24279 
5.98938   8.39998 
6.02772   8.11889 
5.72828   8.08502 
5.64975   8.30934 
5.54563   8.11828 
5.31865   8.18394 
6.33116   9.32240 
6.35168   9.05220 
6.11259   9.03898 
6.26613   8.90384 
6.08670   8.70725 
6.13318   9.67175 
6.23914   9.47181 
6.10612   9.33676 
5.91127   8.59872 
5.75429   8.47482 
5.57164   8.50808 
5.85161   8.78208 
5.94544   9.33459 
6.03746   9.18518 
5.95191   9.03681 
5.80286   9.07399 
5.87798   8.92779 
5.70256   8.81926 
4.32043   11.56250 
4.49838   11.73990 
4.64639   11.57990 
4.64790   11.76410 
4.88900   11.77960 
4.94140   11.61800 
5.03450   11.79360 
5.24835   11.69870 
5.17759   11.53450 
5.33905   11.60120 
5.40045   11.43490 
5.32670   11.29780 
5.45886   11.29570 
5.56265   11.18940 
5.46477   11.08800 
5.64230   11.11880 
5.65049   10.98840 
5.74837   11.08980 
5.90986   10.95880 
5.77739   10.85330 
5.93069   10.85260 
5.92814   10.68850 
6.06060   10.79400 
6.23146   10.62790 
6.08482   10.47260 
6.25823   10.47070 
6.31113   10.27400 
6.18191   10.08630 
5.54797   10.92240 
5.65404   10.89350 
5.67488   10.78730 
5.80282   10.62720 
5.93273   10.56850 
5.95949   10.41130 
5.56731   10.73310 
5.69066   10.69290 
5.69525   10.57300 
5.79221   10.38390 
5.94429   10.28790 
5.86559   10.15340 
6.03288   10.18080 
6.10321   9.95182 
5.92062   9.92120 
6.06966   9.82669 
5.95059   9.64112 
5.82330   9.69524 
5.88682   9.54030 
5.73843   9.48893 
5.86572   9.43481 
5.79705   9.28322 
5.36786   11.03410 
5.44752   10.96350 
5.45106   10.86860 
5.58147   10.53680 
5.69363   10.47100 
5.67843   10.34760 
5.22469   11.33300 
5.28311   11.19390 
5.19303   11.13650 
5.29504   11.10120 
5.27778   10.97670 
5.03439   11.48550 
5.12508   11.38800 
5.08149   11.28410 
4.88889   11.47160 
4.59623   11.43290 
4.74575   11.45710 
4.83874   11.32460 
5.65252   9.28059 
5.73224   9.18037 
5.65832   9.07135 
5.53389   9.05309 
5.60450   8.94671 
5.57813   8.80100 
5.41528   8.79530 
5.51333   8.66785 
5.40880   8.50238 
5.24718   8.53707 
5.30549   8.37729 
5.15704   8.21863 
4.97779   8.30794 
4.99096   8.11459 
4.75301   8.00707 
4.60088   8.19816 
4.54217   8.00134 
4.22543   8.00739 
4.17160   8.28078 
4.00700   8.09573 
3.70349   8.30095 
3.77332   8.56019 
3.52364   8.49201 
3.30998   8.80361 
3.50698   8.96158 
3.22348   9.01392 
3.28798   9.36991 
3.80576   11.09050 
3.88204   11.31060 
4.09845   11.35630 
4.20281   11.22420 
4.24834   11.43710 
4.42478   11.43040 
4.52414   11.30760 
5.37261   10.81820 
5.47307   10.77720 
5.48886   10.68280 
5.41800   10.63640 
5.51223   10.59240 
5.51061   10.49040 
5.19929   10.97450 
5.27211   10.90740 
5.22902   10.85100 
5.30751   10.85330 
5.32952   10.76190 
5.71458   10.13310 
5.80317   10.02610 
5.76961   9.90094 
5.56200   10.33620 
5.66058   10.24910 
5.59815   10.12170 
5.63014   9.88186 
5.74760   9.77698 
5.68383   9.67616 
5.57224   9.64823 
5.64794   9.56649 
5.62684   9.46100 
5.52879   9.44942 
5.61928   9.37186 
5.55447   9.26901 
5.41287   10.46970 
5.48211   10.41400 
5.46426   10.31550 
5.26743   10.74370 
5.33253   10.70860 
5.30499   10.65240 
5.36709   10.67060 
5.39046   10.58020 
5.32187   10.56340 
5.37278   10.52930 
5.34428   10.45290 
4.78179   11.23010 
4.92493   11.24460 
4.95569   11.13090 
5.01264   11.22540 
5.11224   11.17040 
5.12418   11.07780 
5.05576   11.03470 
5.13654   11.00080 
5.13088   10.93140 
4.43664   11.22350 
4.60808   11.22600 
4.60621   11.11270 
4.69371   11.19680 
4.77991   11.11680 
4.20012   11.07760 
4.35001   11.15850 
4.43395   11.07690 
4.90614   11.06680 
4.99385   11.04750 
5.00621   10.97060 
4.75541   11.04490 
4.84348   11.07820 
4.88164   10.99490 
4.45785   10.97660 
4.54448   11.04160 
4.63010   11.01240 
4.65003   10.92530 
4.71176   10.99650 
4.77533   10.95790 
4.80017   10.89480 
4.84382   10.94320 
4.90648   10.93170 
4.92177   10.86770 
4.95959   10.91930 
5.02151   10.90650 
5.03120   10.85440 
5.07782   10.90560 
5.14057   10.87930 
5.12634   10.83250 
5.17939   10.85830 
5.21479   10.80420 
5.17125   10.77160 
5.22088   10.76430 
5.22389   10.71110 
3.70602   10.93280 
3.95318   10.98550 
4.00830   10.82790 
4.10804   10.98570 
4.25524   10.92000 
3.35874   10.63630 
3.56799   10.77980 
3.71541   10.67480 
3.28613   10.35180 
3.32877   9.78871 
3.24847   10.09560 
3.53972   10.26570 
3.51548   9.36533 
3.38298   9.56334 
3.55627   9.78413 
4.30260   10.80900 
4.39468   10.90090 
4.50521   10.86560 
3.69191   10.11740 
3.72957   10.37360 
3.92770   10.38970 
3.77551   10.53800 
3.91354   10.69090 
4.06840   10.69110 
4.10793   10.57610 
4.20269   10.71310 
4.34214   10.69400 
3.74503   9.71256 
3.69082   9.93792 
3.88068   10.04580 
4.02945   10.28370 
4.07538   10.44810 
4.20968   10.47010 
4.04093   9.96047 
4.04202   10.13990 
4.18970   10.19840 
4.54926   10.78700 
4.61242   10.86260 
4.69408   10.84670 
4.72716   10.79370 
4.76476   10.85640 
4.83325   10.84180 
4.33531   10.60130 
4.43522   10.69720 
4.49456   10.63940 
4.50138   10.73220 
4.60859   10.72920 
4.28308   10.38920 
4.31563   10.51710 
4.40872   10.52040 
4.30433   10.13710 
4.29175   10.28080 
4.39771   10.32790 
4.47772   10.48390 
4.49740   10.56810 
4.56356   10.60300 
4.47416   10.28580 
4.46549   10.39420 
4.55417   10.44190 
4.62863   10.58750 
4.62579   10.65880 
4.67367   10.71370 
4.72031   10.68370 
4.70312   10.75410 
4.77380   10.76380 
4.85009   10.78890 
4.88550   10.82730 
4.93861   10.81490 
4.79284   10.72400 
4.81688   10.76370 
4.86912   10.74920 
4.93739   10.77290 
4.97366   10.81330 
5.00197   10.78420 
5.00319   10.82620 
5.05951   10.82530 
5.06316   10.77830 
5.09117   10.80650 
5.12999   10.78550 
5.13608   10.74560 
4.74548   10.65050 
4.77493   10.69090 
4.81801   10.69090 
4.62789   10.53500 
4.69013   10.59080 
4.73213   10.56140 
4.73287   10.61380 
4.78748   10.62110 
4.59917   10.39360 
4.61140   10.48340 
4.67290   10.48670 
4.99488   10.75210 
5.02441   10.76500 
5.05607   10.74620 
4.92832   10.74090 
4.96337   10.73940 
4.98581   10.72010 
4.86764   10.71580 
4.90085   10.74110 
4.92684   10.70760 
4.83624   10.66020 
4.85415   10.69330 
4.88588   10.68520 
4.90036   10.66290 
4.91386   10.68540 
4.94132   10.68530 
4.94917   10.65760 
4.96215   10.67970 
4.98134   10.67130 
4.97350   10.69900 
4.99634   10.67530 
4.98447   10.65800 
5.00500   10.71170 
4.93819   10.64660 
4.95758   10.64240 
5.02971   10.66950 
5.01471   10.67350 
5.01553   10.65800 
5.01105   10.68870 
5.02337   10.70990 
5.04819   10.69840 
5.04213   10.72130 
5.08088   10.73460 
5.04741   10.65930 
5.04712   10.67680 
5.06588   10.68820 
5.05839   10.64830 
5.04243   10.64240 
5.09119   10.69730 
5.10512   10.72210 
5.14638   10.70830 
5.09012   10.67570 
4.89071   10.64330 
4.91869   10.64350 
4.92854   10.62690 
4.92452   10.61190 
4.94204   10.61550 
4.82745   10.63400 
4.86359   10.63650 
4.88192   10.61700 
4.81483   10.59730 
4.87919   10.59470 
4.90631   10.60150 
4.92179   10.58950 
4.92581   10.57450 
4.94204   10.58450 
4.80497   10.56750 
4.84494   10.58050 
4.86933   10.56490 
4.72881   10.51410 
4.77154   10.53710 
4.80165   10.52020 
4.71231   10.46240 
4.85583   10.53940 
4.89008   10.55360 
4.89599   10.53430 
4.90949   10.55970 
4.93172   10.55520 
4.92983   10.53080 
4.94615   10.54560 
4.95713   10.53460 
4.95757   10.55760 
4.80611   10.48490 
4.83954   10.51540 
4.86029   10.50410 
5.15347   10.67140 
5.18443   10.69480 
5.23098   10.67420 
5.21871   10.62650 
5.25817   10.64270 
5.29272   10.60470 
5.27505   10.55370 
5.07712   10.65040 
5.10243   10.65950 
5.11401   10.63420 
5.12701   10.65950 
5.16505   10.64610 
5.07070   10.63210 
5.07472   10.61710 
5.05796   10.61550 
5.08539   10.59850 
5.10011   10.61560 
5.12469   10.61560 
5.06851   10.56950 
5.07253   10.58450 
5.05796   10.58450 
5.09792   10.58310 
5.15450   10.61180 
5.18096   10.62370 
5.20815   10.59220 
5.14059   10.59320 
5.10552   10.55870 
5.11839   10.57260 
5.14820   10.56880 
5.18142   10.55400 
5.21916   10.55680 
5.24831   10.51560 
5.15921   10.53340 
5.22331   10.46920 
5.27919   10.46620 
5.31928   10.40660 
4.88934   10.51030 
4.90875   10.51640 
4.92318   10.50680 
4.87305   10.48620 
4.96258   10.51450 
4.97544   10.52800 
4.99044   10.52390 
4.98447   10.54200 
4.92349   10.48060 
4.94457   10.49500 
4.96288   10.48840 
5.04901   10.54020 
5.05999   10.55120 
5.04242   10.55760 
5.07654   10.55070 
5.09701   10.54030 
5.12407   10.51970 
5.15729   10.50490 
5.14603   10.46500 
5.18118   10.47870 
5.21206   10.42930 
5.09508   10.51180 
4.69840   10.41280 
4.75431   10.44010 
4.77999   10.39860 
4.79390   10.44820 
4.83179   10.44340 
4.85510   10.41880 
4.86731   10.45540 
4.89636   10.46160 
4.91775   10.44980 
4.61053   10.33010 
4.66776   10.37160 
4.70976   10.34930 
4.50806   10.20350 
4.57584   10.26980 
4.64443   10.24780 
5.00334   10.50780 
5.01290   10.52380 
5.02790   10.52790 
5.01553   10.54200 
5.04691   10.52000 
5.04843   10.49470 
5.06954   10.50710 
5.09660   10.48650 
5.08415   10.44960 
5.10969   10.45440 
5.13358   10.42810 
4.96955   10.46300 
4.98756   10.48250 
5.01001   10.48240 
5.01809   10.45250 
5.03388   10.47770 
5.05651   10.46480 
5.06960   10.43260 
4.92159   10.41650 
4.94871   10.43550 
4.97339   10.42970 
4.98746   10.39590 
5.00830   10.42340 
5.03217   10.41870 
5.05981   10.40350 
4.73799   10.31100 
4.76863   10.35220 
4.80822   10.36030 
4.84170   10.33220 
4.85306   10.37870 
4.88859   10.39070 
4.91955   10.37640 
4.93018   10.33520 
4.96318   10.36100 
4.99809   10.35470 
4.84451   10.28370 
4.88935   10.30210 
4.93299   10.28670 
4.69055   10.19670 
4.72524   10.25700 
4.78411   10.25990 
4.83176   10.22980 
5.02360   10.32120 
5.04789   10.35610 
5.08531   10.37010 
5.12112   10.33680 
5.13304   10.38430 
5.16939   10.39490 
5.21152   10.38550 
4.95386   10.23920 
4.99468   10.27230 
5.04447   10.27370 
4.84222   10.17260 
4.90262   10.19640 
4.96431   10.18210 
5.21875   10.32290 
5.26142   10.35740 
5.32651   10.34400 
5.32492   10.26040 
5.38278   10.30960 
5.46267   10.23180 
5.39920   10.14800 
5.48069   10.15390 
5.53469   10.03800 
5.41719   9.97748 
5.53465   9.94534 
5.51264   9.82138 
5.41713   9.79451 
5.51262   9.73103 
5.47673   9.62136 
5.10981   10.27950 
5.15754   10.29370 
5.20744   10.26560 
5.08089   10.23060 
5.19894   10.18960 
5.26015   10.21880 
5.31642   10.18430 
5.33443   10.10640 
4.99864   10.12550 
5.04987   10.16830 
5.11521   10.17410 
5.16792   10.12720 
5.14325   10.04260 
5.22698   10.05810 
5.30976   10.02180 
5.30973   9.92915 
4.93618   10.07220 
5.02174   10.05840 
5.08080   9.98927 
4.76624   10.13830 
4.83710   10.10500 
4.86021   10.03790 
4.68543   10.12910 
5.22550   9.88241 
5.33292   9.83813 
5.33290   9.74778 
4.47940   10.11630 
4.58109   10.10030 
4.65678   10.04190 
4.37735   10.03390 
4.02678   9.81358 
4.18812   9.90769 
4.27873   9.81918 
4.29288   9.96608 
4.46796   9.94536 
3.79243   9.54547 
3.92698   9.69927 
4.07417   9.64649 
3.62346   9.17743 
3.71846   9.37087 
3.90041   9.35758 
3.70996   8.96712 
3.97026   8.57621 
3.79041   8.76728 
3.90690   8.98314 
4.33908   8.38338 
4.12065   8.47173 
4.13774   8.67882 
4.70728   8.34294 
4.49644   8.33720 
4.44548   8.52816 
5.01226   8.45107 
4.84618   8.34703 
4.74175   8.48607 
5.20457   8.68107 
5.10125   8.55598 
4.96965   8.59507 
5.36964   8.89755 
5.30485   8.76441 
5.15892   8.78332 
5.50180   9.15064 
5.44798   9.02600 
5.36766   9.07596 
5.39975   8.97841 
5.28932   8.94751 
5.45732   9.31569 
5.49056   9.22442 
5.40465   9.19733 
5.00167   9.93237 
5.12318   9.91653 
5.14637   9.82552 
4.77732   9.99008 
4.87641   9.95730 
4.91879   9.88456 
4.67298   9.96131 
4.49280   9.84778 
4.57727   9.91557 
4.69782   9.86374 
5.32962   9.23104 
5.34086   9.15727 
5.29263   9.10968 
5.45267   9.47850 
5.44511   9.38936 
5.38120   9.34478 
5.40058   9.63192 
5.46020   9.54912 
5.37651   9.48907 
5.26692   9.71312 
5.35113   9.66950 
5.33459   9.59726 
5.32176   9.36900 
5.33397   9.29533 
5.27018   9.25527 
5.07796   9.80341 
5.18028   9.76929 
5.14845   9.71210 
5.21686   9.73421 
5.23509   9.65593 
4.84698   9.84950 
4.97225   9.82457 
4.94989   9.75462 
5.02169   9.78968 
5.05560   9.73346 
4.68312   9.78677 
4.77882   9.83251 
4.83229   9.77253 
5.04177   9.68193 
5.09803   9.69566 
5.13462   9.66057 
5.27920   9.57346 
5.32865   9.53588 
5.32112   9.46526 
5.26636   9.46414 
5.31422   9.41733 
5.26699   9.36788 
5.18484   9.62251 
5.23489   9.60142 
5.22895   9.54004 
5.13442   9.60606 
4.82536   9.71228 
4.89352   9.72926 
4.94296   9.69437 
4.93453   9.64645 
4.99090   9.67181 
5.03333   9.63401 
5.18367   9.51558 
5.22797   9.48762 
5.22107   9.43969 
5.09400   9.60540 
5.14422   9.56733 
5.11669   9.53863 
5.15712   9.53930 
5.15615   9.48688 
5.01041   9.60017 
5.06128   9.61029 
5.07108   9.57156 
5.05409   9.54466 
5.08680   9.53977 
5.09970   9.51173 
5.08449   9.48521 
5.11438   9.48407 
5.14093   9.46036 
5.18588   9.41578 
5.22426   9.39230 
5.23180   9.34397 
5.12009   9.43687 
5.16185   9.43968 
5.16504   9.39229 
5.18867   9.32149 
5.23140   9.29708 
5.22705   9.23279 
5.13331   9.39294 
5.15735   9.36903 
5.13100   9.34479 
5.16272   9.34414 
5.16233   9.29725 
5.09638   9.43444 
5.11730   9.41376 
5.10960   9.39050 
5.06396   9.49070 
5.07864   9.46304 
5.07277   9.42066 
5.07557   9.44377 
5.07679   9.40567 
5.05796   9.41553 
5.05504   9.44927 
5.04406   9.46025 
5.04243   9.44242 
5.04290   9.47791 
5.02884   9.46962 
5.01384   9.47364 
5.01553   9.45796 
5.04874   9.50008 
5.02858   9.55179 
5.04430   9.52000 
5.02323   9.50721 
5.06809   9.37306 
5.07211   9.38806 
5.05796   9.38447 
5.08890   9.39372 
5.10491   9.37290 
5.08071   9.35628 
5.10141   9.35306 
5.10679   9.32817 
5.06458   9.35322 
5.05360   9.34224 
5.04242   9.35757 
4.97509   9.58453 
5.00303   9.56081 
4.99325   9.53615 
4.90010   9.62734 
4.94804   9.60478 
4.94066   9.56542 
4.76695   9.69919 
4.82818   9.65592 
4.80365   9.60794 
4.86206   9.62103 
4.87557   9.57936 
4.61834   9.73180 
4.69935   9.70058 
4.70217   9.64422 
4.40876   9.78629 
4.51808   9.75650 
4.53431   9.67031 
4.30400   9.72790 
4.12106   9.53104 
4.22086   9.64535 
4.35089   9.61245 
3.99227   9.24387 
4.06624   9.41848 
4.21292   9.41734 
4.04792   8.91957 
3.96746   9.11941 
4.13329   9.18031 
4.29585   8.73175 
4.14546   8.83623 
4.20603   8.97250 
4.56752   8.62457 
4.41016   8.67075 
4.41788   8.82816 
4.83170   8.60017 
4.69280   8.59608 
4.65748   8.73867 
4.92070   8.70508 
4.37411   9.52786 
4.45726   9.61041 
4.55752   9.58571 
4.28119   9.32869 
4.33601   9.44126 
4.44237   9.43921 
4.23245   9.10187 
4.25725   9.22634 
4.38034   9.25026 
4.32999   9.01853 
4.52777   8.89418 
4.41345   8.95518 
4.43987   9.08455 
4.74032   8.81352 
4.61504   8.84201 
4.61061   8.96903 
4.55580   9.51866 
4.63284   9.57856 
4.68585   9.52864 
4.68758   9.59569 
4.75518   9.59430 
4.78906   9.55941 
4.48905   9.37638 
4.52715   9.46297 
4.60247   9.45582 
4.46328   9.19099 
4.48721   9.29334 
4.57198   9.31710 
4.54675   9.12763 
4.68841   9.01376 
4.60114   9.06592 
4.62454   9.17236 
4.69959   9.17911 
4.64520   9.24082 
4.69599   9.29200 
4.62095   9.28525 
4.62278   9.36829 
4.70421   9.38774 
4.65525   9.41960 
4.68390   9.47528 
4.73863   9.49241 
4.77930   9.46521 
4.78126   9.51857 
4.82973   9.53221 
4.86111   9.50228 
4.86891   9.54312 
4.90696   9.54943 
4.93400   9.52918 
4.98216   8.79014 
4.84421   8.79524 
4.80178   8.89858 
5.17656   8.87632 
5.07628   8.79298 
4.99979   8.88314 
5.25077   9.03780 
5.22066   8.95694 
5.13801   8.96660 
5.22397   9.11910 
4.85444   8.95722 
4.75054   8.97550 
4.74107   9.07240 
5.17010   9.23070 
5.20888   9.18889 
5.16702   9.11701 
5.11872   9.29437 
5.14467   9.27172 
5.12650   9.22782 
5.08914   9.30264 
4.79937   9.10464 
4.73723   9.14289 
4.75788   9.21135 
5.10658   9.02178 
5.06248   8.94116 
4.96836   8.93832 
4.97609   9.00846 
4.91341   8.95043 
4.86218   9.02736 
5.11940   9.14221 
5.13449   9.07243 
5.05896   9.04699 
4.90148   9.07124 
4.84251   9.07803 
4.83867   9.14852 
5.08354   9.22495 
5.10897   9.18393 
5.07644   9.13934 
5.03793   9.10652 
5.01002   9.05588 
4.95507   9.06799 
4.93540   9.11866 
5.02750   9.14824 
5.06275   9.31752 
5.07469   9.28373 
5.04663   9.27048 
5.07301   9.25560 
5.05548   9.21171 
5.03915   9.32332 
5.00618   9.32551 
5.02118   9.32953 
5.01553   9.34204 
5.03034   9.30482 
5.00717   9.28980 
5.02513   9.28359 
5.02346   9.25546 
5.02021   9.22488 
5.03073   9.19423 
4.99222   9.16141 
4.99871   9.23799 
4.96523   9.19738 
4.96199   9.15139 
4.90840   9.15464 
4.90657   9.20914 
4.87998   9.17641 
4.83684   9.20302 
4.84939   9.25602 
4.80808   9.22813 
4.77043   9.26435 
4.79708   9.31514 
4.74689   9.29836 
4.72264   9.34279 
4.75510   9.39410 
4.79969   9.38184 
4.78126   9.42679 
4.82389   9.45295 
4.83714   9.31705 
4.81360   9.35106 
4.83975   9.38376 
4.88538   9.26879 
4.85662   9.29390 
4.87314   9.32982 
4.93951   9.22839 
4.91109   9.25016 
4.91832   9.28804 
4.96974   9.23841 
4.97299   9.26899 
4.99422   9.31050 
4.98902   9.28927 
4.96005   9.28970 
4.98804   9.32499 
4.97303   9.32901 
4.98447   9.34204 
4.85081   9.43435 
4.84886   9.47276 
4.88804   9.48368 
4.87024   9.37638 
4.85633   9.40716 
4.88130   9.42697 
4.90183   9.33431 
4.88235   9.35747 
4.89894   9.38087 
4.94144   9.29920 
4.91574   9.31782 
4.92496   9.34547 
4.95747   9.31948 
4.95443   9.33851 
4.94345   9.34949 
4.95757   9.35758 
4.92954   9.36598 
4.94204   9.38447 
4.92552   9.38098 
4.91341   9.39989 
4.92699   9.41447 
4.90040   9.41436 
4.89488   9.44154 
4.93101   9.42947 
4.94204   9.41553 
4.92031   9.44589 
4.90121   9.45850 
4.91347   9.48802 
4.93734   9.44642 
4.93828   9.47862 
4.92511   9.50380 
4.95881   9.51979 
4.96917   9.49452 
4.97806   9.51991 
5.00360   9.51089 
5.00805   9.49096 
4.99421   9.47732 
4.97921   9.47330 
4.98447   9.45796 
4.95996   9.47318 
4.94832   9.45740 
4.95758   9.44243 
0.00000   0.00000 
3.03614   0.00000 
1.99997   1.79095 
0.00000   2.82338 
20.00000   0.00000 
20.00000   3.99973 
15.98820   0.00000 
20.00000   20.00000 
15.98960   20.00000 
20.00000   15.99890 
0.00000   20.00000 
0.00000   17.17770 
2.02746   18.19740 
3.03730   20.00000 
0.00000   14.95070 
1.53900   16.16250 
1.52387   3.84533 
0.00000   5.05014 
5.89278   0.00000 
4.53390   1.55471 
3.40375   3.10023 
4.59580   18.39500 
5.89389   20.00000 
3.47527   16.87200 
0.00000   13.12030 
1.33503   14.24210 
2.81011   15.38370 
1.34024   5.78030 
0.00000   6.88040 
2.79833   4.64186 
0.00000   11.51850 
0.98417   12.54290 
0.99015   7.48753 
0.00000   8.48219 
0.00000   10.00030 
0.93844   11.17650 
0.94056   8.86910 
1.04919   10.02790 
2.01558   13.18500 
2.58719   14.19860 
2.60786   5.86073 
2.02674   6.86505 
1.85261   11.93250 
1.78263   10.68380 
1.85736   8.14852 
1.78619   9.42308 
8.83135   0.00000 
7.35074   1.87953 
5.41330   3.00071 
4.35626   4.26725 
3.75797   5.55268 
7.39983   18.04660 
8.83250   20.00000 
5.60272   16.85840 
4.43359   15.70080 
3.71777   14.57510 
12.12040   0.00000 
10.58340   2.37362 
13.87320   2.87911 
16.90940   4.60404 
20.00000   7.99947 
10.72020   17.61030 
12.12170   20.00000 
14.00930   16.92670 
17.06120   15.01060 
20.00000   11.99920 
8.73839   3.63722 
7.02007   3.44331 
5.92693   4.33615 
4.99092   5.32504 
7.42157   16.11520 
9.02471   16.50290 
6.01241   15.43380 
4.98904   14.62180 
12.36110   4.94216 
10.39650   4.50571 
14.62810   6.27458 
16.80080   7.96464 
17.27810   11.08770 
14.84510   13.30190 
12.50400   14.91290 
10.53470   15.51250 
14.54440   9.89225 
12.77620   7.66542 
10.98400   6.33909 
12.80850   12.29560 
12.26550   10.03160 
10.99350   13.69600 
11.10170   8.33185 
11.04430   11.78870 
10.58320   10.08250 
9.04659   5.53370 
7.49749   4.73155 
9.75929   7.22604 
9.72732   8.74047 
9.04691   14.68820 
7.37319   14.67190 
9.59423   12.94850 
8.21673   13.48570 
6.13786   14.23560 
7.06323   13.66230 
9.62325   11.41250 
9.27254   10.05400 
8.50715   12.23850 
7.38486   12.67450 
8.52646   11.02920 
7.73627   11.63680 
6.18135   13.19320 
5.28361   13.64150 
4.30156   13.79970 
3.21505   13.45650 
2.64586   12.64610 
6.57769   12.47270 
6.99699   11.93320 
2.36782   11.33200 
2.75315   11.95180 
3.46791   12.49840 
3.94895   13.08140 
4.66449   13.04810 
5.35360   12.85260 
5.93153   12.50190 
4.23133   12.46190 
4.82241   12.40530 
5.35839   12.25570 
6.26109   11.89710 
5.76960   12.02640 
2.30535   10.08810 
2.57126   10.72410 
2.36591   8.80182 
2.58078   9.47880 
3.08331   11.32090 
3.36741   11.86170 
3.92901   11.97270 
4.49989   11.92410 
4.98210   11.95520 
5.40981   11.76550 
3.26309   6.64880 
2.62294   7.44733 
2.77774   8.16452 
4.47222   6.43933 
3.35881   7.57973 
3.93110   7.13051 
3.02648   8.85596 
3.45381   8.23277 
4.06082   7.82235 
4.59106   7.25881 
3.71115   11.47800 
4.14398   11.56930 
3.14011   10.75080 
3.55860   11.03780 
2.99488   10.18170 
3.15549   9.56793 
5.49049   6.10707 
5.28802   6.86691 
6.32817   5.47923 
7.43903   6.07394 
8.50328   6.74013 
8.67097   7.85664 
8.60002   9.00149 
8.22284   9.99399 
6.32583   6.62828 
7.48761   7.24635 
7.79534   8.29796 
7.70120   9.20261 
7.02031   7.96206 
6.59551   7.40092 
5.86164   7.36395 
5.19612   7.52117 
7.12501   8.69584 
4.69430   7.81025 
7.64950   10.71780 
7.38852   9.95202 
7.10946   11.20570 
6.62875   11.50270 
6.98532   9.32478 
6.92259   10.54150 
6.53504   11.03450 
6.77832   9.87073 
6.40487   10.62600 
6.51069   10.23260 
6.15034   11.35350 
5.82244   11.61370 
6.06316   10.95820 
5.74018   11.22020 
5.53261   11.43280 
6.22305   7.96170 
6.62345   8.39729 
6.50522   8.91706 
5.62416   7.89395 
5.17020   8.02528 
6.46417   9.45745 
6.25225   9.85732 
6.14636   8.52388 
5.83239   8.27608 
5.46711   8.34260 
6.19814   9.18735 
6.02704   8.89061 
6.01410   9.48618 
5.67618   8.67355 
5.87678   9.18301 
5.72893   8.96497 
4.49687   11.55570 
4.79591   11.60410 
5.08690   11.63200 
5.26828   11.43700 
5.38512   11.15860 
5.54443   11.01740 
5.75656   10.95950 
5.79823   10.74710 
6.05805   10.62980 
6.11158   10.31540 
5.55152   10.82750 
5.80741   10.50720 
5.58310   10.63870 
5.77700   10.26050 
5.95418   10.04630 
5.88707   9.79607 
5.75953   9.59442 
5.71733   9.38344 
5.35061   10.90960 
5.57985   10.43480 
5.18109   11.22910 
5.20496   11.04380 
4.98188   11.33900 
4.69559   11.31010 
5.58771   9.17773 
5.48007   8.92845 
5.35049   8.66216 
5.14387   8.41198 
4.81172   8.20390 
4.39004   8.19243 
3.95317   8.36912 
3.59347   8.75126 
3.42048   9.17189 
4.05292   11.14330 
4.35270   11.30500 
5.39462   10.72680 
5.44137   10.54610 
5.19362   10.90510 
5.26442   10.79690 
5.65216   10.00580 
5.54415   10.23760 
5.60812   9.75790 
5.53635   9.53856 
5.52124   9.36028 
5.38437   10.39330 
5.27044   10.69040 
5.33955   10.61440 
5.30420   10.51250 
4.86799   11.15010 
5.04339   11.11170 
5.06813   10.95780 
4.52058   11.14190 
4.69183   11.08350 
4.34732   11.01200 
4.94430   10.98340 
4.81898   11.00640 
4.56838   10.94120 
4.73169   10.90940 
4.86866   10.88010 
4.97488   10.85530 
5.08751   10.85350 
5.16516   10.81160 
5.17734   10.73170 
3.85345   10.82780 
4.16316   10.82810 
3.57738   10.52190 
3.50206   10.00950 
3.61048   9.55876 
4.44204   10.78990 
3.88177   10.22530 
3.97364   10.55400 
4.24223   10.59810 
3.87959   9.86636 
4.17713   10.34210 
4.20228   10.05460 
4.65647   10.78410 
4.79784   10.80340 
4.42840   10.60450 
4.56072   10.67440 
4.38904   10.43620 
4.40637   10.21950 
4.56640   10.53170 
4.54194   10.35210 
4.69087   10.64320 
4.74976   10.72410 
4.90233   10.77440 
4.83591   10.72400 
4.97244   10.77130 
5.03150   10.79720 
5.09482   10.75950 
4.80010   10.65780 
4.68939   10.53840 
4.77487   10.58440 
4.65640   10.43510 
5.01732   10.73290 
4.95431   10.70740 
4.89937   10.70770 
4.87238   10.66270 
4.92834   10.66310 
4.97000   10.65200 
4.99268   10.69050 
5.00000   10.66000 
4.94804   10.63000 
5.03000   10.65200 
5.02942   10.68690 
5.06695   10.70980 
5.06481   10.66660 
5.05196   10.63000 
5.11543   10.68480 
4.90904   10.62390 
4.94000   10.60000 
4.85480   10.61020 
4.90358   10.57910 
4.94804   10.57000 
4.83508   10.55070 
4.76822   10.48970 
4.87659   10.52820 
4.91540   10.54040 
4.94426   10.52120 
4.97000   10.54800 
4.84399   10.48000 
5.19152   10.65800 
5.24589   10.59490 
5.08943   10.63430 
5.13859   10.63420 
5.06000   10.60000 
5.11078   10.59700 
5.05196   10.57000 
5.08505   10.56910 
5.17041   10.58940 
5.12599   10.54830 
5.19243   10.51860 
5.25419   10.41990 
4.90210   10.49240 
4.98089   10.50790 
5.00000   10.54000 
4.94488   10.46880 
5.03000   10.54800 
5.06802   10.53240 
5.12214   10.49120 
5.16992   10.43870 
4.74039   10.39050 
4.81958   10.40670 
4.89063   10.43080 
4.67912   10.30810 
4.60974   10.18750 
5.02580   10.50770 
5.07106   10.48180 
5.09724   10.41750 
4.99423   10.45720 
5.04196   10.44780 
4.95255   10.40220 
5.02238   10.38960 
4.79686   10.31390 
4.88655   10.35060 
4.97381   10.31980 
4.89216   10.25360 
4.77136   10.20590 
5.07339   10.32260 
5.16885   10.35100 
5.01555   10.22490 
4.91308   10.13930 
5.26866   10.29480 
5.38119   10.22590 
5.41722   10.07010 
5.41715   9.88486 
5.41711   9.70416 
5.14623   10.23640 
5.25165   10.14270 
5.08419   10.11180 
5.20231   9.97343 
4.95929   10.00510 
4.76112   10.07070 
5.24869   9.79140 
4.55243   10.01310 
4.17397   9.76080 
4.38349   9.87757 
3.97437   9.53218 
3.82644   9.18297 
3.98735   8.78330 
4.28813   8.57434 
4.60284   8.48198 
4.88065   8.49016 
5.05864   8.69998 
5.25920   8.86666 
5.41589   9.12355 
5.31943   9.02837 
5.39341   9.27111 
5.04406   9.85963 
4.79352   9.90948 
4.60211   9.81799 
5.26583   9.19098 
5.36898   9.41845 
5.38404   9.55969 
5.28514   9.63484 
5.27453   9.31956 
5.11187   9.74719 
5.18503   9.67702 
4.90045   9.78951 
4.99933   9.71973 
4.76412   9.75555 
5.08420   9.64413 
5.27326   9.51208 
5.25945   9.41620 
5.18465   9.56800 
4.88659   9.66901 
4.98246   9.62390 
5.18269   9.46317 
5.10379   9.56667 
5.12960   9.51060 
5.03836   9.57645 
5.06981   9.51287 
5.09917   9.45755 
5.18907   9.36839 
5.14101   9.41619 
5.18828   9.27460 
5.12562   9.36968 
5.13638   9.31989 
5.09358   9.41133 
5.05811   9.46854 
5.05196   9.43000 
5.06000   9.40000 
5.03000   9.45196 
5.02768   9.48728 
5.00000   9.46000 
5.01879   9.52714 
5.05196   9.37000 
5.08421   9.37612 
5.07720   9.33644 
5.03000   9.34804 
4.96771   9.54517 
4.91362   9.58567 
4.76978   9.64283 
4.83752   9.57305 
4.63457   9.64561 
4.43404   9.69501 
4.26775   9.52990 
4.15810   9.30477 
4.10849   9.05584 
4.30357   8.88915 
4.53220   8.76716 
4.78275   8.71018 
4.48047   9.52581 
4.40427   9.35261 
4.35641   9.14791 
4.52334   9.02120 
4.69788   8.91686 
4.63112   9.51150 
4.74059   9.54577 
4.57382   9.40014 
4.57015   9.23407 
4.67894   9.11065 
4.72024   9.24757 
4.67175   9.33643 
4.73668   9.43905 
4.82193   9.49136 
4.90029   9.51320 
4.90567   8.88030 
5.09392   8.88598 
5.18211   9.04722 
4.80321   9.03414 
5.15192   9.18679 
5.10107   9.26884 
4.79553   9.17513 
5.03104   8.99635 
4.92114   9.02057 
5.08687   9.09763 
4.88181   9.12191 
5.06601   9.18106 
4.98899   9.11541 
5.04830   9.29861 
5.04496   9.24235 
5.00000   9.34000 
5.01237   9.31103 
5.00196   9.26857 
4.99546   9.20741 
4.93500   9.18736 
4.87815   9.23091 
4.82063   9.28114 
4.77353   9.34914 
4.82585   9.41454 
4.85366   9.35297 
4.89262   9.30666 
4.94403   9.26942 
4.97607   9.30998 
4.97000   9.34804 
4.87578   9.45416 
4.88682   9.39978 
4.91105   9.36196 
4.93886   9.32898 
4.94804   9.37000 
4.94000   9.40000 
4.91398   9.42893 
4.94804   9.43000 
4.92665   9.46285 
4.94992   9.49440 
4.98842   9.49465 
4.97000   9.45196 
