1   2   3 
4   5   2 
6   7   8 
9   10   11 
12   13   14 
15   16   13 
17   18   19 
20   12   18 
21   22   4 
23   24   22 
25   26   27 
28   1   26 
29   30   28 
31   21   30 
32   33   15 
34   35   33 
36   37   20 
38   32   37 
39   40   41 
42   17   40 
43   44   42 
45   36   44 
46   47   23 
48   49   47 
50   51   31 
52   46   51 
53   54   55 
56   39   54 
57   58   48 
59   60   58 
61   62   63 
64   53   62 
65   66   59 
67   68   66 
69   70   67 
71   61   70 
72   73   56 
74   75   73 
76   43   75 
77   78   52 
79   80   78 
81   57   80 
82   83   64 
84   72   83 
85   86   71 
87   82   86 
88   89   81 
90   65   89 
91   92   90 
93   69   92 
94   85   93 
95   96   97 
98   25   96 
99   100   98 
101   29   100 
102   103   101 
104   50   103 
105   106   104 
107   77   106 
108   109   34 
110   111   109 
112   113   38 
114   108   113 
115   116   45 
117   112   116 
118   119   76 
120   115   119 
121   122   123 
124   95   122 
125   126   127 
128   121   126 
129   130   6 
131   125   130 
132   129   133 
134   135   110 
136   137   135 
138   139   136 
140   141   139 
142   143   140 
144   9   143 
145   146   144 
147   148   124 
149   150   148 
151   99   150 
152   153   151 
154   102   153 
155   156   154 
157   105   156 
158   159   114 
160   161   159 
162   134   161 
163   164   117 
165   158   164 
166   167   120 
168   163   167 
169   170   128 
171   172   170 
173   147   172 
174   175   131 
176   169   175 
177   178   132 
179   174   178 
180   181   182 
183   177   181 
184   180   145 
185   186   142 
187   184   186 
188   189   138 
190   185   189 
191   192   162 
193   188   192 
194   195   187 
196   183   195 
197   179   196 
198   199   197 
200   176   199 
201   202   200 
203   171   202 
204   205   190 
206   194   205 
207   208   206 
209   198   208 
210   211   193 
212   204   211 
213   214   209 
215   201   214 
216   217   212 
218   207   217 
219   220   218 
221   213   220 
222   223   203 
224   173   223 
225   226   224 
227   149   226 
228   152   227 
229   230   215 
231   222   230 
232   233   221 
234   229   233 
235   236   191 
237   210   236 
238   235   160 
239   240   165 
241   238   240 
242   243   237 
244   216   243 
245   246   241 
247   242   246 
248   249   168 
250   239   249 
251   252   250 
253   245   252 
254   255   244 
256   219   255 
257   258   256 
259   232   258 
260   261   247 
262   254   261 
263   264   253 
265   260   264 
266   267   262 
268   257   267 
269   270   265 
271   266   270 
272   273   251 
274   263   273 
275   276   248 
277   272   276 
278   279   166 
280   275   279 
281   282   118 
283   278   282 
284   281   74 
285   286   84 
287   284   286 
288   289   274 
290   291   289 
292   269   291 
293   294   87 
295   296   294 
297   285   296 
298   299   297 
300   287   299 
301   302   300 
303   283   302 
304   305   303 
306   280   305 
307   308   306 
309   277   308 
310   311   309 
312   288   311 
313   314   301 
315   304   314 
316   317   315 
318   307   317 
319   320   318 
321   310   320 
322   323   312 
324   290   323 
325   326   321 
327   322   326 
328   329   94 
330   331   329 
332   293   331 
333   334   91 
335   336   334 
337   328   336 
338   339   332 
340   295   339 
341   342   340 
343   298   342 
344   345   343 
346   313   345 
347   348   346 
349   316   348 
350   351   349 
352   319   351 
353   354   352 
355   325   354 
356   357   107 
358   79   357 
359   360   358 
361   88   360 
362   363   361 
364   333   363 
365   366   157 
367   356   366 
368   369   359 
370   362   369 
371   372   367 
373   368   372 
374   375   364 
376   335   375 
377   378   370 
379   374   378 
380   381   373 
382   377   381 
383   384   371 
385   380   384 
386   387   341 
388   344   387 
389   390   388 
391   347   390 
392   393   338 
394   395   393 
396   386   395 
397   398   330 
399   392   398 
400   397   337 
401   402   376 
403   400   402 
404   405   365 
406   407   405 
408   383   407 
409   410   155 
411   404   410 
412   409   228 
413   414   225 
415   412   414 
416   417   231 
418   413   417 
419   420   234 
421   416   420 
422   423   259 
424   419   423 
425   426   268 
427   422   426 
428   429   415 
430   411   429 
431   406   430 
432   433   418 
434   428   433 
435   432   421 
436   437   424 
438   435   437 
439   440   427 
441   436   440 
442   443   438 
444   445   443 
446   434   445 
447   448   446 
449   431   448 
450   451   449 
452   408   451 
453   454   441 
455   442   454 
456   457   452 
458   385   457 
459   460   271 
461   425   460 
462   463   461 
464   439   463 
465   466   292 
467   459   466 
468   469   324 
470   465   469 
471   472   464 
473   453   472 
474   475   467 
476   462   475 
477   478   470 
479   474   478 
480   481   476 
482   471   481 
483   484   479 
485   486   484 
487   480   486 
488   489   468 
490   477   489 
491   492   327 
493   488   492 
494   491   355 
495   496   490 
497   483   496 
498   499   493 
500   495   499 
501   502   494 
503   498   502 
504   505   444 
506   447   505 
507   508   455 
509   504   508 
510   511   473 
512   507   511 
513   514   506 
515   450   514 
516   517   515 
518   456   517 
519   520   482 
521   510   520 
522   523   487 
524   519   523 
525   526   512 
527   509   526 
528   529   527 
530   513   529 
531   532   530 
533   516   532 
534   535   521 
536   537   535 
538   525   537 
539   540   524 
541   534   540 
542   543   528 
544   531   543 
545   542   538 
546   547   541 
548   536   547 
549   550   548 
551   545   550 
552   553   391 
554   555   553 
556   350   555 
557   558   556 
559   353   558 
560   561   559 
562   501   561 
563   564   562 
565   503   564 
566   567   565 
568   569   567 
570   500   569 
571   572   570 
573   574   572 
575   497   574 
576   577   575 
578   485   577 
579   522   578 
580   581   568 
582   571   581 
583   584   573 
585   576   584 
586   587   582 
588   583   587 
589   590   585 
591   592   590 
593   579   592 
594   595   593 
596   539   595 
597   598   596 
599   600   598 
601   546   600 
602   603   566 
604   580   603 
605   606   588 
607   589   606 
608   609   563 
610   611   609 
612   602   611 
613   614   560 
615   608   614 
616   613   557 
617   618   554 
619   616   618 
620   621   601 
622   549   621 
623   624   622 
625   551   624 
626   627   625 
628   544   627 
629   630   628 
631   533   630 
632   633   631 
634   518   633 
635   636   634 
637   458   636 
638   639   637 
640   382   639 
641   642   640 
643   379   642 
644   645   643 
646   401   645 
647   648   396 
649   389   648 
650   651   649 
652   552   651 
653   617   652 
654   655   604 
656   586   655 
657   658   656 
659   605   658 
660   661   612 
662   663   661 
664   654   663 
665   666   591 
667   594   666 
668   669   607 
670   665   669 
671   672   667 
673   597   672 
674   675   673 
676   599   675 
677   678   676 
679   620   678 
680   681   659 
682   668   681 
683   684   664 
685   686   684 
687   657   686 
688   689   687 
690   680   689 
691   692   619 
693   694   692 
695   615   694 
696   610   695 
697   698   696 
699   660   698 
700   701   653 
702   703   701 
704   691   703 
705   706   650 
707   700   706 
708   709   693 
710   697   709 
711   712   704 
713   708   712 
714   715   707 
716   702   715 
717   718   716 
719   711   718 
720   721   719 
722   713   721 
723   724   722 
725   710   724 
726   727   725 
728   699   727 
729   730   728 
731   662   730 
732   733   731 
734   683   733 
735   736   647 
737   738   736 
739   705   738 
740   741   394 
742   735   741 
743   740   399 
744   745   403 
746   743   745 
747   748   646 
749   744   748 
750   751   739 
752   714   751 
753   754   746 
755   756   754 
757   742   756 
758   737   757 
759   760   758 
761   750   760 
762   763   749 
764   753   763 
765   766   755 
767   759   766 
768   769   764 
770   765   769 
771   772   752 
773   717   772 
774   775   773 
776   720   775 
777   778   761 
779   780   778 
781   771   780 
782   783   767 
784   777   783 
785   786   770 
787   782   786 
788   789   784 
790   779   789 
791   792   787 
793   788   792 
794   795   790 
796   781   795 
797   798   796 
799   774   798 
800   801   776 
802   723   801 
803   804   799 
805   800   804 
806   807   802 
808   809   807 
810   726   809 
811   812   810 
813   729   812 
814   732   813 
815   816   797 
817   803   816 
818   819   794 
820   821   819 
822   815   821 
823   824   793 
825   818   824 
826   827   808 
828   811   827 
829   830   806 
831   826   830 
832   833   805 
834   829   833 
835   836   817 
837   832   836 
838   839   837 
840   834   839 
841   842   840 
843   844   842 
845   843   846 
847   831   844 
848   849   841 
850   851   852 
853   845   851 
854   847   853 
855   856   854 
857   828   856 
858   859   850 
860   855   859 
861   858   862 
863   864   857 
865   814   864 
866   863   860 
867   868   838 
869   848   868 
870   871   869 
872   873   835 
874   867   873 
875   872   822 
876   877   874 
878   870   877 
879   880   878 
881   882   875 
883   876   882 
884   885   820 
886   881   885 
887   884   825 
888   889   883 
890   891   889 
892   879   891 
893   894   892 
895   896   894 
897   898   886 
899   888   898 
900   901   865 
902   734   901 
903   904   902 
905   685   904 
906   688   905 
907   908   866 
909   910   908 
911   900   910 
912   907   861 
913   912   914 
915   916   913 
917   909   916 
918   919   920 
921   915   919 
922   923   911 
924   903   923 
925   922   917 
926   927   921 
928   925   927 
929   930   924 
931   906   930 
932   929   928 
933   934   931 
935   690   934 
936   937   890 
938   893   937 
939   936   899 
940   941   895 
942   943   941 
944   945   938 
946   940   945 
947   948   949 
950   918   948 
951   926   950 
952   953   932 
954   955   953 
956   933   955 
957   952   951 
958   959   887 
960   961   959 
962   897   961 
963   964   962 
965   939   964 
966   944   965 
967   968   823 
969   958   968 
970   971   791 
972   967   971 
973   974   942 
975   976   974 
977   947   975 
978   979   977 
980   957   979 
981   982   980 
983   954   982 
984   985   946 
986   973   985 
987   988   986 
989   978   988 
990   981   989 
991   992   966 
993   984   992 
994   995   993 
996   987   995 
997   990   996 
998   999   969 
1000   960   999 
1001   1002   1000 
1003   963   1002 
1004   991   1003 
1005   1006   1004 
1007   994   1006 
1008   1009   1001 
1010   1005   1009 
1011   1012   972 
1013   998   1012 
1014   1008   1013 
1015   1016   1007 
1017   997   1016 
1018   1019   1017 
1020   983   1019 
1021   956   1020 
1022   1023   1010 
1024   1015   1023 
1025   1026   1014 
1027   1022   1026 
1028   1029   1021 
1030   935   1029 
1031   1032   1030 
1033   682   1032 
1034   1035   1033 
1036   670   1035 
1037   1038   1036 
1039   671   1038 
1040   1041   1039 
1042   674   1041 
1043   1044   1018 
1045   1028   1044 
1046   1043   1024 
1047   1048   1045 
1049   1031   1048 
1050   1034   1049 
1051   1052   1027 
1053   1046   1052 
1054   1047   1053 
1055   1056   1054 
1057   1050   1056 
1058   1037   1057 
1059   1060   1051 
1061   1055   1060 
1062   1063   1025 
1064   1059   1063 
1065   1062   1011 
1066   1067   1058 
1068   1040   1067 
1069   1070   970 
1071   1065   1070 
1072   1069   785 
1073   1074   768 
1075   1076   1074 
1077   1072   1076 
1078   1079   762 
1080   1073   1079 
1081   1082   747 
1083   1078   1082 
1084   1081   644 
1085   1086   641 
1087   1084   1086 
1088   1089   638 
1090   1085   1089 
1091   1092   635 
1093   1088   1092 
1094   1095   632 
1096   1091   1095 
1097   1098   629 
1099   1094   1098 
1100   1101   626 
1102   1097   1101 
1103   1104   623 
1105   1106   1104 
1107   1100   1106 
1108   1109   679 
1110   1103   1109 
1111   1112   1061 
1113   1066   1112 
1114   1115   1064 
1116   1111   1115 
1117   1114   1071 
1118   1119   1077 
1120   1117   1119 
1121   1122   1110 
1123   1105   1122 
1124   1125   677 
1126   1108   1125 
1127   1128   1042 
1129   1124   1128 
1130   1131   1068 
1132   1127   1131 
1133   1134   1126 
1135   1121   1134 
1136   1137   1113 
1138   1139   1137 
1140   1130   1139 
1141   1142   1116 
1143   1144   1142 
1145   1136   1144 
1146   1147   1120 
1148   1141   1147 
1149   1150   1145 
1151   1138   1150 
1152   1153   1132 
1154   1129   1153 
1155   1156   1154 
1157   1133   1156 
1158   1159   1140 
1160   1152   1159 
1161   1158   1151 
1162   1163   1148 
1164   1143   1163 
1165   1166   1164 
1167   1149   1166 
1168   1169   1160 
1170   1155   1169 
1171   1172   1161 
1173   1174   1172 
1175   1168   1174 
1176   1177   1167 
1178   1171   1177 
1179   1180   1178 
1181   1173   1180 
1182   1183   1181 
1184   1175   1183 
1185   1186   1170 
1187   1157   1186 
1188   1189   1184 
1190   1185   1189 
1191   1192   1187 
1193   1135   1192 
1194   1195   1190 
1196   1197   1195 
1198   1191   1197 
1199   1200   1188 
1201   1194   1200 
1202   1203   1182 
1204   1199   1205 
1206   1204   1207 
1203   1208   1205 
1209   1210   1208 
1211   1212   1209 
1213   1214   1212 
1215   1211   1202 
1216   1217   1179 
1218   1215   1217 
1219   1220   1221 
1222   1206   1220 
1223   1201   1222 
1224   1225   1223 
1226   1196   1225 
1227   1224   1219 
1228   1227   1229 
1230   1231   1176 
1232   1216   1231 
1233   1234   1165 
1235   1230   1234 
1236   1237   1162 
1238   1239   1237 
1240   1233   1239 
1241   1242   1146 
1243   1236   1242 
1244   1245   1118 
1246   1241   1245 
1247   1244   1075 
1248   1249   1080 
1250   1247   1249 
1251   1252   1083 
1253   1248   1252 
1254   1255   1087 
1256   1251   1255 
1257   1258   1090 
1259   1254   1258 
1260   1261   1093 
1262   1257   1261 
1263   1264   1096 
1265   1260   1264 
1266   1263   1099 
1267   1268   1250 
1269   1246   1268 
1270   1271   1253 
1272   1267   1271 
1273   1274   1256 
1275   1270   1274 
1276   1273   1259 
1277   1278   1262 
1279   1276   1278 
1280   1281   1265 
1282   1277   1281 
1283   1284   1269 
1285   1286   1284 
1287   1243   1286 
1288   1238   1287 
1289   1290   1272 
1291   1283   1290 
1292   1293   1275 
1294   1289   1293 
1295   1292   1279 
1296   1297   1282 
1298   1295   1297 
1299   1300   1298 
1301   1302   1300 
1303   1294   1302 
1304   1305   1303 
1306   1291   1305 
1307   1285   1306 
1308   1309   1307 
1310   1288   1309 
1311   1312   1310 
1313   1240   1312 
1314   1235   1313 
1315   1316   1266 
1317   1280   1316 
1318   1319   1102 
1320   1315   1319 
1321   1322   1107 
1323   1318   1322 
1324   1321   1123 
1325   1326   1317 
1327   1296   1326 
1328   1329   1193 
1330   1324   1329 
1331   1332   1198 
1333   1328   1332 
1334   1331   1226 
1335   1336   1327 
1337   1299   1336 
1338   1339   1323 
1340   1320   1339 
1341   1342   1340 
1343   1325   1342 
1344   1345   1330 
1346   1338   1345 
1347   1348   1343 
1349   1335   1348 
1350   1351   1333 
1352   1344   1351 
1353   1354   1346 
1355   1341   1354 
1356   1347   1355 
1357   1353   1352 
1358   1359   1334 
1360   1361   1359 
1362   1350   1361 
1363   1358   1228 
1364   1365   1366 
1367   1363   1365 
1368   1369   1367 
1370   1360   1369 
1371   1372   1362 
1373   1357   1372 
1374   1371   1370 
1375   1376   1373 
1377   1356   1376 
1378   1379   1377 
1380   1349   1379 
1381   1382   1380 
1383   1337   1382 
1384   1385   1383 
1386   1301   1385 
1387   1304   1386 
1388   1389   1387 
1390   1308   1389 
1391   1392   1384 
1393   1388   1392 
1394   1395   1381 
1396   1391   1395 
1397   1398   1378 
1399   1394   1398 
1400   1397   1375 
1401   1400   1374 
1402   1403   1368 
1404   1401   1403 
1405   1402   1364 
1406   1405   1407 
1408   1409   1390 
1410   1311   1409 
1411   1412   1393 
1413   1408   1412 
1414   1415   1396 
1416   1411   1415 
1417   1418   1399 
1419   1414   1418 
1420   1417   1404 
1421   1420   1406 
1422   1421   1423 
1424   1419   1422 
1425   1426   1424 
1427   1416   1426 
1428   1429   1427 
1430   1413   1429 
1431   1428   1432 
1433   1434   1430 
1435   1410   1434 
1436   1433   1431 
1437   1438   1435 
1439   1314   1438 
1440   1441   1439 
1442   1232   1441 
1443   1218   1442 
1444   1213   1443 
1445   1446   1444 
1447   1445   1440 
1448   1447   1437 
1436   1449   1448 
1450   3   2 
1451   1   3 
1452   2   1 
1450   2   5 
1452   4   2 
1453   5   4 
1454   8   7 
1455   6   8 
1456   7   6 
1457   11   10 
1458   9   11 
1459   10   9 
1460   14   13 
1461   12   14 
1462   13   12 
1460   13   16 
1462   15   13 
1463   16   15 
1461   19   18 
1464   17   19 
1465   18   17 
1461   18   12 
1465   20   18 
1462   12   20 
1453   4   22 
1452   21   4 
1466   22   21 
1453   22   24 
1466   23   22 
1467   24   23 
1451   27   26 
1468   25   27 
1469   26   25 
1451   26   1 
1469   28   26 
1452   1   28 
1452   28   30 
1469   29   28 
1470   30   29 
1452   30   21 
1470   31   30 
1466   21   31 
1463   15   33 
1462   32   15 
1471   33   32 
1463   33   35 
1471   34   33 
1472   35   34 
1462   20   37 
1465   36   20 
1473   37   36 
1462   37   32 
1473   38   37 
1471   32   38 
1464   41   40 
1474   39   41 
1475   40   39 
1464   40   17 
1475   42   40 
1465   17   42 
1465   42   44 
1475   43   42 
1476   44   43 
1465   44   36 
1476   45   44 
1473   36   45 
1467   23   47 
1466   46   23 
1477   47   46 
1467   47   49 
1477   48   47 
1478   49   48 
1466   31   51 
1470   50   31 
1479   51   50 
1466   51   46 
1479   52   51 
1477   46   52 
1474   55   54 
1480   53   55 
1481   54   53 
1474   54   39 
1481   56   54 
1475   39   56 
1478   48   58 
1477   57   48 
1482   58   57 
1478   58   60 
1482   59   58 
1483   60   59 
1480   63   62 
1484   61   63 
1485   62   61 
1480   62   53 
1485   64   62 
1481   53   64 
1483   59   66 
1482   65   59 
1486   66   65 
1483   66   68 
1486   67   66 
1484   68   67 
1484   67   70 
1486   69   67 
1487   70   69 
1484   70   61 
1487   71   70 
1485   61   71 
1475   56   73 
1481   72   56 
1488   73   72 
1475   73   75 
1488   74   73 
1489   75   74 
1475   75   43 
1489   76   75 
1476   43   76 
1477   52   78 
1479   77   52 
1490   78   77 
1477   78   80 
1490   79   78 
1491   80   79 
1477   80   57 
1491   81   80 
1482   57   81 
1481   64   83 
1485   82   64 
1492   83   82 
1481   83   72 
1492   84   83 
1488   72   84 
1485   71   86 
1487   85   71 
1493   86   85 
1485   86   82 
1493   87   86 
1492   82   87 
1482   81   89 
1491   88   81 
1494   89   88 
1482   89   65 
1494   90   89 
1486   65   90 
1486   90   92 
1494   91   90 
1495   92   91 
1486   92   69 
1495   93   92 
1487   69   93 
1487   93   85 
1495   94   93 
1493   85   94 
1468   97   96 
1496   95   97 
1497   96   95 
1468   96   25 
1497   98   96 
1469   25   98 
1469   98   100 
1497   99   98 
1498   100   99 
1469   100   29 
1498   101   100 
1470   29   101 
1470   101   103 
1498   102   101 
1499   103   102 
1470   103   50 
1499   104   103 
1479   50   104 
1479   104   106 
1499   105   104 
1500   106   105 
1479   106   77 
1500   107   106 
1490   77   107 
1472   34   109 
1471   108   34 
1501   109   108 
1472   109   111 
1501   110   109 
1502   111   110 
1471   38   113 
1473   112   38 
1503   113   112 
1471   113   108 
1503   114   113 
1501   108   114 
1473   45   116 
1476   115   45 
1504   116   115 
1473   116   112 
1504   117   116 
1503   112   117 
1476   76   119 
1489   118   76 
1505   119   118 
1476   119   115 
1505   120   119 
1504   115   120 
1496   123   122 
1506   121   123 
1507   122   121 
1496   122   95 
1507   124   122 
1497   95   124 
1506   127   126 
1456   125   127 
1508   126   125 
1506   126   121 
1508   128   126 
1507   121   128 
1456   6   130 
1455   129   6 
1509   130   129 
1456   130   125 
1509   131   130 
1508   125   131 
1455   133   129 
1510   132   133 
1509   129   132 
1502   110   135 
1501   134   110 
1511   135   134 
1502   135   137 
1511   136   135 
1512   137   136 
1512   136   139 
1511   138   136 
1513   139   138 
1512   139   141 
1513   140   139 
1458   141   140 
1458   140   143 
1513   142   140 
1514   143   142 
1458   143   9 
1514   144   143 
1459   9   144 
1459   144   146 
1514   145   144 
1515   146   145 
1497   124   148 
1507   147   124 
1516   148   147 
1497   148   150 
1516   149   148 
1517   150   149 
1497   150   99 
1517   151   150 
1498   99   151 
1498   151   153 
1517   152   151 
1518   153   152 
1498   153   102 
1518   154   153 
1499   102   154 
1499   154   156 
1518   155   154 
1519   156   155 
1499   156   105 
1519   157   156 
1500   105   157 
1501   114   159 
1503   158   114 
1520   159   158 
1501   159   161 
1520   160   159 
1521   161   160 
1501   161   134 
1521   162   161 
1511   134   162 
1503   117   164 
1504   163   117 
1522   164   163 
1503   164   158 
1522   165   164 
1520   158   165 
1504   120   167 
1505   166   120 
1523   167   166 
1504   167   163 
1523   168   167 
1522   163   168 
1507   128   170 
1508   169   128 
1524   170   169 
1507   170   172 
1524   171   170 
1525   172   171 
1507   172   147 
1525   173   172 
1516   147   173 
1508   131   175 
1509   174   131 
1526   175   174 
1508   175   169 
1526   176   175 
1524   169   176 
1509   132   178 
1510   177   132 
1527   178   177 
1509   178   174 
1527   179   178 
1526   174   179 
1510   182   181 
1515   180   182 
1528   181   180 
1510   181   177 
1528   183   181 
1527   177   183 
1515   145   180 
1514   184   145 
1528   180   184 
1514   142   186 
1513   185   142 
1529   186   185 
1514   186   184 
1529   187   186 
1528   184   187 
1513   138   189 
1511   188   138 
1530   189   188 
1513   189   185 
1530   190   189 
1529   185   190 
1511   162   192 
1521   191   162 
1531   192   191 
1511   192   188 
1531   193   192 
1530   188   193 
1528   187   195 
1529   194   187 
1532   195   194 
1528   195   183 
1532   196   195 
1527   183   196 
1527   196   179 
1532   197   196 
1526   179   197 
1526   197   199 
1532   198   197 
1533   199   198 
1526   199   176 
1533   200   199 
1524   176   200 
1524   200   202 
1533   201   200 
1534   202   201 
1524   202   171 
1534   203   202 
1525   171   203 
1529   190   205 
1530   204   190 
1535   205   204 
1529   205   194 
1535   206   205 
1532   194   206 
1532   206   208 
1535   207   206 
1536   208   207 
1532   208   198 
1536   209   208 
1533   198   209 
1530   193   211 
1531   210   193 
1537   211   210 
1530   211   204 
1537   212   211 
1535   204   212 
1533   209   214 
1536   213   209 
1538   214   213 
1533   214   201 
1538   215   214 
1534   201   215 
1535   212   217 
1537   216   212 
1539   217   216 
1535   217   207 
1539   218   217 
1536   207   218 
1536   218   220 
1539   219   218 
1540   220   219 
1536   220   213 
1540   221   220 
1538   213   221 
1525   203   223 
1534   222   203 
1541   223   222 
1525   223   173 
1541   224   223 
1516   173   224 
1516   224   226 
1541   225   224 
1542   226   225 
1516   226   149 
1542   227   226 
1517   149   227 
1517   227   152 
1542   228   227 
1518   152   228 
1534   215   230 
1538   229   215 
1543   230   229 
1534   230   222 
1543   231   230 
1541   222   231 
1538   221   233 
1540   232   221 
1544   233   232 
1538   233   229 
1544   234   233 
1543   229   234 
1531   191   236 
1521   235   191 
1545   236   235 
1531   236   210 
1545   237   236 
1537   210   237 
1521   160   235 
1520   238   160 
1545   235   238 
1520   165   240 
1522   239   165 
1546   240   239 
1520   240   238 
1546   241   240 
1545   238   241 
1537   237   243 
1545   242   237 
1547   243   242 
1537   243   216 
1547   244   243 
1539   216   244 
1545   241   246 
1546   245   241 
1548   246   245 
1545   246   242 
1548   247   246 
1547   242   247 
1522   168   249 
1523   248   168 
1549   249   248 
1522   249   239 
1549   250   249 
1546   239   250 
1546   250   252 
1549   251   250 
1550   252   251 
1546   252   245 
1550   253   252 
1548   245   253 
1539   244   255 
1547   254   244 
1551   255   254 
1539   255   219 
1551   256   255 
1540   219   256 
1540   256   258 
1551   257   256 
1552   258   257 
1540   258   232 
1552   259   258 
1544   232   259 
1547   247   261 
1548   260   247 
1553   261   260 
1547   261   254 
1553   262   261 
1551   254   262 
1548   253   264 
1550   263   253 
1554   264   263 
1548   264   260 
1554   265   264 
1553   260   265 
1551   262   267 
1553   266   262 
1555   267   266 
1551   267   257 
1555   268   267 
1552   257   268 
1553   265   270 
1554   269   265 
1556   270   269 
1553   270   266 
1556   271   270 
1555   266   271 
1550   251   273 
1549   272   251 
1557   273   272 
1550   273   263 
1557   274   273 
1554   263   274 
1549   248   276 
1523   275   248 
1558   276   275 
1549   276   272 
1558   277   276 
1557   272   277 
1523   166   279 
1505   278   166 
1559   279   278 
1523   279   275 
1559   280   279 
1558   275   280 
1505   118   282 
1489   281   118 
1560   282   281 
1505   282   278 
1560   283   282 
1559   278   283 
1489   74   281 
1488   284   74 
1560   281   284 
1488   84   286 
1492   285   84 
1561   286   285 
1488   286   284 
1561   287   286 
1560   284   287 
1554   274   289 
1557   288   274 
1562   289   288 
1554   289   291 
1562   290   289 
1563   291   290 
1554   291   269 
1563   292   291 
1556   269   292 
1492   87   294 
1493   293   87 
1564   294   293 
1492   294   296 
1564   295   294 
1565   296   295 
1492   296   285 
1565   297   296 
1561   285   297 
1561   297   299 
1565   298   297 
1566   299   298 
1561   299   287 
1566   300   299 
1560   287   300 
1560   300   302 
1566   301   300 
1567   302   301 
1560   302   283 
1567   303   302 
1559   283   303 
1559   303   305 
1567   304   303 
1568   305   304 
1559   305   280 
1568   306   305 
1558   280   306 
1558   306   308 
1568   307   306 
1569   308   307 
1558   308   277 
1569   309   308 
1557   277   309 
1557   309   311 
1569   310   309 
1570   311   310 
1557   311   288 
1570   312   311 
1562   288   312 
1567   301   314 
1566   313   301 
1571   314   313 
1567   314   304 
1571   315   314 
1568   304   315 
1568   315   317 
1571   316   315 
1572   317   316 
1568   317   307 
1572   318   317 
1569   307   318 
1569   318   320 
1572   319   318 
1573   320   319 
1569   320   310 
1573   321   320 
1570   310   321 
1562   312   323 
1570   322   312 
1574   323   322 
1562   323   290 
1574   324   323 
1563   290   324 
1570   321   326 
1573   325   321 
1575   326   325 
1570   326   322 
1575   327   326 
1574   322   327 
1493   94   329 
1495   328   94 
1576   329   328 
1493   329   331 
1576   330   329 
1577   331   330 
1493   331   293 
1577   332   331 
1564   293   332 
1495   91   334 
1494   333   91 
1578   334   333 
1495   334   336 
1578   335   334 
1579   336   335 
1495   336   328 
1579   337   336 
1576   328   337 
1564   332   339 
1577   338   332 
1580   339   338 
1564   339   295 
1580   340   339 
1565   295   340 
1565   340   342 
1580   341   340 
1581   342   341 
1565   342   298 
1581   343   342 
1566   298   343 
1566   343   345 
1581   344   343 
1582   345   344 
1566   345   313 
1582   346   345 
1571   313   346 
1571   346   348 
1582   347   346 
1583   348   347 
1571   348   316 
1583   349   348 
1572   316   349 
1572   349   351 
1583   350   349 
1584   351   350 
1572   351   319 
1584   352   351 
1573   319   352 
1573   352   354 
1584   353   352 
1585   354   353 
1573   354   325 
1585   355   354 
1575   325   355 
1490   107   357 
1500   356   107 
1586   357   356 
1490   357   79 
1586   358   357 
1491   79   358 
1491   358   360 
1586   359   358 
1587   360   359 
1491   360   88 
1587   361   360 
1494   88   361 
1494   361   363 
1587   362   361 
1588   363   362 
1494   363   333 
1588   364   363 
1578   333   364 
1500   157   366 
1519   365   157 
1589   366   365 
1500   366   356 
1589   367   366 
1586   356   367 
1587   359   369 
1586   368   359 
1590   369   368 
1587   369   362 
1590   370   369 
1588   362   370 
1586   367   372 
1589   371   367 
1591   372   371 
1586   372   368 
1591   373   372 
1590   368   373 
1578   364   375 
1588   374   364 
1592   375   374 
1578   375   335 
1592   376   375 
1579   335   376 
1588   370   378 
1590   377   370 
1593   378   377 
1588   378   374 
1593   379   378 
1592   374   379 
1590   373   381 
1591   380   373 
1594   381   380 
1590   381   377 
1594   382   381 
1593   377   382 
1591   371   384 
1589   383   371 
1595   384   383 
1591   384   380 
1595   385   384 
1594   380   385 
1581   341   387 
1580   386   341 
1596   387   386 
1581   387   344 
1596   388   387 
1582   344   388 
1582   388   390 
1596   389   388 
1597   390   389 
1582   390   347 
1597   391   390 
1583   347   391 
1580   338   393 
1577   392   338 
1598   393   392 
1580   393   395 
1598   394   393 
1599   395   394 
1580   395   386 
1599   396   395 
1596   386   396 
1577   330   398 
1576   397   330 
1600   398   397 
1577   398   392 
1600   399   398 
1598   392   399 
1576   337   397 
1579   400   337 
1600   397   400 
1579   376   402 
1592   401   376 
1601   402   401 
1579   402   400 
1601   403   402 
1600   400   403 
1589   365   405 
1519   404   365 
1602   405   404 
1589   405   407 
1602   406   405 
1603   407   406 
1589   407   383 
1603   408   407 
1595   383   408 
1519   155   410 
1518   409   155 
1604   410   409 
1519   410   404 
1604   411   410 
1602   404   411 
1518   228   409 
1542   412   228 
1604   409   412 
1542   225   414 
1541   413   225 
1605   414   413 
1542   414   412 
1605   415   414 
1604   412   415 
1541   231   417 
1543   416   231 
1606   417   416 
1541   417   413 
1606   418   417 
1605   413   418 
1543   234   420 
1544   419   234 
1607   420   419 
1543   420   416 
1607   421   420 
1606   416   421 
1544   259   423 
1552   422   259 
1608   423   422 
1544   423   419 
1608   424   423 
1607   419   424 
1552   268   426 
1555   425   268 
1609   426   425 
1552   426   422 
1609   427   426 
1608   422   427 
1604   415   429 
1605   428   415 
1610   429   428 
1604   429   411 
1610   430   429 
1602   411   430 
1602   430   406 
1610   431   430 
1603   406   431 
1605   418   433 
1606   432   418 
1611   433   432 
1605   433   428 
1611   434   433 
1610   428   434 
1606   421   432 
1607   435   421 
1611   432   435 
1607   424   437 
1608   436   424 
1612   437   436 
1607   437   435 
1612   438   437 
1611   435   438 
1608   427   440 
1609   439   427 
1613   440   439 
1608   440   436 
1613   441   440 
1612   436   441 
1611   438   443 
1612   442   438 
1614   443   442 
1611   443   445 
1614   444   443 
1615   445   444 
1611   445   434 
1615   446   445 
1610   434   446 
1610   446   448 
1615   447   446 
1616   448   447 
1610   448   431 
1616   449   448 
1603   431   449 
1603   449   451 
1616   450   449 
1617   451   450 
1603   451   408 
1617   452   451 
1595   408   452 
1612   441   454 
1613   453   441 
1618   454   453 
1612   454   442 
1618   455   454 
1614   442   455 
1595   452   457 
1617   456   452 
1619   457   456 
1595   457   385 
1619   458   457 
1594   385   458 
1555   271   460 
1556   459   271 
1620   460   459 
1555   460   425 
1620   461   460 
1609   425   461 
1609   461   463 
1620   462   461 
1621   463   462 
1609   463   439 
1621   464   463 
1613   439   464 
1556   292   466 
1563   465   292 
1622   466   465 
1556   466   459 
1622   467   466 
1620   459   467 
1563   324   469 
1574   468   324 
1623   469   468 
1563   469   465 
1623   470   469 
1622   465   470 
1613   464   472 
1621   471   464 
1624   472   471 
1613   472   453 
1624   473   472 
1618   453   473 
1620   467   475 
1622   474   467 
1625   475   474 
1620   475   462 
1625   476   475 
1621   462   476 
1622   470   478 
1623   477   470 
1626   478   477 
1622   478   474 
1626   479   478 
1625   474   479 
1621   476   481 
1625   480   476 
1627   481   480 
1621   481   471 
1627   482   481 
1624   471   482 
1625   479   484 
1626   483   479 
1628   484   483 
1625   484   486 
1628   485   484 
1629   486   485 
1625   486   480 
1629   487   486 
1627   480   487 
1623   468   489 
1574   488   468 
1630   489   488 
1623   489   477 
1630   490   489 
1626   477   490 
1574   327   492 
1575   491   327 
1631   492   491 
1574   492   488 
1631   493   492 
1630   488   493 
1575   355   491 
1585   494   355 
1631   491   494 
1626   490   496 
1630   495   490 
1632   496   495 
1626   496   483 
1632   497   496 
1628   483   497 
1630   493   499 
1631   498   493 
1633   499   498 
1630   499   495 
1633   500   499 
1632   495   500 
1631   494   502 
1585   501   494 
1634   502   501 
1631   502   498 
1634   503   502 
1633   498   503 
1615   444   505 
1614   504   444 
1635   505   504 
1615   505   447 
1635   506   505 
1616   447   506 
1614   455   508 
1618   507   455 
1636   508   507 
1614   508   504 
1636   509   508 
1635   504   509 
1618   473   511 
1624   510   473 
1637   511   510 
1618   511   507 
1637   512   511 
1636   507   512 
1616   506   514 
1635   513   506 
1638   514   513 
1616   514   450 
1638   515   514 
1617   450   515 
1617   515   517 
1638   516   515 
1639   517   516 
1617   517   456 
1639   518   517 
1619   456   518 
1624   482   520 
1627   519   482 
1640   520   519 
1624   520   510 
1640   521   520 
1637   510   521 
1627   487   523 
1629   522   487 
1641   523   522 
1627   523   519 
1641   524   523 
1640   519   524 
1636   512   526 
1637   525   512 
1642   526   525 
1636   526   509 
1642   527   526 
1635   509   527 
1635   527   529 
1642   528   527 
1643   529   528 
1635   529   513 
1643   530   529 
1638   513   530 
1638   530   532 
1643   531   530 
1644   532   531 
1638   532   516 
1644   533   532 
1639   516   533 
1637   521   535 
1640   534   521 
1645   535   534 
1637   535   537 
1645   536   535 
1646   537   536 
1637   537   525 
1646   538   537 
1642   525   538 
1640   524   540 
1641   539   524 
1647   540   539 
1640   540   534 
1647   541   540 
1645   534   541 
1643   528   543 
1642   542   528 
1648   543   542 
1643   543   531 
1648   544   543 
1644   531   544 
1642   538   542 
1646   545   538 
1648   542   545 
1645   541   547 
1647   546   541 
1649   547   546 
1645   547   536 
1649   548   547 
1646   536   548 
1646   548   550 
1649   549   548 
1650   550   549 
1646   550   545 
1650   551   550 
1648   545   551 
1583   391   553 
1597   552   391 
1651   553   552 
1583   553   555 
1651   554   553 
1652   555   554 
1583   555   350 
1652   556   555 
1584   350   556 
1584   556   558 
1652   557   556 
1653   558   557 
1584   558   353 
1653   559   558 
1585   353   559 
1585   559   561 
1653   560   559 
1654   561   560 
1585   561   501 
1654   562   561 
1634   501   562 
1634   562   564 
1654   563   562 
1655   564   563 
1634   564   503 
1655   565   564 
1633   503   565 
1633   565   567 
1655   566   565 
1656   567   566 
1633   567   569 
1656   568   567 
1657   569   568 
1633   569   500 
1657   570   569 
1632   500   570 
1632   570   572 
1657   571   570 
1658   572   571 
1632   572   574 
1658   573   572 
1659   574   573 
1632   574   497 
1659   575   574 
1628   497   575 
1628   575   577 
1659   576   575 
1660   577   576 
1628   577   485 
1660   578   577 
1629   485   578 
1629   578   522 
1660   579   578 
1641   522   579 
1657   568   581 
1656   580   568 
1661   581   580 
1657   581   571 
1661   582   581 
1658   571   582 
1659   573   584 
1658   583   573 
1662   584   583 
1659   584   576 
1662   585   584 
1660   576   585 
1658   582   587 
1661   586   582 
1663   587   586 
1658   587   583 
1663   588   587 
1662   583   588 
1660   585   590 
1662   589   585 
1664   590   589 
1660   590   592 
1664   591   590 
1665   592   591 
1660   592   579 
1665   593   592 
1641   579   593 
1641   593   595 
1665   594   593 
1666   595   594 
1641   595   539 
1666   596   595 
1647   539   596 
1647   596   598 
1666   597   596 
1667   598   597 
1647   598   600 
1667   599   598 
1668   600   599 
1647   600   546 
1668   601   600 
1649   546   601 
1656   566   603 
1655   602   566 
1669   603   602 
1656   603   580 
1669   604   603 
1661   580   604 
1662   588   606 
1663   605   588 
1670   606   605 
1662   606   589 
1670   607   606 
1664   589   607 
1655   563   609 
1654   608   563 
1671   609   608 
1655   609   611 
1671   610   609 
1672   611   610 
1655   611   602 
1672   612   611 
1669   602   612 
1654   560   614 
1653   613   560 
1673   614   613 
1654   614   608 
1673   615   614 
1671   608   615 
1653   557   613 
1652   616   557 
1673   613   616 
1652   554   618 
1651   617   554 
1674   618   617 
1652   618   616 
1674   619   618 
1673   616   619 
1649   601   621 
1668   620   601 
1675   621   620 
1649   621   549 
1675   622   621 
1650   549   622 
1650   622   624 
1675   623   622 
1676   624   623 
1650   624   551 
1676   625   624 
1648   551   625 
1648   625   627 
1676   626   625 
1677   627   626 
1648   627   544 
1677   628   627 
1644   544   628 
1644   628   630 
1677   629   628 
1678   630   629 
1644   630   533 
1678   631   630 
1639   533   631 
1639   631   633 
1678   632   631 
1679   633   632 
1639   633   518 
1679   634   633 
1619   518   634 
1619   634   636 
1679   635   634 
1680   636   635 
1619   636   458 
1680   637   636 
1594   458   637 
1594   637   639 
1680   638   637 
1681   639   638 
1594   639   382 
1681   640   639 
1593   382   640 
1593   640   642 
1681   641   640 
1682   642   641 
1593   642   379 
1682   643   642 
1592   379   643 
1592   643   645 
1682   644   643 
1683   645   644 
1592   645   401 
1683   646   645 
1601   401   646 
1596   396   648 
1599   647   396 
1684   648   647 
1596   648   389 
1684   649   648 
1597   389   649 
1597   649   651 
1684   650   649 
1685   651   650 
1597   651   552 
1685   652   651 
1651   552   652 
1651   652   617 
1685   653   652 
1674   617   653 
1661   604   655 
1669   654   604 
1686   655   654 
1661   655   586 
1686   656   655 
1663   586   656 
1663   656   658 
1686   657   656 
1687   658   657 
1663   658   605 
1687   659   658 
1670   605   659 
1669   612   661 
1672   660   612 
1688   661   660 
1669   661   663 
1688   662   661 
1689   663   662 
1669   663   654 
1689   664   663 
1686   654   664 
1665   591   666 
1664   665   591 
1690   666   665 
1665   666   594 
1690   667   666 
1666   594   667 
1664   607   669 
1670   668   607 
1691   669   668 
1664   669   665 
1691   670   669 
1690   665   670 
1666   667   672 
1690   671   667 
1692   672   671 
1666   672   597 
1692   673   672 
1667   597   673 
1667   673   675 
1692   674   673 
1693   675   674 
1667   675   599 
1693   676   675 
1668   599   676 
1668   676   678 
1693   677   676 
1694   678   677 
1668   678   620 
1694   679   678 
1675   620   679 
1670   659   681 
1687   680   659 
1695   681   680 
1670   681   668 
1695   682   681 
1691   668   682 
1686   664   684 
1689   683   664 
1696   684   683 
1686   684   686 
1696   685   684 
1697   686   685 
1686   686   657 
1697   687   686 
1687   657   687 
1687   687   689 
1697   688   687 
1698   689   688 
1687   689   680 
1698   690   689 
1695   680   690 
1673   619   692 
1674   691   619 
1699   692   691 
1673   692   694 
1699   693   692 
1700   694   693 
1673   694   615 
1700   695   694 
1671   615   695 
1671   695   610 
1700   696   695 
1672   610   696 
1672   696   698 
1700   697   696 
1701   698   697 
1672   698   660 
1701   699   698 
1688   660   699 
1674   653   701 
1685   700   653 
1702   701   700 
1674   701   703 
1702   702   701 
1703   703   702 
1674   703   691 
1703   704   703 
1699   691   704 
1685   650   706 
1684   705   650 
1704   706   705 
1685   706   700 
1704   707   706 
1702   700   707 
1700   693   709 
1699   708   693 
1705   709   708 
1700   709   697 
1705   710   709 
1701   697   710 
1699   704   712 
1703   711   704 
1706   712   711 
1699   712   708 
1706   713   712 
1705   708   713 
1702   707   715 
1704   714   707 
1707   715   714 
1702   715   702 
1707   716   715 
1703   702   716 
1703   716   718 
1707   717   716 
1708   718   717 
1703   718   711 
1708   719   718 
1706   711   719 
1706   719   721 
1708   720   719 
1709   721   720 
1706   721   713 
1709   722   721 
1705   713   722 
1705   722   724 
1709   723   722 
1710   724   723 
1705   724   710 
1710   725   724 
1701   710   725 
1701   725   727 
1710   726   725 
1711   727   726 
1701   727   699 
1711   728   727 
1688   699   728 
1688   728   730 
1711   729   728 
1712   730   729 
1688   730   662 
1712   731   730 
1689   662   731 
1689   731   733 
1712   732   731 
1713   733   732 
1689   733   683 
1713   734   733 
1696   683   734 
1684   647   736 
1599   735   647 
1714   736   735 
1684   736   738 
1714   737   736 
1715   738   737 
1684   738   705 
1715   739   738 
1704   705   739 
1599   394   741 
1598   740   394 
1716   741   740 
1599   741   735 
1716   742   741 
1714   735   742 
1598   399   740 
1600   743   399 
1716   740   743 
1600   403   745 
1601   744   403 
1717   745   744 
1600   745   743 
1717   746   745 
1716   743   746 
1601   646   748 
1683   747   646 
1718   748   747 
1601   748   744 
1718   749   748 
1717   744   749 
1704   739   751 
1715   750   739 
1719   751   750 
1704   751   714 
1719   752   751 
1707   714   752 
1716   746   754 
1717   753   746 
1720   754   753 
1716   754   756 
1720   755   754 
1721   756   755 
1716   756   742 
1721   757   756 
1714   742   757 
1714   757   737 
1721   758   757 
1715   737   758 
1715   758   760 
1721   759   758 
1722   760   759 
1715   760   750 
1722   761   760 
1719   750   761 
1717   749   763 
1718   762   749 
1723   763   762 
1717   763   753 
1723   764   763 
1720   753   764 
1721   755   766 
1720   765   755 
1724   766   765 
1721   766   759 
1724   767   766 
1722   759   767 
1720   764   769 
1723   768   764 
1725   769   768 
1720   769   765 
1725   770   769 
1724   765   770 
1707   752   772 
1719   771   752 
1726   772   771 
1707   772   717 
1726   773   772 
1708   717   773 
1708   773   775 
1726   774   773 
1727   775   774 
1708   775   720 
1727   776   775 
1709   720   776 
1719   761   778 
1722   777   761 
1728   778   777 
1719   778   780 
1728   779   778 
1729   780   779 
1719   780   771 
1729   781   780 
1726   771   781 
1722   767   783 
1724   782   767 
1730   783   782 
1722   783   777 
1730   784   783 
1728   777   784 
1724   770   786 
1725   785   770 
1731   786   785 
1724   786   782 
1731   787   786 
1730   782   787 
1728   784   789 
1730   788   784 
1732   789   788 
1728   789   779 
1732   790   789 
1729   779   790 
1730   787   792 
1731   791   787 
1733   792   791 
1730   792   788 
1733   793   792 
1732   788   793 
1729   790   795 
1732   794   790 
1734   795   794 
1729   795   781 
1734   796   795 
1726   781   796 
1726   796   798 
1734   797   796 
1735   798   797 
1726   798   774 
1735   799   798 
1727   774   799 
1709   776   801 
1727   800   776 
1736   801   800 
1709   801   723 
1736   802   801 
1710   723   802 
1727   799   804 
1735   803   799 
1737   804   803 
1727   804   800 
1737   805   804 
1736   800   805 
1710   802   807 
1736   806   802 
1738   807   806 
1710   807   809 
1738   808   807 
1739   809   808 
1710   809   726 
1739   810   809 
1711   726   810 
1711   810   812 
1739   811   810 
1740   812   811 
1711   812   729 
1740   813   812 
1712   729   813 
1712   813   732 
1740   814   813 
1713   732   814 
1735   797   816 
1734   815   797 
1741   816   815 
1735   816   803 
1741   817   816 
1737   803   817 
1734   794   819 
1732   818   794 
1742   819   818 
1734   819   821 
1742   820   819 
1743   821   820 
1734   821   815 
1743   822   821 
1741   815   822 
1732   793   824 
1733   823   793 
1744   824   823 
1732   824   818 
1744   825   824 
1742   818   825 
1739   808   827 
1738   826   808 
1745   827   826 
1739   827   811 
1745   828   827 
1740   811   828 
1738   806   830 
1736   829   806 
1746   830   829 
1738   830   826 
1746   831   830 
1745   826   831 
1736   805   833 
1737   832   805 
1747   833   832 
1736   833   829 
1747   834   833 
1746   829   834 
1737   817   836 
1741   835   817 
1748   836   835 
1737   836   832 
1748   837   836 
1747   832   837 
1747   837   839 
1748   838   837 
1749   839   838 
1747   839   834 
1749   840   839 
1746   834   840 
1746   840   842 
1749   841   840 
1750   842   841 
1746   842   844 
1750   843   842 
1751   844   843 
1750   846   843 
1752   845   846 
1751   843   845 
1746   844   831 
1751   847   844 
1745   831   847 
1750   841   849 
1749   848   841 
1753   849   848 
1752   852   851 
1754   850   852 
1755   851   850 
1752   851   845 
1755   853   851 
1751   845   853 
1751   853   847 
1755   854   853 
1745   847   854 
1745   854   856 
1755   855   854 
1756   856   855 
1745   856   828 
1756   857   856 
1740   828   857 
1755   850   859 
1754   858   850 
1757   859   858 
1755   859   855 
1757   860   859 
1756   855   860 
1754   862   858 
1758   861   862 
1757   858   861 
1740   857   864 
1756   863   857 
1759   864   863 
1740   864   814 
1759   865   864 
1713   814   865 
1756   860   863 
1757   866   860 
1759   863   866 
1749   838   868 
1748   867   838 
1760   868   867 
1749   868   848 
1760   869   868 
1753   848   869 
1753   869   871 
1760   870   869 
1761   871   870 
1748   835   873 
1741   872   835 
1762   873   872 
1748   873   867 
1762   874   873 
1760   867   874 
1741   822   872 
1743   875   822 
1762   872   875 
1760   874   877 
1762   876   874 
1763   877   876 
1760   877   870 
1763   878   877 
1761   870   878 
1761   878   880 
1763   879   878 
1764   880   879 
1762   875   882 
1743   881   875 
1765   882   881 
1762   882   876 
1765   883   882 
1763   876   883 
1743   820   885 
1742   884   820 
1766   885   884 
1743   885   881 
1766   886   885 
1765   881   886 
1742   825   884 
1744   887   825 
1766   884   887 
1763   883   889 
1765   888   883 
1767   889   888 
1763   889   891 
1767   890   889 
1768   891   890 
1763   891   879 
1768   892   891 
1764   879   892 
1764   892   894 
1768   893   892 
1769   894   893 
1764   894   896 
1769   895   894 
1770   896   895 
1765   886   898 
1766   897   886 
1771   898   897 
1765   898   888 
1771   899   898 
1767   888   899 
1713   865   901 
1759   900   865 
1772   901   900 
1713   901   734 
1772   902   901 
1696   734   902 
1696   902   904 
1772   903   902 
1773   904   903 
1696   904   685 
1773   905   904 
1697   685   905 
1697   905   688 
1773   906   905 
1698   688   906 
1759   866   908 
1757   907   866 
1774   908   907 
1759   908   910 
1774   909   908 
1775   910   909 
1759   910   900 
1775   911   910 
1772   900   911 
1757   861   907 
1758   912   861 
1774   907   912 
1758   914   912 
1776   913   914 
1774   912   913 
1774   913   916 
1776   915   913 
1777   916   915 
1774   916   909 
1777   917   916 
1775   909   917 
1776   920   919 
1778   918   920 
1779   919   918 
1776   919   915 
1779   921   919 
1777   915   921 
1772   911   923 
1775   922   911 
1780   923   922 
1772   923   903 
1780   924   923 
1773   903   924 
1775   917   922 
1777   925   917 
1780   922   925 
1777   921   927 
1779   926   921 
1781   927   926 
1777   927   925 
1781   928   927 
1780   925   928 
1773   924   930 
1780   929   924 
1782   930   929 
1773   930   906 
1782   931   930 
1698   906   931 
1780   928   929 
1781   932   928 
1782   929   932 
1698   931   934 
1782   933   931 
1783   934   933 
1698   934   690 
1783   935   934 
1695   690   935 
1768   890   937 
1767   936   890 
1784   937   936 
1768   937   893 
1784   938   937 
1769   893   938 
1767   899   936 
1771   939   899 
1784   936   939 
1770   895   941 
1769   940   895 
1785   941   940 
1770   941   943 
1785   942   941 
1786   943   942 
1769   938   945 
1784   944   938 
1787   945   944 
1769   945   940 
1787   946   945 
1785   940   946 
1778   949   948 
1788   947   949 
1789   948   947 
1778   948   918 
1789   950   948 
1779   918   950 
1779   950   926 
1789   951   950 
1781   926   951 
1782   932   953 
1781   952   932 
1790   953   952 
1782   953   955 
1790   954   953 
1791   955   954 
1782   955   933 
1791   956   955 
1783   933   956 
1781   951   952 
1789   957   951 
1790   952   957 
1766   887   959 
1744   958   887 
1792   959   958 
1766   959   961 
1792   960   959 
1793   961   960 
1766   961   897 
1793   962   961 
1771   897   962 
1771   962   964 
1793   963   962 
1794   964   963 
1771   964   939 
1794   965   964 
1784   939   965 
1784   965   944 
1794   966   965 
1787   944   966 
1744   823   968 
1733   967   823 
1795   968   967 
1744   968   958 
1795   969   968 
1792   958   969 
1733   791   971 
1731   970   791 
1796   971   970 
1733   971   967 
1796   972   971 
1795   967   972 
1786   942   974 
1785   973   942 
1797   974   973 
1786   974   976 
1797   975   974 
1788   976   975 
1788   975   947 
1797   977   975 
1789   947   977 
1789   977   979 
1797   978   977 
1798   979   978 
1789   979   957 
1798   980   979 
1790   957   980 
1790   980   982 
1798   981   980 
1799   982   981 
1790   982   954 
1799   983   982 
1791   954   983 
1785   946   985 
1787   984   946 
1800   985   984 
1785   985   973 
1800   986   985 
1797   973   986 
1797   986   988 
1800   987   986 
1801   988   987 
1797   988   978 
1801   989   988 
1798   978   989 
1798   989   981 
1801   990   989 
1799   981   990 
1787   966   992 
1794   991   966 
1802   992   991 
1787   992   984 
1802   993   992 
1800   984   993 
1800   993   995 
1802   994   993 
1803   995   994 
1800   995   987 
1803   996   995 
1801   987   996 
1801   996   990 
1803   997   996 
1799   990   997 
1792   969   999 
1795   998   969 
1804   999   998 
1792   999   960 
1804   1000   999 
1793   960   1000 
1793   1000   1002 
1804   1001   1000 
1805   1002   1001 
1793   1002   963 
1805   1003   1002 
1794   963   1003 
1794   1003   991 
1805   1004   1003 
1802   991   1004 
1802   1004   1006 
1805   1005   1004 
1806   1006   1005 
1802   1006   994 
1806   1007   1006 
1803   994   1007 
1805   1001   1009 
1804   1008   1001 
1807   1009   1008 
1805   1009   1005 
1807   1010   1009 
1806   1005   1010 
1795   972   1012 
1796   1011   972 
1808   1012   1011 
1795   1012   998 
1808   1013   1012 
1804   998   1013 
1804   1013   1008 
1808   1014   1013 
1807   1008   1014 
1803   1007   1016 
1806   1015   1007 
1809   1016   1015 
1803   1016   997 
1809   1017   1016 
1799   997   1017 
1799   1017   1019 
1809   1018   1017 
1810   1019   1018 
1799   1019   983 
1810   1020   1019 
1791   983   1020 
1791   1020   956 
1810   1021   1020 
1783   956   1021 
1806   1010   1023 
1807   1022   1010 
1811   1023   1022 
1806   1023   1015 
1811   1024   1023 
1809   1015   1024 
1807   1014   1026 
1808   1025   1014 
1812   1026   1025 
1807   1026   1022 
1812   1027   1026 
1811   1022   1027 
1783   1021   1029 
1810   1028   1021 
1813   1029   1028 
1783   1029   935 
1813   1030   1029 
1695   935   1030 
1695   1030   1032 
1813   1031   1030 
1814   1032   1031 
1695   1032   682 
1814   1033   1032 
1691   682   1033 
1691   1033   1035 
1814   1034   1033 
1815   1035   1034 
1691   1035   670 
1815   1036   1035 
1690   670   1036 
1690   1036   1038 
1815   1037   1036 
1816   1038   1037 
1690   1038   671 
1816   1039   1038 
1692   671   1039 
1692   1039   1041 
1816   1040   1039 
1817   1041   1040 
1692   1041   674 
1817   1042   1041 
1693   674   1042 
1810   1018   1044 
1809   1043   1018 
1818   1044   1043 
1810   1044   1028 
1818   1045   1044 
1813   1028   1045 
1809   1024   1043 
1811   1046   1024 
1818   1043   1046 
1813   1045   1048 
1818   1047   1045 
1819   1048   1047 
1813   1048   1031 
1819   1049   1048 
1814   1031   1049 
1814   1049   1034 
1819   1050   1049 
1815   1034   1050 
1811   1027   1052 
1812   1051   1027 
1820   1052   1051 
1811   1052   1046 
1820   1053   1052 
1818   1046   1053 
1818   1053   1047 
1820   1054   1053 
1819   1047   1054 
1819   1054   1056 
1820   1055   1054 
1821   1056   1055 
1819   1056   1050 
1821   1057   1056 
1815   1050   1057 
1815   1057   1037 
1821   1058   1057 
1816   1037   1058 
1820   1051   1060 
1812   1059   1051 
1822   1060   1059 
1820   1060   1055 
1822   1061   1060 
1821   1055   1061 
1812   1025   1063 
1808   1062   1025 
1823   1063   1062 
1812   1063   1059 
1823   1064   1063 
1822   1059   1064 
1808   1011   1062 
1796   1065   1011 
1823   1062   1065 
1816   1058   1067 
1821   1066   1058 
1824   1067   1066 
1816   1067   1040 
1824   1068   1067 
1817   1040   1068 
1796   970   1070 
1731   1069   970 
1825   1070   1069 
1796   1070   1065 
1825   1071   1070 
1823   1065   1071 
1731   785   1069 
1725   1072   785 
1825   1069   1072 
1725   768   1074 
1723   1073   768 
1826   1074   1073 
1725   1074   1076 
1826   1075   1074 
1827   1076   1075 
1725   1076   1072 
1827   1077   1076 
1825   1072   1077 
1723   762   1079 
1718   1078   762 
1828   1079   1078 
1723   1079   1073 
1828   1080   1079 
1826   1073   1080 
1718   747   1082 
1683   1081   747 
1829   1082   1081 
1718   1082   1078 
1829   1083   1082 
1828   1078   1083 
1683   644   1081 
1682   1084   644 
1829   1081   1084 
1682   641   1086 
1681   1085   641 
1830   1086   1085 
1682   1086   1084 
1830   1087   1086 
1829   1084   1087 
1681   638   1089 
1680   1088   638 
1831   1089   1088 
1681   1089   1085 
1831   1090   1089 
1830   1085   1090 
1680   635   1092 
1679   1091   635 
1832   1092   1091 
1680   1092   1088 
1832   1093   1092 
1831   1088   1093 
1679   632   1095 
1678   1094   632 
1833   1095   1094 
1679   1095   1091 
1833   1096   1095 
1832   1091   1096 
1678   629   1098 
1677   1097   629 
1834   1098   1097 
1678   1098   1094 
1834   1099   1098 
1833   1094   1099 
1677   626   1101 
1676   1100   626 
1835   1101   1100 
1677   1101   1097 
1835   1102   1101 
1834   1097   1102 
1676   623   1104 
1675   1103   623 
1836   1104   1103 
1676   1104   1106 
1836   1105   1104 
1837   1106   1105 
1676   1106   1100 
1837   1107   1106 
1835   1100   1107 
1675   679   1109 
1694   1108   679 
1838   1109   1108 
1675   1109   1103 
1838   1110   1109 
1836   1103   1110 
1821   1061   1112 
1822   1111   1061 
1839   1112   1111 
1821   1112   1066 
1839   1113   1112 
1824   1066   1113 
1822   1064   1115 
1823   1114   1064 
1840   1115   1114 
1822   1115   1111 
1840   1116   1115 
1839   1111   1116 
1823   1071   1114 
1825   1117   1071 
1840   1114   1117 
1825   1077   1119 
1827   1118   1077 
1841   1119   1118 
1825   1119   1117 
1841   1120   1119 
1840   1117   1120 
1836   1110   1122 
1838   1121   1110 
1842   1122   1121 
1836   1122   1105 
1842   1123   1122 
1837   1105   1123 
1694   677   1125 
1693   1124   677 
1843   1125   1124 
1694   1125   1108 
1843   1126   1125 
1838   1108   1126 
1693   1042   1128 
1817   1127   1042 
1844   1128   1127 
1693   1128   1124 
1844   1129   1128 
1843   1124   1129 
1817   1068   1131 
1824   1130   1068 
1845   1131   1130 
1817   1131   1127 
1845   1132   1131 
1844   1127   1132 
1838   1126   1134 
1843   1133   1126 
1846   1134   1133 
1838   1134   1121 
1846   1135   1134 
1842   1121   1135 
1824   1113   1137 
1839   1136   1113 
1847   1137   1136 
1824   1137   1139 
1847   1138   1137 
1848   1139   1138 
1824   1139   1130 
1848   1140   1139 
1845   1130   1140 
1839   1116   1142 
1840   1141   1116 
1849   1142   1141 
1839   1142   1144 
1849   1143   1142 
1850   1144   1143 
1839   1144   1136 
1850   1145   1144 
1847   1136   1145 
1840   1120   1147 
1841   1146   1120 
1851   1147   1146 
1840   1147   1141 
1851   1148   1147 
1849   1141   1148 
1847   1145   1150 
1850   1149   1145 
1852   1150   1149 
1847   1150   1138 
1852   1151   1150 
1848   1138   1151 
1844   1132   1153 
1845   1152   1132 
1853   1153   1152 
1844   1153   1129 
1853   1154   1153 
1843   1129   1154 
1843   1154   1156 
1853   1155   1154 
1854   1156   1155 
1843   1156   1133 
1854   1157   1156 
1846   1133   1157 
1845   1140   1159 
1848   1158   1140 
1855   1159   1158 
1845   1159   1152 
1855   1160   1159 
1853   1152   1160 
1848   1151   1158 
1852   1161   1151 
1855   1158   1161 
1849   1148   1163 
1851   1162   1148 
1856   1163   1162 
1849   1163   1143 
1856   1164   1163 
1850   1143   1164 
1850   1164   1166 
1856   1165   1164 
1857   1166   1165 
1850   1166   1149 
1857   1167   1166 
1852   1149   1167 
1853   1160   1169 
1855   1168   1160 
1858   1169   1168 
1853   1169   1155 
1858   1170   1169 
1854   1155   1170 
1855   1161   1172 
1852   1171   1161 
1859   1172   1171 
1855   1172   1174 
1859   1173   1172 
1860   1174   1173 
1855   1174   1168 
1860   1175   1174 
1858   1168   1175 
1852   1167   1177 
1857   1176   1167 
1861   1177   1176 
1852   1177   1171 
1861   1178   1177 
1859   1171   1178 
1859   1178   1180 
1861   1179   1178 
1862   1180   1179 
1859   1180   1173 
1862   1181   1180 
1860   1173   1181 
1860   1181   1183 
1862   1182   1181 
1863   1183   1182 
1860   1183   1175 
1863   1184   1183 
1858   1175   1184 
1854   1170   1186 
1858   1185   1170 
1864   1186   1185 
1854   1186   1157 
1864   1187   1186 
1846   1157   1187 
1858   1184   1189 
1863   1188   1184 
1865   1189   1188 
1858   1189   1185 
1865   1190   1189 
1864   1185   1190 
1846   1187   1192 
1864   1191   1187 
1866   1192   1191 
1846   1192   1135 
1866   1193   1192 
1842   1135   1193 
1864   1190   1195 
1865   1194   1190 
1867   1195   1194 
1864   1195   1197 
1867   1196   1195 
1868   1197   1196 
1864   1197   1191 
1868   1198   1197 
1866   1191   1198 
1865   1188   1200 
1863   1199   1188 
1869   1200   1199 
1865   1200   1194 
1869   1201   1200 
1867   1194   1201 
1863   1182   1203 
1862   1202   1182 
1870   1203   1202 
1863   1205   1199 
1871   1204   1205 
1869   1199   1204 
1871   1207   1204 
1872   1206   1207 
1869   1204   1206 
1871   1205   1208 
1863   1203   1205 
1870   1208   1203 
1871   1208   1210 
1870   1209   1208 
1873   1210   1209 
1873   1209   1212 
1870   1211   1209 
1874   1212   1211 
1873   1212   1214 
1874   1213   1212 
1875   1214   1213 
1870   1202   1211 
1862   1215   1202 
1874   1211   1215 
1862   1179   1217 
1861   1216   1179 
1876   1217   1216 
1862   1217   1215 
1876   1218   1217 
1874   1215   1218 
1872   1221   1220 
1877   1219   1221 
1878   1220   1219 
1872   1220   1206 
1878   1222   1220 
1869   1206   1222 
1869   1222   1201 
1878   1223   1222 
1867   1201   1223 
1867   1223   1225 
1878   1224   1223 
1879   1225   1224 
1867   1225   1196 
1879   1226   1225 
1868   1196   1226 
1878   1219   1224 
1877   1227   1219 
1879   1224   1227 
1877   1229   1227 
1880   1228   1229 
1879   1227   1228 
1861   1176   1231 
1857   1230   1176 
1881   1231   1230 
1861   1231   1216 
1881   1232   1231 
1876   1216   1232 
1857   1165   1234 
1856   1233   1165 
1882   1234   1233 
1857   1234   1230 
1882   1235   1234 
1881   1230   1235 
1856   1162   1237 
1851   1236   1162 
1883   1237   1236 
1856   1237   1239 
1883   1238   1237 
1884   1239   1238 
1856   1239   1233 
1884   1240   1239 
1882   1233   1240 
1851   1146   1242 
1841   1241   1146 
1885   1242   1241 
1851   1242   1236 
1885   1243   1242 
1883   1236   1243 
1841   1118   1245 
1827   1244   1118 
1886   1245   1244 
1841   1245   1241 
1886   1246   1245 
1885   1241   1246 
1827   1075   1244 
1826   1247   1075 
1886   1244   1247 
1826   1080   1249 
1828   1248   1080 
1887   1249   1248 
1826   1249   1247 
1887   1250   1249 
1886   1247   1250 
1828   1083   1252 
1829   1251   1083 
1888   1252   1251 
1828   1252   1248 
1888   1253   1252 
1887   1248   1253 
1829   1087   1255 
1830   1254   1087 
1889   1255   1254 
1829   1255   1251 
1889   1256   1255 
1888   1251   1256 
1830   1090   1258 
1831   1257   1090 
1890   1258   1257 
1830   1258   1254 
1890   1259   1258 
1889   1254   1259 
1831   1093   1261 
1832   1260   1093 
1891   1261   1260 
1831   1261   1257 
1891   1262   1261 
1890   1257   1262 
1832   1096   1264 
1833   1263   1096 
1892   1264   1263 
1832   1264   1260 
1892   1265   1264 
1891   1260   1265 
1833   1099   1263 
1834   1266   1099 
1892   1263   1266 
1886   1250   1268 
1887   1267   1250 
1893   1268   1267 
1886   1268   1246 
1893   1269   1268 
1885   1246   1269 
1887   1253   1271 
1888   1270   1253 
1894   1271   1270 
1887   1271   1267 
1894   1272   1271 
1893   1267   1272 
1888   1256   1274 
1889   1273   1256 
1895   1274   1273 
1888   1274   1270 
1895   1275   1274 
1894   1270   1275 
1889   1259   1273 
1890   1276   1259 
1895   1273   1276 
1890   1262   1278 
1891   1277   1262 
1896   1278   1277 
1890   1278   1276 
1896   1279   1278 
1895   1276   1279 
1891   1265   1281 
1892   1280   1265 
1897   1281   1280 
1891   1281   1277 
1897   1282   1281 
1896   1277   1282 
1885   1269   1284 
1893   1283   1269 
1898   1284   1283 
1885   1284   1286 
1898   1285   1284 
1899   1286   1285 
1885   1286   1243 
1899   1287   1286 
1883   1243   1287 
1883   1287   1238 
1899   1288   1287 
1884   1238   1288 
1893   1272   1290 
1894   1289   1272 
1900   1290   1289 
1893   1290   1283 
1900   1291   1290 
1898   1283   1291 
1894   1275   1293 
1895   1292   1275 
1901   1293   1292 
1894   1293   1289 
1901   1294   1293 
1900   1289   1294 
1895   1279   1292 
1896   1295   1279 
1901   1292   1295 
1896   1282   1297 
1897   1296   1282 
1902   1297   1296 
1896   1297   1295 
1902   1298   1297 
1901   1295   1298 
1901   1298   1300 
1902   1299   1298 
1903   1300   1299 
1901   1300   1302 
1903   1301   1300 
1904   1302   1301 
1901   1302   1294 
1904   1303   1302 
1900   1294   1303 
1900   1303   1305 
1904   1304   1303 
1905   1305   1304 
1900   1305   1291 
1905   1306   1305 
1898   1291   1306 
1898   1306   1285 
1905   1307   1306 
1899   1285   1307 
1899   1307   1309 
1905   1308   1307 
1906   1309   1308 
1899   1309   1288 
1906   1310   1309 
1884   1288   1310 
1884   1310   1312 
1906   1311   1310 
1907   1312   1311 
1884   1312   1240 
1907   1313   1312 
1882   1240   1313 
1882   1313   1235 
1907   1314   1313 
1881   1235   1314 
1892   1266   1316 
1834   1315   1266 
1908   1316   1315 
1892   1316   1280 
1908   1317   1316 
1897   1280   1317 
1834   1102   1319 
1835   1318   1102 
1909   1319   1318 
1834   1319   1315 
1909   1320   1319 
1908   1315   1320 
1835   1107   1322 
1837   1321   1107 
1910   1322   1321 
1835   1322   1318 
1910   1323   1322 
1909   1318   1323 
1837   1123   1321 
1842   1324   1123 
1910   1321   1324 
1897   1317   1326 
1908   1325   1317 
1911   1326   1325 
1897   1326   1296 
1911   1327   1326 
1902   1296   1327 
1842   1193   1329 
1866   1328   1193 
1912   1329   1328 
1842   1329   1324 
1912   1330   1329 
1910   1324   1330 
1866   1198   1332 
1868   1331   1198 
1913   1332   1331 
1866   1332   1328 
1913   1333   1332 
1912   1328   1333 
1868   1226   1331 
1879   1334   1226 
1913   1331   1334 
1902   1327   1336 
1911   1335   1327 
1914   1336   1335 
1902   1336   1299 
1914   1337   1336 
1903   1299   1337 
1909   1323   1339 
1910   1338   1323 
1915   1339   1338 
1909   1339   1320 
1915   1340   1339 
1908   1320   1340 
1908   1340   1342 
1915   1341   1340 
1916   1342   1341 
1908   1342   1325 
1916   1343   1342 
1911   1325   1343 
1910   1330   1345 
1912   1344   1330 
1917   1345   1344 
1910   1345   1338 
1917   1346   1345 
1915   1338   1346 
1911   1343   1348 
1916   1347   1343 
1918   1348   1347 
1911   1348   1335 
1918   1349   1348 
1914   1335   1349 
1912   1333   1351 
1913   1350   1333 
1919   1351   1350 
1912   1351   1344 
1919   1352   1351 
1917   1344   1352 
1915   1346   1354 
1917   1353   1346 
1920   1354   1353 
1915   1354   1341 
1920   1355   1354 
1916   1341   1355 
1916   1355   1347 
1920   1356   1355 
1918   1347   1356 
1917   1352   1353 
1919   1357   1352 
1920   1353   1357 
1913   1334   1359 
1879   1358   1334 
1921   1359   1358 
1913   1359   1361 
1921   1360   1359 
1922   1361   1360 
1913   1361   1350 
1922   1362   1361 
1919   1350   1362 
1879   1228   1358 
1880   1363   1228 
1921   1358   1363 
1880   1366   1365 
1923   1364   1366 
1924   1365   1364 
1880   1365   1363 
1924   1367   1365 
1921   1363   1367 
1921   1367   1369 
1924   1368   1367 
1925   1369   1368 
1921   1369   1360 
1925   1370   1369 
1922   1360   1370 
1919   1362   1372 
1922   1371   1362 
1926   1372   1371 
1919   1372   1357 
1926   1373   1372 
1920   1357   1373 
1922   1370   1371 
1925   1374   1370 
1926   1371   1374 
1920   1373   1376 
1926   1375   1373 
1927   1376   1375 
1920   1376   1356 
1927   1377   1376 
1918   1356   1377 
1918   1377   1379 
1927   1378   1377 
1928   1379   1378 
1918   1379   1349 
1928   1380   1379 
1914   1349   1380 
1914   1380   1382 
1928   1381   1380 
1929   1382   1381 
1914   1382   1337 
1929   1383   1382 
1903   1337   1383 
1903   1383   1385 
1929   1384   1383 
1930   1385   1384 
1903   1385   1301 
1930   1386   1385 
1904   1301   1386 
1904   1386   1304 
1930   1387   1386 
1905   1304   1387 
1905   1387   1389 
1930   1388   1387 
1931   1389   1388 
1905   1389   1308 
1931   1390   1389 
1906   1308   1390 
1930   1384   1392 
1929   1391   1384 
1932   1392   1391 
1930   1392   1388 
1932   1393   1392 
1931   1388   1393 
1929   1381   1395 
1928   1394   1381 
1933   1395   1394 
1929   1395   1391 
1933   1396   1395 
1932   1391   1396 
1928   1378   1398 
1927   1397   1378 
1934   1398   1397 
1928   1398   1394 
1934   1399   1398 
1933   1394   1399 
1927   1375   1397 
1926   1400   1375 
1934   1397   1400 
1926   1374   1400 
1925   1401   1374 
1934   1400   1401 
1925   1368   1403 
1924   1402   1368 
1935   1403   1402 
1925   1403   1401 
1935   1404   1403 
1934   1401   1404 
1924   1364   1402 
1923   1405   1364 
1935   1402   1405 
1923   1407   1405 
1936   1406   1407 
1935   1405   1406 
1906   1390   1409 
1931   1408   1390 
1937   1409   1408 
1906   1409   1311 
1937   1410   1409 
1907   1311   1410 
1931   1393   1412 
1932   1411   1393 
1938   1412   1411 
1931   1412   1408 
1938   1413   1412 
1937   1408   1413 
1932   1396   1415 
1933   1414   1396 
1939   1415   1414 
1932   1415   1411 
1939   1416   1415 
1938   1411   1416 
1933   1399   1418 
1934   1417   1399 
1940   1418   1417 
1933   1418   1414 
1940   1419   1418 
1939   1414   1419 
1934   1404   1417 
1935   1420   1404 
1940   1417   1420 
1935   1406   1420 
1936   1421   1406 
1940   1420   1421 
1936   1423   1421 
1941   1422   1423 
1940   1421   1422 
1940   1422   1419 
1941   1424   1422 
1939   1419   1424 
1939   1424   1426 
1941   1425   1424 
1942   1426   1425 
1939   1426   1416 
1942   1427   1426 
1938   1416   1427 
1938   1427   1429 
1942   1428   1427 
1943   1429   1428 
1938   1429   1413 
1943   1430   1429 
1937   1413   1430 
1942   1432   1428 
1944   1431   1432 
1943   1428   1431 
1937   1430   1434 
1943   1433   1430 
1945   1434   1433 
1937   1434   1410 
1945   1435   1434 
1907   1410   1435 
1943   1431   1433 
1944   1436   1431 
1945   1433   1436 
1907   1435   1438 
1945   1437   1435 
1946   1438   1437 
1907   1438   1314 
1946   1439   1438 
1881   1314   1439 
1881   1439   1441 
1946   1440   1439 
1947   1441   1440 
1881   1441   1232 
1947   1442   1441 
1876   1232   1442 
1876   1442   1218 
1947   1443   1442 
1874   1218   1443 
1874   1443   1213 
1947   1444   1443 
1875   1213   1444 
1875   1444   1446 
1947   1445   1444 
1948   1446   1445 
1947   1440   1445 
1946   1447   1440 
1948   1445   1447 
1946   1437   1447 
1945   1448   1437 
1948   1447   1448 
1948   1448   1449 
1945   1436   1448 
1944   1449   1436 
