BCnode   BCtype
226  4
outBCNode	outBCNum
4   1 
13   1 
21   1 
92   1 
96   1 
100   1 
228   1 
232   1 
275   1 
299   1 
342   1 
3139   1 
3142   1 
3149   1 
3150   1 
3155   1 
3187   1 
3189   1 
3191   1 
3236   1 
3238   1 
3252   1 
3260   1 
7   2 
9   2 
54   2 
58   2 
62   2 
66   2 
70   2 
74   2 
78   2 
82   2 
3143   2 
3144   2 
3146   2 
3148   2 
3169   2 
3171   2 
3173   2 
3175   2 
3177   2 
3179   2 
3181   2 
2   3 
6   3 
10   3 
12   3 
16   3 
25   3 
29   3 
33   3 
37   3 
41   3 
45   3 
49   3 
88   3 
172   3 
182   3 
198   3 
206   3 
213   3 
217   3 
221   3 
3140   3 
3145   3 
3147   3 
3151   3 
3152   3 
3156   3 
3158   3 
3160   3 
3162   3 
3164   3 
3166   3 
3185   3 
3214   3 
3218   3 
3224   3 
3227   3 
3230   3 
3232   3 
2372   4 
2374   4 
2377   4 
2382   4 
2400   4 
2409   4 
2418   4 
2426   4 
2435   4 
2456   4 
2666   4 
2694   4 
3965   4 
3966   4 
3967   4 
3968   4 
3970   4 
3976   4 
3979   4 
3982   4 
3985   4 
3989   4 
3996   4 
4069   4 
2888   4 
2891   4 
2896   4 
2904   4 
2911   4 
2919   4 
2929   4 
2946   4 
2961   4 
3005   4 
3112   4 
3125   4 
4139   4 
4140   4 
4142   4 
4144   4 
4146   4 
4149   4 
4152   4 
4155   4 
4161   4 
4166   4 
4181   4 
4211   4 
2570   4 
2572   4 
2575   4 
2580   4 
2583   4 
2593   4 
2598   4 
2607   4 
2620   4 
2654   4 
2658   4 
3056   4 
4033   4 
4034   4 
4035   4 
4036   4 
4038   4 
4039   4 
4043   4 
4045   4 
4048   4 
4053   4 
4064   4 
4066   4 
1986   4 
1988   4 
1993   4 
1998   4 
2007   4 
2016   4 
2024   4 
2035   4 
2042   4 
2050   4 
2059   4 
2066   4 
3834   4 
3835   4 
3836   4 
3838   4 
3840   4 
3843   4 
3846   4 
3849   4 
3853   4 
3856   4 
3859   4 
3862   4 
1598   4 
1602   4 
1608   4 
1617   4 
1622   4 
1628   4 
1633   4 
1642   4 
1653   4 
1664   4 
1682   4 
1686   4 
3703   4 
3704   4 
3706   4 
3708   4 
3711   4 
3713   4 
3715   4 
3717   4 
3720   4 
3724   4 
3728   4 
3735   4 
1047   4 
1049   4 
1054   4 
1057   4 
1062   4 
1073   4 
1078   4 
1082   4 
1131   4 
1143   4 
1159   4 
1163   4 
3516   4 
3517   4 
3518   4 
3520   4 
3521   4 
3523   4 
3527   4 
3529   4 
3531   4 
3548   4 
3552   4 
3557   4 
