1.65725   0.66788 
0.65731   0.66788 
0.99993   0.00000 
0.65731   1.71305 
0.00000   1.04517 
18.99940   0.99993 
18.99940   0.00000 
20.00000   0.99993 
19.00010   18.99940 
20.00000   18.99940 
19.00010   20.00000 
1.00060   18.95550 
1.00060   20.00000 
0.00000   18.95550 
3.52963   0.77735 
2.52970   0.77735 
2.99980   0.00000 
2.18708   1.44523 
1.39744   2.17779 
0.74012   2.55508 
0.74012   3.59316 
0.00000   3.12842 
2.26989   2.28726 
5.56292   0.69727 
4.56299   0.69727 
4.99967   0.00000 
4.09288   1.47462 
7.57038   0.74089 
6.57044   0.74089 
6.99953   0.00000 
6.13376   1.43816 
9.57784   0.78117 
8.57790   0.78117 
8.99940   0.00000 
8.14881   1.52207 
11.58200   0.82431 
10.58200   0.82431 
10.99930   0.00000 
10.16050   1.60549 
13.57330   0.86296 
12.57330   0.86296 
12.99910   0.00000 
12.15610   1.68727 
15.59540   0.89868 
14.59540   0.89868 
14.99900   0.00000 
14.16960   1.76164 
17.64120   0.87176 
16.64120   0.87176 
16.99890   0.00000 
16.23770   1.77044 
18.64180   1.87169 
19.18520   3.62404 
19.18520   2.62410 
20.00000   2.99980 
17.82690   2.49593 
19.13670   5.49723 
19.13670   4.49729 
20.00000   4.99967 
18.32190   4.12160 
19.15880   7.48206 
19.15880   6.48213 
20.00000   6.99953 
18.29560   5.97976 
19.16270   9.47565 
19.16270   8.47572 
20.00000   8.99940 
18.32150   7.95831 
19.16430   11.46970 
19.16430   10.46970 
20.00000   10.99930 
18.32710   9.94605 
19.16280   13.45870 
19.16280   12.45870 
20.00000   12.99910 
18.32710   11.92920 
19.15150   15.43750 
19.15150   14.43760 
20.00000   14.99900 
18.31430   13.89720 
19.10140   17.39250 
19.10140   16.39260 
20.00000   16.99890 
18.25300   15.83120 
17.87360   19.24180 
18.87350   18.24120 
17.97500   17.63500 
16.87370   19.24180 
17.00020   20.00000 
1.29629   3.95287 
0.55617   4.52621 
0.55617   5.44127 
0.00000   5.08156 
1.09446   5.71187 
0.53830   6.26723 
0.53830   7.08232 
0.00000   6.81172 
0.97269   7.30530 
0.43439   7.84979 
0.43439   8.64102 
0.00000   8.41804 
17.34830   4.35795 
17.39670   3.48469 
16.85330   2.73228 
15.80740   2.75921 
17.48510   6.43975 
17.46310   5.45485 
16.53780   4.81794 
15.32400   3.61158 
14.70840   2.64975 
13.68620   2.61402 
15.87950   5.49443 
15.76470   4.39753 
14.66560   4.28807 
13.25070   3.46038 
12.71190   2.57227 
11.72060   2.53363 
11.29690   3.29574 
10.74110   2.41074 
9.73689   2.36760 
9.30894   3.11586 
8.72839   2.31061 
7.72086   2.27032 
7.23466   2.94202 
6.65508   2.15348 
5.64756   2.10986 
5.27226   2.74751 
4.75094   2.03220 
3.71758   2.11227 
3.67234   2.82911 
3.01428   2.27153 
2.22464   3.00409 
2.66602   3.57164 
1.92162   3.58737 
1.73766   4.52042 
2.21881   4.79749 
1.59348   5.16299 
1.57561   5.98894 
14.20630   5.27047 
13.76560   4.48452 
12.79140   4.44277 
12.32800   5.18960 
11.81300   4.16546 
10.83350   4.04257 
10.48400   4.74031 
9.96789   3.87059 
8.95938   3.81360 
17.49180   8.43035 
17.48790   7.43670 
16.65540   6.91179 
15.82780   7.38499 
15.82510   6.38805 
15.05190   5.96763 
14.15200   6.16408 
17.49890   10.42040 
17.49730   9.42633 
16.66360   8.90471 
17.49710   12.39910 
17.49870   11.41010 
16.66890   10.89040 
17.47740   14.35150 
17.48870   13.37260 
16.66030   12.85340 
17.39880   16.26220 
17.44890   15.30710 
16.62320   14.78250 
17.05140   18.07870 
17.27930   17.22990 
16.47520   16.70580 
16.17800   18.83680 
14.34550   19.19130 
15.34540   19.19130 
15.00030   20.00000 
15.52320   18.02810 
14.82920   17.46290 
15.66180   17.10850 
15.78130   16.14070 
14.97870   15.63890 
15.79210   15.23630 
15.82070   14.28060 
12.42640   19.27020 
13.42640   19.27020 
13.00050   20.00000 
13.77150   18.46150 
13.21270   17.87740 
14.13180   17.79850 
14.27040   16.87880 
13.46600   16.44520 
14.16350   16.10970 
14.17430   15.20520 
15.00480   13.78960 
15.83590   13.33580 
15.84440   12.36240 
13.35300   14.77810 
14.16820   14.30730 
14.18350   13.36250 
10.49400   19.23660 
11.49390   19.23660 
11.00060   20.00000 
11.91990   18.50690 
11.49470   17.71160 
12.42720   17.74530 
12.78750   17.08220 
12.68050   16.31300 
8.51837   19.22840 
9.51830   19.22840 
9.00073   20.00000 
10.01170   18.46500 
9.59136   17.67670 
10.56710   17.68500 
11.07440   16.92340 
6.54247   19.28510 
7.54241   19.28510 
7.00087   20.00000 
8.05997   18.51350 
4.58017   19.34640 
5.58011   19.34640 
5.00100   20.00000 
6.12164   18.63150 
2.67360   19.31570 
3.67354   19.31570 
3.00113   20.00000 
4.25264   18.66210 
0.91041   18.03970 
1.91101   19.08420 
2.58342   18.39980 
0.64226   16.27020 
0.64226   17.30830 
0.00000   16.87290 
1.55267   17.43690 
0.54134   14.53490 
0.54134   15.45000 
0.00000   14.91960 
1.18360   15.88540 
2.04123   16.95240 
2.30939   17.68380 
3.07198   17.91530 
3.57878   17.32440 
3.85281   18.04030 
4.75944   18.07110 
1.70085   15.45910 
1.80176   16.27920 
2.55847   16.52610 
5.21687   17.41110 
5.61670   18.03280 
6.57907   17.97150 
15.03080   11.85890 
15.85510   11.37650 
15.85530   10.38680 
15.03460   9.86955 
15.84840   9.38342 
15.84290   8.38744 
15.01260   7.86370 
13.40300   12.89430 
14.23950   12.37670 
14.25030   11.39080 
13.45090   10.89220 
14.24210   10.37440 
14.23520   9.37097 
13.42490   8.83166 
14.21730   8.32684 
14.20230   7.32439 
13.35670   6.62722 
12.65610   7.28676 
12.60580   6.12645 
11.62740   5.84914 
11.12340   6.46211 
10.84570   5.52526 
9.98001   5.35329 
7.54571   17.74470 
8.52167   17.68800 
9.07710   16.90790 
7.04076   17.14600 
0.53177   12.90830 
0.53177   13.72340 
0.00000   13.18930 
1.07311   14.25380 
1.56850   13.99960 
1.57808   14.81100 
2.19623   15.20480 
12.61430   9.40982 
12.59650   8.36568 
11.84560   7.86491 
11.25750   8.28007 
11.31710   7.20114 
10.53540   6.87727 
12.72310   11.45990 
12.71500   10.44350 
11.88660   9.97755 
12.62120   13.44040 
12.67720   12.45460 
11.94130   12.00600 
12.42310   15.39730 
12.41700   14.49930 
11.69120   14.05960 
11.74450   16.03430 
10.81690   16.00760 
0.47585   11.26880 
0.47585   12.06000 
0.00000   11.58300 
1.00762   12.59410 
8.73638   16.19240 
9.80607   16.18120 
10.47620   15.29210 
9.89853   14.65700 
10.90940   14.48340 
11.11360   13.42450 
10.47410   12.96960 
11.25590   12.54580 
11.30180   11.55110 
10.57970   11.24970 
11.26510   10.70980 
11.16450   9.67611 
10.33950   9.62948 
10.96100   8.89721 
10.43250   8.23344 
4.03905   3.26538 
3.33575   3.42463 
3.03272   4.00791 
3.43871   4.38104 
2.76898   4.52805 
2.62480   5.17062 
5.57573   3.32301 
4.67910   3.24534 
4.34251   3.84087 
8.91110   4.58438 
8.25215   3.82965 
7.70102   4.21491 
7.74930   3.44413 
6.68352   3.32728 
6.66255   3.98285 
6.14791   3.48075 
5.55475   3.97858 
9.64131   5.97936 
9.27964   5.19440 
8.57241   5.21045 
10.01880   7.46399 
9.82509   6.72496 
9.12471   6.56608 
9.72225   8.08113 
0.42460   9.75109 
0.42460   10.54230 
0.00000   10.00050 
0.90044   11.01930 
0.93655   8.63276 
0.50216   9.20100 
0.92675   9.74283 
1.30397   12.19750 
1.35989   13.04580 
1.89343   13.07530 
1.59707   13.47190 
2.10204   14.02910 
2.99730   16.04880 
3.23677   16.72210 
4.01760   16.84710 
4.36591   16.27980 
4.70792   16.88210 
5.56518   16.84380 
2.63132   14.84620 
2.75408   15.49430 
3.43238   15.69020 
2.53623   13.82900 
2.50766   14.35670 
3.06551   14.64610 
5.77268   16.19820 
6.28163   16.72720 
7.24827   16.50040 
7.16514   15.74790 
7.92428   16.16670 
8.65325   15.43990 
8.33531   14.84090 
9.14741   14.86660 
9.58059   14.05800 
9.08727   13.58850 
9.83839   13.37890 
9.98074   12.50020 
2.09966   5.96792 
1.60065   6.51680 
1.90079   6.97470 
1.37674   6.99572 
1.27283   7.76320 
3.04265   5.37456 
2.49248   5.64400 
2.51751   6.17185 
1.70075   8.02197 
1.29671   8.33155 
1.36447   8.89153 
9.33474   12.16490 
9.97041   11.75570 
9.93370   10.91440 
9.27613   10.69630 
9.88542   10.19030 
9.68193   9.41140 
9.05652   9.33275 
9.51060   8.77194 
9.09684   8.00248 
1.73094   9.19477 
1.37078   9.49598 
1.29322   10.04610 
1.68920   10.34190 
1.24517   10.58870 
1.29643   11.31510 
1.75832   11.36330 
1.41359   11.79390 
1.76586   12.24560 
3.77314   15.21200 
4.01636   15.76650 
4.70668   15.80150 
4.92458   15.28660 
5.27414   15.79980 
5.99059   15.68330 
3.39835   14.30680 
3.52200   14.79640 
4.10598   14.87260 
6.06825   15.13830 
6.56680   15.53670 
7.24281   15.20300 
7.11030   14.66080 
7.70864   14.87200 
8.20280   14.29870 
7.88391   13.85790 
8.51058   13.82680 
8.76838   13.14770 
8.30659   12.87930 
8.88328   12.64110 
8.87295   11.89650 
4.64694   4.31185 
4.00688   4.33188 
3.74314   4.85202 
4.06899   5.18401 
3.50082   5.23317 
3.36850   5.70655 
5.70957   4.50678 
5.13739   4.34904 
4.80176   4.84006 
7.61751   4.73686 
7.11465   4.35133 
6.57904   4.50480 
6.59525   4.97100 
6.14315   4.60252 
5.72579   4.97298 
8.32008   5.73836 
7.95155   5.12834 
7.36518   5.26476 
8.73143   6.97790 
8.54766   6.23230 
7.92680   6.15018 
8.55266   8.17525 
8.76431   7.48444 
8.18726   7.15067 
4.35594   14.46730 
4.60708   14.88290 
5.17454   14.88130 
5.35788   14.49060 
5.67537   14.89420 
6.25159   14.74760 
6.23967   14.30630 
6.63255   14.55030 
7.09838   14.21940 
6.93281   13.81960 
7.41055   13.93010 
7.71834   13.45810 
7.40202   13.14650 
7.87538   13.07430 
7.99027   12.56770 
5.03564   5.28162 
4.54519   5.24443 
4.30286   5.62557 
5.92129   5.37047 
5.48771   5.27474 
5.23114   5.67911 
6.79203   5.38025 
6.35615   5.47797 
6.11807   5.77972 
7.12607   5.77173 
7.70352   6.51060 
7.47594   6.01666 
6.90279   6.13215 
7.78050   7.38099 
7.74762   6.87445 
7.29676   6.74092 
6.96250   6.91121 
6.91840   6.54737 
6.56854   6.30244 
6.27189   6.51516 
6.25628   6.09994 
5.82142   5.99245 
5.63526   6.25636 
5.49705   5.93614 
5.04497   5.94302 
8.36206   11.95740 
8.81352   11.48130 
8.32864   11.11450 
8.83953   11.05360 
8.79124   10.32950 
7.57891   12.38690 
8.01012   12.19180 
7.95069   11.77660 
8.23416   10.17550 
8.67076   9.81822 
8.49943   9.17876 
8.03306   9.12482 
8.41881   8.63935 
8.08629   8.12131 
7.69549   8.21597 
7.82935   7.75187 
7.38970   7.47565 
7.07748   7.65599 
7.02864   7.28511 
6.65028   7.09155 
2.18650   12.24810 
2.07688   12.65160 
2.31407   13.07770 
2.68370   13.00890 
2.50025   13.43260 
2.90587   13.76020 
3.21214   13.50220 
3.24813   13.89870 
3.70462   14.04890 
3.92443   13.78740 
4.07465   14.19550 
4.57575   14.20590 
4.60130   13.87460 
4.88259   14.14640 
5.15953   13.92630 
5.13398   14.25760 
5.63482   14.27050 
5.68473   13.91380 
5.90862   14.14680 
6.28958   13.94950 
6.22184   13.60220 
6.55290   13.76160 
6.86507   13.47230 
6.69155   13.19370 
7.07147   13.25170 
7.22851   12.86790 
6.89206   12.66480 
7.22262   12.55970 
7.24246   12.18380 
6.51128   7.31356 
6.44515   6.93966 
6.15206   7.00163 
6.29106   6.77963 
5.97880   6.57713 
5.77186   6.74967 
5.75269   6.48520 
5.42832   6.42889 
2.90507   12.75160 
3.09126   13.10640 
3.43352   13.24490 
3.55268   12.97500 
3.67357   13.37090 
3.92969   13.27380 
3.81053   13.54360 
4.18056   13.69030 
4.28852   13.44320 
4.40241   13.68700 
4.70925   13.62750 
6.39962   13.12610 
6.60602   12.90550 
6.60013   12.59730 
5.95555   13.51540 
6.21886   13.32750 
6.13333   13.03940 
5.42277   13.76170 
5.69657   13.63800 
5.69359   13.36340 
5.17137   13.65060 
4.72945   13.39890 
4.92833   13.58650 
5.19156   13.42190 
5.10237   13.23070 
5.34541   13.29480 
5.42155   13.09240 
5.51075   13.28360 
5.76973   13.16100 
5.70222   12.94830 
5.88506   13.02810 
6.06581   12.82670 
2.20257   11.87630 
2.51360   12.28230 
2.77988   12.07000 
2.76381   12.44170 
3.17136   12.53920 
1.98817   11.07420 
2.10534   11.55300 
2.43243   11.58720 
2.07024   10.13930 
2.02219   10.68190 
2.36921   10.87160 
2.03189   8.87411 
2.03820   9.47856 
2.40655   9.48411 
2.10560   9.80478 
2.43859   10.14480 
4.01844   13.05460 
4.15540   13.22740 
4.37726   13.22410 
4.44136   13.03330 
4.57447   13.24910 
4.79355   13.20810 
4.79457   13.04900 
4.94955   13.19880 
5.10339   13.07160 
3.59995   12.75040 
3.84000   12.87640 
4.06571   12.83000 
3.27758   12.30670 
3.41884   12.61650 
3.70616   12.51780 
5.02995   6.25415 
4.76404   5.99713 
4.46391   6.22315 
4.47893   5.91202 
4.00274   5.85160 
3.85353   6.21259 
3.67746   5.92615 
3.21929   6.06754 
5.31356   6.65939 
5.19613   6.43054 
4.91520   6.48465 
3.21364   6.46006 
2.90468   6.24046 
2.51186   6.56438 
2.66914   6.93415 
2.28197   6.86554 
2.05806   7.34446 
2.33425   7.57350 
1.95307   7.68266 
1.97694   8.25101 
2.37855   8.18341 
2.12623   8.52272 
2.43350   8.80651 
2.68154   7.51554 
2.57654   7.85374 
2.72584   8.12546 
2.96583   6.92293 
2.73594   7.22409 
2.97824   7.50433 
3.51034   6.60581 
3.19573   6.77873 
3.26253   7.06868 
4.06503   6.41412 
3.73976   6.48866 
3.72184   6.80733 
4.56064   6.43245 
4.27553   6.34735 
4.16176   6.62342 
4.88348   6.73303 
4.71731   6.55664 
4.52893   6.68083 
3.50401   7.19012 
3.27411   7.33432 
3.21971   7.62577 
3.95270   6.95270 
3.72329   7.06984 
3.73486   7.33549 
4.34757   6.75101 
4.13707   6.81778 
4.13851   7.08029 
4.50423   6.87520 
3.49390   7.68929 
3.19803   7.85929 
3.30610   8.13932 
3.03191   8.07581 
2.83391   8.40548 
3.04878   8.62283 
2.74271   8.67248 
2.64836   9.02386 
2.94402   9.17606 
2.63481   9.31010 
2.70221   9.63631 
3.01824   9.76345 
2.78998   9.93746 
2.75462   10.27200 
3.07691   10.32670 
2.72551   10.53400 
2.93300   10.78880 
2.61071   10.73410 
2.57669   11.12640 
2.92053   11.27140 
2.67903   11.40900 
2.77627   11.73230 
3.02648   11.89170 
3.24359   11.75020 
3.24721   12.08790 
3.49469   12.16520 
3.21134   10.79310 
3.09654   10.99320 
3.19887   11.27580 
3.44793   11.24210 
3.27192   11.52030 
3.49265   11.71650 
3.32938   10.28040 
3.30027   10.54250 
3.46381   10.74690 
3.68851   12.06910 
3.71888   12.28790 
3.89999   12.42180 
3.66943   11.63540 
3.64110   11.86530 
3.86529   11.98800 
4.03147   12.30750 
4.01875   12.53750 
4.19667   12.54580 
4.06519   12.66000 
4.24363   12.83830 
4.37816   12.70790 
4.37868   12.87780 
4.57589   12.90290 
4.66059   12.76660 
4.72326   12.92200 
4.87927   12.91270 
4.29789   12.43580 
4.34433   12.55830 
4.47938   12.59790 
4.55906   12.50290 
4.59289   12.65240 
4.74026   12.67150 
4.10480   12.19780 
4.22356   12.31350 
4.37122   12.32610 
3.95882   11.86120 
4.00623   12.06500 
4.19832   12.07100 
5.93451   12.66500 
6.18278   12.67640 
6.22495   12.43780 
6.35625   12.59950 
6.64230   12.35880 
3.94821   7.45305 
3.72894   7.57333 
3.70725   7.80685 
4.32646   7.10099 
4.14209   7.23591 
4.25950   7.36653 
4.07155   7.34584 
4.06563   7.58368 
4.66202   6.99850 
4.48066   7.06868 
4.48425   7.22430 
5.01791   6.85096 
4.82002   6.92295 
4.79645   7.11644 
5.41677   6.81343 
5.18458   6.81508 
5.12112   7.00501 
5.81805   6.94298 
5.59194   6.85105 
5.46296   7.00674 
6.11342   7.21365 
5.95932   7.05362 
5.77941   7.15500 
6.44501   7.51081 
6.23988   7.35891 
6.04714   7.41090 
4.56638   7.34523 
4.41217   7.37754 
4.34163   7.48747 
4.39442   7.60264 
4.24175   7.59163 
4.11841   7.69885 
4.93145   7.17434 
4.77345   7.24988 
4.81187   7.36316 
4.67688   7.30526 
4.60480   7.45851 
5.22135   7.11059 
5.05469   7.14647 
5.03168   7.27991 
5.51870   7.13288 
5.34353   7.09526 
5.27709   7.23672 
5.75985   7.31969 
5.61858   7.20904 
5.49914   7.29756 
5.99273   7.56797 
5.86627   7.42271 
5.70543   7.47675 
5.34052   12.93060 
5.50586   12.91940 
5.62118   12.78650 
5.03609   12.93790 
5.18891   12.96980 
5.27322   12.79690 
4.96478   12.81090 
5.55511   12.63840 
5.75146   12.66720 
5.86843   12.51690 
4.76597   12.56430 
4.83367   12.67840 
4.93138   12.61520 
4.90567   12.72250 
5.06250   12.74770 
5.09589   12.62840 
5.15500   12.71680 
5.30661   12.67760 
5.29063   12.55430 
5.40884   12.63430 
5.53912   12.51510 
4.93580   12.51740 
5.00780   12.56140 
5.10031   12.53060 
5.10899   12.43860 
5.19707   12.50560 
5.29931   12.46230 
5.29351   12.37470 
5.38707   12.42330 
5.45894   12.35290 
5.46473   12.44060 
5.61100   12.44460 
5.60874   12.30940 
5.68313   12.38390 
5.78504   12.27350 
5.78729   12.40870 
5.97033   12.40650 
6.00958   12.20520 
6.09072   12.31350 
6.26420   12.23660 
5.75266   12.15740 
5.85681   12.18210 
5.97720   12.08910 
5.43642   12.26760 
5.51409   12.28490 
5.58623   12.22420 
5.54327   12.12530 
5.63792   12.14990 
5.70970   12.05850 
6.32466   12.03690 
6.45888   12.16130 
6.70276   12.15920 
6.75992   11.83120 
6.94333   12.02860 
7.29962   11.85580 
7.28850   11.48590 
7.58763   11.64110 
7.93958   11.40670 
7.96558   10.97890 
7.54341   10.89660 
7.93247   10.60440 
7.81198   10.09320 
5.89640   11.97010 
6.04917   11.99320 
6.09493   11.80280 
6.17573   11.92190 
6.37042   11.84660 
5.65088   11.95090 
5.76562   11.95840 
5.83758   11.86250 
6.96834   11.36920 
7.25635   11.15440 
7.22324   10.77990 
6.53235   11.72520 
6.77293   11.59470 
6.74077   11.26320 
6.38343   11.61010 
7.42114   10.17150 
7.72283   9.74254 
7.38387   9.48194 
7.77471   9.40364 
7.69409   8.86422 
7.34169   8.81336 
7.60003   8.53455 
7.34309   8.16511 
7.08030   8.24456 
7.17576   7.92597 
6.81469   7.73544 
6.66368   7.96339 
6.56540   7.69340 
6.29399   7.73875 
6.90177   10.68860 
7.18882   10.43070 
7.09967   10.08010 
6.20190   7.89542 
6.08151   7.71283 
5.90063   7.72463 
6.48992   11.28070 
6.68533   11.05520 
6.49034   10.88390 
6.74120   10.86650 
6.70678   10.51730 
6.16895   11.55190 
6.33088   11.43040 
6.27544   11.22240 
5.93963   11.75060 
6.06620   11.67930 
6.01365   11.49960 
5.80885   11.73890 
4.74236   12.48000 
4.83576   12.48690 
4.91218   12.43320 
4.54452   12.41200 
4.65803   12.46650 
4.72782   12.38920 
4.41645   12.22640 
4.49077   12.34860 
4.58975   12.31230 
4.20620   11.96160 
4.30477   12.09440 
4.38813   12.03320 
4.38025   12.14260 
4.49981   12.16510 
5.45564   7.42123 
5.35576   7.34507 
5.23359   7.36039 
5.19148   7.46214 
5.11281   7.35379 
4.98957   7.38166 
4.97355   7.48356 
4.89242   7.40968 
4.79585   7.46506 
5.67269   7.59413 
5.56628   7.49110 
5.42290   7.53860 
5.83925   7.83556 
5.75047   7.69071 
5.61132   7.70505 
4.79159   7.56125 
4.71104   7.51472 
4.60054   7.55470 
4.61266   7.66177 
4.50642   7.60555 
4.40654   7.70971 
3.17111   9.55342 
3.25888   9.85457 
3.51883   9.84260 
3.36596   10.05260 
3.58932   10.26840 
3.17071   9.03748 
3.15716   9.32372 
3.39780   9.41484 
3.30859   8.55244 
3.21739   8.81943 
3.43053   8.96709 
3.54371   8.13665 
3.37759   8.35316 
3.54620   8.54976 
3.88503   7.86304 
3.65000   7.97900 
3.72149   8.19284 
4.22600   7.84146 
4.04987   7.83351 
3.99262   8.00566 
4.46770   7.80051 
4.35570   7.79760 
4.28716   7.93226 
4.63151   12.24180 
4.68526   12.30520 
4.76958   12.31870 
4.54489   12.10440 
4.58108   12.18820 
4.67659   12.18120 
4.78397   12.25890 
4.82653   12.34290 
4.89228   12.30910 
4.87790   12.36890 
4.97793   12.39940 
5.00829   12.33430 
5.04258   12.39850 
5.13935   12.37350 
5.12314   12.31210 
5.18954   12.35220 
5.22173   12.28830 
5.23793   12.34980 
5.32569   12.31080 
5.30724   12.23740 
5.36282   12.26230 
5.41797   12.19430 
5.19253   12.23790 
5.24092   12.23550 
5.27805   12.18700 
5.09007   12.27570 
5.14027   12.25440 
5.15947   12.20150 
4.97554   12.29540 
5.04018   12.29450 
5.05732   12.23680 
4.87843   12.25750 
4.92980   12.28360 
4.96169   12.24380 
4.78052   12.20880 
4.83746   12.23300 
4.87498   12.20740 
4.69595   12.11680 
4.74638   12.17040 
4.79988   12.14450 
5.37533   12.12050 
5.44893   12.12580 
5.50062   12.05150 
5.45235   11.97770 
5.54670   11.97720 
5.60262   11.87710 
5.24773   12.13900 
5.31405   12.14100 
5.34501   12.07250 
5.29144   12.04600 
5.35272   12.02540 
5.32969   11.95780 
5.38325   11.98430 
5.42933   11.91000 
5.12020   12.17280 
5.17246   12.15630 
5.16566   12.11230 
5.20493   12.14100 
5.24093   12.09500 
5.20262   12.05780 
5.24542   12.05580 
5.25313   12.00870 
5.02206   12.22290 
5.07195   12.20410 
5.05560   12.16820 
5.09086   12.18210 
5.10385   12.13680 
4.94437   12.20530 
4.99011   12.21710 
5.00474   12.18440 
4.87101   12.16700 
4.91198   12.19160 
4.94041   12.16490 
4.81034   12.10430 
4.84447   12.14270 
4.88147   12.12680 
4.99611   12.15460 
5.02806   12.16050 
5.04697   12.13840 
4.93414   12.13360 
4.96653   12.14740 
4.98985   12.12340 
4.88657   12.09610 
4.91312   12.12040 
4.93924   12.10290 
5.04450   12.10300 
5.07204   12.11070 
5.10138   12.10140 
5.10312   12.06680 
5.13493   12.09290 
5.16740   12.07760 
5.17189   12.03840 
4.97670   12.10360 
5.00629   12.11090 
5.00912   12.08790 
5.02227   12.10760 
5.04733   12.07990 
4.94411   12.07080 
4.96513   12.08400 
4.98157   12.07160 
4.99657   12.07560 
4.98447   12.05800 
5.01255   12.07230 
5.01553   12.05800 
5.02755   12.06830 
4.92140   12.06970 
4.94729   12.05090 
4.93631   12.03990 
4.95758   12.04240 
5.04978   12.06360 
5.06076   12.05270 
5.04243   12.04240 
5.07157   12.02870 
5.08037   12.05130 
5.11393   12.04280 
5.07559   12.01370 
5.05796   12.01550 
4.86804   12.07600 
4.89969   12.06960 
4.90287   12.04970 
5.11388   12.01370 
5.13663   12.02910 
5.17185   12.00920 
5.07549   11.99390 
5.09108   12.00760 
5.11379   11.99380 
5.07147   11.97890 
5.05796   11.98450 
4.89593   12.03310 
4.91764   12.03320 
4.92937   12.02330 
4.92535   12.00830 
4.94204   12.01550 
4.91103   11.99480 
4.92567   11.98650 
4.92969   11.97150 
4.94204   11.98450 
4.87524   12.02420 
4.89001   12.00760 
4.89033   11.98590 
4.84004   12.07040 
4.85316   12.04400 
4.84724   12.01860 
4.79545   12.07220 
4.65185   12.08330 
4.72165   12.07260 
4.71543   12.02840 
4.75953   12.06200 
4.78923   12.02810 
4.78029   11.99370 
4.81621   12.00390 
4.83829   11.98410 
4.83490   11.95790 
4.86593   11.97250 
4.88694   11.95960 
4.52187   12.03530 
4.60314   12.05840 
4.62883   12.01410 
4.38529   11.94260 
4.46078   11.99080 
4.51903   11.94470 
4.63861   11.96640 
4.68732   11.99130 
4.72521   11.98070 
4.75218   11.95650 
4.52837   11.87930 
4.58945   11.92370 
4.64794   11.90090 
4.73009   11.91980 
4.78517   11.93280 
4.79251   11.90030 
4.81461   11.93700 
4.84225   11.92540 
4.65444   11.84570 
4.70360   11.88830 
4.73658   11.86460 
4.76226   11.83420 
4.78876   11.86570 
4.81819   11.86980 
4.88102   11.93570 
4.90542   11.94910 
4.91759   11.93080 
4.92352   11.95470 
4.94186   11.95320 
4.95284   11.94220 
4.95757   11.95760 
4.84629   11.89390 
4.86659   11.91480 
4.88506   11.90430 
4.84253   11.85930 
4.89742   11.88650 
4.91186   11.90730 
4.92995   11.91290 
4.94447   11.90110 
4.95021   11.92450 
4.96736   11.93040 
4.98237   11.92630 
4.98447   11.94200 
4.86274   11.83290 
4.89084   11.85700 
4.91763   11.86000 
5.15392   11.97840 
5.18919   11.98770 
5.20391   11.94050 
5.22183   11.97130 
5.26785   11.96150 
5.29839   11.92040 
5.09829   11.96770 
5.12109   11.97380 
5.13843   11.95230 
5.07878   11.95890 
5.04583   11.93810 
5.05681   11.94910 
5.04242   11.95760 
5.08363   11.93790 
5.01395   11.92550 
5.02895   11.92950 
5.01553   11.94200 
5.04478   11.91960 
4.98004   11.90520 
4.99767   11.91890 
5.01162   11.90440 
4.94462   11.87720 
4.96488   11.88880 
4.98019   11.88140 
4.93804   11.84770 
4.98997   11.86300 
5.00512   11.87940 
5.02140   11.88600 
5.03782   11.86910 
5.04432   11.89410 
5.06120   11.90270 
5.08088   11.88780 
5.08134   11.91330 
5.10331   11.92310 
5.12877   11.89880 
5.13106   11.92340 
5.16389   11.92800 
5.19654   11.91160 
4.94624   11.82050 
4.97323   11.83770 
4.99817   11.83570 
5.18082   11.87090 
5.22084   11.88330 
5.24919   11.84420 
5.26492   11.88490 
5.32675   11.88120 
5.34360   11.81440 
5.37707   11.84990 
5.44617   11.84320 
5.47155   11.76670 
5.52380   11.82690 
5.62799   11.80060 
5.60977   11.68050 
5.68858   11.73070 
5.79063   11.61880 
5.10896   11.86880 
5.13671   11.86920 
5.16101   11.84090 
5.08882   11.85820 
5.03212   11.83810 
5.05504   11.84620 
5.08312   11.82720 
5.01539   11.81280 
5.71712   11.49750 
5.83739   11.50570 
5.94014   11.37830 
5.82595   11.27990 
6.00221   11.27370 
5.99354   11.11320 
6.10772   11.21160 
6.26676   11.06180 
6.11828   10.90090 
6.28599   10.91170 
6.34186   10.72300 
5.84992   11.05230 
5.95543   10.99020 
5.97466   10.84000 
5.70274   11.26210 
5.76481   11.15760 
5.72671   11.03460 
5.60931   11.53310 
5.65607   11.42010 
5.55985   11.37900 
5.66766   11.34330 
5.60652   11.22100 
5.50206   11.67980 
5.56264   11.60980 
5.50160   11.53240 
5.42443   11.69610 
5.27996   11.80260 
5.33028   11.77120 
5.29251   11.71500 
5.35616   11.72680 
5.38666   11.63990 
5.23587   11.80100 
5.14550   11.80480 
5.18961   11.80650 
5.22037   11.76490 
5.07279   11.78400 
5.10657   11.79600 
5.13517   11.76160 
4.99780   11.77680 
5.03175   11.77920 
5.05520   11.74800 
5.17725   11.72220 
5.22352   11.71670 
5.24939   11.67230 
5.13831   11.71330 
5.03711   11.70230 
5.07815   11.70700 
5.12023   11.66760 
5.21929   11.61690 
5.28829   11.61520 
5.35656   11.58450 
5.08666   11.61550 
5.14683   11.62180 
5.18573   11.56470 
5.31687   11.51320 
5.41524   11.53780 
5.46191   11.46110 
5.39752   11.40340 
5.48388   11.39800 
5.49546   11.32120 
5.43052   11.27340 
5.50649   11.25440 
5.54158   11.17320 
5.44975   11.13420 
5.54977   11.10090 
5.52139   11.01080 
5.61322   11.04980 
5.69832   10.94460 
4.92083   11.79130 
4.95602   11.78120 
4.97238   11.74760 
4.83467   11.80320 
4.88297   11.80080 
4.89275   11.76150 
4.94161   11.70890 
4.98339   11.70460 
5.00634   11.66360 
4.96908   11.61850 
5.02280   11.61630 
5.04940   11.57040 
4.73876   11.79210 
4.79093   11.79310 
4.81116   11.76110 
4.62589   11.79990 
4.68154   11.78740 
4.71021   11.74630 
4.48029   11.81520 
4.55071   11.79420 
4.57781   11.73580 
4.31021   11.88840 
4.38287   11.84600 
4.40521   11.76090 
4.20377   11.86500 
3.96233   11.72140 
4.10327   11.79840 
4.20729   11.72520 
3.71422   11.46540 
3.86267   11.61410 
4.00712   11.55140 
3.55533   11.09000 
3.62838   11.33460 
3.82163   11.31330 
3.69463   10.67890 
3.60570   10.92950 
3.78616   11.02200 
4.22748   11.62500 
4.32798   11.69160 
4.42540   11.66070 
4.05451   11.42870 
4.15417   11.53600 
4.27487   11.50240 
3.90759   11.17360 
3.99343   11.30440 
4.14047   11.28910 
3.95795   11.01310 
4.44472   11.56780 
4.52195   11.63710 
4.58637   11.58900 
4.56706   11.68190 
4.64223   11.68770 
4.69036   11.64250 
4.70111   11.69640 
4.75834   11.70110 
4.80022   11.67140 
4.80932   11.72130 
4.85305   11.73130 
4.89091   11.72180 
4.90191   11.67870 
4.85621   11.64120 
4.90691   11.62840 
4.92338   11.58110 
4.80522   11.62110 
4.32185   11.41080 
4.39516   11.49980 
4.49171   11.47620 
4.21328   11.20250 
4.27437   11.32680 
4.39467   11.32420 
3.98452   10.88770 
4.10596   11.03930 
4.21706   10.97630 
4.19049   11.10170 
4.32439   11.13940 
4.68662   11.58000 
4.74550   11.58880 
4.80148   11.55860 
4.64151   11.53530 
4.53848   11.41360 
4.58804   11.48160 
4.68828   11.47260 
4.45156   11.25730 
4.49905   11.34130 
4.59538   11.34670 
4.38890   11.07790 
4.41170   11.17860 
4.51608   11.19570 
4.82232   11.50040 
4.88205   11.53280 
4.94422   11.52290 
4.96647   11.47650 
5.00779   11.52490 
5.07165   11.52410 
5.08700   11.47450 
5.12862   11.52010 
5.20108   11.51520 
5.19625   11.46030 
5.25336   11.50490 
5.31204   11.45830 
5.26651   11.40570 
5.33002   11.41400 
5.35199   11.35080 
5.29607   11.30990 
5.36357   11.29930 
5.37460   11.23250 
4.71056   11.41480 
4.76403   11.46840 
4.84460   11.44260 
4.62904   11.29710 
4.66848   11.36940 
4.74423   11.36520 
4.54207   11.13150 
4.58193   11.21010 
4.63771   11.18400 
4.61172   11.24830 
4.68482   11.27100 
5.31114   11.19920 
5.37810   11.17330 
5.38629   11.10100 
5.15686   11.42410 
5.20914   11.41390 
5.22712   11.36960 
5.05181   11.43450 
5.10877   11.43050 
5.12166   11.38410 
5.18402   11.33740 
5.24139   11.32930 
5.25297   11.27770 
5.20698   11.25520 
5.26166   11.23590 
5.26516   11.17670 
4.94170   11.43530 
5.00527   11.43730 
5.02704   11.39330 
4.83770   11.39410 
4.89599   11.42610 
4.93480   11.38690 
4.75463   11.32000 
4.79672   11.36540 
4.84811   11.34890 
4.71324   11.23110 
4.73056   11.28000 
4.78305   11.28010 
3.73442   10.52580 
3.87631   10.70840 
4.02892   10.62560 
3.98912   10.77870 
4.13712   10.80480 
3.76598   10.16100 
3.72940   10.38870 
3.91109   10.41830 
4.26394   10.76010 
4.25934   10.86910 
4.34387   10.93150 
4.43249   10.89810 
4.39021   11.00530 
4.47752   11.04440 
4.55626   10.99730 
4.55496   11.07000 
4.62081   11.08440 
4.68365   11.07680 
4.67075   11.13830 
4.70055   11.17640 
4.74628   11.18540 
6.21594   10.55310 
6.42029   10.52530 
6.58086   10.34740 
6.38903   10.18710 
6.67552   10.17900 
6.64803   9.92464 
6.83986   10.08500 
7.07218   9.82574 
6.84300   9.60952 
7.10282   9.60463 
7.15470   9.26572 
6.86254   9.12898 
7.14360   9.00630 
7.04954   8.67663 
6.75551   8.62131 
6.95360   8.42837 
6.78628   8.18924 
6.53698   8.14720 
6.42894   8.33132 
6.30634   8.10546 
6.09385   8.07953 
6.05841   8.22491 
5.95396   8.01486 
5.84374   8.08352 
5.87919   7.93815 
5.72904   7.90422 
6.42365   9.80919 
6.58798   9.71519 
6.61862   9.49407 
6.40300   9.37015 
6.65802   9.26448 
6.64692   9.00506 
6.41425   8.92340 
6.61877   8.78790 
6.52284   8.53965 
6.29220   8.49791 
6.21163   8.66651 
6.11773   8.45817 
5.94918   8.50823 
6.02975   8.33963 
5.88986   8.27496 
6.26865   9.04844 
6.24050   8.83129 
6.06604   8.79155 
6.22462   9.44460 
6.26401   9.21501 
6.09026   9.12290 
5.75943   8.30067 
5.78808   8.18595 
5.71332   8.10923 
5.60939   8.09930 
5.66505   7.99687 
5.62511   7.89428 
5.52269   7.89076 
5.58668   7.79811 
5.50890   7.70154 
5.41211   7.73121 
5.43675   7.63815 
5.32611   7.56828 
5.25457   7.63523 
5.24072   7.53568 
5.11994   7.52909 
5.08636   7.60584 
5.03712   7.53229 
4.93997   7.56031 
4.93501   7.63764 
4.87144   7.58891 
4.78663   7.63857 
4.81810   7.70115 
4.73824   7.67349 
4.71446   7.74499 
4.68299   7.68242 
4.58888   7.73327 
4.62664   7.81081 
4.55630   7.79016 
4.50546   7.87805 
6.18665   10.16160 
6.28131   9.99322 
6.22127   9.78377 
6.03588   9.79423 
6.17822   9.61020 
6.03923   9.45506 
6.06658   10.62150 
6.14501   10.42390 
5.97847   10.37530 
6.12783   10.30690 
6.02011   10.11300 
5.80744   10.79510 
5.97029   10.70580 
5.89936   10.57660 
5.58660   10.87390 
5.70010   10.85870 
5.69572   10.72450 
5.42588   10.97840 
5.48933   10.92730 
5.49110   10.84150 
5.32274   11.07770 
5.39440   11.03860 
5.36234   10.95510 
5.21702   11.17480 
5.26650   11.13820 
5.22657   11.09500 
5.27471   11.09690 
5.28282   11.03450 
5.76294   10.53640 
5.85923   10.45220 
5.84206   10.33510 
5.57962   10.69130 
5.68697   10.62770 
5.64684   10.50330 
5.39247   10.80800 
5.48975   10.75460 
5.48099   10.65790 
4.75868   7.79371 
4.70343   7.80265 
4.67085   7.85953 
5.72239   10.27640 
5.84163   10.19950 
5.90045   10.05430 
5.76093   9.99871 
5.93942   9.91223 
5.89637   9.73866 
5.08876   11.35190 
5.13685   11.34550 
5.15112   11.30510 
5.00139   11.36260 
5.04793   11.35990 
5.06312   11.32120 
5.12164   11.27990 
5.16881   11.27190 
5.17750   11.23000 
5.14109   11.21050 
5.17926   11.19380 
5.18061   11.15530 
4.92388   11.35220 
4.96959   11.36140 
4.99048   11.32790 
4.84375   11.31550 
4.88474   11.34420 
4.91953   11.31870 
4.80063   11.24490 
4.82470   11.28490 
4.86133   11.28030 
4.77112   11.15780 
4.78381   11.21250 
4.82546   11.21740 
5.03508   11.30750 
5.07591   11.29950 
5.06391   11.27190 
5.09195   11.28560 
5.10964   11.25230 
4.97934   11.29340 
5.01114   11.29460 
5.02394   11.27290 
5.03894   11.26890 
5.01553   11.25800 
4.95844   11.30360 
4.97911   11.27020 
4.96411   11.26620 
4.98447   11.25800 
4.90189   11.30100 
4.94104   11.30890 
4.94081   11.28580 
5.05498   11.25500 
5.06596   11.24400 
5.04243   11.24240 
4.86778   11.25780 
4.88683   11.28830 
4.90834   11.27850 
4.91268   11.26150 
4.92774   11.27420 
4.94514   11.26880 
4.95104   11.25460 
4.94006   11.24360 
4.95758   11.24240 
5.07293   11.22230 
5.08693   11.23620 
5.11662   11.23060 
5.07695   11.20730 
5.05796   11.21550 
5.11838   11.19440 
5.07396   11.18530 
5.09091   11.19260 
5.11538   11.17250 
5.06993   11.17030 
5.05796   11.18450 
4.90139   11.24470 
4.92079   11.24040 
4.92877   11.22680 
4.92475   11.21180 
4.94204   11.21550 
4.87589   11.23670 
4.83773   11.19250 
4.85454   11.22490 
4.88816   11.21180 
4.88838   11.19000 
4.90973   11.20190 
4.92498   11.19000 
4.92900   11.17500 
4.94204   11.18450 
5.09816   11.14660 
5.12563   11.14840 
5.13614   11.10940 
5.15336   11.13530 
5.19112   11.11620 
5.19933   11.07500 
5.05760   11.15230 
5.07558   11.15260 
5.08582   11.12860 
5.04662   11.14130 
5.04242   11.15760 
4.77387   11.12850 
4.81140   11.15570 
4.84062   11.14030 
4.83786   11.16960 
4.86694   11.17710 
4.88851   11.16710 
4.89506   11.14620 
4.91650   11.15910 
4.93554   11.15410 
4.94652   11.14310 
4.95757   11.15760 
4.69054   11.02200 
4.74048   11.07590 
4.77793   11.04280 
4.77104   11.09760 
4.81132   11.09540 
4.84219   11.11460 
4.86865   11.12850 
4.89664   11.12040 
4.83936   11.08360 
4.89397   11.09180 
4.92038   11.10950 
4.93507   11.09510 
4.93773   11.12370 
4.96121   11.12860 
4.97062   11.10850 
4.97941   11.12790 
4.99441   11.12390 
4.98447   11.14200 
5.00795   11.11080 
5.01353   11.12690 
5.02853   11.13100 
5.01553   11.14200 
5.04515   11.12430 
5.04574   11.10120 
5.06383   11.11160 
5.08641   11.10560 
5.08803   11.07840 
5.11002   11.09540 
5.13775   11.08220 
5.13112   11.04380 
5.15723   11.05780 
5.19269   11.03650 
5.18465   10.98420 
5.22674   11.00140 
5.27477   10.98210 
5.30626   10.92190 
5.23520   10.88220 
5.32277   10.85510 
5.32142   10.76830 
4.94229   11.07380 
4.95964   11.08790 
4.97785   11.08720 
4.99185   11.06890 
5.00284   11.08950 
5.02195   11.09250 
5.04063   11.07990 
5.03931   11.05010 
5.06310   11.05880 
5.08671   11.04870 
5.10619   11.02420 
5.08394   10.99040 
5.12835   10.98550 
5.16239   10.95030 
5.12360   10.91100 
5.17990   10.90970 
5.19642   10.84290 
4.98018   11.04240 
5.00517   11.04470 
5.02763   11.02360 
5.01022   10.99060 
5.04437   10.99610 
5.06652   10.95740 
5.02401   10.92270 
5.06358   10.91700 
5.08110   10.87640 
4.92237   11.05190 
4.94694   11.04470 
4.96025   11.02050 
4.87115   11.07490 
4.89490   11.06400 
4.89954   11.03500 
4.84028   11.05580 
4.93660   10.98830 
4.96984   10.98600 
4.98657   10.95850 
4.98363   10.91810 
4.79832   11.00110 
4.82887   11.02270 
4.86067   11.01410 
4.88814   11.00190 
4.89772   10.96740 
4.69046   10.97450 
4.74729   10.97360 
4.79823   10.95350 
4.54207   10.92550 
4.61951   10.95100 
4.67626   10.90260 
4.49574   10.85180 
4.81018   10.90240 
4.86121   10.92990 
4.90968   10.91630 
4.94712   10.88060 
4.67072   10.84290 
4.74166   10.86630 
4.80464   10.84270 
4.48452   10.77280 
4.59410   10.80020 
4.65950   10.76390 
4.25383   10.65940 
4.37605   10.72370 
4.47441   10.67210 
4.06230   10.50000 
4.17511   10.57020 
4.28722   10.53380 
4.05728   10.36290 
4.79594   10.78290 
4.86446   10.81900 
4.90936   10.78190 
4.91806   10.84160 
4.99202   10.84340 
5.02713   10.79140 
5.05619   10.83030 
5.11621   10.82440 
5.17151   10.79690 
5.14754   10.73660 
5.22775   10.75510 
5.29745   10.70800 
4.66476   10.69850 
4.74138   10.74120 
4.80120   10.71750 
4.44292   10.59750 
4.55138   10.64660 
4.58047   10.58510 
4.61196   10.65970 
4.69384   10.63690 
4.32550   10.44580 
4.40422   10.53510 
4.48120   10.50950 
4.03469   10.24830 
4.18590   10.33000 
4.26778   10.24810 
4.29036   10.36260 
4.40737   10.36390 
3.83438   10.01800 
3.97447   10.13830 
4.10309   10.10540 
3.60558   9.68404 
3.71266   9.88210 
3.92114   9.85947 
3.56313   9.28258 
3.57708   9.51228 
3.77092   9.55178 
3.64115   8.88548 
3.59448   9.10353 
3.77376   9.20097 
3.76244   8.51138 
3.69344   8.71066 
3.85740   8.84710 
3.90228   8.16770 
3.79600   8.32535 
3.94324   8.48624 
4.06712   8.13817 
4.38912   7.98222 
4.25942   8.02608 
4.30505   8.16644 
4.20310   8.11649 
4.11276   8.27853 
4.56645   7.94637 
4.47785   7.95673 
4.45011   8.05054 
4.71214   7.90688 
4.63534   7.91505 
4.60774   7.99373 
4.53295   10.45810 
4.57165   10.52050 
4.63222   10.53360 
4.46630   10.30600 
4.50143   10.38920 
4.59188   10.40020 
4.68181   10.50480 
4.69063   10.56940 
4.74343   10.60810 
4.77711   10.57060 
4.78032   10.63820 
4.84686   10.63210 
4.81318   10.66960 
4.86774   10.71130 
4.92653   10.69060 
4.91455   10.73850 
4.96815   10.76110 
5.03232   10.74800 
5.02194   10.69660 
5.08092   10.72690 
5.13716   10.68520 
4.92623   10.64270 
4.97304   10.66980 
5.02164   10.64870 
4.85319   10.59010 
4.88605   10.62150 
4.93256   10.60070 
4.78904   10.53270 
4.82593   10.56280 
4.86513   10.55220 
4.67578   10.45750 
4.73419   10.49330 
4.76292   10.45830 
4.76895   10.50560 
4.81778   10.49780 
4.63033   10.34540 
4.66185   10.41420 
4.71423   10.40270 
4.75522   10.37860 
4.76915   10.42190 
4.80392   10.43420 
4.50734   8.12931 
4.41861   8.15479 
4.36229   8.24521 
4.66963   8.01497 
4.60073   8.04630 
4.63331   8.11160 
4.57142   8.09035 
4.53992   8.19460 
4.18840   10.03780 
4.24862   10.14780 
4.35308   10.18050 
4.42777   10.12550 
4.44692   10.22580 
4.54099   10.25110 
4.59390   10.20670 
4.61327   10.28690 
4.68324   10.30100 
4.72459   10.26770 
4.74165   10.32610 
4.79657   10.34530 
3.94151   9.73465 
4.06324   9.87058 
4.19728   9.80198 
4.17691   9.92679 
4.32244   9.96917 
3.89006   9.44544 
3.91856   9.61720 
4.06066   9.62832 
3.93185   9.13058 
3.90051   9.30963 
4.04815   9.37505 
4.03296   8.81965 
3.98067   8.99447 
4.10742   9.10312 
4.07581   8.40018 
4.04226   8.58621 
4.18259   8.61291 
4.05002   8.69898 
4.17330   8.84634 
4.21178   8.37850 
4.43926   8.33417 
4.32570   8.34582 
4.28875   8.46747 
4.39568   8.53786 
4.28176   8.57054 
4.28952   8.68331 
4.38666   8.73877 
4.28749   8.78114 
4.27043   8.90181 
4.84037   10.42510 
4.83414   10.46150 
4.85423   10.48870 
4.88629   10.48070 
4.86992   10.51700 
4.89718   10.54430 
4.92653   10.52760 
4.92173   10.56280 
4.96191   10.58400 
4.97797   10.55360 
4.98880   10.59140 
5.03163   10.57880 
5.01557   10.60930 
5.06447   10.63610 
5.09991   10.60380 
5.10597   10.64320 
5.17259   10.65290 
5.18207   10.60260 
5.21326   10.64460 
5.26621   10.60860 
5.25673   10.65890 
5.35040   10.67210 
5.35775   10.58760 
5.39847   10.63670 
5.48835   10.57340 
5.45323   10.49210 
5.53575   10.51330 
5.61172   10.42210 
5.53591   10.35900 
5.64700   10.34890 
5.64658   10.21330 
5.25096   10.55820 
5.29442   10.57250 
5.34250   10.53710 
5.31077   10.47670 
5.37410   10.49170 
5.42150   10.43170 
5.37484   10.37150 
5.45397   10.37190 
5.48925   10.29880 
5.15581   10.56380 
5.19647   10.55550 
5.22469   10.51930 
5.08188   10.57280 
5.12338   10.57990 
5.13778   10.53280 
5.02716   10.54530 
5.05393   10.56320 
5.07740   10.53930 
5.19888   10.47910 
5.25336   10.48190 
5.28496   10.43650 
5.24508   10.39160 
5.30249   10.38650 
5.33496   10.32670 
4.97250   10.52340 
4.99939   10.53080 
5.02169   10.51510 
4.92579   10.50130 
4.95034   10.51990 
4.97176   10.49710 
4.89810   10.45660 
4.91379   10.48490 
4.93760   10.47730 
4.94780   10.45640 
4.95980   10.47280 
4.98196   10.47630 
4.99696   10.48030 
4.98447   10.45800 
4.93682   10.44540 
4.95758   10.44240 
4.89155   10.43910 
4.91905   10.44340 
4.93027   10.42790 
4.92625   10.41290 
4.94204   10.41550 
5.01826   10.47200 
5.01522   10.49230 
5.04299   10.50680 
5.03326   10.46790 
5.01553   10.45800 
5.06523   10.48550 
5.07170   10.50830 
5.09964   10.51800 
5.13207   10.50180 
5.04679   10.45490 
5.05004   10.47090 
5.07875   10.47240 
5.05776   10.44390 
5.04243   10.44240 
5.12061   10.46710 
5.15875   10.48200 
5.18742   10.44450 
5.07744   10.44280 
5.09263   10.45730 
5.11930   10.43750 
5.07164   10.42890 
5.07566   10.41390 
5.05796   10.41550 
4.84765   10.39410 
4.87787   10.42140 
4.89883   10.40810 
4.91257   10.39520 
4.90168   10.37810 
4.92910   10.38290 
4.93312   10.36790 
4.94204   10.38450 
4.81326   10.31670 
4.82684   10.36920 
4.86434   10.36540 
4.86842   10.33680 
4.88923   10.36170 
4.90576   10.34940 
4.91561   10.33380 
4.92805   10.35020 
4.94297   10.35230 
4.95395   10.34130 
4.95757   10.35760 
5.07613   10.39130 
5.09178   10.40520 
5.11179   10.39060 
5.11132   10.41320 
5.13931   10.42300 
5.07211   10.37630 
5.05796   10.38450 
5.15711   10.38990 
5.16510   10.41430 
5.20522   10.41150 
5.22275   10.36150 
4.95653   10.32280 
4.97258   10.32950 
4.98758   10.32550 
4.98447   10.34200 
5.11224   10.36660 
5.13177   10.37460 
5.15756   10.36600 
5.06976   10.35760 
5.08991   10.36390 
5.10990   10.34790 
5.04336   10.33690 
5.05434   10.34790 
5.04242   10.35760 
5.07215   10.33550 
5.15435   10.33060 
5.17969   10.34590 
5.21955   10.32610 
5.00986   10.32600 
5.02486   10.33000 
5.01553   10.34200 
5.03823   10.31890 
4.99744   10.31150 
4.90897   10.31320 
4.93126   10.31400 
4.94989   10.30220 
4.85553   10.31250 
4.88042   10.30870 
4.89608   10.28890 
4.82526   10.28860 
5.44076   10.23120 
5.52271   10.21820 
5.59809   10.14570 
5.53199   10.05780 
5.65587   10.05280 
5.69484   9.91079 
5.29560   10.27790 
5.36795   10.26290 
5.40141   10.18240 
5.20481   10.28050 
5.24787   10.29600 
5.28087   10.23220 
5.09566   10.32210 
5.11799   10.32480 
5.14012   10.30470 
5.08024   10.31240 
5.13012   10.27010 
5.16648   10.27590 
5.19480   10.24580 
5.03612   10.29590 
5.05462   10.30280 
5.07813   10.28940 
5.07176   10.25650 
5.09739   10.26610 
5.12375   10.23720 
4.98999   10.29010 
5.01228   10.29050 
5.02866   10.27440 
5.02097   10.24880 
5.04481   10.25410 
5.06407   10.23090 
4.94183   10.27760 
4.96709   10.28650 
4.98192   10.26560 
4.97050   10.23430 
4.99340   10.23790 
5.00955   10.21760 
4.88833   10.25800 
4.91688   10.26250 
4.93408   10.24680 
4.94556   10.21920 
4.80803   10.25990 
4.85030   10.25570 
4.87110   10.22930 
4.71215   10.21130 
4.77055   10.23640 
4.79559   10.20350 
4.59060   10.13790 
4.66289   10.17370 
4.70885   10.14240 
4.43462   10.03400 
4.52846   10.07930 
4.59745   10.04640 
4.42313   9.92301 
4.38543   8.92465 
4.27123   8.98986 
4.35190   9.09923 
4.23690   9.07639 
4.18808   9.21250 
4.30656   9.29517 
4.17708   9.32191 
4.16663   9.45772 
4.28471   9.51051 
4.15578   9.56366 
4.17874   9.68111 
4.29241   9.73732 
4.35676   9.65529 
4.37531   9.77616 
4.47139   9.75773 
4.40703   9.83976 
4.51921   9.90458 
4.40134   9.46680 
4.39050   9.57273 
4.47340   9.61157 
4.40657   9.25258 
4.39556   9.36199 
4.50135   9.42420 
4.45856   9.06947 
4.42423   9.15600 
4.51323   9.22281 
4.47286   8.88992 
4.47367   8.97796 
4.54599   9.03473 
4.46913   8.69723 
4.46710   8.79506 
4.55534   8.84837 
4.48476   8.49870 
4.47777   8.60178 
4.55821   8.65806 
4.53298   8.31449 
4.49639   8.41510 
4.57848   8.47901 
4.62986   8.21138 
4.56579   8.25033 
4.62293   8.33126 
4.70001   8.11038 
4.67069   8.15443 
4.69656   8.21016 
4.72124   8.00080 
4.71424   8.05338 
4.75162   8.09621 
4.75985   7.89901 
4.72435   7.95452 
4.76896   7.99293 
4.55986   9.61177 
4.52613   9.69433 
4.55785   9.75793 
4.62884   9.77193 
4.57410   9.83533 
4.59020   9.91858 
4.67650   9.91234 
4.62161   9.98159 
4.68375   10.04010 
4.74852   10.02280 
4.72437   10.08760 
4.77363   10.12520 
4.81998   10.11110 
4.80446   10.16590 
4.84195   10.18940 
4.87998   10.19170 
4.89004   10.15420 
4.91920   10.19400 
4.95562   10.18160 
4.84794   10.07210 
4.87878   10.11290 
4.91799   10.11520 
4.79320   9.97285 
4.83383   10.02030 
4.89262   10.02210 
4.71366   9.86139 
4.74507   9.92440 
4.83037   9.92190 
4.67426   9.72860 
4.69051   9.80600 
4.75909   9.81805 
5.32898   10.15060 
5.40179   10.11890 
5.37725   10.04340 
5.44968   10.07520 
5.50745   9.98227 
5.22556   10.20280 
5.27328   10.18470 
5.27367   10.12120 
5.18722   10.19820 
5.10982   10.20280 
5.14254   10.20680 
5.17330   10.16380 
5.04676   10.19820 
5.07371   10.20060 
5.09251   10.17010 
5.01920   10.18730 
4.96364   10.13620 
4.99000   10.16140 
5.02721   10.14200 
4.95237   10.09500 
5.05050   10.10230 
5.07969   10.12820 
5.11580   10.13040 
5.16048   10.12190 
5.15798   10.06960 
5.21548   10.10300 
5.27117   10.06890 
5.24456   10.00180 
5.30275   10.02000 
5.35064   9.97626 
4.95681   10.04680 
5.00245   10.06790 
5.05494   10.05410 
4.94270   9.99503 
5.06692   9.99919 
5.11496   10.03360 
5.16996   10.01470 
5.20155   9.96579 
4.94830   9.94196 
5.01249   9.96664 
5.07252   9.94613 
4.84115   9.87047 
4.88929   9.91893 
4.95908   9.89054 
4.78812   9.77486 
4.81127   9.83025 
4.87019   9.82728 
5.08649   9.89058 
5.14091   9.92314 
5.21552   9.91024 
4.94057   9.85119 
4.99958   9.87422 
5.01997   9.82799 
5.03848   9.86734 
5.10688   9.84434 
4.88353   9.78611 
4.91341   9.82633 
4.95392   9.81001 
4.96434   9.77507 
4.99149   9.79993 
5.03039   9.79304 
4.86502   7.73243 
4.81663   7.76734 
4.80559   7.82500 
4.85001   7.84773 
4.79206   7.87410 
4.80427   7.92174 
4.98390   7.66796 
4.91538   7.69656 
4.91391   7.76275 
5.12632   7.65457 
5.04350   7.65777 
5.02387   7.71669 
5.27624   7.70105 
5.19085   7.66845 
5.14799   7.72038 
5.40606   7.80742 
5.33392   7.74404 
5.27020   7.77726 
5.48663   7.95287 
5.44820   7.85670 
5.37000   7.86953 
5.57412   8.17985 
5.52585   8.06749 
5.44790   8.09495 
5.48317   8.01439 
5.40868   7.98033 
4.84167   7.93777 
4.80946   7.96267 
4.80636   8.00895 
4.84340   8.01090 
4.80290   8.04115 
4.83761   8.07836 
4.80056   8.07642 
4.78632   8.13342 
5.34324   7.99965 
5.34670   7.93813 
5.30457   7.88884 
5.25199   7.90030 
5.27529   7.83171 
5.21761   7.78872 
5.17531   7.82029 
5.17022   7.76584 
5.10569   7.75195 
5.08146   7.79413 
5.05923   7.74867 
4.99963   7.75887 
4.99441   7.80132 
4.95904   7.76933 
4.90869   7.80521 
4.92882   7.84045 
4.88368   7.83387 
4.87014   7.88297 
4.90029   7.90179 
4.86662   7.91565 
4.87181   7.95658 
4.90116   7.95756 
4.87620   7.97968 
4.90359   8.00241 
4.87425   8.00143 
4.87079   8.03363 
4.56114   9.36724 
4.56693   9.47205 
4.64393   9.48444 
4.58413   9.54140 
4.63686   9.62416 
4.69497   9.60377 
4.67070   9.67414 
4.73237   9.70821 
4.77116   9.67945 
4.77473   9.73391 
4.82691   9.74611 
4.85321   9.71289 
4.86660   9.75384 
4.90983   9.75289 
4.92435   9.72264 
4.94128   9.75491 
4.97886   9.74482 
4.59901   9.18390 
4.58135   9.28048 
4.64693   9.32832 
4.63030   9.00503 
4.61519   9.09653 
4.68331   9.15420 
5.03282   9.75316 
5.06130   9.78122 
5.09478   9.76221 
5.09235   9.80209 
5.14036   9.82534 
4.98536   9.71150 
5.00841   9.73166 
5.03932   9.71984 
4.95570   7.84080 
4.93069   7.86945 
4.95014   7.89370 
4.92326   7.89335 
4.91974   7.92603 
4.94537   7.94380 
4.92240   7.95224 
4.92679   7.97533 
4.95635   7.93282 
4.95757   7.95758 
4.92277   7.99032 
4.94204   7.98447 
4.92082   8.01208 
4.92484   8.02709 
4.94204   8.01553 
4.97139   7.88846 
4.96397   7.91236 
4.97761   7.92758 
4.99261   7.92356 
4.98447   7.94204 
5.02169   7.82487 
4.98110   7.83534 
4.98297   7.86435 
4.99680   7.88300 
5.09918   7.82759 
5.05272   7.82431 
5.03942   7.85833 
5.18350   7.85801 
5.13611   7.83513 
5.10737   7.86532 
5.24169   7.93695 
5.21241   7.87981 
5.17320   7.89466 
5.01991   7.88457 
5.00833   7.90868 
5.01572   7.92512 
5.03072   7.92914 
5.01553   7.94204 
5.05095   7.88401 
5.11873   7.89114 
5.08181   7.88360 
5.06230   7.90984 
5.07749   7.92380 
5.04663   7.92421 
5.04591   7.94310 
5.05689   7.95408 
5.04242   7.95757 
5.17271   7.92579 
5.14380   7.90400 
5.11824   7.92228 
5.11740   7.94947 
5.09233   7.93661 
5.07665   7.95099 
5.07173   7.96690 
5.07575   7.98190 
5.05796   7.98447 
4.93703   8.04593 
4.91383   8.04301 
4.90303   8.06654 
4.89083   8.04770 
4.85999   8.05716 
4.85765   8.09243 
4.94802   8.05691 
4.95758   8.04243 
5.14041   7.95849 
5.11451   7.97282 
5.12017   7.99219 
5.09715   7.98316 
5.08141   8.00126 
5.09479   8.01864 
5.07338   8.01738 
5.06936   8.03238 
5.05796   8.01553 
5.19675   7.94777 
5.16734   7.95711 
5.16446   7.98047 
5.23633   7.96827 
5.35358   8.05592 
5.29161   8.01371 
5.26281   8.05588 
5.25247   7.99960 
5.20753   8.01043 
5.42000   8.15752 
5.37732   8.10442 
5.32568   8.11849 
5.18343   8.03662 
5.16728   8.00528 
5.14035   8.00666 
5.12300   8.01700 
5.11497   8.03312 
5.07471   8.05014 
5.05731   8.04776 
5.04633   8.05874 
5.04243   8.04242 
5.12604   8.05366 
5.09784   8.05530 
5.08578   8.07069 
5.28620   8.15061 
5.26246   8.10211 
5.22333   8.08800 
5.19590   8.10950 
5.19625   8.06326 
5.15600   8.05812 
5.13886   8.08031 
5.55125   8.25701 
5.46771   8.22521 
5.39713   8.23468 
5.73239   8.40725 
5.63061   8.31824 
5.52420   8.36360 
5.89211   8.61433 
5.80412   8.49579 
5.67531   8.51336 
5.96847   8.89139 
5.93960   8.72661 
5.79454   8.71418 
5.94416   9.19609 
5.94880   9.02952 
5.82236   8.96458 
5.90378   9.50035 
5.95018   9.33475 
5.80871   9.24138 
5.76621   9.73542 
5.86268   9.61741 
5.77363   9.49711 
5.59335   9.86938 
5.69841   9.81526 
5.66472   9.69401 
5.42081   9.92797 
5.50313   9.91061 
5.50671   9.81508 
5.34632   9.90460 
5.21595   9.85417 
5.27658   9.89682 
5.34675   9.84852 
5.16684   9.77524 
5.18137   9.81749 
5.24244   9.80407 
5.26310   9.75469 
5.29768   9.79136 
5.36742   9.79914 
5.38247   9.73153 
5.43154   9.78869 
5.52176   9.74746 
5.48878   9.66509 
5.56395   9.69148 
5.63174   9.61164 
5.56813   9.52858 
5.66891   9.53111 
5.71001   9.41405 
5.61266   9.34909 
5.71738   9.31509 
5.71135   9.17642 
5.33875   9.68326 
5.40287   9.67280 
5.44506   9.61682 
5.39893   9.55821 
5.48484   9.55050 
5.52201   9.46997 
5.45281   9.41800 
5.53610   9.39608 
5.54346   9.29712 
5.21846   9.71998 
5.27371   9.70728 
5.29411   9.64855 
5.12852   9.74582 
5.16953   9.73797 
5.18013   9.69056 
5.09747   9.72494 
5.03845   9.68922 
5.06285   9.71072 
5.09659   9.69433 
5.08085   9.66699 
5.11546   9.68122 
5.12714   9.65095 
5.14288   9.67829 
5.19181   9.66030 
5.17071   9.62238 
5.20797   9.63466 
5.22679   9.59245 
5.24788   9.63037 
5.31293   9.60635 
5.29115   9.54944 
5.33738   9.56763 
5.37716   9.50131 
5.32772   9.45575 
5.38928   9.44634 
5.40338   9.37244 
5.20219   9.56168 
5.24211   9.55739 
5.26656   9.51867 
5.22803   9.48503 
5.27708   9.47708 
5.28920   9.42211 
5.10239   9.62990 
5.12980   9.62697 
5.14596   9.60133 
5.12305   9.57769 
5.16396   9.57309 
5.17928   9.53803 
5.14914   9.51460 
5.18738   9.50318 
5.19790   9.46159 
5.05697   9.65505 
5.07584   9.64194 
5.07851   9.61796 
5.08253   9.60296 
5.05796   9.61553 
5.04599   9.66603 
5.04243   9.64242 
5.02246   9.67515 
5.00746   9.67917 
5.01553   9.65796 
4.96485   9.70438 
4.99440   9.69122 
4.98695   9.67205 
4.97195   9.66803 
4.98447   9.65796 
5.06937   9.56719 
5.07339   9.58219 
5.05796   9.58447 
5.09592   9.58515 
5.11391   9.55691 
5.09427   9.53807 
5.12141   9.53060 
5.12951   9.49575 
5.05655   9.55190 
5.07396   9.54909 
5.08146   9.52278 
5.04557   9.54092 
5.04242   9.55757 
4.94477   9.69650 
4.95382   9.67622 
4.95187   9.66015 
4.94089   9.64917 
4.95758   9.64243 
4.91332   9.69448 
4.84342   9.68510 
4.88311   9.69284 
4.90353   9.66670 
4.89185   9.64723 
4.92206   9.64887 
4.92921   9.62970 
4.92519   9.61470 
4.94204   9.61553 
4.76821   9.64249 
4.81057   9.66820 
4.84046   9.64815 
4.83460   9.62461 
4.86745   9.64152 
4.88599   9.62369 
4.87737   9.60393 
4.90177   9.60964 
4.91658   9.59494 
4.90571   9.57761 
4.92912   9.58267 
4.93314   9.56768 
4.94204   9.58447 
4.71376   9.55731 
4.74760   9.60729 
4.78700   9.59603 
4.80224   9.56615 
4.82286   9.60135 
4.84984   9.59473 
4.86563   9.58067 
4.86066   9.55693 
4.88819   9.56613 
4.90074   9.55387 
4.68617   9.43917 
4.70338   9.50853 
4.75600   9.51204 
4.70050   9.29897 
4.68029   9.38573 
4.73974   9.40982 
4.78826   9.48154 
4.79864   9.53033 
4.83450   9.53565 
4.85706   9.52110 
4.78604   9.37493 
4.79192   9.42836 
4.83456   9.44665 
4.86215   9.42114 
4.85848   9.47432 
4.88961   9.47360 
4.86201   9.49911 
4.88818   9.52039 
4.91468   9.51367 
4.90973   9.53566 
4.92724   9.54714 
4.94213   9.54947 
4.95311   9.53849 
4.95757   9.55758 
4.95922   9.51858 
4.97610   9.52813 
4.99111   9.52411 
4.98447   9.54204 
4.91617   9.48763 
4.93772   9.50290 
4.96071   9.49254 
4.91264   9.46284 
5.04491   8.07733 
5.02858   8.07055 
5.01358   8.07457 
5.01553   8.05796 
5.09191   8.09300 
5.06879   8.08784 
5.05104   8.09965 
5.14987   8.10884 
5.11991   8.10438 
5.10292   8.12153 
5.17695   8.13357 
5.37957   8.28903 
5.33187   8.22133 
5.28342   8.24431 
5.30097   8.18996 
5.23775   8.17358 
5.20562   8.20854 
5.19085   8.16919 
5.14482   8.16853 
5.11934   8.19274 
5.10545   8.15713 
5.07745   8.14575 
5.06054   8.16010 
5.05801   8.12450 
5.03413   8.11400 
5.02182   8.13324 
5.01484   8.10839 
4.99362   8.10988 
5.00594   8.09063 
4.99236   8.07606 
4.97736   8.07204 
4.98447   8.05796 
4.96677   8.09145 
4.95941   8.07137 
4.93742   8.07631 
4.97911   8.13238 
4.97021   8.11462 
4.95226   8.11395 
4.92810   8.10028 
4.91671   8.08581 
4.89370   8.09050 
4.93154   8.12345 
4.87133   8.11170 
4.90074   8.13929 
4.86469   8.14122 
4.85817   8.18028 
4.82875   8.15268 
4.77980   8.17248 
4.92490   8.15296 
4.80216   8.22931 
4.75974   8.21005 
4.71891   8.26699 
4.76779   8.31904 
4.70461   8.31915 
4.67180   8.38331 
4.74293   8.42882 
4.66124   8.44093 
4.64961   8.52453 
4.72426   8.53705 
4.64150   8.57514 
4.68380   8.62602 
4.60915   8.61350 
4.60051   8.70895 
4.67151   8.70782 
4.62057   8.75238 
4.66971   8.79806 
4.59871   8.79919 
4.60447   8.89405 
4.67631   8.89068 
4.63294   8.93986 
4.70213   9.00166 
4.74918   8.62685 
4.71683   8.66522 
4.73689   8.70865 
4.72534   8.79111 
4.70348   8.83792 
4.73194   8.88372 
4.78302   8.70773 
4.73770   8.75034 
4.77147   8.79019 
4.78634   8.52777 
4.77823   8.57838 
4.81126   8.61757 
4.81976   8.41014 
4.80920   8.46776 
4.86317   8.50909 
4.83196   8.30329 
4.81766   8.35545 
4.88393   8.39439 
4.85291   8.22027 
4.83284   8.25783 
4.88271   8.29425 
4.88885   8.20880 
4.95494   8.17245 
4.92414   8.18829 
4.91888   8.22828 
5.00551   8.15099 
4.98210   8.15573 
4.98134   8.19106 
5.02480   8.15660 
5.04424   8.17784 
4.96475   8.24763 
4.92946   8.26814 
4.92858   8.31360 
5.01622   8.20182 
4.98906   8.21854 
4.99964   8.25840 
5.05196   8.20532 
5.12518   8.23833 
5.08581   8.22692 
5.05779   8.25091 
5.03348   8.28000 
5.22820   8.24923 
5.18129   8.24484 
5.14776   8.27902 
5.25909   8.28061 
4.99863   8.33309 
4.95188   8.35920 
4.95399   8.41389 
5.05679   8.32560 
5.17490   8.32081 
5.11878   8.31430 
5.08393   8.36739 
5.29519   8.32923 
5.23997   8.33415 
5.21100   8.36943 
5.36045   8.34257 
5.50789   8.44665 
5.42852   8.38542 
5.34414   8.42563 
5.63700   8.60006 
5.56526   8.51152 
5.46958   8.53334 
5.72755   8.79183 
5.68006   8.67955 
5.57002   8.67771 
5.73441   9.01535 
5.75408   8.87722 
5.63961   8.84260 
5.57995   9.15232 
5.67128   9.07861 
5.60301   8.99125 
5.51350   8.96566 
5.57663   8.90240 
5.55010   8.81701 
5.45981   8.80515 
5.52279   8.74535 
5.47972   8.66585 
5.39765   8.67041 
5.44488   8.60277 
5.38751   8.53790 
5.31164   8.55915 
5.33634   8.48973 
5.26827   8.44688 
5.20284   8.47899 
5.21064   8.41489 
5.14557   8.40155 
5.08357   8.41285 
5.08775   8.46751 
5.02611   8.43335 
4.95816   8.46855 
4.98534   8.51227 
4.91322   8.49281 
4.89035   8.55282 
5.19811   8.53177 
5.14048   8.49979 
5.08302   8.52029 
5.30213   8.61457 
5.25095   8.56639 
5.18860   8.58718 
5.07802   8.56980 
5.02529   8.53752 
4.98034   8.56179 
5.36814   8.72569 
5.33329   8.66261 
5.27261   8.66985 
5.40938   8.85734 
5.38207   8.78568 
5.31771   8.77788 
4.97973   8.60153 
4.93978   8.57628 
4.88974   8.59256 
4.90591   8.63279 
4.85648   8.60932 
4.82743   8.65780 
4.86885   8.68454 
4.82363   8.69278 
4.82444   8.73447 
4.93991   8.64991 
4.90664   8.66667 
4.90285   8.70166 
5.00775   8.62890 
4.96719   8.64339 
4.96793   8.67728 
5.11464   8.58599 
5.05691   8.60323 
5.06997   8.63515 
5.03335   8.61896 
5.02081   8.66082 
5.19928   8.63420 
5.14644   8.59958 
5.12532   8.63300 
5.25723   8.71443 
5.22607   8.66639 
5.18390   8.67878 
5.28474   8.81307 
5.27080   8.75308 
5.22426   8.74962 
5.12400   8.66730 
5.09220   8.65371 
5.06865   8.66944 
5.17772   8.71128 
5.15093   8.67909 
5.11782   8.69980 
5.19521   8.78070 
5.18164   8.74206 
5.14867   8.74236 
5.06281   8.69669 
5.04058   8.67812 
5.01498   8.68806 
5.01737   8.72268 
4.99760   8.70538 
4.97032   8.71190 
4.96326   8.73602 
4.97826   8.73200 
4.98447   8.74204 
4.94858   8.70390 
5.03237   8.72670 
5.01553   8.74204 
5.07656   8.70970 
5.04849   8.71838 
5.04612   8.73972 
5.05710   8.75070 
5.04242   8.75757 
5.12235   8.72876 
5.09542   8.71697 
5.08109   8.73867 
5.07596   8.75797 
5.12627   8.75954 
4.93631   8.75564 
4.94728   8.74466 
4.95757   8.75758 
4.94054   8.73264 
4.93261   8.71253 
4.89481   8.73040 
5.09740   8.76744 
5.07341   8.77947 
5.07743   8.79447 
5.05796   8.78447 
5.12372   8.78104 
4.93258   8.77474 
4.92085   8.76038 
4.90031   8.77393 
4.90404   8.75483 
4.87428   8.74395 
4.92856   8.78974 
4.94204   8.78447 
4.85992   8.77943 
4.85070   8.75500 
4.81009   8.76995 
4.79773   8.81072 
4.90854   8.79855 
4.89173   8.79299 
4.86815   8.80405 
4.91998   8.80881 
4.92400   8.82381 
4.94204   8.81553 
4.86750   8.83501 
4.83570   8.82144 
4.79708   8.84168 
4.81204   8.87992 
4.77407   8.86920 
4.74690   8.92196 
4.80013   8.94802 
4.75801   8.96255 
4.75536   9.02772 
4.93271   8.84399 
4.90867   8.83780 
4.89964   8.86530 
4.89093   8.84511 
4.85848   8.86251 
4.95764   8.86059 
4.94666   8.84961 
4.95758   8.84243 
4.93133   8.86360 
4.86927   8.89669 
4.84584   8.88659 
4.82283   8.91410 
4.83394   8.95469 
4.91981   8.88244 
4.90207   8.88975 
4.88944   8.91383 
4.93376   8.88805 
4.91431   8.93847 
4.88151   8.94541 
4.85881   8.97933 
4.98651   8.87531 
4.97152   8.87129 
4.98447   8.85796 
4.95915   8.87992 
4.94764   8.89875 
4.97086   8.91702 
4.94547   8.92516 
4.93754   8.95674 
4.89681   9.00459 
4.84924   9.01387 
4.85308   9.06038 
4.81509   9.03511 
4.75921   9.07422 
4.81108   9.12771 
4.75135   9.12032 
4.73518   9.20769 
4.80940   9.22821 
4.74136   9.26209 
4.77472   9.31950 
4.82690   9.33805 
4.97005   8.98236 
4.93889   8.99567 
4.92932   9.03021 
4.90775   9.07964 
4.87360   9.10088 
4.86574   9.14697 
4.94983   9.07071 
4.92866   9.17091 
4.86615   9.19775 
4.87233   9.25215 
4.92777   9.27101 
4.87103   9.30148 
4.88235   9.35691 
4.93573   9.36337 
4.89161   9.39994 
4.91554   9.42760 
4.94210   9.44164 
5.21173   8.80945 
5.16910   8.80189 
5.15879   8.82848 
5.14227   8.79973 
5.11340   8.80763 
5.10942   8.82665 
5.09086   8.80796 
5.07344   8.81349 
5.06942   8.82849 
5.05796   8.81553 
5.28400   8.85594 
5.23710   8.83113 
5.21100   8.85232 
5.43808   8.92330 
5.36034   8.90382 
5.33946   8.95309 
5.31076   8.88714 
5.26312   8.90521 
5.46446   9.01215 
5.53039   9.22458 
5.49032   9.12676 
5.41126   9.14299 
5.46081   9.07074 
5.38539   9.02837 
5.45384   9.27156 
5.32285   9.06119 
5.32650   9.00260 
5.27692   8.98591 
5.33017   9.34070 
5.39370   9.31236 
5.38063   9.23982 
5.23259   9.39609 
5.28323   9.37476 
5.27355   9.31468 
5.15590   9.44251 
5.19656   9.42436 
5.19059   9.37701 
5.28858   9.22148 
5.34872   9.18067 
5.31921   9.12464 
5.26032   9.09887 
5.19597   9.30150 
5.24290   9.26744 
5.21100   9.20829 
5.13353   9.36805 
5.16956   9.33978 
5.13891   9.29254 
5.09372   9.48085 
5.12146   9.46485 
5.12012   9.42762 
5.08254   9.41963 
5.11699   9.39730 
5.09596   9.36007 
5.06111   9.51400 
5.08143   9.50298 
5.07338   9.47208 
5.02762   9.53137 
5.04319   9.52425 
5.04316   9.50446 
5.01262   9.52735 
5.01553   9.54204 
5.00373   9.51146 
5.00293   9.49065 
5.02444   9.49389 
5.04236   9.48365 
5.05465   9.46152 
5.02249   9.44566 
5.05350   9.43409 
5.05038   9.40378 
4.96027   9.46671 
4.98177   9.48238 
5.00249   9.46481 
5.00134   9.43739 
4.96317   9.43147 
4.98317   9.41232 
4.97071   9.33622 
4.97997   9.37925 
5.01814   9.38516 
5.04718   9.37070 
5.06372   9.34146 
4.98107   9.24646 
4.97977   9.29579 
5.02401   9.31166 
5.07278   9.30103 
5.09919   9.26275 
4.99609   9.19853 
5.04808   9.22330 
5.11421   9.21482 
4.99568   9.14775 
5.15989   9.16885 
5.00252   9.05610 
4.98095   9.10552 
5.04837   9.13314 
5.09096   9.09121 
5.10569   9.13344 
5.20248   9.12692 
5.20612   9.06347 
5.23245   8.99332 
5.24541   8.94381 
5.21866   8.91261 
5.15421   9.05272 
5.21205   9.02467 
5.18054   8.98257 
5.05409   9.05937 
5.11141   9.05967 
5.11734   9.02087 
5.02298   9.02456 
4.99769   8.95839 
4.99904   8.99732 
5.05061   9.00059 
4.99530   8.90178 
4.99313   8.92819 
5.02212   8.94315 
5.00878   8.88648 
5.03507   8.86591 
5.02006   8.86993 
5.01553   8.85796 
5.02885   8.89640 
5.17731   8.92078 
5.19503   8.88217 
5.16965   8.86049 
5.14282   8.85833 
5.13089   8.87622 
5.12003   8.84422 
5.09749   8.84455 
5.08811   8.86064 
5.07750   8.84308 
5.06004   8.84458 
5.04906   8.85556 
5.04243   8.84242 
5.05413   8.86951 
5.08742   8.99145 
5.13021   8.98450 
5.15062   8.95315 
5.06348   8.96421 
5.12699   8.92271 
5.09220   8.92678 
5.11889   8.89441 
5.09610   8.88029 
5.07612   8.87882 
5.06212   8.88917 
5.05893   8.93401 
5.05084   8.90571 
0.00000   0.00000 
1.99987   0.00000 
1.31463   1.33576 
0.00000   2.09035 
20.00000   0.00000 
20.00000   1.99987 
17.99880   0.00000 
20.00000   20.00000 
18.00010   20.00000 
20.00000   17.99880 
0.00000   20.00000 
0.00000   17.91100 
2.00120   20.00000 
3.99973   0.00000 
3.05953   1.55470 
1.48024   3.01982 
0.00000   4.16650 
5.99960   0.00000 
5.12624   1.39455 
7.99947   0.00000 
7.14128   1.48178 
9.99933   0.00000 
9.15634   1.56235 
11.99920   0.00000 
11.16470   1.64863 
13.99910   0.00000 
13.14750   1.72592 
15.99890   0.00000 
15.19180   1.79737 
17.28350   1.74351 
20.00000   3.99973 
18.37030   3.24834 
20.00000   5.99960 
18.27350   4.99485 
20.00000   7.99947 
18.31760   6.96466 
20.00000   9.99933 
18.32540   8.95197 
20.00000   11.99920 
18.32870   10.94010 
20.00000   13.99910 
18.32550   12.91830 
20.00000   15.99890 
18.30310   14.87620 
18.20290   16.78630 
17.74710   18.48370 
16.00030   20.00000 
1.11233   4.88592 
0.00000   5.99663 
1.07659   6.53783 
0.00000   7.62681 
0.86879   8.07277 
0.00000   9.20926 
16.42300   3.72105 
16.65270   5.91484 
14.22490   3.50212 
15.10630   5.07402 
12.27640   3.41863 
10.31740   3.17286 
8.30043   3.05887 
6.16889   2.82518 
4.37564   2.66985 
2.96904   2.98836 
2.36299   4.15491 
2.07462   5.44006 
13.30640   5.46691 
11.34960   4.91229 
9.61834   4.56833 
16.65810   7.90874 
14.99760   6.86125 
16.66910   9.90069 
16.66870   11.88000 
16.65180   13.82680 
16.59470   15.73810 
16.35580   17.67360 
14.00040   20.00000 
14.69060   18.38260 
14.96790   16.54330 
14.98950   14.73440 
12.00050   20.00000 
12.85240   18.54050 
13.57300   17.21440 
13.35910   15.67600 
15.02010   12.84480 
13.34690   13.88010 
10.00070   20.00000 
10.98740   18.47320 
12.00200   16.95000 
8.00080   20.00000 
9.03594   18.45670 
10.14680   16.89670 
6.00093   20.00000 
7.08401   18.57030 
4.00107   20.00000 
5.15928   18.69280 
3.34600   18.63130 
1.82083   18.16840 
0.00000   15.83480 
1.28452   16.70550 
0.00000   14.00450 
1.08269   15.06530 
2.79795   17.19930 
4.35961   17.44940 
2.31900   15.85290 
6.07412   17.37280 
15.04150   10.87300 
15.02770   8.86614 
13.45900   11.90850 
13.44270   9.87580 
13.40700   7.78753 
11.90520   6.78599 
10.34170   6.13824 
8.00740   16.91920 
0.00000   12.37420 
1.06354   13.44240 
2.07347   14.55680 
11.78590   8.94384 
10.72910   7.61630 
11.98730   11.01130 
11.89540   13.00070 
11.48700   15.11850 
0.00000   10.79180 
0.95170   11.74580 
9.46536   15.46570 
10.33170   13.84830 
10.61640   12.09090 
10.54300   10.40840 
10.13600   8.85059 
3.70245   3.86090 
3.17497   4.90118 
4.98257   3.82084 
8.20387   4.60043 
7.19816   3.82939 
6.12693   4.13632 
8.94094   5.82048 
9.30848   7.31167 
0.84919   10.29290 
1.00431   9.19274 
1.65624   12.64920 
2.13061   13.50140 
3.67559   16.24480 
5.05623   16.31470 
3.18916   15.13570 
2.94186   14.15660 
6.48913   16.08160 
7.84115   15.41420 
8.82947   14.26760 
9.34507   12.90950 
2.12470   6.49577 
1.67688   7.45362 
2.91033   5.84794 
1.72462   8.59032 
9.32441   11.42040 
9.22785   9.97221 
8.88519   8.69329 
1.73725   9.79923 
1.64115   10.88450 
1.87548   11.84210 
4.35712   15.28820 
5.49204   15.28490 
3.85484   14.45700 
6.64447   14.99170 
7.57613   14.32980 
8.19169   13.38590 
8.42148   12.37260 
4.31131   4.80287 
3.82667   5.56515 
5.29221   4.87724 
7.03114   4.87328 
6.15937   5.06871 
7.69922   5.65624 
8.15438   6.64413 
8.22014   7.65721 
4.85704   14.47770 
5.85871   14.50360 
6.62064   14.10890 
7.24498   13.53030 
7.55907   12.76270 
4.77906   5.68599 
5.68321   5.67223 
6.55293   5.88722 
7.25265   6.37708 
7.34086   7.10477 
6.58415   6.71765 
5.95963   6.31267 
5.31088   6.20005 
8.30263   11.54220 
8.35464   10.68670 
7.59875   12.01100 
8.11368   9.66423 
7.95243   8.58541 
7.43855   7.84652 
6.71641   7.46545 
2.49752   12.65410 
2.86988   13.36370 
3.55440   13.64070 
4.29446   13.93410 
4.90813   13.81520 
5.41093   14.03750 
5.95852   13.79000 
6.48516   13.41430 
6.89795   12.97300 
6.88617   12.35660 
6.30615   7.16166 
5.99796   6.84160 
5.54575   6.65774 
3.31263   12.84910 
3.79273   13.10100 
4.06666   13.44650 
4.51037   13.43990 
6.31408   12.83800 
5.95257   13.24080 
5.43461   13.48600 
4.94852   13.35790 
5.25621   13.10360 
5.58690   13.08120 
5.81754   12.81540 
2.52967   11.91060 
3.03009   12.22940 
2.33519   11.26390 
2.40323   10.47930 
2.33915   9.15790 
2.47394   9.81032 
4.24415   13.00830 
4.63857   13.05840 
4.95057   13.03970 
3.88727   12.65180 
3.52506   12.38390 
4.74902   6.30826 
4.17881   6.13805 
3.52826   6.28714 
5.08137   6.66104 
2.89903   6.63299 
2.43925   7.23531 
2.22925   7.91169 
2.52784   8.45513 
2.92384   7.79578 
3.03264   7.21288 
3.49243   6.92447 
3.95126   6.69019 
4.37226   6.55665 
4.68559   6.80502 
3.51558   7.45577 
3.95414   7.21521 
4.32287   6.94537 
3.47222   7.92281 
3.13998   8.35584 
2.95757   8.88982 
2.93047   9.46231 
3.10601   10.06460 
3.04780   10.58870 
2.81819   10.98890 
3.02287   11.55400 
3.46432   11.94640 
3.37488   10.99760 
3.52098   11.48660 
3.55274   10.49620 
3.91270   12.19180 
3.81788   11.78410 
4.15023   12.42330 
4.24311   12.66830 
4.51321   12.74740 
4.80796   12.78570 
4.44555   12.44840 
4.67257   12.55740 
4.29689   12.20380 
4.09975   11.93820 
6.05147   12.51470 
6.39842   12.36090 
3.94229   7.69090 
4.33005   7.25661 
4.18896   7.47646 
4.63845   7.19199 
4.95445   7.04089 
5.28778   6.96913 
5.63814   7.04436 
5.92068   7.26564 
6.17360   7.55616 
4.49430   7.49848 
4.29454   7.70680 
4.90844   7.30778 
4.71530   7.41853 
5.15492   7.25205 
5.39927   7.22140 
5.59902   7.37373 
5.81185   7.57978 
5.42482   12.75770 
5.12161   12.83610 
5.68539   12.51910 
4.85938   12.57110 
5.00339   12.65920 
5.18839   12.59760 
5.39286   12.51100 
5.01222   12.46360 
5.20575   12.41360 
5.38127   12.33570 
5.53661   12.37020 
5.68088   12.24870 
5.88920   12.29820 
6.12997   12.11220 
5.82443   12.06600 
5.49157   12.19960 
5.59496   12.05100 
6.51934   11.96170 
7.00049   11.70070 
7.57652   11.27110 
7.51029   10.52210 
5.96836   11.87410 
6.22150   11.73150 
5.70680   11.85080 
6.93618   11.03780 
6.54536   11.48870 
7.33199   9.82085 
7.43575   9.14304 
7.24763   8.48369 
6.91297   8.00542 
6.41438   7.92135 
6.86735   10.33940 
5.98941   7.86949 
6.43447   11.07260 
6.54621   10.69520 
6.11640   11.37220 
5.91090   11.62700 
4.81215   12.40270 
4.64350   12.37570 
4.53600   12.24890 
4.31264   11.98500 
4.46361   12.08130 
5.31225   7.46873 
5.07071   7.45554 
4.87640   7.51158 
5.53354   7.60848 
5.68910   7.80163 
4.70677   7.61092 
4.51854   7.71262 
3.41175   9.64454 
3.62590   10.04070 
3.38385   9.18513 
3.47720   8.74904 
3.61520   8.35048 
3.82778   8.03519 
4.15746   7.97612 
4.41686   7.88840 
4.72702   12.23480 
4.62616   12.12750 
4.84091   12.28310 
4.94365   12.33520 
5.07294   12.33340 
5.17334   12.29070 
5.27012   12.28590 
5.34437   12.18890 
5.21173   12.18500 
5.10721   12.21800 
5.00742   12.25560 
4.91595   12.23200 
4.83401   12.18290 
4.76575   12.10610 
5.40628   12.05200 
5.49843   11.90340 
5.28373   12.09310 
5.29915   11.99890 
5.36023   11.91670 
5.13320   12.12760 
5.19813   12.09700 
5.20711   12.01850 
5.03669   12.19020 
5.07451   12.14610 
4.97279   12.17860 
4.90802   12.15120 
4.85492   12.10240 
5.01943   12.13070 
4.96026   12.11610 
4.91822   12.08970 
5.06956   12.07530 
5.13667   12.05820 
4.99314   12.09120 
5.02510   12.08460 
4.97000   12.05200 
5.00000   12.06000 
5.03000   12.05200 
4.92457   12.04980 
4.94804   12.03000 
5.05196   12.03000 
5.09118   12.02740 
5.06000   12.00000 
4.88116   12.04960 
5.13659   11.99990 
5.09099   11.98770 
5.05196   11.97000 
4.91071   12.01650 
4.94000   12.00000 
4.91135   11.97300 
4.94804   11.97000 
4.86932   11.99880 
4.82515   12.03840 
4.67755   12.03900 
4.75331   12.01780 
4.80726   11.96950 
4.86254   11.94620 
4.58012   11.98920 
4.45795   11.90030 
4.69710   11.94350 
4.59879   11.85830 
4.76308   11.89620 
4.82195   11.90450 
4.71009   11.83310 
4.81444   11.83520 
4.89949   11.92510 
4.93569   11.93640 
4.97000   11.94800 
4.87063   11.88340 
4.92422   11.88950 
4.96473   11.91270 
5.00000   11.94000 
4.91104   11.83060 
5.17126   11.95690 
5.23656   11.92400 
5.10559   11.94770 
5.03000   11.94800 
5.06166   11.92820 
5.02790   11.91110 
4.99534   11.89780 
4.96503   11.86490 
5.01490   11.86100 
5.06074   11.87720 
5.10102   11.89850 
5.15652   11.89910 
4.98143   11.81040 
5.20511   11.84260 
5.29328   11.84580 
5.39392   11.78300 
5.54918   11.75040 
5.67036   11.61060 
5.11690   11.83920 
5.04934   11.81520 
5.76388   11.38440 
5.88802   11.17530 
6.09905   11.05100 
6.13751   10.75070 
5.81181   10.92940 
5.64160   11.13990 
5.54827   11.45570 
5.57144   11.30220 
5.45493   11.60910 
5.26664   11.75940 
5.31839   11.67060 
5.17410   11.77040 
5.09623   11.75270 
5.01416   11.74330 
5.18039   11.67400 
5.06006   11.66130 
5.25819   11.55980 
5.11326   11.56970 
5.37555   11.46650 
5.41949   11.34020 
5.44155   11.20660 
5.45794   11.06190 
5.58483   10.95980 
4.93061   11.75200 
4.85490   11.77110 
4.95262   11.66590 
4.98554   11.57120 
4.76743   11.75100 
4.65298   11.74160 
4.50263   11.73010 
4.30779   11.79180 
4.10678   11.65870 
3.90747   11.44410 
3.73579   11.18250 
3.83652   10.86150 
4.34817   11.59130 
4.20156   11.41340 
4.07939   11.16470 
4.54126   11.54420 
4.63148   11.63380 
4.74924   11.65120 
4.85121   11.69150 
4.86121   11.59100 
4.44215   11.40820 
4.34718   11.24020 
4.13253   10.91390 
4.30159   11.03870 
4.74175   11.52630 
4.63481   11.41900 
4.55594   11.27440 
4.47622   11.11710 
4.90289   11.47460 
5.03004   11.47850 
5.14397   11.47050 
5.24853   11.45000 
5.28449   11.36150 
5.30764   11.25840 
4.78631   11.41060 
4.70214   11.31990 
4.60791   11.14590 
4.66750   11.22220 
5.31464   11.14010 
5.16974   11.37770 
5.07357   11.39060 
5.19829   11.29710 
5.21567   11.21330 
4.98050   11.39610 
4.88909   11.37770 
4.80712   11.32020 
4.75898   11.24010 
3.91611   10.55540 
4.14172   10.69580 
3.90607   10.28120 
4.38616   10.82430 
4.47883   10.97180 
4.63370   11.02290 
4.73359   11.13070 
6.29437   10.35550 
6.48369   10.01860 
6.81236   9.83064 
6.87364   9.38841 
6.85144   8.86956 
6.65958   8.37305 
6.19830   8.28958 
5.91851   8.16024 
5.76897   8.00680 
6.36361   9.59974 
6.44240   9.14056 
6.38610   8.70624 
6.03717   8.62677 
5.86120   8.38968 
6.09490   8.95633 
6.08563   9.28946 
5.65766   8.21165 
5.56112   7.98694 
5.48426   7.79459 
5.33996   7.66783 
5.16918   7.60264 
5.00354   7.60904 
4.86649   7.66623 
4.76971   7.73606 
4.65921   7.75393 
4.59406   7.86769 
6.07893   9.96780 
5.99283   9.62065 
5.99565   10.49230 
5.96130   10.25830 
5.80307   10.66090 
5.58838   10.78810 
5.39382   10.89490 
5.33085   11.01530 
5.21836   11.13630 
5.23478   11.05370 
5.72282   10.41200 
5.57087   10.59460 
5.39112   10.72120 
4.74764   7.85137 
5.72196   10.14080 
5.79990   9.85666 
5.10395   11.31320 
5.02229   11.32920 
5.13933   11.24660 
5.14285   11.17430 
4.95868   11.32670 
4.88038   11.31080 
4.84227   11.24970 
4.80864   11.18500 
5.04787   11.28580 
5.07996   11.25790 
5.00000   11.26000 
5.03000   11.25200 
4.95821   11.28040 
4.97000   11.25200 
4.92340   11.29120 
5.05196   11.23000 
4.89328   11.26580 
4.93207   11.25720 
4.94804   11.23000 
5.09391   11.21450 
5.06000   11.20000 
5.08791   11.17060 
5.05196   11.17000 
4.90950   11.22360 
4.94000   11.20000 
4.86681   11.20000 
4.90995   11.18010 
4.94804   11.17000 
5.10841   11.12260 
5.16387   11.09620 
5.06324   11.13470 
5.03000   11.14800 
4.81416   11.12640 
4.86708   11.15420 
4.92305   11.13810 
4.97000   11.14800 
4.74737   11.02110 
4.80849   11.06450 
4.87022   11.10270 
4.91772   11.08090 
4.95241   11.10930 
4.98883   11.10780 
5.00000   11.14000 
5.02707   11.11390 
5.06442   11.08860 
5.11163   11.06820 
5.15060   11.01940 
5.21869   10.94900 
5.25172   10.81540 
4.96686   11.06660 
5.01684   11.07120 
5.06178   11.02910 
5.10609   10.95160 
5.14111   10.87040 
4.99349   11.01820 
5.02695   10.96310 
5.02108   10.88240 
4.92701   11.02280 
4.87207   11.04710 
4.94619   10.95380 
4.84926   10.98100 
4.74721   10.92600 
4.60532   10.87920 
4.87316   10.87880 
4.73612   10.80660 
4.58287   10.72120 
4.36594   10.62300 
4.20849   10.44460 
4.85576   10.75920 
4.96297   10.80450 
5.09130   10.77830 
5.20378   10.69490 
4.74664   10.67570 
4.51989   10.57200 
4.64104   10.59820 
4.44251   10.44710 
4.16332   10.21540 
4.37224   10.28070 
4.04286   9.99539 
3.79942   9.72354 
3.74242   9.38002 
3.80511   9.02192 
3.90968   8.67228 
3.97679   8.30021 
4.36137   8.07603 
4.24873   8.25685 
4.53884   8.02505 
4.67663   7.96240 
4.62340   10.46900 
4.56036   10.33130 
4.74022   10.54060 
4.81400   10.60060 
4.87972   10.66350 
4.97334   10.71780 
5.07053   10.67550 
4.97274   10.62180 
4.89238   10.57950 
4.83787   10.52490 
4.72816   10.44600 
4.79769   10.47070 
4.70030   10.35950 
4.81015   10.39780 
4.47584   8.23356 
4.66263   8.06755 
4.60399   8.15565 
4.33393   10.08020 
4.52161   10.17080 
4.66618   10.24250 
4.78300   10.29280 
4.08361   9.74576 
4.31096   9.85819 
4.03771   9.51087 
4.05860   9.23924 
4.15624   8.96701 
4.17483   8.50015 
4.19036   8.72567 
4.40267   8.43478 
4.38869   8.64094 
4.38462   8.83661 
4.87059   10.45240 
4.90198   10.50900 
4.95108   10.54620 
5.00486   10.56100 
5.05841   10.59670 
5.14141   10.61090 
5.22274   10.59430 
5.30967   10.62290 
5.40583   10.55220 
5.50063   10.43210 
5.57119   10.28580 
5.27917   10.52200 
5.34237   10.43130 
5.40731   10.31170 
5.17021   10.51660 
5.10535   10.54890 
5.04946   10.52960 
5.22755   10.44170 
5.26261   10.34160 
4.99392   10.50060 
4.94960   10.49370 
4.92560   10.46090 
4.97000   10.45200 
5.00000   10.46000 
4.94804   10.43000 
4.91251   10.42580 
4.94000   10.40000 
5.03652   10.48390 
5.03000   10.45200 
5.09393   10.48700 
5.06357   10.45790 
5.05196   10.43000 
5.14729   10.44730 
5.09132   10.42770 
5.06000   10.40000 
4.88515   10.39030 
4.91820   10.36590 
4.94804   10.37000 
4.84353   10.34050 
4.89331   10.33300 
4.93790   10.33460 
4.97000   10.34800 
5.09225   10.38260 
5.13132   10.39860 
5.05196   10.37000 
5.18290   10.38130 
4.97516   10.31100 
5.00000   10.34000 
5.13222   10.35070 
5.08757   10.34520 
5.03000   10.34800 
5.05673   10.32580 
5.17648   10.31050 
5.01973   10.31200 
4.92463   10.29330 
4.86753   10.28450 
5.47422   10.15070 
5.58977   9.96491 
5.32859   10.21410 
5.23314   10.25040 
5.10376   10.29900 
5.15647   10.24120 
5.05250   10.27970 
5.09102   10.23320 
5.00483   10.26910 
5.03711   10.22850 
4.95902   10.26200 
4.98198   10.20670 
4.90914   10.23160 
4.83307   10.22700 
4.75811   10.18000 
4.65959   10.10490 
4.53531   9.98783 
4.38623   9.01270 
4.31757   9.18576 
4.29556   9.40458 
4.27386   9.61645 
4.43966   9.69413 
4.50311   9.82133 
4.50713   9.52901 
4.49556   9.31939 
4.53089   9.12623 
4.56110   8.94323 
4.54958   8.75351 
4.56684   8.56261 
4.59012   8.39541 
4.65573   8.26711 
4.73738   8.15322 
4.76585   8.03921 
4.77207   7.94665 
4.61259   9.69453 
4.64509   9.84934 
4.70790   9.97535 
4.78915   10.07030 
4.85082   10.15190 
4.92926   10.15640 
4.90673   10.07390 
4.87850   9.97035 
4.78224   9.87344 
4.73593   9.76266 
5.32936   10.08710 
5.42514   9.99963 
5.21798   10.15530 
5.12862   10.17230 
5.05641   10.16790 
4.99801   10.11600 
5.10298   10.08850 
5.21298   10.05070 
5.27615   9.95289 
5.00689   10.01970 
5.12694   9.97869 
5.01809   9.91357 
4.90007   9.86751 
4.84030   9.78706 
5.15488   9.86759 
4.98107   9.83488 
5.05887   9.82110 
4.92676   9.78515 
5.00191   9.76498 
4.86355   7.79862 
4.83647   7.89683 
4.96427   7.72688 
5.08347   7.70649 
5.21252   7.73426 
5.32787   7.82025 
5.41214   7.91881 
5.49058   8.14805 
5.40522   8.04185 
4.84686   7.97870 
4.83994   8.04309 
4.83527   8.11363 
5.28127   7.95744 
5.22271   7.84317 
5.12792   7.79741 
5.03500   7.79085 
4.95382   7.81179 
4.90381   7.86911 
4.89677   7.93447 
4.90555   7.98065 
4.90164   8.02417 
4.62672   9.41508 
4.66114   9.55380 
4.72880   9.65375 
4.81352   9.70515 
4.89290   9.72062 
4.95580   9.72467 
4.66713   9.24157 
4.69949   9.06683 
5.06373   9.74134 
5.12583   9.78309 
5.01492   9.69833 
4.95757   7.86980 
4.94271   7.91760 
4.94804   7.97000 
4.97000   7.94804 
4.94000   8.00000 
4.94804   8.03000 
4.98522   7.90712 
5.00000   7.94000 
5.00838   7.85889 
5.07045   7.85777 
5.14430   7.87286 
5.20211   7.91645 
5.03144   7.91025 
5.03000   7.94804 
5.09317   7.90943 
5.06181   7.93817 
5.05196   7.97000 
5.14330   7.93513 
5.09150   7.96380 
5.06000   8.00000 
4.92603   8.06185 
4.88003   8.07124 
4.97000   8.05196 
5.13753   7.98184 
5.10281   8.00253 
5.08676   8.03476 
5.05196   8.03000 
5.19139   7.97909 
5.30194   8.06999 
5.22368   8.04177 
5.34942   8.16698 
5.14318   8.03147 
5.06265   8.06552 
5.03000   8.05196 
5.10891   8.07585 
5.22298   8.13423 
5.16882   8.08476 
5.44483   8.30237 
5.60357   8.42482 
5.74705   8.60190 
5.84203   8.82645 
5.80269   9.10271 
5.81473   9.38004 
5.73252   9.61417 
5.59693   9.77386 
5.41649   9.85630 
5.27702   9.84074 
5.20786   9.76739 
5.31835   9.74198 
5.44659   9.72107 
5.53096   9.60911 
5.60529   9.44805 
5.62002   9.25013 
5.35915   9.62453 
5.43872   9.49189 
5.46690   9.34411 
5.22906   9.67257 
5.13120   9.70855 
5.06198   9.68010 
5.09972   9.65388 
5.15455   9.64802 
5.18687   9.59674 
5.26670   9.58817 
5.31560   9.51072 
5.33985   9.40078 
5.21751   9.52662 
5.23856   9.44344 
5.10506   9.60592 
5.14104   9.54945 
5.15724   9.47974 
5.05196   9.63000 
5.06000   9.60000 
5.03000   9.65196 
5.00000   9.66000 
4.97389   9.68410 
4.97000   9.65196 
5.05196   9.57000 
5.08677   9.56438 
5.10177   9.51176 
5.06114   9.53379 
5.03000   9.54804 
4.93374   9.66834 
4.94804   9.63000 
4.87332   9.66505 
4.91039   9.62940 
4.94000   9.60000 
4.80761   9.63124 
4.86159   9.61799 
4.89316   9.58987 
4.91825   9.56535 
4.94804   9.57000 
4.76639   9.56083 
4.83810   9.57147 
4.88322   9.54238 
4.74562   9.46326 
4.73387   9.35638 
4.83089   9.49983 
4.83822   9.39347 
4.88607   9.44880 
4.89314   9.49840 
4.93623   9.52894 
4.97000   9.54804 
4.98221   9.50822 
5.00000   9.54000 
4.93920   9.47687 
5.02716   8.08914 
5.00000   8.06000 
5.07492   8.11015 
5.13092   8.13291 
5.31432   8.27568 
5.25253   8.21293 
5.15871   8.20415 
5.07997   8.18134 
5.04111   8.13886 
5.00252   8.12763 
4.98472   8.09212 
4.94882   8.09078 
4.95570   8.13712 
4.90738   8.10977 
4.89411   8.16881 
4.82222   8.19174 
4.78209   8.26687 
4.75348   8.37120 
4.73237   8.48644 
4.71615   8.58766 
4.65145   8.66439 
4.69157   8.75126 
4.64784   8.84487 
4.70477   8.93649 
4.78221   8.66604 
4.75911   8.83096 
4.78382   8.74942 
4.84031   8.56910 
4.88604   8.44909 
4.88183   8.33970 
4.88359   8.24880 
4.95418   8.20777 
5.00850   8.17434 
4.97533   8.28749 
5.02395   8.22930 
5.09164   8.27251 
5.20387   8.28553 
5.02194   8.37869 
5.14593   8.35609 
5.27607   8.38278 
5.41221   8.46848 
5.52695   8.59821 
5.61308   8.75721 
5.66614   8.92799 
5.53988   9.05451 
5.48713   8.87681 
5.43250   8.73349 
5.36281   8.60733 
5.26046   8.51098 
5.14521   8.44701 
5.03029   8.48800 
4.94040   8.53654 
5.13576   8.55257 
5.24144   8.62180 
5.02029   8.58704 
5.30377   8.71789 
5.33164   8.83787 
4.93917   8.61602 
4.87264   8.64955 
4.86505   8.71952 
4.94064   8.68379 
4.99521   8.67076 
5.09352   8.61942 
5.04642   8.65088 
5.15711   8.64659 
5.21069   8.71098 
5.23783   8.78826 
5.09088   8.68801 
5.14475   8.71158 
5.15258   8.77314 
5.03474   8.70537 
5.00000   8.74000 
4.97000   8.74804 
4.95651   8.72401 
5.03000   8.74804 
5.06223   8.73140 
5.05196   8.77000 
5.09996   8.74594 
4.94804   8.77000 
4.92457   8.74128 
5.09485   8.78894 
5.06000   8.80000 
4.91712   8.77948 
4.88350   8.76838 
4.94000   8.80000 
4.83635   8.79048 
4.89996   8.81761 
4.94804   8.83000 
4.83505   8.85241 
4.78903   8.90744 
4.81124   8.98860 
4.91738   8.85798 
4.88190   8.87261 
4.97000   8.85196 
4.94528   8.86922 
4.85664   8.92077 
4.92224   8.90689 
4.90638   8.97005 
5.00000   8.86000 
4.97303   8.89062 
4.96870   8.94343 
4.88723   9.03914 
4.81894   9.08162 
4.80322   9.17381 
4.81558   9.28262 
4.97141   9.02129 
4.92826   9.12013 
4.92907   9.22168 
4.92647   9.32034 
4.94500   9.40640 
5.18563   8.83063 
5.13196   8.82632 
5.08688   8.82699 
5.05196   8.83000 
5.23637   8.87400 
5.38904   8.96978 
5.28988   8.93641 
5.44077   9.19902 
5.38174   9.08696 
5.26396   9.03542 
5.32049   9.28062 
5.22661   9.34873 
5.15456   9.40528 
5.25668   9.16233 
5.16532   9.25426 
5.11250   9.33083 
5.08567   9.44995 
5.07941   9.38932 
5.06108   9.49421 
5.02524   9.51470 
5.02364   9.47308 
5.02134   9.41824 
4.98134   9.45655 
5.01495   9.35209 
5.03307   9.27124 
5.06310   9.17537 
5.03363   9.09091 
5.14828   9.09151 
5.20094   8.95122 
5.16014   9.01392 
5.07455   9.02783 
5.02668   8.97335 
5.01757   8.91295 
5.03000   8.85196 
5.04013   8.87986 
5.15368   8.89034 
5.10810   8.86211 
5.06813   8.85917 
5.10029   8.95508 
5.08411   8.89848 
