BCnode   BCtype
152  4
outBCNode	outBCNum
1   1 
2   2 
3   2 
4   1 
5   4 
6   4 
7   4 
8   4 
9   4 
10   4 
11   4 
12   4 
13   4 
14   4 
15   4 
16   4 
17   1 
18   1 
19   1 
20   1 
21   1 
22   1 
23   1 
24   1 
25   1 
26   1 
27   1 
28   1 
29   1 
30   1 
31   1 
32   1 
33   1 
34   1 
35   1 
36   1 
37   1 
38   1 
39   3 
40   3 
41   3 
42   3 
43   3 
44   3 
45   3 
46   3 
47   3 
48   3 
49   3 
50   3 
51   3 
52   3 
53   3 
54   3 
55   3 
56   3 
57   3 
58   3 
59   3 
60   3 
61   3 
62   3 
63   3 
64   3 
65   3 
66   3 
67   3 
68   3 
69   2 
70   2 
71   2 
72   2 
73   2 
74   2 
75   2 
76   2 
77   2 
78   2 
79   2 
80   2 
81   2 
82   2 
83   2 
84   2 
85   2 
86   2 
87   3 
88   3 
89   3 
90   3 
91   3 
92   3 
93   3 
94   3 
95   3 
96   3 
97   3 
98   3 
99   3 
100   3 
101   3 
102   3 
103   3 
104   3 
105   3 
106   3 
107   3 
108   3 
109   3 
110   3 
111   3 
112   3 
113   3 
114   3 
115   3 
116   3 
117   4 
118   4 
119   4 
120   4 
121   4 
122   4 
123   4 
124   4 
125   4 
126   4 
127   4 
128   4 
129   4 
130   4 
131   4 
132   4 
133   4 
134   4 
135   4 
136   4 
137   4 
138   4 
139   4 
140   4 
141   4 
142   4 
143   4 
144   4 
145   4 
146   4 
147   4 
148   4 
149   4 
150   4 
151   4 
152   4 
