0.00000000   0.00000000 
30.00000000   0.00000000 
30.00000000   20.00000000 
0.00000000   20.00000000 
5.00000000   10.45500000 
5.00000000   10.34500000 
5.00000000   9.65500000 
5.00000000   9.54500000 
5.00000000   11.25500000 
5.00000000   11.14500000 
5.00000000   8.85500000 
5.00000000   8.74500000 
0.00000000   19.13043478 
0.00000000   18.26086957 
0.00000000   17.39130435 
0.00000000   16.52173913 
0.00000000   15.65217391 
0.00000000   14.78260870 
0.00000000   13.91304348 
0.00000000   13.04347826 
0.00000000   12.17391304 
0.00000000   11.30434783 
0.00000000   10.43478261 
0.00000000   9.56521739 
0.00000000   8.69565217 
0.00000000   7.82608696 
0.00000000   6.95652174 
0.00000000   6.08695652 
0.00000000   5.21739130 
0.00000000   4.34782609 
0.00000000   3.47826087 
0.00000000   2.60869565 
0.00000000   1.73913043 
0.00000000   0.86956522 
0.86689792   0.00000000 
1.74005832   0.00000000 
2.61952653   0.00000000 
3.50534822   0.00000000 
4.39756912   0.00000000 
5.29623567   0.00000000 
6.20139423   0.00000000 
7.11309182   0.00000000 
8.03137560   0.00000000 
8.95629327   0.00000000 
9.88789245   0.00000000 
10.82622189   0.00000000 
11.77133005   0.00000000 
12.72326567   0.00000000 
13.68207804   0.00000000 
14.64781720   0.00000000 
15.62053314   0.00000000 
16.60027594   0.00000000 
17.58709662   0.00000000 
18.58104621   0.00000000 
19.58217615   0.00000000 
20.59053854   0.00000000 
21.60618527   0.00000000 
22.62916944   0.00000000 
23.65954369   0.00000000 
24.69736143   0.00000000 
25.74267679   0.00000000 
26.79554345   0.00000000 
27.85601625   0.00000000 
28.92415004   0.00000000 
30.00000000   1.05263158 
30.00000000   2.10526316 
30.00000000   3.15789474 
30.00000000   4.21052632 
30.00000000   5.26315789 
30.00000000   6.31578947 
30.00000000   7.36842105 
30.00000000   8.42105263 
30.00000000   9.47368421 
30.00000000   10.52631579 
30.00000000   11.57894737 
30.00000000   12.63157895 
30.00000000   13.68421053 
30.00000000   14.73684211 
30.00000000   15.78947368 
30.00000000   16.84210526 
30.00000000   17.89473684 
30.00000000   18.94736842 
28.92415004   20.00000000 
27.85601625   20.00000000 
26.79554345   20.00000000 
25.74267679   20.00000000 
24.69736143   20.00000000 
23.65954369   20.00000000 
22.62916944   20.00000000 
21.60618527   20.00000000 
20.59053854   20.00000000 
19.58217615   20.00000000 
18.58104621   20.00000000 
17.58709662   20.00000000 
16.60027594   20.00000000 
15.62053314   20.00000000 
14.64781720   20.00000000 
13.68207804   20.00000000 
12.72326567   20.00000000 
11.77133005   20.00000000 
10.82622189   20.00000000 
9.88789245   20.00000000 
8.95629327   20.00000000 
8.03137560   20.00000000 
7.11309182   20.00000000 
6.20139423   20.00000000 
5.29623567   20.00000000 
4.39756912   20.00000000 
3.50534822   20.00000000 
2.61952653   20.00000000 
1.74005832   20.00000000 
0.86689792   20.00000000 
5.03889087   10.36110913 
5.05500000   10.40000000 
5.03889087   10.43889087 
4.96110913   10.43889087 
4.94500000   10.40000000 
4.96110913   10.36110913 
5.03889087   9.56110913 
5.05500000   9.60000000 
5.03889087   9.63889087 
4.96110913   9.63889087 
4.94500000   9.60000000 
4.96110913   9.56110913 
5.03889087   11.16110913 
5.05500000   11.20000000 
5.03889087   11.23889087 
4.96110913   11.23889087 
4.94500000   11.20000000 
4.96110913   11.16110913 
5.03889087   8.76110913 
5.05500000   8.80000000 
5.03889087   8.83889087 
4.96110913   8.83889087 
4.94500000   8.80000000 
4.96110913   8.76110913 
12.64366092   16.63726175 
12.35236803   15.77368751 
12.95003850   15.86520782 
11.93236082   16.37615932 
22.66372996   11.19891105 
23.09683508   10.30721732 
23.51984835   11.08179903 
4.99654918   11.07635656 
5.02560256   11.11129597 
4.97694109   11.11480920 
5.13839301   11.33826613 
5.11294961   11.29219167 
5.17782922   11.30060585 
5.14881109   11.24462409 
2.22573121   5.87265487 
2.63209773   6.21788326 
2.22648922   6.44205264 
8.70003955   15.68671923 
9.07541020   15.25709727 
9.16840073   15.72219302 
9.63763194   15.34510820 
2.94594269   5.76814631 
5.01856083   9.43036960 
4.97767590   9.42413848 
5.00738622   9.39490786 
4.96744326   9.38193333 
9.21960376   17.16180161 
8.73025783   17.09481824 
8.96447328   16.71752466 
5.40482214   4.51055437 
5.02889832   4.73171107 
5.01462930   4.34911317 
5.37310783   5.02428790 
3.26264975   8.44930234 
3.52137001   8.61938564 
3.29655023   8.69609768 
3.56957158   8.34060676 
3.24922227   11.26745480 
3.50871487   11.32418010 
3.28253775   11.55483239 
3.39772118   11.07369061 
6.18121440   4.41778762 
6.63068569   4.40786514 
6.34815220   4.74167908 
10.34292863   0.48884483 
11.19572805   0.74756644 
4.97552659   9.33262555 
4.93422083   9.34860730 
4.94623316   9.30314738 
4.89285115   9.31916914 
29.14026002   3.70924423 
29.07735291   2.74060410 
5.81133834   5.19065282 
6.13225487   4.98895295 
6.19942607   5.34492402 
6.46979222   5.09871151 
7.35004444   15.20950662 
7.57649726   14.66268012 
7.79849149   15.13769738 
8.05184146   14.67440739 
8.60278596   3.76575435 
9.30793879   3.77701144 
8.88273868   4.23412749 
9.36257144   4.53371282 
2.24827728   13.49810579 
2.70982208   13.67690825 
2.28268251   13.87358593 
2.65187614   13.18700384 
5.06816182   15.78189790 
5.07560813   15.29072055 
5.51759607   15.44438183 
4.69630901   15.47728071 
6.27645428   4.00315543 
22.16333066   10.26446305 
4.93138798   9.17372511 
4.98919487   9.16355539 
4.97257709   9.20559147 
4.95384867   9.12972030 
5.06475944   10.01062758 
5.05346504   9.95961943 
5.10563931   9.98112469 
5.01655504   9.98607427 
29.07526016   17.25854148 
29.14122619   16.31054843 
4.35279221   9.43935346 
4.44699467   9.39483562 
4.41937313   9.52546598 
25.55796229   1.87157713 
24.50647699   2.29938000 
24.71600682   1.14452923 
17.44292976   1.23659896 
16.67528915   1.70654224 
16.67787944   0.86391158 
25.39168697   3.15447924 
2.08016797   5.24964667 
1.41463952   4.98041810 
1.94436813   4.68216681 
24.79631029   18.75059498 
24.40664601   17.61925860 
25.50857233   18.07804217 
25.30310730   16.71153618 
1.54593327   5.64245193 
1.94278955   4.08979319 
2.42357288   4.45357640 
2.57173219   3.88702324 
0.69879805   4.79420462 
0.76409255   5.46081007 
1.26255663   4.39870814 
1.96711673   15.30650704 
1.42954653   15.03534340 
2.03250033   14.79409402 
1.49622556   14.49168947 
2.43409692   15.57991107 
1.94998284   15.90851887 
23.97392428   18.87781129 
28.21107495   5.97577910 
29.16514127   5.81718272 
28.84521568   6.83108589 
2.57948950   16.12804359 
23.00432689   15.89281864 
22.23199140   16.01707475 
22.33831806   15.03929836 
21.52705633   15.72515955 
5.01119224   10.25459611 
4.97853292   10.23224404 
5.01871356   10.21254157 
22.59454978   16.84219453 
23.51822995   16.73612008 
23.21146860   17.83984639 
4.97392272   10.27392907 
5.44142832   2.45198469 
5.11277326   2.91148574 
4.78749348   2.55963366 
4.67653598   3.19619427 
4.93555742   9.97661367 
4.97889543   9.95985054 
4.97329668   10.00918560 
4.93545764   10.20937294 
4.93087317   10.25709218 
4.97621536   10.18700870 
4.88556064   9.36670128 
4.92274696   9.39045983 
5.14224272   5.49860353 
5.54629087   5.39346674 
5.44972889   5.82563411 
6.52216646   0.67391313 
7.37180437   1.02039576 
3.22057498   8.91262421 
3.43495544   9.06754484 
3.23824402   9.13841526 
3.48123316   8.86858092 
17.28771708   2.37514315 
7.19206607   19.20731160 
6.52089192   19.34065594 
5.06104744   10.19360827 
5.02191809   10.15373441 
4.93269831   10.15326979 
4.89306003   10.18367663 
4.87860256   10.23838856 
5.04239817   9.09139120 
5.05964648   9.03619657 
5.10533793   9.06694083 
5.10757476   9.00789185 
8.34799369   1.13609180 
9.19854172   1.51194713 
8.53477550   2.02891828 
11.62672489   1.99629511 
11.25347758   2.66484433 
11.06245967   2.02528619 
8.75764481   17.74677762 
9.24214585   18.48616804 
8.44522169   18.63120962 
13.19443289   17.17985825 
13.73612247   17.70954908 
12.90835692   17.89279410 
0.63885857   10.68858836 
1.37346366   10.82741151 
0.84400634   11.25566858 
13.38826508   18.55375386 
11.07381740   18.53728277 
11.60846378   19.21187568 
10.90810719   19.44680810 
16.96470042   16.00193101 
17.65780509   16.90883390 
16.68195812   16.69779204 
1.11037510   8.72330481 
1.31847824   9.18021978 
0.66866699   9.00929699 
4.86606134   9.18643499 
4.89117948   9.13530591 
4.91384256   9.22086398 
4.86245606   9.09628710 
4.91762187   9.08844712 
4.86808035   9.03949479 
3.12823231   10.81355310 
3.34368720   10.87576237 
3.13866333   11.05096543 
1.08913789   10.20065043 
2.56432888   14.60488254 
2.11872150   14.27959536 
2.53946568   15.09444290 
2.57852906   5.41837972 
16.83228499   17.55924605 
2.54248222   4.92085835 
1.89716684   10.67451707 
1.97270346   11.15199408 
2.34966340   10.83556593 
8.19383246   15.04117473 
8.15611007   15.54093072 
9.98895708   4.22290263 
10.07498996   3.57656183 
9.45240725   2.98283328 
8.89569986   3.30609465 
15.57825904   5.76844717 
14.81596558   6.44345042 
14.71259955   5.53847278 
15.68855358   6.73608911 
2.15374443   8.93071776 
2.55479203   9.19247344 
2.23397097   9.44000144 
4.88794205   10.58069428 
4.93821402   10.56080526 
4.93157377   10.61852552 
4.51440792   9.48828280 
4.94269244   9.04074304 
4.97935266   9.08747102 
5.03235204   9.82107765 
5.08970743   9.81742087 
5.05787041   9.85356035 
5.09596623   9.87049186 
5.05178287   9.77361080 
5.10691934   9.75735079 
4.96218143   9.25165206 
5.01858972   9.24482449 
5.01860817   9.19583840 
4.90424404   9.26762759 
11.56353516   3.82517532 
10.85850353   3.29516252 
11.61057286   3.16602372 
19.96722557   19.22409731 
20.60848277   18.92767211 
28.33494527   16.72904634 
28.17742502   17.45035452 
28.45010550   3.28908493 
28.10738438   2.59431432 
17.68806093   11.83538478 
17.38034503   12.73310059 
16.91662627   11.81990662 
18.40581875   12.57744076 
8.59082505   15.19612716 
16.05927386   11.89588421 
16.35497538   10.91125935 
5.04114032   10.54686873 
5.06276147   10.51630439 
5.08312616   10.54497301 
1.07065020   3.25408230 
0.62542182   2.55053257 
5.09304989   10.50544317 
4.33033302   9.32580799 
25.83315431   7.30782897 
24.80102525   7.39667144 
25.26086318   6.48719056 
0.62432342   17.45353847 
1.06397967   16.74492504 
24.11371539   6.43090236 
26.23031620   19.06067712 
27.25373168   19.06738960 
10.16021912   2.96331564 
27.27745047   0.92329501 
26.18477209   0.91488775 
10.73080682   3.99072690 
3.16120043   9.36507786 
3.38722642   9.53622598 
3.12133669   9.71049438 
3.49442561   9.76392806 
9.56319546   13.52185274 
10.08894746   13.65653651 
9.71683237   13.97056297 
21.24249894   0.77763621 
22.05532420   0.85125165 
5.18101086   18.81007592 
5.71951446   19.23698980 
4.91222489   19.32248602 
3.74942707   18.84666805 
2.97641151   19.18706090 
3.01103881   18.31331246 
3.61640757   3.24616341 
4.11843714   2.78527086 
4.14649612   3.55833199 
3.01731204   1.69854886 
2.96667691   0.84210442 
3.63096896   1.24836721 
4.14344140   16.44835074 
4.11580735   17.21991356 
3.62095066   16.76013192 
4.52747542   14.61724091 
4.71383582   14.24353243 
4.89392535   14.51254276 
4.65766202   16.78343067 
3.99307634   10.15291642 
3.81909842   10.28508797 
3.78675290   10.03240455 
4.93480020   10.09469713 
4.97659963   10.13280942 
3.56141496   10.20485268 
2.07667804   18.43218856 
2.07707996   1.57583463 
4.78998416   0.66056983 
5.67094663   0.76692429 
5.11579163   1.22002187 
1.61226261   2.44471941 
2.00542703   3.29579289 
1.99797292   16.69699954 
1.61286538   17.57782835 
4.87190365   10.12825225 
27.23623765   17.56741141 
27.74463246   18.22382220 
6.34379033   14.48489398 
5.94850016   14.48764238 
6.07465841   14.11768134 
22.00480156   7.05362109 
21.05994517   7.88304370 
20.66305586   6.90457933 
27.78186176   1.76539553 
27.40475057   2.36011532 
6.09672761   14.84892848 
4.31810183   17.87395763 
4.83919823   17.44645506 
29.08587595   15.29296290 
4.88136153   9.98931894 
4.89851560   9.95007927 
4.93687320   9.92406966 
29.19428726   4.69007096 
16.79095043   10.12389824 
16.16898057   10.07066070 
27.68780268   16.77674872 
28.25966820   15.91939724 
17.41272742   10.76847143 
16.89432123   13.56862436 
17.73407979   13.55567839 
28.22901733   4.18846378 
27.70983782   3.22125816 
16.60437500   12.77533937 
18.45329364   13.66474243 
18.04418613   14.54265123 
2.49482944   17.55450652 
3.47430583   17.53424083 
18.92465657   14.29479473 
3.47016377   2.49164733 
2.49666779   2.43700876 
5.07584053   9.27117869 
5.06242754   9.20847352 
7.47617061   5.06766001 
7.08653974   5.07382006 
7.20885635   4.76515283 
7.19084864   5.44898848 
18.41552168   9.42292017 
18.11039343   10.32306525 
17.49356916   9.72133621 
19.13444490   10.47322930 
3.77722068   9.31000881 
3.89269256   9.48373635 
3.65284646   9.53332348 
25.39504740   19.17786285 
3.83237760   9.63039040 
25.37975588   0.78619882 
3.69278272   9.09314640 
3.94278233   9.13995291 
25.98845513   17.22483733 
26.86320341   16.98014058 
26.68632552   18.04076809 
3.89977461   8.94268843 
12.06090348   2.60200235 
12.56874358   1.82308312 
26.63382260   1.91756832 
26.84170231   2.97703349 
26.05603377   2.70823440 
11.73158456   1.37277245 
1.44553170   9.76768755 
0.84139305   9.63862356 
5.58820541   1.44547701 
3.70820006   9.71701151 
3.87417457   9.79974380 
3.68717607   9.85767180 
3.57232719   9.97527106 
1.86573277   12.06126611 
1.68654878   12.58529746 
1.26400956   12.30544323 
22.04575797   8.38551954 
4.26141734   14.25108433 
1.28267613   7.74702216 
1.70176732   7.45444933 
1.83157878   7.96741292 
4.00043089   9.95281459 
9.96302984   13.15507876 
17.87624716   19.25181504 
17.03327637   18.58650008 
18.04809561   18.50384887 
1.44747142   8.32275988 
0.74175553   8.25276424 
4.87375548   10.90598721 
4.79490145   10.87703968 
4.85867453   10.84732717 
0.70483308   11.88514359 
1.48853657   11.57100120 
4.81500937   10.95352003 
0.52654352   10.10866918 
4.80081763   10.80080149 
4.86281230   10.79858054 
2.05039470   8.41363862 
4.84352596   10.74231689 
4.72657646   10.84180108 
5.63878255   18.59696805 
2.14091778   11.65013521 
2.37266259   12.15259566 
2.62904262   11.69302180 
2.39735337   7.89507811 
2.60779071   8.36995581 
7.89031233   16.65386886 
7.36534896   16.67831219 
7.49480311   16.22470199 
28.82853419   14.04751222 
7.55633224   17.15721010 
27.61760937   15.28862059 
28.28582710   14.95400370 
27.25533659   16.01414224 
28.48116644   5.10126865 
27.55666203   5.03614153 
27.22606678   3.91853712 
4.44543116   9.27493830 
15.60389979   15.75439992 
14.84436520   15.48226386 
15.55808678   14.99545394 
15.21671710   16.23834019 
4.79717617   13.93384870 
4.47804614   13.93922326 
0.63244601   12.70048768 
1.20596013   13.02946335 
1.59871191   13.72437304 
0.69534869   13.51423972 
1.99829377   13.02865792 
15.75842877   17.15744909 
15.45789418   18.34737139 
14.64718198   17.72405102 
4.94101143   10.89697770 
4.97486008   10.85982870 
4.99733898   10.89779774 
0.74493779   6.65694773 
1.57095853   6.37002358 
1.29038465   7.03951991 
2.01942557   6.98485686 
5.02945212   10.84842884 
5.05197194   14.17070618 
4.91889529   10.96045109 
5.00127731   10.60099501 
4.97380389   10.62309618 
4.96811890   10.58456125 
0.68309910   7.44522669 
16.14559426   19.08515266 
16.21707133   18.09432764 
6.58918475   14.78988376 
6.86599582   15.15291312 
6.42329456   15.10964160 
10.62542096   2.53999262 
27.64850821   10.99656208 
27.57635361   11.78545354 
26.84133966   11.48670226 
28.33735749   11.42826504 
21.65662616   9.40155900 
22.61783629   9.39039279 
21.09266421   10.35928945 
23.04788482   8.48337247 
23.56904090   9.42937097 
24.16961939   8.46195610 
5.02710534   10.57920161 
5.03655704   10.61581138 
26.32506289   16.25693568 
26.34387444   3.58714032 
0.78510309   14.21807260 
4.91596084   8.98721080 
4.97675973   8.99423816 
5.00042411   9.04576447 
17.92013757   15.69805372 
18.84393401   16.45044095 
27.46729813   14.36562905 
5.06379922   10.58144121 
23.07221567   19.05716774 
24.00704508   1.36527705 
4.55264010   9.40653387 
4.53247005   9.32539226 
4.63889761   5.62192316 
4.81076387   5.11893934 
23.19595183   0.86877426 
26.80496015   15.21126557 
5.03626772   5.93604483 
26.67530674   4.50118542 
15.71586756   12.72090025 
15.27932621   11.93047908 
14.43838978   12.01778690 
14.84646165   11.12128581 
13.99989213   11.11380434 
17.92615561   7.41917794 
18.08177378   6.57380814 
18.83012006   7.14058660 
26.17376231   14.24724020 
25.72990600   15.43842902 
17.12529115   6.59436589 
26.71876138   5.45637223 
18.66298670   8.24896845 
17.70732240   8.54189869 
22.13573152   3.36103384 
21.00258617   3.01317008 
21.97147665   2.49820346 
21.24771766   1.78492678 
5.00482139   9.12465134 
25.81480594   4.19176243 
5.04718389   9.15366566 
23.46935049   1.96895932 
5.09000177   9.12265936 
22.20088785   18.53695728 
23.79385936   2.97608408 
6.55078324   15.45921320 
22.41042206   1.67617266 
9.77368718   17.03964940 
10.09960538   16.51224437 
10.33943447   17.34654256 
5.01591094   9.93100453 
4.97710395   9.90391018 
5.06005464   9.90241038 
27.80460031   6.95127345 
5.09961070   9.92763921 
29.02966430   7.87280529 
4.01125297   7.55196158 
4.19352616   7.34729999 
4.30607275   7.56963174 
5.14584475   10.66447873 
5.17905496   10.70915835 
5.11604887   10.71076302 
5.15460684   10.74767274 
26.32505484   6.37947195 
25.74006609   5.63137071 
19.74620131   4.55828742 
20.67537876   4.93260564 
19.64820011   5.26098453 
20.35110782   3.93927082 
24.74022779   15.69716676 
4.14862737   4.18744735 
4.71841829   3.89738873 
24.91898239   4.09037042 
25.02611529   14.63463416 
3.62015440   3.97744255 
4.61680149   16.06872686 
4.17959985   15.69054127 
3.64760890   15.98198774 
5.11160403   16.45921518 
5.55301868   16.01961163 
22.90260194   2.62420312 
18.75243207   15.23619523 
19.38657852   14.86558927 
19.39509962   15.56564145 
6.96721851   8.51954148 
6.75598710   8.44274104 
6.87814289   8.24962931 
6.63618318   8.30997554 
12.84424166   15.06915851 
12.11309292   15.08529582 
10.28091758   18.93169015 
5.01343426   9.70564731 
5.02234802   9.74353933 
4.98590457   9.74005976 
5.06195954   9.72304799 
4.95058365   9.74811781 
4.96655767   9.69700909 
4.41103036   7.38435307 
18.22639343   1.64422216 
18.20320286   0.82977461 
4.27144512   5.20070458 
3.70322079   10.47773161 
3.90621442   10.49512470 
3.83128077   10.74270202 
4.22121201   8.93004310 
4.31560890   9.01812122 
4.22470049   9.07706249 
4.38292502   8.92824959 
9.87153158   14.31872401 
10.17436548   14.52873781 
9.78474599   14.74729808 
11.44434868   17.28829571 
11.64340592   17.90207412 
10.95008659   17.67731543 
4.92923550   9.80453477 
4.98078569   9.82774324 
4.94084806   9.86675741 
10.88956838   16.83207698 
11.53893342   16.78891613 
11.22864013   16.20695279 
24.15256081   13.90351479 
22.98511971   13.80212903 
23.49501990   12.83592868 
23.42255515   14.89564420 
13.95772723   2.68141992 
13.96196792   3.73974494 
13.22531406   3.27915347 
14.81730465   3.22090042 
12.93454867   2.60091560 
13.47467212   1.81012391 
13.02245433   3.92834016 
13.38282477   4.60315862 
10.31652231   15.03564393 
10.18128036   5.69580187 
9.62891187   5.67349477 
9.88585689   5.26586206 
4.80057192   10.63821849 
4.84096883   10.68628127 
4.78709698   10.70383073 
5.16101306   9.19219374 
5.23380220   9.20438567 
5.18541707   9.24169984 
9.86405322   6.12996773 
19.14372986   1.06247642 
4.85293319   9.23820902 
4.85746358   9.28900073 
4.79801079   9.20812413 
4.81570097   9.13722081 
4.11285570   9.77667694 
3.99142874   9.63123684 
5.06919616   10.07019039 
5.01800274   10.04195987 
5.12318880   10.04126363 
9.32730339   5.13472235 
9.93420205   4.82381824 
4.79778173   9.38834151 
4.84591243   9.39125280 
4.83315274   9.44912086 
4.88604310   9.41581034 
7.05690710   15.54273271 
7.08514177   14.79203263 
7.20620147   15.95957277 
6.67226817   15.93582864 
7.00745993   16.36614840 
4.98575098   10.08559415 
4.99328462   9.77981191 
6.55522596   13.35475818 
6.60481304   13.16370527 
6.79426685   13.32027161 
7.81126772   17.86471715 
8.20791175   17.19505418 
6.78513068   6.14064091 
6.77845546   5.69876889 
7.14338810   5.89685063 
5.22154429   10.82196993 
5.17028040   10.80229308 
5.21254214   10.76259515 
6.80035144   13.00608937 
4.87594424   8.72085160 
4.93151124   8.71181098 
4.91397672   8.76663951 
4.09784416   9.47952810 
4.66318500   9.97056961 
4.71738749   10.01000437 
4.64226995   10.02220130 
20.60059936   16.97639816 
19.56459380   17.16819719 
20.00243232   16.13152150 
4.71833330   9.94121844 
12.86150358   5.26090393 
13.74421019   5.36372902 
13.19966868   5.89481136 
5.10459840   9.17026860 
5.14149180   9.13303226 
5.20550880   9.13268669 
3.73443603   15.22728136 
3.04882058   15.53627814 
3.07704452   14.78891561 
4.35215749   15.10652892 
5.16571051   10.50471561 
5.20524843   10.46167362 
5.21457179   10.52348605 
3.91659931   8.71474058 
3.72116559   8.82268675 
5.14991580   10.46196615 
3.76773715   8.53478743 
4.66909611   8.95508340 
4.58947661   8.90544559 
4.67372355   8.88630817 
4.65164126   8.81911839 
5.30242503   9.14407448 
5.28912945   9.18079564 
5.26059090   9.15226746 
3.12417204   5.12164773 
3.03562970   4.49058392 
3.62828995   4.60296601 
5.33993558   9.17790188 
5.07947126   9.53107233 
5.13180268   9.52276129 
5.09331924   9.56628765 
4.18407086   5.66410762 
4.35075085   5.96332840 
5.09373246   9.49457903 
6.77160170   14.45223557 
6.53387337   14.10028034 
3.66773668   7.47306554 
3.44051996   7.78544775 
3.23430029   7.51050248 
3.07621728   7.78486278 
4.09260275   6.26210621 
3.66192379   6.26105218 
3.94172038   5.94601637 
13.45529566   7.07514110 
13.03416535   6.50744652 
13.87534303   6.25626757 
24.21421135   11.64895761 
24.85564660   12.69679045 
5.09676537   11.00451124 
5.06628775   11.03582872 
5.04967408   10.99403368 
4.46461244   10.33946297 
4.49198031   10.41365843 
4.39309939   10.39635273 
18.68532968   17.78478246 
19.00284605   19.02352131 
2.88431235   3.18946637 
4.54901167   10.35898851 
3.23342588   12.47462535 
3.39933777   12.23060504 
3.61575149   12.48451535 
2.88765887   16.81721090 
3.08794441   12.21459703 
20.68523549   9.35795743 
20.03921204   10.05242013 
19.55558155   9.24902090 
28.27945910   8.35535844 
28.96920420   9.06681515 
27.78202393   9.24275563 
3.15369158   6.32805123 
3.49267075   5.89735290 
5.05954490   13.80374610 
4.86401039   13.62775263 
4.63041872   13.62661309 
14.45464423   4.60878067 
15.14431487   3.94123095 
4.84432018   10.54318660 
4.79533511   10.51409738 
4.84319955   10.49911995 
4.79642347   10.57461753 
4.12263378   9.17802452 
4.08192635   9.01622946 
4.34619818   10.85816953 
4.32428185   10.74737967 
4.40962035   10.79583611 
4.24106117   10.81043338 
4.51670574   12.37266290 
4.51337442   12.16404544 
4.73154501   12.23259119 
7.73924002   11.29467911 
7.90430332   11.05436832 
7.96788269   11.32243101 
4.61844613   12.01619977 
24.11706565   10.42477031 
25.17121435   10.97088695 
5.10526289   7.72374973 
5.06947151   7.92322243 
4.90106136   7.82071137 
4.25182940   9.44073254 
4.18428489   9.31799784 
4.93699841   8.01955101 
5.16957741   10.42457276 
5.21197199   10.39589690 
5.78543155   6.05687491 
6.11867397   5.97613622 
6.04123829   6.33610287 
6.38657927   6.20854114 
5.47424361   6.20670519 
5.88075495   8.69291512 
5.79534027   8.82339418 
5.74516906   8.68688265 
4.44909095   6.68951157 
4.20485795   6.53853143 
4.54801651   6.29923321 
5.36740846   11.24623247 
5.46949700   11.25513368 
5.40937717   11.31549392 
5.19512432   6.28464090 
4.88276607   6.29321772 
6.08863271   13.74215906 
5.76486644   13.88937159 
5.62728069   14.26533613 
5.92022741   8.78468534 
3.86261640   12.31690747 
4.02582402   12.13651586 
4.07844340   12.35619200 
14.13832904   18.30925035 
13.98200772   16.93642236 
14.68842366   18.79498976 
13.94865447   19.16100763 
3.81767779   12.04743114 
4.70118146   9.43857144 
4.76931203   9.43579034 
4.72500009   9.49563283 
4.78919248   9.49303373 
4.31595813   10.62046042 
4.20207386   10.70320797 
3.95502730   11.13331896 
3.95153966   10.93009025 
4.11818137   11.00129981 
3.76763027   10.98421136 
7.58738504   14.17948405 
7.19502393   14.39546743 
5.67263898   8.80470419 
6.11258523   12.81626561 
5.97721009   12.65690351 
6.23418800   12.63991296 
7.14486621   13.99670755 
5.90819097   12.84692118 
4.51519272   10.81715061 
4.50215285   10.72547948 
4.41567111   10.68237952 
4.59493829   10.82920681 
4.54871015   10.89736551 
4.63545848   10.89350235 
10.89364213   15.50374573 
10.62530025   16.12707473 
10.18327959   15.75201613 
5.27422938   10.60858507 
5.24598366   10.65153757 
5.22497044   10.61009782 
3.60310178   11.08805908 
3.72663028   11.24190628 
3.88875615   11.39027911 
5.30898401   10.64293176 
4.36909482   9.21659947 
4.26173595   9.20285465 
5.07367856   9.33778856 
5.12195825   9.31093596 
5.13957759   9.25646293 
15.20318826   2.46887736 
14.61460764   1.66651176 
14.21098923   0.86506118 
15.11277221   0.80520244 
21.42663698   4.12854274 
21.77628926   5.12258723 
21.22877419   6.00407763 
4.64991015   10.70273907 
4.57109957   10.68022397 
4.61885048   10.63029534 
4.58451581   10.75751620 
7.29682358   9.91789318 
7.51298279   9.87711497 
7.40254933   10.12939673 
7.67600086   10.13169290 
4.20436914   10.55186196 
4.25302896   10.37095195 
4.33537841   10.49882265 
5.16854923   8.36942858 
5.05519985   8.36230918 
5.10679668   8.24161237 
4.41940520   10.56919645 
5.87112752   6.58265512 
6.11091869   6.57709908 
5.93742217   6.78763528 
14.06744687   9.62996205 
14.32535993   10.47262329 
13.82508468   10.35963948 
14.88791433   10.13842477 
13.40312428   10.68230766 
13.32960017   9.89950009 
12.88819363   10.31014821 
5.34070408   9.77206810 
5.30116258   9.79553430 
5.30279323   9.74786967 
5.25926309   9.77452019 
13.50656875   15.50345030 
13.54484243   14.74242564 
5.06168484   9.43442131 
5.02786718   9.46929925 
5.04764661   9.39018301 
5.04171631   9.51136024 
5.00438426   9.49706451 
7.88096846   8.81217631 
8.08387154   8.82815413 
7.96871796   9.01480269 
8.02748894   8.56693991 
4.95577080   8.27023997 
8.14773727   10.89330364 
8.41224535   10.80466744 
8.43900333   11.19045034 
5.15285178   11.06924439 
5.12307730   11.09879584 
5.11343924   11.04991933 
5.08292158   11.07687320 
25.33624272   8.26994998 
28.39966438   10.24313590 
15.29066507   19.22825817 
6.26282539   10.81837149 
6.39962006   10.80817986 
6.34243161   10.91258208 
6.46389554   10.92191155 
4.82500421   10.18745054 
4.81337898   10.26115680 
20.16228593   5.99569113 
19.61760950   6.77057251 
19.84655025   7.71893381 
5.14018628   9.79670457 
5.16530286   9.75647032 
5.20183894   9.80641745 
8.68465534   10.85360278 
5.14640346   9.84773280 
5.07114742   8.96544431 
5.10195907   8.91630391 
5.12004903   8.96074413 
4.04489770   7.97653556 
4.02818109   8.15014217 
3.86264976   8.04153943 
3.84910693   8.27642856 
4.67712645   9.38593029 
4.63233767   9.42730334 
5.24134711   10.71192338 
19.76501285   2.95211614 
20.08176241   1.96800395 
20.27734946   1.02970671 
4.73470733   9.38420934 
4.58807165   9.47506965 
4.83296855   9.56958285 
4.77837013   9.53840040 
4.83107394   9.51479213 
4.77243742   9.59584664 
5.27978636   10.04161613 
5.28598399   10.10371154 
5.23096938   10.07623279 
5.33913344   10.05885473 
5.30695676   8.92714425 
5.23853618   8.96759848 
5.24910693   8.88841847 
5.29256248   8.99094829 
5.19639488   9.97552364 
5.20252621   9.94010311 
5.23015487   9.96408383 
5.15365795   9.95113774 
4.83553931   9.61889096 
4.88139920   9.59813616 
4.88388714   9.54340816 
4.84650488   9.65848745 
4.79660185   9.65004533 
4.83162520   9.69898503 
6.00803318   7.01645618 
5.76849689   6.99295191 
5.63792737   6.75190157 
5.12795015   10.53391792 
5.13088086   10.49343473 
5.16569604   10.55381519 
14.24100466   16.01036283 
13.41341534   16.34929900 
8.77804469   12.16194214 
8.48280337   12.08068282 
8.67130323   11.90280236 
8.42447127   12.38786289 
4.58349855   10.54330785 
4.67604843   10.57764864 
4.51671418   10.62049335 
5.18500396   11.16514720 
5.19082006   11.21679797 
5.15025705   11.20044036 
11.45460607   14.98367859 
11.28466222   14.39920471 
11.84213510   14.50523376 
10.90548055   14.89379878 
4.60437936   9.28185131 
4.52725040   9.24170204 
4.61483596   9.35455414 
5.14990165   8.91528231 
5.10987719   9.22054843 
4.37888101   8.01056060 
4.21111376   7.94555711 
4.35169584   7.81085743 
4.12528958   7.77738057 
6.52875487   12.96312270 
6.46609350   12.72419455 
6.66555906   12.78447943 
6.30073530   12.89504308 
3.85729173   13.16529939 
3.75207612   12.82503192 
4.05820855   12.89786233 
3.45168105   13.01248208 
5.16665027   9.40093616 
5.19729815   9.36102671 
5.21450623   9.41176728 
5.14818727   9.35225922 
4.36427393   10.16027761 
4.25622162   10.21403381 
4.29144434   10.08817944 
4.16335248   10.13149060 
6.12781330   13.02153815 
6.07712654   13.21372104 
5.88018778   13.07900528 
5.16303728   10.60968020 
5.11464293   10.58081712 
5.87073658   13.34023117 
7.59476752   11.04139320 
7.45422398   10.82988849 
7.70512892   10.83160837 
7.34172667   11.05273989 
4.28357009   7.13772169 
4.06551025   7.15514671 
3.94818816   7.33465167 
4.40273793   6.92850015 
4.54238338   7.13369970 
4.69850257   6.89918792 
3.91154410   13.50422645 
3.50355997   13.38429451 
4.21175665   12.01494070 
4.04945966   11.93653566 
4.28846635   12.20502101 
3.87754071   11.87672120 
4.08408802   11.73130298 
3.87627532   11.63474273 
4.54224865   8.78334485 
4.48554181   8.88411492 
4.43313915   8.81889064 
4.43476082   8.69396201 
9.08607706   13.36806991 
9.12487028   12.83207307 
9.43415191   13.13811809 
8.72843453   13.14165354 
5.19189296   8.88685465 
5.20887622   8.83839215 
5.19967756   8.92742730 
5.26857854   8.81602589 
5.32923032   8.85548655 
6.56297525   12.30625564 
6.75903216   12.29909713 
6.64852049   12.51984336 
6.93255592   12.43780328 
6.50050432   6.77631773 
6.31076119   6.53301683 
6.59677348   6.48442528 
6.22855309   6.81561490 
5.30251504   10.98398674 
5.26853730   10.93616958 
5.32757234   10.93747733 
5.30654046   10.89024088 
6.15812586   12.24121475 
6.13987044   12.06976026 
6.31374797   12.10527500 
5.99208407   12.11331915 
13.37403242   9.20665080 
12.81879841   9.57360503 
5.21819389   11.25329314 
5.25728122   11.31562524 
5.19134649   11.35963482 
4.87753644   9.72187256 
4.84855200   9.74962185 
5.10223501   9.45114423 
5.14242706   9.43344829 
5.14212151   9.47833442 
11.17742538   5.03936467 
10.79108211   5.69543515 
10.42950952   5.18629261 
5.18873152   9.45438535 
5.23796551   10.89936692 
5.21018275   10.86873051 
5.25191936   10.86264629 
5.21014618   10.93669089 
5.24539364   10.97973687 
4.75098477   11.26606331 
4.67457270   11.32476915 
4.67811415   11.21846570 
4.58026494   11.26424972 
12.39360966   12.94228845 
12.47058294   12.24515280 
13.02823712   12.66495242 
13.12539546   11.88218689 
4.71888416   9.64052119 
4.77462012   9.68754071 
4.79360457   9.73496500 
4.73238481   9.71318698 
4.75483692   9.77307169 
4.66257739   9.68026592 
5.51650628   7.03735998 
5.65630366   7.21596877 
4.63533675   9.09579042 
4.70446494   9.10364453 
4.66100264   9.16896811 
4.74561014   9.15529531 
10.41806520   12.36286369 
10.54615608   11.97596765 
10.85598611   12.33577486 
10.06617910   11.99526998 
12.26209887   10.01827146 
12.40148113   10.77549924 
11.81442736   10.50672110 
5.18464729   10.35090040 
5.13288202   10.35101959 
5.16414792   10.30866214 
5.15781530   10.38695806 
4.60501685   9.01000894 
4.55838590   9.08621666 
4.67997422   9.02992665 
4.86887259   9.49520676 
4.89368981   9.46356181 
4.90255934   9.50515084 
4.93496703   9.48394776 
2.89670694   9.05486618 
2.84590622   9.45850214 
10.87890483   13.97210523 
10.63651053   14.47880279 
2.65699513   10.50960299 
2.78324316   10.92552138 
4.71954833   9.56151425 
5.27326422   9.97772264 
5.34228116   10.00167462 
5.30877389   9.93189153 
5.38030680   9.94125329 
6.86202444   12.70948683 
7.05515438   12.62509809 
7.07000534   12.88360742 
7.28778904   12.71021205 
6.89480522   6.46410438 
7.15814728   6.28582222 
7.16135143   6.60847190 
5.29781470   9.87397978 
5.34944982   9.88726976 
5.24843834   9.90889754 
12.47719252   11.56885293 
11.95433448   11.87003195 
11.42848318   12.20478992 
11.46050199   11.53146186 
10.95459894   11.80210139 
4.63982211   8.73763199 
4.58196187   8.65123098 
8.18182171   11.46041083 
8.13400112   11.18381427 
7.87288647   11.55852369 
8.83989107   12.49026997 
9.23563988   12.31921645 
9.01415934   11.79081837 
8.62284810   12.75734098 
9.57380954   12.73764165 
6.42924034   12.48153576 
5.84098722   8.57152967 
5.72414781   8.56605878 
6.25246994   12.42004381 
6.06918415   12.44550017 
4.37244412   9.83526800 
4.26065769   9.76504495 
4.38007778   9.73025111 
28.81639003   18.14080962 
4.23883411   9.87587377 
4.39695779   9.62328921 
4.49281353   9.69574589 
28.43798445   19.05542203 
4.49728115   9.58426200 
5.20418634   12.79080948 
5.06420140   12.97132300 
4.89346952   12.79489963 
1.40992398   18.85003746 
1.06909544   18.22456437 
4.83901917   13.09513986 
12.18255777   9.39088767 
11.64522349   9.33426348 
11.95520814   8.81164759 
11.33275504   8.86001604 
4.55109030   8.10781924 
4.39664615   8.17494120 
4.21544756   8.13485408 
12.23954536   13.58553447 
12.74061102   13.89971727 
12.18262329   14.07669015 
12.48225210   14.46513035 
11.68805683   13.24911733 
11.85785320   12.54592450 
7.15249714   6.94309959 
7.11640665   7.22139326 
6.83549391   7.09276877 
6.92133273   7.43742741 
7.53943907   6.78463351 
7.45059726   6.39567514 
4.74045922   10.46942651 
4.73473532   10.53845887 
4.80573849   10.45287883 
1.06961814   1.77830678 
1.41509623   1.14336585 
4.74628420   10.59898563 
4.71583201   10.65735917 
4.23551352   12.70875999 
4.34541379   12.95585008 
24.54367297   3.33288999 
23.96724058   3.87711162 
28.82290873   1.85554452 
28.44485381   0.94153566 
0.95311810   0.55942532 
1.96192601   0.68678837 
3.98172025   12.58160160 
4.62854158   12.91737887 
4.50831731   13.29018643 
0.68784820   1.21625779 
11.21205213   12.76416654 
1.96258172   19.31800987 
0.95289196   19.43877228 
5.43391499   10.12579195 
5.35240831   10.12212688 
5.39961862   10.07179011 
0.69078183   18.77292383 
5.37999173   10.18599429 
5.21446873   10.19261551 
5.24879587   10.25013718 
5.18890434   10.25518977 
5.27054963   10.20812022 
1.95464807   9.79490528 
1.65391891   10.24728755 
2.11462179   10.19482983 
1.65055362   8.81689701 
21.32517094   14.87369375 
21.87200598   14.06856853 
29.36308742   19.00638949 
4.50632147   10.51257080 
4.58694671   10.44143433 
3.95457666   0.68519190 
29.36531876   0.99249582 
3.79353762   19.45766001 
0.72073757   16.00405708 
1.42797874   16.21538765 
4.65386146   10.49597751 
4.78602046   10.35066476 
4.77875124   10.30701224 
4.82595966   10.31987768 
1.43476942   3.76786877 
0.74602032   3.98731928 
7.81307695   19.31713412 
6.93478694   18.74010184 
7.57848272   18.63866611 
6.95958939   18.09878788 
7.87703853   0.53828477 
2.68423304   6.76484465 
2.50011138   7.32672013 
27.74803296   13.34938529 
28.61588643   13.01499197 
2.56734035   9.55144678 
2.73288536   9.79970397 
2.36675882   9.81489244 
2.49793450   12.67470532 
9.88248935   1.61225346 
9.36857457   2.17054582 
4.72390431   10.33593788 
9.99176081   2.38296251 
15.82081261   3.23930938 
16.15948300   4.00462104 
15.65167679   4.83402927 
2.97576007   8.65024036 
2.95369109   8.26974975 
3.25895553   8.11973387 
2.95680761   11.71966292 
2.92987386   11.34981035 
3.22720840   11.92838465 
4.68348458   10.41437038 
4.64046893   10.35116683 
4.76347617   10.40407920 
13.13227435   19.31591129 
12.27883252   19.32154840 
12.64072204   18.64045935 
24.77014336   5.60507037 
25.30975007   4.90366236 
24.29445735   4.75188813 
4.56302704   11.39574541 
4.68721014   11.43530594 
23.81930408   15.75750744 
24.23570137   14.97859693 
26.83637028   7.15975671 
27.32598754   6.14096456 
6.25825748   15.70646646 
5.89958178   15.71581220 
6.06954250   15.33378118 
6.11372525   16.07273809 
24.42288096   16.66608370 
16.36560885   14.47888599 
16.04967091   13.61317632 
23.08100209   3.62472829 
23.41313613   4.55123819 
26.05582372   4.95645678 
4.72788171   9.20823041 
4.66931779   9.23681854 
24.14743927   0.54474243 
0.92518443   6.04343797 
4.68987760   9.31834376 
11.08318047   1.48978223 
12.18354580   0.80713534 
1.80654211   9.35557293 
10.50005302   1.91223927 
10.46249422   1.15238536 
9.79976304   0.93375688 
9.81413467   18.45644638 
10.33257722   18.12240290 
9.66897656   19.02720077 
8.24884007   2.61350938 
7.81499647   2.26272274 
8.79299808   2.71586907 
5.36526554   14.96754966 
5.74055676   15.05202450 
4.43691262   1.36010994 
5.57115288   8.34488036 
5.67707670   8.34478135 
5.63910222   8.44710707 
3.72362430   5.12954530 
4.11753188   4.71112923 
16.75230712   3.19760654 
16.73589597   4.73880662 
2.85544433   8.01058107 
4.73002169   7.97957160 
4.69406803   7.72584760 
2.85312475   12.01606043 
5.39388481   17.03997621 
5.17255941   3.47253526 
5.86310325   3.58990027 
5.33240534   4.00469817 
4.54187927   7.88886217 
5.68393929   3.00203472 
5.86739849   4.72608743 
7.83971348   5.38607581 
7.95692818   4.87742904 
2.73787980   14.18894722 
3.10942340   13.50860630 
6.04248121   7.25848977 
6.22343989   7.09542353 
17.97594523   5.67755243 
18.92254692   5.99757992 
3.55590586   10.87095981 
7.59181611   4.55725151 
9.64710509   17.79367454 
3.63655134   11.53138908 
5.07049848   9.00442440 
5.03209745   9.00002924 
6.47428819   16.51336785 
2.95412618   10.11459708 
3.33186639   10.01749821 
8.51822378   19.42561740 
8.50165557   16.65293317 
1.28776802   15.53611984 
0.93109385   14.90669412 
26.96368296   12.54633923 
28.05887743   12.41958991 
8.52092719   0.53493628 
5.85816162   7.17660083 
8.35323545   16.12869597 
3.63458471   8.06224939 
3.82670448   7.80973997 
8.25769125   3.19331303 
8.04598202   3.72366328 
8.21974486   4.31764838 
7.08820003   4.31378961 
6.80756753   4.81066983 
5.82089965   4.20869721 
4.58794412   9.63886425 
4.58208684   9.54352968 
4.65931295   9.59488685 
20.70189233   15.44308598 
19.99012114   15.14446028 
5.65870617   9.66839868 
5.63602909   9.60426985 
5.70495164   9.62259703 
4.58773277   11.14127715 
4.69774923   11.12334492 
14.79089098   7.31052263 
14.16549620   6.97082182 
5.06504801   9.47280170 
4.75660382   11.17661647 
9.11979227   19.26169930 
4.36342578   8.53250670 
4.49457710   8.43096748 
4.49613761   8.56288393 
9.44445434   16.57836517 
5.31351987   10.16902559 
5.26266735   10.16074364 
4.60449828   8.51835658 
2.52086911   11.26986624 
16.23584076   2.44576790 
5.39346089   11.39562823 
5.49038600   11.36483028 
5.22750188   10.13063985 
11.05225368   13.39673863 
10.47036899   13.52473989 
22.09748242   19.41746988 
21.38296510   19.15038984 
21.19421377   18.02023975 
10.26251699   14.06322021 
12.37656484   3.35482660 
4.43636311   9.92384383 
4.32768044   9.95146224 
4.51980800   9.90630589 
4.50290687   9.99800166 
4.59106872   9.96338248 
8.22012575   12.72148522 
8.39929567   12.97070117 
0.58791989   15.37633072 
5.03740388   10.94410798 
5.05392003   10.89734921 
4.94120084   8.61170712 
4.89000571   8.64533724 
4.89290684   8.57098794 
16.52449960   9.14776350 
15.58373553   9.67930578 
15.41653670   8.79161403 
4.08929574   10.82447284 
5.01410850   8.95410755 
4.95419436   8.94004281 
5.82493721   16.54534173 
28.21613281   7.56370671 
27.39282058   8.03634772 
7.82083116   2.82693138 
8.40896463   13.32263044 
8.09912453   13.05705383 
8.05213846   13.46894875 
7.89735665   12.77447947 
6.57001733   11.85948766 
6.68564442   11.71337691 
6.80273628   11.91602483 
5.74975026   11.84603763 
5.73040049   12.00222795 
5.60819219   11.90798346 
6.90330485   11.73354689 
7.81429993   1.63203835 
18.73458762   4.82075852 
17.79308235   4.61913623 
4.49906800   9.00014045 
7.04201044   13.59536146 
7.07957923   13.22409918 
2.08477145   7.53343482 
6.68362101   13.57761622 
5.05174466   8.91460907 
5.33293581   9.27917768 
5.30889353   9.22534871 
5.38356600   9.23928693 
9.11856856   0.68612202 
11.89301192   18.64890273 
2.09874765   12.50165667 
4.50210880   7.65057431 
5.00223342   8.91188922 
6.27667791   18.61821492 
4.64043831   7.45274557 
4.90367691   7.54544510 
5.99668253   7.80761770 
5.90297871   8.03260940 
5.72884940   7.87805473 
6.13941757   8.01509777 
5.08926571   10.36314584 
5.11804667   10.38637392 
4.44366776   11.31046688 
4.41381251   11.47114927 
4.59610595   11.54449635 
4.35370488   11.19102090 
4.49188560   11.20030750 
4.45255428   11.08213091 
4.59721691   9.74746974 
7.39995103   8.28763998 
7.21865149   8.02742093 
7.53644298   8.05130398 
7.13122057   8.29393794 
7.12486626   11.72845441 
6.98398282   11.54625727 
7.19768880   11.51223105 
5.60905741   12.07304484 
4.95993891   10.66543324 
4.94369789   10.72537916 
4.91958289   10.67166392 
4.88928818   10.70555721 
7.27210141   11.29729080 
7.39337698   11.48232062 
7.51321341   11.28861647 
19.91137337   14.10646026 
5.71367879   11.69729208 
5.82929505   11.71753326 
5.62813089   11.77869478 
6.15803266   16.99547406 
5.35322180   8.97906865 
5.39301474   8.89552558 
5.42008495   8.97217163 
5.48922743   8.92160952 
7.35254895   13.05003153 
2.59235681   8.79908657 
15.77283664   1.55935476 
7.58431383   12.79966262 
7.71897536   13.17371586 
7.16410635   10.96442048 
7.16531244   11.15394286 
7.02466368   11.05000177 
25.23143749   13.71929587 
6.88946122   16.96599368 
6.89080653   11.10719962 
6.88071781   10.93747315 
6.73027926   11.02491823 
21.60485080   16.76388680 
4.33893218   19.25457110 
5.17921629   9.51705631 
13.11062288   0.89939005 
12.19974911   17.24109586 
7.94309676   10.36477803 
7.96185627   10.00353989 
8.29561411   10.19392349 
18.22660251   2.39571227 
17.77042393   3.14722767 
8.22699545   9.80231599 
5.41624431   10.72650956 
5.44164661   10.78508789 
5.37401540   10.76712843 
18.73682308   3.02660872 
5.49105365   10.72045217 
5.64781093   12.89869986 
5.62481276   13.19175604 
10.35253872   9.87953013 
10.66027909   10.34823421 
10.24875465   10.41582171 
10.94168869   9.90918724 
4.58718773   4.59949050 
5.34621539   8.78855706 
5.27872193   8.73796607 
5.21922990   8.77381823 
4.58581163   10.28711649 
4.66701585   10.25908649 
12.21796705   7.42301433 
12.95897050   7.80820460 
12.15773641   8.15384460 
12.81444927   7.17735622 
2.54184391   10.14829101 
11.59637687   8.38395315 
7.49821047   5.39969067 
7.54282277   5.72989688 
19.32173229   3.83781759 
5.67755111   9.55111625 
5.76524214   8.45187032 
4.77428143   11.10122366 
4.83029274   11.08460848 
4.81783480   11.14380846 
4.87576136   11.11522972 
4.73429612   11.04849212 
6.13363812   2.50195857 
5.83102133   2.01698383 
4.64983786   11.05467833 
5.67724835   14.68247389 
6.38013336   3.08434379 
29.12925289   12.15234474 
29.31473470   13.10612768 
8.95298186   16.20564206 
8.46651753   7.17499860 
8.44931751   6.79161844 
8.90831706   6.97801377 
8.74762053   6.45515806 
8.41515913   7.57507429 
8.13717448   7.29158600 
3.83655519   18.23412452 
6.87744419   3.44778831 
7.16875980   3.79499228 
6.78568135   3.90792408 
4.98337059   10.70174389 
21.05164837   11.31479331 
21.61811961   12.20010775 
20.64100423   12.31650044 
5.19851844   10.66095594 
7.96223555   7.63217571 
4.24932089   11.57427860 
4.07150509   11.50156072 
2.27339418   10.48908565 
4.43442231   11.64938396 
11.34518355   10.95502240 
10.97448052   11.26928123 
11.16465192   10.39915902 
11.59741844   9.86061782 
5.37175141   10.89721079 
5.33503350   10.84790890 
5.38399884   10.82621425 
8.94817313   14.74795169 
6.43782797   11.99176513 
6.33901740   11.80334060 
6.47134241   11.63979811 
6.48383330   12.14950857 
6.37161136   12.29205541 
8.74551105   4.76970126 
5.26655033   10.48934170 
2.83865800   7.62410607 
21.34713757   13.14081171 
5.81549315   7.39913750 
5.54112047   7.46136592 
6.03993597   7.51229556 
4.97110928   11.04284157 
4.96930457   10.99905514 
5.01293557   11.03113647 
4.92373610   11.02837192 
8.25683600   7.97388958 
8.05508706   8.26700701 
7.87120399   8.01057268 
7.73603111   8.33040028 
8.66488134   7.97732435 
8.86700531   7.50309886 
5.28189685   10.30554747 
5.31882456   10.23584669 
15.98884857   0.68097348 
3.14547573   3.77916260 
4.84628704   7.22529653 
3.15840488   16.22934301 
22.16475896   17.59371432 
5.03293822   8.87892434 
2.84508287   12.38810052 
5.57745942   8.54584475 
5.46652715   8.85296452 
5.48313752   8.77738884 
5.53100264   8.85131363 
3.79134508   1.81133908 
6.67526972   17.47018157 
7.17369147   17.58531454 
18.32478717   11.27800452 
9.68280770   12.31154149 
9.53335966   11.87662713 
5.00737402   10.29224783 
4.97015444   10.31548864 
11.68161237   6.90107281 
12.34583540   6.65702200 
11.09595349   7.10031669 
11.13414942   6.36318975 
10.60892786   6.88151995 
7.91586120   10.80495149 
7.79906195   10.60315117 
7.64692411   10.40002579 
6.54066961   11.04376666 
6.60519216   10.90585697 
6.54310172   10.79080061 
5.31511124   8.54648252 
5.29677929   8.65323092 
5.21321717   8.60407054 
5.22391460   8.69833944 
5.57386178   8.78697210 
9.94491229   10.06460930 
4.92759373   11.95496770 
5.09558102   12.06210446 
4.93780324   12.14692708 
5.10293895   12.22372438 
7.25255517   11.93502701 
7.03454302   11.93442440 
7.39051520   11.72516933 
6.93729425   12.15981953 
6.68561383   12.09549359 
4.76231188   12.51801745 
5.01007383   10.98389418 
4.97907733   10.94763557 
4.49105657   12.66602479 
4.96328488   8.66358640 
4.97097875   12.34516947 
5.06602364   12.57137711 
4.16082712   11.16699451 
4.28552468   11.05450220 
4.25931161   11.34032849 
6.59449731   7.31782105 
6.51349934   7.01165666 
6.43288709   3.60191947 
5.84743653   8.20177772 
6.03514790   8.18822505 
5.69511312   8.09649191 
5.69166028   10.90821703 
5.78275442   10.89404837 
5.75792026   10.98078604 
29.21148841   10.97250402 
5.68252078   11.00516532 
6.04594774   8.92799824 
5.99744953   9.01028943 
5.92515249   8.90720611 
5.99056477   11.09201581 
5.89377867   11.07364115 
5.94551615   11.01037073 
9.14700836   7.97340946 
8.91571742   8.43007023 
8.40211934   8.36794798 
9.49680596   8.35591905 
9.27742216   8.81620935 
6.35235809   11.07028312 
5.92732758   11.16590586 
8.41736812   9.23269661 
8.50429489   8.96672026 
8.71431585   9.22313855 
6.23600095   8.19533290 
6.13348805   8.37200402 
8.83265355   8.88705078 
4.89919762   11.71669773 
4.97117560   11.81436068 
4.85448751   11.81929654 
12.51988798   4.61874962 
5.01980482   11.70900061 
7.08550704   8.72507578 
7.27213619   8.53816163 
6.46690511   1.93058480 
6.74241733   2.50024357 
5.45681645   10.28224913 
5.38992420   10.25065299 
5.44293157   10.20792590 
6.82243460   7.70531841 
7.09607796   7.72160854 
6.91687818   7.94019479 
6.79256739   1.31113884 
6.15443026   1.35603187 
4.91932335   11.25301094 
4.96536523   11.27680011 
4.93070725   11.30404587 
4.98122424   9.46249549 
4.93654404   9.43213429 
7.13547279   1.85130341 
12.24508579   18.08167747 
5.74180442   18.03585854 
5.79032144   17.42739732 
6.26694926   17.77431904 
7.39376338   7.77882712 
5.90697892   9.02364396 
5.54663143   8.70192185 
6.24505010   7.72652745 
5.76330103   7.63543499 
4.95232542   8.88101433 
9.33972945   11.44434334 
9.89721131   11.42424731 
3.02653319   10.55923383 
7.58118266   15.65822796 
6.01187025   8.81019111 
5.41184218   8.75344912 
5.35681346   8.70177344 
5.44690800   8.67464533 
4.91747904   8.38195591 
4.79227821   8.29277757 
6.34955682   9.44602968 
6.25896379   9.32805926 
6.46144837   9.30855611 
4.84801357   8.15233394 
6.50839343   9.45775421 
6.53512069   9.55861385 
6.41652148   9.55450926 
3.28756773   10.33584598 
3.34903464   10.65628248 
6.27183042   11.59202288 
6.16974334   11.77354376 
6.54360052   8.99279884 
6.52592535   8.86294991 
6.64661547   8.93526871 
5.46067785   9.22918000 
5.40521925   9.16789290 
4.91988556   10.03347242 
4.85885834   10.03540435 
6.63543790   8.79333028 
5.01427171   9.87268566 
5.35038020   9.11001261 
5.43059306   9.09814704 
26.81236084   13.46137575 
5.10265732   18.17573249 
4.54008708   18.63327932 
5.39170170   9.04248934 
7.60099661   4.00182921 
4.66785531   8.37040164 
4.72022993   8.50344210 
4.80523299   8.42524151 
5.60458072   10.81487466 
5.61589240   10.88352589 
5.54511103   10.86923355 
5.52372158   10.79890722 
5.51133372   7.73986000 
5.54422473   7.95901023 
5.09014715   8.78095121 
5.12418904   8.82079468 
5.08333361   8.83042981 
5.13455588   8.77986300 
10.96593541   8.31431648 
10.81071942   8.91956755 
10.40420311   8.57250735 
4.88083872   14.93006673 
6.99642758   10.02766626 
7.13495594   9.92292782 
7.19004347   10.07664358 
6.24819037   11.19895109 
6.17660100   11.06110814 
5.44541624   11.01838384 
5.42343467   10.93409970 
5.49093767   10.97058037 
5.66463388   10.83263636 
6.12644798   9.26457054 
6.12173372   9.36276219 
6.00462211   9.30980471 
6.03731353   9.43660670 
5.62783457   10.94826640 
5.56017193   10.94941644 
5.58247010   11.65688690 
5.49185568   11.78760332 
5.44826463   11.64483037 
6.09209770   8.70504217 
6.24399446   8.73333773 
6.13732939   8.83017394 
4.99249775   9.29723855 
4.94826930   10.79350096 
4.97932888   10.81385831 
4.92188040   10.83114855 
4.91187833   10.76523999 
4.97471138   10.76033397 
5.16482748   8.67623419 
5.17071183   8.74471667 
5.11777634   8.72734113 
2.36534668   8.59626585 
4.79631984   10.11597466 
6.27697780   8.86255642 
20.16417604   11.17597616 
19.19727757   11.69043566 
5.93916949   9.39253839 
22.30673350   12.98256632 
6.80056185   10.59125266 
6.73956089   10.79615826 
6.59932672   10.62777270 
8.50448253   14.69808144 
5.86799284   11.98231980 
5.78633383   12.17912824 
5.90890779   11.82319203 
5.87822010   9.30664933 
5.59106025   8.89085370 
5.69771171   8.91607174 
5.49927297   10.22901752 
5.49073449   10.16771141 
5.55100145   10.19150947 
5.53798847   10.51124905 
5.59405963   10.45856483 
5.61594280   10.54430119 
4.95097859   11.07627025 
8.63915928   9.89130320 
5.50324031   10.47959952 
5.53340275   10.43797849 
6.34182992   8.45344334 
6.17658635   8.56555135 
5.93640719   9.20857172 
6.03264508   9.20459423 
5.99240618   9.10795924 
5.08587253   11.24400405 
5.11511815   8.86836686 
5.45790221   9.83029632 
5.52002621   9.85149098 
5.47749935   9.88906595 
9.58105897   16.01926149 
5.52685516   9.79930268 
5.70732696   9.01113186 
5.75539773   9.09251280 
5.65466921   9.07735973 
5.15679191   8.86074237 
5.44337801   8.55729701 
5.37672873   8.43723293 
5.49598596   10.91595133 
5.09290930   1.86702826 
4.28287690   2.14583819 
9.60449301   10.68199581 
9.57201744   10.28205355 
9.87623971   10.46268090 
9.20770941   10.52742192 
7.49147685   3.30363017 
7.33575940   2.62363562 
6.78486853   9.15154750 
6.79418921   9.00641627 
6.91825912   9.10293595 
6.95167342   8.92152092 
6.79443588   9.28274630 
6.63423559   9.22063764 
6.64015984   9.36650917 
5.96558591   12.28462534 
5.83833712   12.43463612 
5.04257563   11.07518364 
7.84612180   9.27054623 
8.17027669   9.44516347 
7.89096842   9.65370370 
7.50633604   9.20263222 
7.69289981   8.94301817 
5.87628780   5.63372091 
5.49869846   9.34543406 
5.43787750   9.36187482 
5.44956195   9.29242648 
5.26935759   12.16997659 
5.26846976   11.98055992 
5.47659509   9.41245110 
6.97418746   10.56806495 
7.08550519   10.67938479 
6.91760534   10.73522135 
7.02574877   10.84308058 
7.02492591   10.43720147 
6.97442464   10.30036784 
7.14250967   10.35307292 
4.68493755   8.19516798 
6.84630074   10.41330925 
13.99612906   8.67327273 
14.67148218   8.17969957 
14.61306698   8.94216869 
2.96852133   7.21689187 
5.45852839   10.60724663 
5.43926232   10.55577076 
5.49586304   10.56502272 
5.47095122   10.51577225 
11.63081333   15.60904185 
5.86751655   9.10428460 
5.36859930   10.98323681 
6.42901724   10.22318232 
6.57933870   10.23114264 
6.45656822   10.35076925 
5.76232894   12.66447032 
5.13561808   9.89826083 
6.59116361   10.36462172 
9.07760077   9.21200714 
5.50408948   11.55451538 
5.41874962   11.55291899 
5.45148093   11.46818369 
5.35524863   11.48666197 
6.33547427   5.66875208 
7.18040302   9.76191885 
7.02024020   9.82491727 
5.18398504   9.90087279 
5.45294097   10.33617583 
5.45156628   10.38264796 
5.38942201   10.37135962 
5.40813117   10.42136118 
6.77315821   8.83863266 
6.65228468   9.07373017 
5.50114552   9.08727775 
5.47781223   9.02126040 
5.56684289   9.05995032 
5.86687748   10.86257834 
5.79364222   10.80801510 
5.54509005   8.96717718 
5.80768946   10.71892610 
5.92306922   10.67674696 
5.88406772   10.77079815 
5.62788913   8.98812751 
4.04902591   14.67630116 
3.60154900   14.62818859 
3.81712019   14.22748284 
5.28593598   7.56768780 
5.81795342   9.50779493 
5.76060320   9.59421574 
5.72874690   9.49553542 
5.61426402   9.70825393 
5.67151648   9.73393105 
5.59076121   9.65900616 
6.16528297   8.94875456 
5.80747922   11.06622877 
5.83826457   11.13979606 
25.97350987   13.06079557 
5.06264875   11.57895552 
5.13633167   11.66530590 
13.88334963   7.73074989 
5.63164363   9.84451343 
5.59665870   9.89586021 
5.56826111   9.84761336 
5.65902416   9.92124196 
6.82074647   5.27367057 
5.74276191   10.60488129 
5.81887466   10.63111527 
5.72757731   10.66961372 
5.80085382   10.54879873 
5.35784873   8.18366399 
5.47900098   8.25532804 
5.35839314   8.31426014 
5.51371474   8.12456801 
5.55188666   10.57031541 
4.92602712   9.66785358 
5.52490081   10.61465834 
5.07182214   8.87423255 
4.05953264   13.87369668 
20.94438370   13.99992369 
20.55862667   13.30217587 
5.37824327   10.47265594 
5.32600149   10.48115041 
5.35044885   10.43868785 
3.47778231   9.29196323 
5.35644856   10.52268524 
5.69244212   9.16979219 
5.80599151   9.21041342 
7.00936179   2.99698243 
4.00443770   9.31793050 
5.73040210   9.25260415 
5.60046916   9.14649527 
4.42640962   10.48411241 
5.07974798   10.62060421 
5.37543805   17.62251942 
5.73675612   11.06292198 
5.85701644   10.97041356 
6.26475810   10.48166747 
6.38047439   10.47546184 
6.33340988   10.59845833 
26.70397110   9.02863274 
6.45435909   10.56975319 
6.66516136   11.52527330 
6.86286808   11.42265898 
6.79387873   11.58675835 
6.66030050   11.34758405 
6.37018503   9.65460454 
6.47873839   9.66490779 
6.29721392   9.56289424 
5.30170648   9.69787632 
5.25543533   9.72653393 
5.60483901   9.54104007 
5.55957933   9.59612943 
5.62690761   10.26903756 
5.63719186   10.33220040 
5.57383287   10.31565998 
5.57583286   10.38194515 
6.79708178   11.22971107 
6.38342661   9.77938544 
6.26727133   9.70337951 
5.61583866   10.20920431 
5.67040857   10.22164173 
5.70041451   10.28631655 
8.19493549   5.67697119 
8.33293877   5.18794488 
8.58899000   5.61975394 
8.33750021   14.22607605 
8.82998437   14.34743901 
5.59890376   10.15590315 
5.55277979   10.12510485 
5.63384960   10.40277567 
5.69196213   10.37675313 
5.16548462   10.00412129 
6.18122405   9.06315715 
6.27456654   9.01244857 
6.08370138   9.04530440 
5.47519455   10.42755675 
5.43931681   10.47058888 
17.19838958   5.45966590 
5.51410067   10.36895566 
5.67622728   9.98071869 
5.60108455   9.95145803 
13.62354710   13.31028431 
13.73207330   12.47169894 
14.43896910   13.13278572 
14.04641745   14.07537575 
5.40871313   10.51125266 
4.76659976   9.10558388 
4.80878815   9.07386194 
5.38710281   10.55420822 
5.40013733   10.59969203 
6.99271112   9.42846427 
7.07669870   9.28316585 
7.16602739   9.43788257 
5.37239676   8.62812577 
22.27344305   4.35869888 
22.90526839   5.29743062 
22.09083377   6.01538137 
23.05327812   6.27124859 
21.33402347   8.65292501 
20.46548193   8.58268339 
3.54392339   12.01179964 
3.65771977   12.23626998 
3.46938592   11.76294483 
3.70355908   11.81083810 
5.22247599   9.26596365 
5.27399214   9.27054449 
15.58575556   11.30185207 
15.59074191   10.49107663 
4.03747712   10.66463955 
5.04670268   10.25405541 
8.68177522   13.97283687 
6.53441806   8.69773349 
6.39141745   8.78378730 
19.90386163   12.95270780 
4.90160610   9.75652457 
4.92691343   9.71076673 
25.86727376   8.97415134 
26.33204299   8.17299671 
5.01581779   9.35088062 
26.95517417   9.78770457 
25.89449112   9.95784044 
26.83993397   10.57315857 
4.88330865   9.68350701 
19.90747086   18.24363367 
25.08598942   9.19984303 
19.84345968   12.12893054 
19.31097890   12.50903265 
5.07860038   9.64339513 
5.09257034   9.68659779 
5.04692876   9.67542662 
5.13072223   9.65060857 
5.61012923   10.01563472 
5.67869360   10.04250170 
5.11914366   10.62128809 
5.09521537   10.65949157 
5.05476177   10.65116624 
5.06528327   10.69537308 
4.74712640   9.05089892 
4.69805246   10.99805766 
4.76441247   10.98388551 
4.87341570   10.64342447 
3.41470643   5.52105446 
14.16369786   15.07598855 
5.25513010   14.53860359 
19.15772694   13.35314704 
14.79898868   14.64205290 
5.19708232   9.02242923 
5.25541709   9.03783920 
17.24895756   3.92639388 
4.77738429   9.97326696 
4.79230192   10.03865126 
14.76906804   16.81332509 
5.18387606   10.05750586 
5.15258656   10.09794902 
4.81683310   9.78927523 
4.87010658   9.79610871 
4.83960833   9.85045510 
5.19870179   10.97999968 
5.15728306   10.94539976 
6.51520994   5.42201889 
9.36181777   14.88792634 
3.50243099   10.46261157 
14.91374008   9.43629506 
9.25974672   6.13744925 
9.08235872   5.59346919 
5.13855476   10.26639710 
12.95305173   11.08996411 
13.42292335   11.32078975 
5.21813113   10.30350340 
5.35118217   10.69538392 
5.30667612   10.73780612 
5.29966393   14.23450783 
5.37089742   13.90707230 
5.07555488   10.96257931 
5.11690459   10.97044381 
5.09618801   10.92546614 
5.32446541   10.79865185 
17.16925292   15.07113642 
5.04227201   10.31041773 
5.08682413   10.28335357 
5.07384039   10.32674042 
5.11364774   10.31523455 
3.42336426   12.72656606 
3.02540510   12.79601937 
4.99447421   10.55110886 
4.95397149   10.51278854 
4.99656318   10.49620660 
5.03131275   10.50984971 
18.28298840   3.86115113 
23.28586606   7.39927273 
4.04339132   8.86937448 
4.17971255   8.79648261 
4.32021943   8.80478184 
3.59888520   10.67601074 
4.90387094   8.87079115 
4.92814818   8.84224153 
4.32287215   9.53480379 
4.22284995   9.54690405 
20.54335067   14.75446320 
16.34846372   5.82722083 
5.13747795   9.70794509 
22.53735154   12.03435985 
23.28603222   11.75999124 
19.05417851   1.96562753 
7.40492377   6.07698637 
8.37147959   13.74614772 
8.72327476   13.60148165 
9.11690991   13.87543576 
5.09949537   10.23162281 
3.14838913   13.17768122 
3.09972743   13.85635428 
5.08067424   10.80949143 
5.06123855   10.76347548 
5.10198030   10.75844463 
5.02680003   10.78990885 
4.34508596   9.11710202 
4.89320369   10.51715314 
4.24345622   10.91893690 
4.29346423   13.57922374 
5.10379676   10.17921972 
24.88330537   10.02664351 
5.19339244   10.10278916 
5.10875139   9.39273010 
5.60704017   13.54810903 
7.87598808   5.76293797 
7.71668986   6.06765664 
8.08806673   6.05730203 
4.93195121   10.47475974 
4.88973258   10.46475196 
7.25658353   9.26010956 
6.90775030   9.57255758 
6.81015603   9.43248216 
5.29024879   10.68699099 
4.92965411   10.29868830 
4.89547456   10.28218078 
4.84287597   9.94322167 
4.88673379   9.89722562 
4.09774311   10.04104976 
4.13798270   9.91409606 
4.22138400   10.01269446 
5.22263943   9.53236756 
5.22271490   9.48503813 
5.26083733   9.50968025 
5.16895010   8.97898261 
23.80076308   5.47891511 
29.29361770   9.85891392 
4.83877324   9.89760542 
4.78000225   9.89396244 
5.12171696   11.15598899 
5.07653626   11.16942623 
5.07242122   11.12044546 
4.79970162   9.01035921 
4.92426774   10.43827631 
5.14986048   10.20192647 
4.72555007   8.98560788 
10.61101395   4.59941694 
11.28836113   4.42272787 
5.12681129   10.79002612 
17.64277882   17.87262548 
15.52049870   7.80232499 
4.85394995   10.44413313 
4.89306820   10.41749812 
4.83801094   10.38641679 
12.28070913   4.01618047 
11.79922780   4.53057913 
5.21529102   9.07275050 
5.27208903   9.09939482 
6.88259605   14.15085529 
4.96942264   10.47669763 
20.92078600   16.17242652 
4.96718674   10.05322933 
5.13188486   10.83794367 
5.09240738   10.86917107 
15.26261368   13.38636148 
9.25835208   10.11482451 
8.94707845   10.18781546 
15.46014551   14.19159129 
4.07975734   8.68564813 
4.72169770   10.93127735 
5.24076555   9.31888779 
5.18335946   9.30222093 
14.82301445   13.95612924 
3.83803964   5.55979687 
4.73206188   10.74979632 
8.83790924   10.52875474 
6.86558565   9.89867632 
6.84711793   10.05316469 
3.31283168   14.24238855 
4.86819457   10.99625769 
4.80891186   11.03047153 
5.07565816   10.13047573 
5.59492799   10.61785000 
5.63736301   10.68068221 
5.55818016   10.67275045 
5.58471779   10.74180166 
5.09973317   9.71916332 
9.39789280   14.38760858 
4.83589011   9.33729810 
5.03019799   10.47179486 
5.78155477   9.33847914 
5.71411833   9.41243380 
5.70231369   9.33994949 
4.08229836   10.45308922 
12.01392267   11.15903765 
8.44391591   6.04781252 
4.86942270   11.05501031 
5.78453057   9.43278468 
8.81205596   5.99209054 
16.94616811   7.89965378 
5.65172022   9.30949190 
4.78962131   10.74901222 
5.45708073   10.86129766 
4.85219375   8.96330585 
3.96391108   10.34749783 
3.21646287   6.81876855 
5.22282478   11.12366502 
5.16839429   11.11347510 
5.24617085   11.18922552 
3.98174052   8.50286047 
4.97253267   11.32664790 
5.01012386   11.29204608 
4.17230875   8.51148780 
5.35668280   11.11089366 
5.40552021   11.17697490 
5.32495461   11.17266285 
5.43839028   11.10219141 
7.59820939   11.52868131 
4.97035060   9.51239721 
5.16274128   9.07970633 
5.61550377   9.23981510 
4.16984793   13.23674145 
7.94449642   13.90007662 
5.03216559   10.10527502 
4.41175187   10.04940418 
9.51937578   9.90864091 
7.99982772   11.85809438 
8.18644950   12.13414086 
7.79993794   12.13298708 
8.10750262   11.69099241 
8.34190806   11.77300491 
16.27551268   15.42352968 
16.08353614   16.21224032 
25.86813436   11.93650405 
5.10575525   11.20503561 
5.02963468   10.73270662 
5.40518947   8.82045532 
6.69017344   8.10158621 
6.66976421   7.88739538 
5.70517588   6.41839680 
4.26759103   8.66218683 
5.26274899   9.38610324 
4.87319207   10.94972127 
4.92019868   9.57579391 
4.91950968   9.62032031 
8.80243480   5.24155218 
4.88332395   9.64124734 
5.31797271   11.04740262 
5.38462848   11.04815890 
12.86605981   13.42624391 
4.93139664   11.11447738 
4.12024549   10.28006968 
4.78576887   9.83177541 
4.97582432   9.86909327 
5.18046700   10.90172334 
5.17671315   10.85078575 
5.12813772   10.14224377 
5.10939498   10.09614523 
10.51109025   6.23541831 
4.84131077   10.07877667 
4.88612052   10.07518104 
16.30500606   7.34097602 
8.12371683   9.19339787 
4.73041028   9.83000061 
4.68978571   9.76275740 
5.07667209   8.74575596 
5.03121994   8.72494379 
5.07213239   8.69544474 
4.66128792   9.83254944 
24.09255652   7.42220066 
9.35597269   9.56010112 
9.85839421   9.63520109 
15.03410480   12.53225693 
9.55117546   9.20205046 
7.38048895   9.43699792 
7.25266462   9.59838443 
7.36000692   9.73935713 
5.06273933   10.47681484 
4.40568583   9.04165497 
5.34482303   13.59362176 
5.38324176   13.32768836 
5.10913589   13.48936325 
5.12508747   9.10067883 
5.54613243   9.40196922 
5.57660851   9.32835229 
4.84149810   13.38944378 
5.09808714   13.20760743 
5.52258135   9.27531442 
5.75225015   10.42205660 
5.80444110   10.46489470 
5.74729855   10.48857068 
5.42108694   6.57614112 
5.06746747   6.61719320 
5.36213127   10.63594261 
5.42284643   10.66334355 
13.17080862   14.15468658 
5.88990317   13.58702198 
6.11416136   13.43738246 
5.76113691   10.35112190 
4.76771575   9.33237763 
4.78025291   10.22239322 
4.74811295   10.26518529 
4.72537440   10.20552509 
4.93025788   9.53177558 
5.70225901   11.58822558 
5.58901221   11.54704679 
5.64734118   11.48341329 
21.85447406   11.22865408 
5.61289649   11.38505770 
5.70141773   11.41526612 
5.69101456   11.33012785 
5.68945133   9.80680179 
5.71252061   9.87061718 
5.00760446   10.65219079 
5.74511626   9.75884053 
5.20714870   10.57005814 
5.26087161   10.55977328 
10.03922468   6.67166369 
5.34347635   11.72141664 
5.73206437   9.68943442 
5.45502400   11.97474538 
6.72120893   9.95316357 
5.66536721   10.61893415 
6.33497689   13.20522451 
5.25355410   9.62839179 
5.21261756   9.65475928 
5.21808111   9.60938169 
5.17656880   9.62095367 
6.80125945   13.84920903 
5.93726552   9.78816375 
5.85792643   9.86279184 
5.84007165   9.77979041 
5.94884250   9.88745576 
5.81285910   9.68920362 
6.52922545   10.48113179 
6.62869448   9.64606907 
6.52358462   9.79152234 
4.66044592   10.79784071 
5.31501018   9.04613279 
3.41699018   7.17554030 
3.80291476   7.14578454 
5.28785576   11.11763073 
3.63283085   6.85897249 
4.06654755   11.29875688 
5.29890780   9.65073704 
5.34332230   9.67028098 
11.39352803   5.58619873 
11.89447225   6.11356673 
5.35848782   9.72068516 
4.89787993   10.87040553 
5.30122898   9.59889402 
5.25203443   9.57043688 
5.65381687   9.47910947 
5.30714539   9.48097164 
5.29482491   9.42997811 
5.34870367   9.44354070 
5.32859002   9.39113666 
5.81108514   10.11730278 
5.74293235   10.18648910 
5.71566416   10.10264906 
5.66594971   10.15716113 
5.96882522   9.99422260 
6.05192166   9.91236608 
6.07225770   10.01956030 
7.36092234   13.80986807 
7.41829237   13.48923368 
5.16905913   8.80305452 
6.19499375   10.05399116 
6.09494502   10.12994859 
6.21806279   10.17125608 
24.36500415   9.50851678 
5.82515134   10.29992205 
5.77236213   10.26697206 
4.61747322   10.97113517 
4.95184993   11.61634983 
4.83038646   11.60520818 
4.90648005   8.48481069 
4.82707542   8.51806117 
4.82760932   8.61654165 
6.57313555   9.94746306 
6.40965492   9.89064322 
8.51648953   9.51832041 
5.62331726   10.09143509 
13.36739624   8.35040547 
12.81659926   8.74692061 
5.14833455   9.03195356 
5.49964998   9.61494223 
5.44719898   9.63916723 
5.46128761   9.57491094 
5.40778344   9.60173476 
5.53346110   9.65515096 
6.52479240   5.93694352 
6.19822213   10.30188109 
6.32537537   10.25444021 
6.30713930   10.37024155 
6.87594359   10.19921093 
6.11540542   10.24859224 
5.18785078   9.71344025 
5.21802429   9.74392067 
6.05559884   9.57210524 
5.93041437   9.50886835 
5.23845473   9.68614186 
4.50483249   10.97730204 
4.56372336   11.04576295 
4.92487272   10.33721372 
6.68785211   10.11246004 
6.25868954   9.84278757 
6.29078586   9.96519671 
5.94919411   10.92629440 
5.94389391   10.83965347 
9.64578172   7.92227835 
10.02932171   8.33990376 
6.34324252   10.10931098 
6.01616239   10.19965440 
5.03663779   9.30030119 
9.57113819   6.52493431 
9.19151877   6.62809070 
9.50670075   7.05176038 
4.78810482   8.95315708 
4.90963958   11.07512252 
5.45114256   9.51564883 
5.41826367   9.54654037 
5.42525440   9.45884068 
5.50077143   9.47353054 
10.11792219   7.79400114 
12.52549478   5.96258814 
5.21767488   8.15110394 
5.19306850   8.01411268 
5.29327576   8.07650367 
5.08534757   8.08477121 
5.40307998   8.02590920 
5.24645073   8.27233418 
6.88631973   9.72061583 
6.18132121   9.47476975 
6.36698134   13.56025344 
6.76279561   9.61241484 
4.72882417   10.13703207 
4.77336904   10.16253090 
5.59272899   11.10974644 
5.61342133   11.02528106 
5.67472107   11.09261594 
5.84949809   9.94327678 
5.88604797   10.05448815 
4.74083536   8.91320319 
5.91189794   10.15450923 
4.89904044   9.84723287 
5.83135736   10.21412249 
5.31025054   9.53765682 
5.25021561   9.45113200 
26.14463990   11.07400654 
5.36240140   9.56485907 
4.83216971   9.99702578 
5.35518019   9.62283726 
5.57846928   9.47329496 
11.17128098   9.46583481 
5.02353691   10.68887204 
6.04457825   9.80713317 
6.13481504   9.84545192 
6.16726470   9.93948332 
6.01822864   9.69482989 
5.90689331   9.68881019 
5.91916785   10.28244224 
5.99875574   10.09195017 
6.16538548   10.43694802 
6.08429870   10.56001596 
6.04149842   10.44501336 
5.97896913   10.51672399 
5.00073560   8.61662759 
5.02135556   8.67360162 
4.98474679   8.71334199 
4.74152512   10.07912896 
4.66993191   10.08963275 
6.10035274   11.61913696 
6.15231908   11.45098174 
6.14572285   11.16527981 
6.08506379   11.10083769 
6.04730665   11.20170076 
5.25330334   11.06603581 
3.84834705   6.56447565 
3.44251024   6.56831073 
7.12669590   12.28944999 
7.33948184   12.26635209 
7.20598160   12.47066642 
7.19143442   12.10375608 
4.09206654   8.31956144 
4.90184439   8.94544012 
4.91672194   8.90824476 
4.80939041   11.21753221 
4.81461083   11.29362955 
4.87495192   8.90850680 
4.84398225   10.60303061 
4.85683352   11.24412235 
5.09255229   10.40154327 
5.45339012   7.24843887 
5.04468499   11.46109919 
5.14368526   11.49057761 
4.26195100   9.65644695 
4.13738591   9.61815857 
4.85836820   8.86428669 
4.88958950   8.82018148 
5.25718594   7.14551814 
22.59918833   7.83372266 
8.30569342   8.72777419 
8.58913121   8.63263062 
4.81195383   8.82065865 
6.17347759   9.61829091 
4.71078003   9.88588726 
4.98991236   8.45635653 
5.09728641   8.46341722 
4.80419942   9.27973946 
6.01618912   11.48760328 
5.19509030   7.87643860 
10.47457277   11.49906786 
5.30500162   7.93281933 
4.67674215   5.97173381 
5.80685735   8.33337717 
5.71935254   8.24435569 
5.95363638   8.31153672 
5.93594424   8.44765615 
5.63269084   8.72405078 
6.37273513   8.59923929 
5.22524977   12.37837962 
5.36061925   12.59676578 
5.62527113   8.64034509 
5.32861759   11.33070451 
11.56631153   13.91914972 
4.74389161   9.26399772 
6.14247965   9.73879899 
6.54198205   13.78584360 
6.32122558   13.86124356 
7.50339949   8.72503497 
7.53339218   8.49421894 
7.72865162   8.63511944 
3.54316565   13.76939567 
5.39561836   9.78169967 
5.39099607   9.84373119 
25.05465241   11.77253651 
5.41747590   9.89098824 
5.46753112   9.15372909 
5.53905410   9.13539884 
4.62331524   10.13224525 
4.66642471   10.16940005 
4.58408666   10.19287865 
4.56977666   10.07741728 
8.00575062   10.64684299 
8.22299594   10.56803064 
5.45977837   12.16085109 
5.38226687   12.29659101 
5.26067973   10.77612155 
5.52906879   12.32303013 
5.60923516   8.23506756 
5.45305929   8.35998571 
7.67876851   7.80444128 
7.60048327   7.52352857 
5.72202193   11.24373733 
5.64165001   11.25439602 
5.66175993   11.18276702 
4.83667597   8.68255765 
4.82277528   11.50824143 
4.77916902   11.45333470 
4.85990178   11.43204733 
4.73776946   11.52812326 
6.47555852   7.83522580 
6.48506911   8.02331476 
6.30717260   7.92600930 
5.30767789   10.53520380 
5.07250204   10.72923901 
6.24573933   10.68947252 
6.15420477   10.74835522 
6.34227875   10.72145749 
10.11874732   7.25475369 
7.68002423   11.82277864 
6.14714216   10.85504423 
6.23455482   10.94403817 
7.65050180   9.70807470 
7.73846203   9.87482523 
5.10516581   10.46524261 
5.12291175   10.42215755 
10.70426665   9.50390120 
10.31266935   9.35210363 
6.62847142   7.71873228 
6.70208311   7.52655202 
6.45682422   7.57644714 
6.51693405   11.44146339 
5.51462938   10.30165971 
6.38953353   11.48413470 
6.40268363   11.37288747 
6.28487716   11.37450167 
7.23676404   10.23132688 
5.28891412   6.07854332 
7.06962186   10.19858517 
6.55107875   8.50190419 
5.19400611   11.42013801 
5.25933779   11.38250885 
5.25442946   11.46730394 
4.75048970   8.59737830 
4.66622786   8.59121337 
4.69003779   8.67122414 
4.65489121   9.90896588 
4.58464335   9.86021574 
5.34350772   10.39618017 
5.33077751   10.33905053 
5.39111105   10.31018292 
7.22836156   10.79362692 
7.35699427   10.63385406 
4.81526603   8.74055195 
4.86580864   8.77665283 
7.55950193   10.61699248 
5.34709377   10.28144911 
5.57757759   11.29960205 
5.56002146   11.20806680 
6.61694612   11.18201163 
6.47534649   11.15761845 
6.51258284   11.27910269 
9.84061680   8.78095473 
10.52557434   8.11370905 
10.25305096   8.96659252 
5.36591149   9.34457726 
5.30507974   9.32950347 
4.80119490   12.06511620 
4.72986702   11.87585526 
6.80445477   6.77225607 
20.31671945   17.60211719 
5.28336379   10.83292324 
6.68069785   10.46600830 
8.63749598   11.56774502 
6.05088525   11.34692863 
6.15584140   11.28817599 
5.96659641   11.38317895 
5.96705886   11.26993109 
27.55545075   10.13613548 
5.87442931   11.33766790 
6.89209805   8.72244657 
6.72991380   8.64518996 
5.85009588   9.60382850 
4.58887384   9.17951993 
5.53455940   11.45722553 
4.90744801   10.37141053 
4.88262704   10.32622541 
6.45101493   10.68492433 
5.07923159   10.43530385 
5.39397055   9.30346863 
4.91856156   11.36491640 
4.99459334   11.38892748 
4.95001093   11.44830505 
8.90081234   9.53681186 
4.90293822   11.52318715 
4.98759952   11.52315402 
6.64755335   9.51230722 
7.02129016   11.29389390 
5.43076481   12.79896379 
5.35349040   13.02095452 
5.13984222   10.88921184 
5.39701534   9.40230230 
5.76537191   11.49063566 
5.80753898   11.60237782 
4.88031735   11.30202375 
4.84186759   11.35241739 
7.71771944   12.47199190 
7.44793185   12.49917650 
8.04388096   12.42296740 
4.45029118   10.89742037 
4.77261669   11.36536677 
6.00419697   10.61378401 
5.90451768   10.57107910 
4.75419826   6.59428619 
5.11538757   8.66842211 
5.14795737   8.61451524 
5.07633466   8.62497296 
11.96544804   5.26127682 
17.22651397   14.24751100 
7.91831331   16.03208177 
17.00512214   19.39701998 
5.37768991   9.49774999 
5.72705660   10.83859636 
5.28825089   11.25288019 
4.27987078   11.81230209 
7.90172192   14.32722044 
5.34894653   11.59564100 
5.24382029   11.62478264 
6.07329822   10.78960904 
6.03751430   10.87322315 
6.48516931   9.12435277 
8.40956767   11.50365919 
5.49889346   10.10439382 
6.32211215   8.08073018 
6.45523287   8.19898583 
9.34159373   7.54388199 
4.91089786   11.15738693 
4.86110816   11.18054555 
5.47291522   9.76217614 
4.85696930   10.28779006 
4.38047617   10.96474366 
5.18061534   9.67230812 
7.45783698   7.17907404 
7.28233556   7.47652982 
5.30289964   10.43431386 
5.27936711   10.37230797 
5.19617157   11.06751011 
5.45899356   9.95334951 
5.85530712   9.41451914 
9.09308354   9.82234042 
5.23490276   10.34597220 
5.01887865   6.95625417 
6.17582816   7.87515985 
5.21184441   8.48304876 
5.23015072   10.01817221 
6.23473798   11.93748534 
11.40129662   7.74932734 
10.69062246   7.60113491 
6.40762217   8.96009059 
5.98792680   8.69540244 
5.99487894   8.59559647 
6.05651960   8.49767869 
5.94603482   11.64864925 
4.48867286   10.06765629 
4.47361519   10.15549309 
4.73271121   8.75766338 
10.57656113   12.90475997 
10.04041112   12.59106635 
5.11110608   9.34570545 
4.69397311   12.70217244 
4.31517938   8.33355214 
5.52552822   8.61731172 
5.36160313   11.85632830 
4.51675919   11.84246946 
4.41050490   11.99405060 
5.25224567   10.42889326 
5.33101106   7.37162680 
4.08623247   6.87733053 
5.51442491   11.11679230 
5.47618808   11.17473531 
5.52958363   9.98318495 
5.53488432   9.91210764 
5.46961703   10.04417887 
6.50681557   10.10684387 
6.42830732   10.01750418 
5.04485782   8.54959597 
8.22725462   9.00425227 
4.96268225   8.54834764 
4.38718657   10.27110797 
4.50545446   10.26118366 
4.73186543   8.84431638 
4.62553029   11.70961359 
5.32087203   6.84843880 
4.76505737   11.72332355 
4.46644401   9.14529245 
10.64311683   10.86447354 
5.50732915   8.44694884 
6.04048058   11.93001376 
5.54742101   10.05918202 
4.76850230   8.68492759 
6.70986028   10.28892322 
7.37909586   10.39893601 
5.10999110   7.36804330 
4.81671232   8.89897220 
7.82245117   6.45712792 
7.81336559   7.26304258 
4.98807476   8.15669552 
5.39832510   10.01185019 
8.90354251   11.26305213 
5.53430289   9.19665545 
4.52036622   8.26810386 
5.21726620   9.85910473 
5.52924170   11.03576959 
4.48358736   9.80262100 
7.64256493   9.47146037 
7.46653500   9.63856492 
5.05513567   11.39544384 
5.02663423   11.33715252 
5.08136950   11.33949434 
5.23562120   11.82521895 
5.11680212   11.77132782 
5.10304684   11.90111369 
5.33450006   9.82705070 
5.26575484   9.83507210 
5.05382837   11.28328205 
5.10768666   9.60823583 
5.14706397   9.57454731 
4.26943229   12.48194209 
5.80791780   8.98260646 
9.74908599   7.52844208 
5.33095274   10.58164039 
7.55230534   12.27617389 
7.45803631   12.03746344 
13.73790126   11.82219747 
16.08873385   8.35374062 
19.62665251   8.50210269 
7.19133504   8.92314999 
7.29305976   8.75557852 
7.41610334   8.94081531 
6.26420598   7.54944407 
6.28790307   7.36082729 
5.15873165   11.01426260 
7.74919205   13.56410571 
7.61205764   13.78855363 
4.87934601   6.76737353 
7.30958989   9.09547800 
7.10036021   9.10450082 
5.17752937   10.14774646 
4.66017041   9.50316063 
4.78032733   8.86894648 
6.48648406   8.36500665 
6.33060717   8.31695455 
5.22092357   11.01837772 
9.27468414   10.97728729 
8.02213166   6.91060025 
5.85856975   11.22655709 
5.14141412   9.61457633 
5.49001866   10.65476483 
8.23182673   6.48559936 
5.76113928   11.16981384 
9.13398027   7.28430279 
5.22032898   11.72056734 
7.70033159   7.04129091 
5.27222426   11.02187572 
5.48587126   11.06940096 
6.04434640   11.00152712 
7.52613473   10.27216962 
8.98170013   10.83002377 
5.41325741   7.88917752 
6.12597069   10.94683996 
8.64625717   10.24224800 
9.61093031   11.11688674 
10.01544124   10.87540221 
5.98574550   10.77290194 
6.05262961   10.68738090 
5.32565504   11.40789502 
6.05796440   10.32980841 
6.12214461   9.15902634 
6.14359393   10.65025316 
6.20381735   10.57000830 
5.26944169   8.37393608 
4.89593098   11.20519363 
5.59949866   9.78240520 
5.54252757   9.72183410 
6.03204095   11.75926299 
5.76813005   10.02207094 
5.57490082   12.68882788 
5.59463078   12.49747187 
5.95145599   9.61357339 
5.13191631   8.55660345 
5.94990912   10.39412754 
5.29038855   8.46172020 
5.84173243   10.38495157 
5.56394741   10.25256757 
6.21857859   9.22317650 
6.35365981   9.21655002 
5.04965237   7.18846502 
6.25109260   9.12601537 
5.12123157   11.40066485 
7.04933923   8.13942818 
5.41382308   9.71589011 
5.47278449   9.68197436 
5.61461559   12.21333290 
5.39991554   9.66465977 
5.88094644   11.47674414 
6.35638198   9.08173365 
5.77641235   9.85050333 
5.74030209   9.93140481 
4.71096991   11.62215299 
8.53353150   10.50466823 
5.07895720   7.54445396 
5.63377302   9.38673847 
5.19944002   9.57196011 
6.69627456   9.79481939 
5.70055805   10.54452110 
5.66692977   10.46604764 
16.46079095   6.65968175 
5.52358835   9.54232047 
10.24026663   11.16213391 
6.09698057   9.65779772 
7.17022570   10.55202016 
6.40755209   7.21139456 
5.79046454   11.38709611 
5.69340762   10.76314327 
6.92535565   9.25512041 
5.28411967   11.54323538 
5.21895373   11.54011074 
5.88007055   10.48009594 
5.78293990   11.28250002 
5.35905835   12.07523681 
8.28118525   4.74799368 
5.30264699   7.78828883 
5.67259722   12.32951985 
5.15458507   11.58720148 
7.05774928   9.61769854 
9.89704611   9.20782932 
6.37374170   11.23435780 
5.42456332   12.44505298 
