0.00000000   0.00000000 
30.00000000   0.00000000 
30.00000000   20.00000000 
0.00000000   20.00000000 
5.00000000   10.45500000 
5.00000000   10.34500000 
5.00000000   9.65500000 
5.00000000   9.54500000 
5.00000000   11.25500000 
5.00000000   11.14500000 
5.00000000   8.85500000 
5.00000000   8.74500000 
5.00000000   12.05500000 
5.00000000   11.94500000 
5.00000000   8.05500000 
5.00000000   7.94500000 
0.00000000   19.04761905 
0.00000000   18.09523810 
0.00000000   17.14285714 
0.00000000   16.19047619 
0.00000000   15.23809524 
0.00000000   14.28571429 
0.00000000   13.33333333 
0.00000000   12.38095238 
0.00000000   11.42857143 
0.00000000   10.47619048 
0.00000000   9.52380952 
0.00000000   8.57142857 
0.00000000   7.61904762 
0.00000000   6.66666667 
0.00000000   5.71428571 
0.00000000   4.76190476 
0.00000000   3.80952381 
0.00000000   2.85714286 
0.00000000   1.90476190 
0.00000000   0.95238095 
0.96015056   0.00000000 
1.92798330   0.00000000 
2.90355986   0.00000000 
3.88694236   0.00000000 
4.87819293   0.00000000 
5.87737506   0.00000000 
6.88455163   0.00000000 
7.89978717   0.00000000 
8.92314564   0.00000000 
9.95469242   0.00000000 
10.99449277   0.00000000 
12.04261270   0.00000000 
13.09911910   0.00000000 
14.16407870   0.00000000 
15.23755951   0.00000000 
16.31962934   0.00000000 
17.41035729   0.00000000 
18.50981230   0.00000000 
19.61806429   0.00000000 
20.73518376   0.00000000 
21.86124154   0.00000000 
22.99630910   0.00000000 
24.14045866   0.00000000 
25.29376305   0.00000000 
26.45629515   0.00000000 
27.62812899   0.00000000 
28.80933952   0.00000000 
30.00000000   1.17647059 
30.00000000   2.35294118 
30.00000000   3.52941176 
30.00000000   4.70588235 
30.00000000   5.88235294 
30.00000000   7.05882353 
30.00000000   8.23529412 
30.00000000   9.41176471 
30.00000000   10.58823529 
30.00000000   11.76470588 
30.00000000   12.94117647 
30.00000000   14.11764706 
30.00000000   15.29411765 
30.00000000   16.47058824 
30.00000000   17.64705882 
30.00000000   18.82352941 
28.80933952   20.00000000 
27.62812899   20.00000000 
26.45629515   20.00000000 
25.29376305   20.00000000 
24.14045866   20.00000000 
22.99630910   20.00000000 
21.86124154   20.00000000 
20.73518376   20.00000000 
19.61806429   20.00000000 
18.50981230   20.00000000 
17.41035729   20.00000000 
16.31962934   20.00000000 
15.23755951   20.00000000 
14.16407870   20.00000000 
13.09911910   20.00000000 
12.04261270   20.00000000 
10.99449277   20.00000000 
9.95469242   20.00000000 
8.92314564   20.00000000 
7.89978717   20.00000000 
6.88455163   20.00000000 
5.87737506   20.00000000 
4.87819293   20.00000000 
3.88694236   20.00000000 
2.90355986   20.00000000 
1.92798330   20.00000000 
0.96015056   20.00000000 
5.03889087   10.36110913 
5.05500000   10.40000000 
5.03889087   10.43889087 
4.96110913   10.43889087 
4.94500000   10.40000000 
4.96110913   10.36110913 
5.03889087   9.56110913 
5.05500000   9.60000000 
5.03889087   9.63889087 
4.96110913   9.63889087 
4.94500000   9.60000000 
4.96110913   9.56110913 
5.03889087   11.16110913 
5.05500000   11.20000000 
5.03889087   11.23889087 
4.96110913   11.23889087 
4.94500000   11.20000000 
4.96110913   11.16110913 
5.03889087   8.76110913 
5.05500000   8.80000000 
5.03889087   8.83889087 
4.96110913   8.83889087 
4.94500000   8.80000000 
4.96110913   8.76110913 
5.03889087   11.96110913 
5.05500000   12.00000000 
5.03889087   12.03889087 
4.96110913   12.03889087 
4.94500000   12.00000000 
4.96110913   11.96110913 
5.03889087   7.96110913 
5.05500000   8.00000000 
5.03889087   8.03889087 
4.96110913   8.03889087 
4.94500000   8.00000000 
4.96110913   7.96110913 
2.17571748   10.59173424 
2.44887019   10.36540935 
2.55140107   10.83407123 
2.80932879   10.50713815 
4.73217883   11.55112259 
4.69499594   11.48779262 
4.76248125   11.49634144 
4.75717622   11.43146943 
5.00531671   8.62467638 
4.95379545   8.62919170 
4.97674953   8.58406208 
4.92689213   8.59977593 
5.00531069   9.42090374 
4.96690257   9.40975392 
5.00313468   9.37912816 
4.97667238   9.45444006 
4.96264613   11.36044011 
5.01398858   11.39059484 
4.95930089   11.40255742 
5.07950178   8.82975178 
5.11627230   8.86135495 
5.07058434   8.87505250 
26.81317847   19.06742422 
28.04261743   18.91573715 
4.83566848   9.14375017 
4.88536698   9.17073107 
4.84614369   9.19425612 
4.89455147   9.12164745 
4.95228367   8.88189975 
4.90476377   8.87833563 
4.92229969   8.84123364 
4.91604477   8.91852960 
1.40069537   3.52062845 
2.04291040   3.33061525 
2.02138360   3.93104164 
1.63530677   2.79044491 
4.86132866   11.58098373 
4.86107571   11.52345632 
4.89926013   11.54101590 
4.80761044   11.53779949 
4.98521276   11.43499747 
5.01330973   10.24000409 
4.97336238   10.21946780 
5.00738571   10.18542824 
4.97161564   10.26429222 
4.74472529   8.42594687 
4.70815583   8.35803435 
4.78933254   8.37190821 
4.66142104   8.42623691 
4.91688145   9.32588382 
4.90071586   9.27735301 
4.96174565   9.30209624 
4.85905528   9.32160720 
5.00400996   11.47458213 
5.00009308   11.52402750 
4.96131143   11.48234698 
2.75667419   11.49861366 
2.51053327   11.63556787 
2.47041415   11.28431136 
2.86448204   11.82101170 
27.97318090   1.06743150 
26.80938798   0.93986033 
8.82928708   16.13859065 
8.28099075   16.08824004 
8.60983488   15.65268859 
8.20169355   15.51844497 
5.04563058   11.49216627 
4.91491488   11.01985839 
4.93010913   10.97124804 
4.96310695   10.99788472 
4.80910418   10.03365829 
4.85974662   10.06768619 
4.78525192   10.08679453 
4.83436325   10.13874089 
4.77999038   8.47766927 
4.84092417   8.49799045 
4.77326133   8.53525808 
4.83909616   8.56874736 
4.70542587   8.49226358 
6.45891737   17.65915485 
7.31196701   17.63325228 
6.90942138   18.37332043 
4.69975639   8.56253608 
7.25543608   19.14610564 
6.41105421   19.04139563 
4.92565650   9.40179272 
4.93056685   9.43994326 
4.95375464   9.36235584 
6.93092681   1.65574005 
7.26071219   2.33376926 
6.46585246   2.26237520 
6.90601058   16.12415560 
6.51257878   16.32991423 
6.51936002   15.88691634 
6.13186816   16.15995465 
5.03327000   9.11824388 
5.08487068   9.13184223 
5.04528511   9.16906103 
5.09912686   9.18679355 
6.15102352   4.38664219 
6.52695321   4.17821343 
6.56872843   4.64708154 
6.88804495   4.42726842 
4.84860916   8.38215277 
4.88815519   8.36532287 
4.89177900   8.41288045 
4.94474007   8.38601257 
3.22298679   6.89004290 
3.15086167   6.61658629 
3.45158793   6.68976133 
6.41702592   0.96464847 
7.28717545   0.86927124 
2.81844276   6.82195070 
22.84741427   16.69294864 
23.98549257   16.36258518 
23.71987395   17.45134472 
4.94417502   8.54469227 
4.89542863   8.56666606 
4.89503566   8.52304159 
6.96646798   15.13354109 
7.28087950   14.98013458 
7.31766287   15.37106779 
7.02433929   14.76737116 
6.40915762   14.67874643 
6.73819686   14.55149883 
6.63905148   14.96857315 
6.51490836   14.37199934 
6.55558637   15.34938937 
27.13417539   7.67011078 
26.41850917   6.66329778 
27.58419049   6.62680850 
6.93838178   15.62273140 
10.27890977   14.51443824 
10.38489770   15.05576663 
9.93433966   14.82889851 
5.08921366   8.04949664 
3.26096852   4.53201986 
2.60428109   4.23193552 
3.12199034   3.97510808 
2.68458985   3.51835036 
4.98625364   8.34371573 
5.03923292   8.36222072 
4.99385915   8.40109132 
9.12218030   1.72643234 
9.29588431   0.81954291 
10.05383999   1.44295835 
5.05151205   8.40885759 
4.88253719   10.97770299 
6.12739526   15.62557249 
1.92206445   1.29447971 
1.45106312   0.66025666 
2.22260997   0.61040300 
5.07364648   11.59463855 
5.13170971   11.62531147 
5.07547551   11.65142985 
5.98840365   1.66474999 
5.54460614   0.90248686 
4.86263492   11.83404235 
4.79523066   11.87201433 
4.82663543   11.79718059 
22.08547763   10.94836413 
22.83376418   11.16262927 
22.21326905   11.95549685 
23.33221892   11.99206660 
20.29460460   9.17815681 
20.36499156   8.17222730 
21.05670998   8.87269164 
5.54159436   19.09999743 
5.98174939   18.34332650 
21.31629936   8.00029599 
19.97094241   10.09938737 
19.51407648   9.32073219 
18.98398722   10.04263787 
5.84521502   14.92908752 
5.88999042   15.28485698 
5.53973540   15.14210023 
5.64837487   15.54070080 
2.03949295   4.61355312 
2.79093668   18.94126741 
2.11320337   19.40057569 
1.83971969   18.69128108 
2.81772388   1.06679880 
0.78003795   3.20018826 
0.83882324   2.39231085 
1.48491781   2.05454350 
1.52980729   17.27621404 
0.82420314   17.58811878 
0.77092869   16.81122709 
1.51009149   17.99084616 
5.70822508   14.53037992 
6.05889869   14.67699893 
5.49438979   14.80739306 
6.25936067   14.41284338 
2.91088033   6.37342728 
2.67004509   6.01948052 
3.02858344   6.00175561 
2.44392352   6.38108603 
4.96780809   8.98494253 
5.00770000   8.94575146 
5.01974561   8.99225687 
4.96814607   8.93578940 
5.01840713   8.49439255 
5.04941609   8.54125716 
4.99300161   8.53559830 
5.07586158   8.50250348 
26.16790521   18.24711220 
27.12336173   18.06231053 
1.32638555   15.69569445 
0.84685868   14.85255203 
1.80080901   14.98199052 
25.79435239   19.01918004 
27.10999851   1.93609094 
26.17182871   1.76036616 
10.76198702   14.67518708 
25.80511752   0.98490974 
3.43670544   19.40578599 
3.80287673   18.74073238 
11.10938223   2.93482836 
11.00623608   3.52849393 
10.51707987   3.11293302 
3.80803011   1.26063638 
3.44326515   0.59578748 
11.60298068   3.32486819 
5.12089601   8.46662369 
5.06035586   8.45601526 
5.11203576   8.41741197 
14.05622418   18.20328561 
13.15175818   18.16044805 
13.70886643   17.40964582 
13.61355722   19.05491832 
5.27044996   14.45520095 
5.12161106   14.92674622 
4.89338761   14.52382112 
0.93384759   7.70579719 
1.36258293   8.16932764 
0.69398273   8.31291577 
4.59711842   14.90018111 
4.91672318   8.32055165 
4.97839057   8.28580667 
19.01201860   13.13942983 
18.01230485   13.35678302 
18.34949171   12.14863414 
0.62821465   9.07398575 
1.23925119   8.73790787 
1.10661523   9.35892794 
1.72333801   9.04045743 
1.52203589   9.99270950 
1.21837047   10.62826144 
0.72943877   9.93892480 
17.54240434   12.58878132 
5.86808493   5.08458536 
5.62749931   5.33460571 
5.52103609   4.97063512 
5.26630374   5.30074415 
4.94770969   8.44392153 
4.89435732   8.46632031 
2.68380271   14.30155421 
2.54892475   14.82259037 
2.16994141   14.27428129 
28.06848269   17.83540877 
27.35524309   17.03295849 
3.17743591   14.58933945 
18.04200542   6.20159669 
17.55645675   5.37324862 
18.41597264   5.20438768 
27.36126764   2.96691934 
28.09360563   2.18211760 
17.50930031   4.37422846 
4.79758806   9.91839091 
4.73190658   9.87209463 
4.80406999   9.85619840 
24.80105258   19.01500517 
4.72795254   9.94205824 
24.81551090   0.98001015 
5.17592055   8.48392132 
5.12532449   8.50654718 
25.40017221   17.91302313 
26.31012360   17.26823191 
6.54026270   5.08092714 
6.86768170   4.90293904 
26.31002733   2.73104839 
25.42951758   2.06631597 
6.18589159   4.85162380 
2.26080404   9.27862196 
2.09387706   9.77712481 
1.74133405   9.48956833 
7.23008186   4.73761692 
7.13540065   5.11681044 
7.55960968   5.09234577 
5.03373815   8.66920298 
5.06559932   8.62456692 
4.97407391   8.67597346 
1.80666324   8.52377292 
4.92668160   9.02339557 
4.92237851   8.97046419 
8.23480196   4.37855962 
7.92233070   4.83744897 
7.80356568   4.37694038 
1.80033675   13.15608495 
1.49343868   13.52563286 
1.25134294   12.99815411 
8.37705022   4.89566434 
5.03922002   8.30457747 
1.84753235   6.39636522 
2.24972315   6.88741000 
1.71512733   6.92389580 
1.32755906   7.25228879 
0.67139282   7.16810759 
7.56381236   4.65739139 
0.57135509   12.81193983 
0.92164533   12.36983265 
16.18103721   13.81143701 
16.53630528   12.70174397 
17.13626859   13.62931484 
1.58390483   12.52782747 
5.01291796   11.79495853 
4.99199982   11.84168885 
4.96480081   11.81233435 
5.04437263   11.85291097 
1.99300854   7.39369276 
15.60710621   13.08633859 
17.72054417   14.31954871 
3.76774884   7.55249390 
4.03337812   7.47106596 
3.95516214   7.70964874 
18.62154672   14.23072323 
2.10091973   12.70623028 
2.35077707   13.21578136 
2.63805434   12.72786549 
3.62106831   10.38048941 
3.49309630   10.11108523 
3.74405000   10.08628813 
0.89062577   13.46508352 
1.40010082   14.11175360 
0.62751706   14.00968736 
0.68670792   5.94674480 
1.41477487   5.80391882 
1.09472777   6.59399824 
2.59611701   7.31690242 
4.17007055   7.67061847 
2.02364670   11.59439513 
1.99831318   12.16539554 
1.43886000   11.81318330 
3.31186791   10.31909470 
28.89115680   14.70644181 
4.98731414   9.10055585 
4.95374715   9.13255857 
4.93859807   9.08310712 
28.93145650   5.22445843 
1.94474344   7.98779193 
2.31401798   8.40054799 
27.79348581   16.13911196 
27.13781111   15.31261203 
28.05812394   15.23870504 
26.73784647   16.27677498 
28.14854802   4.62241903 
27.25677208   4.65992803 
27.83108371   3.85402851 
26.77290326   3.72516888 
5.02053970   9.06873895 
5.04360574   8.12435734 
5.00403895   8.10829244 
5.04362550   8.07862752 
5.06836215   9.07836447 
8.63032991   3.86210244 
8.74459371   4.51684615 
9.22842129   3.99318096 
23.47632709   18.73900436 
9.32372266   4.63202229 
5.16494189   10.95096525 
5.20575785   10.96201574 
5.18219883   10.99567553 
23.73924232   1.01580131 
24.42686129   18.04607170 
24.66198803   17.11031394 
25.63892235   16.68524694 
24.71945831   2.84489460 
24.44585166   1.84056193 
25.73882858   3.32242079 
0.90198029   5.12437501 
5.22936386   10.99742453 
1.69596431   5.15168792 
4.79648114   9.97945534 
4.85292419   9.95463368 
27.77215635   14.43646332 
28.69593068   13.57130103 
27.94897363   5.55475169 
28.83974321   6.53368453 
26.45546518   14.31149094 
26.04945513   15.54971151 
26.80455048   5.58453390 
26.20739406   4.45840198 
4.86542885   9.89385671 
5.14532519   4.82904016 
4.88037902   5.10083549 
4.73215673   4.61829681 
4.41647760   4.97683445 
5.41164225   4.49847504 
5.78384553   4.61116094 
5.00116482   8.44920706 
23.42765319   2.19452686 
22.60967044   1.07970890 
24.98536593   15.94498124 
23.72917685   3.45754601 
24.99367097   4.10869491 
27.39445038   13.47822907 
29.15060290   7.70067285 
15.07058975   3.70573532 
15.20892983   2.40598759 
16.14458816   2.97041374 
14.27255870   2.68858837 
4.84501068   15.27601256 
5.24214873   15.40378219 
25.45097534   5.51957067 
4.94447273   11.53207138 
4.97219244   11.56968635 
17.29728718   11.65021321 
16.18711376   11.71215711 
15.18309567   11.77436494 
15.76514370   10.95158940 
14.90806333   10.86871057 
5.00473668   9.89744514 
5.02356747   9.83138857 
5.06363265   9.87094069 
4.96197491   9.85430839 
5.11501776   9.85263743 
5.09956856   9.89390201 
5.15110782   9.88390549 
4.76055777   8.30898201 
4.68534032   8.28597460 
20.51262901   6.96852457 
19.51142831   7.50082746 
19.53854586   8.53735142 
3.70228234   8.29868759 
3.90067860   8.40680128 
3.69591319   8.54668476 
3.91917351   8.19613655 
3.77587329   8.80204563 
3.48770356   8.71652355 
3.52975892   8.96156830 
4.70995556   10.11109483 
4.77179271   10.14225141 
4.73354174   10.02527623 
5.04157431   9.99757464 
5.06443946   10.05615360 
5.01293660   10.04702869 
5.10961725   10.01999545 
5.01313846   8.71365642 
5.06077993   8.71269825 
5.08669786   8.67670662 
4.91037110   9.95461045 
4.92121885   9.89701699 
4.96214201   9.92506840 
5.00273912   9.95219611 
5.05381978   9.93234306 
3.29475833   11.17792720 
3.50820131   11.29465808 
3.37095334   11.48953600 
3.58954976   11.08212202 
5.66672417   16.33314860 
6.17307144   16.84121022 
3.07457860   11.47432333 
6.21761111   3.11491594 
6.28139923   3.82531637 
5.73914156   3.60325705 
2.89123330   11.14099476 
5.30551934   10.83956034 
5.26121171   10.83456416 
5.29726931   10.76901804 
5.22465763   10.80694526 
9.71844007   13.91684773 
9.40841789   14.30458769 
9.24246299   13.90351800 
5.05564297   9.77030698 
5.08508564   9.81792793 
25.30008116   14.83535774 
7.09237962   14.36724581 
6.74934477   14.15505707 
7.71751589   18.42296000 
8.15633490   17.69361082 
8.35694575   18.49872159 
20.38213804   11.08024267 
19.32848680   10.90800371 
3.95802856   8.93435536 
4.03637893   9.07443145 
3.81289540   9.04109614 
7.91895642   2.45512990 
7.67699045   1.74829255 
3.93165812   9.25449498 
4.01168562   8.78310773 
3.92655135   8.61115156 
20.02425611   13.02654375 
19.45730892   13.93799405 
5.77966540   14.11086979 
5.51444091   14.20657048 
6.01136268   14.29509507 
5.26244147   14.04741742 
22.43330743   3.06178741 
21.26187253   1.20099756 
4.89865381   14.14407846 
22.86504113   4.24502729 
9.34889562   16.18750711 
9.82600499   15.96601488 
9.76767063   16.64662780 
8.20014754   6.95781912 
8.27199519   6.66883518 
8.45762752   7.05465370 
9.14888023   16.73739907 
8.41448584   16.71680594 
9.54082590   17.42323407 
9.85330548   14.37895968 
4.70114819   8.83429213 
4.73787685   8.78026597 
4.76852821   8.83337156 
5.03295677   11.62614880 
5.01496050   11.67662590 
11.22063690   5.03434681 
10.48316519   4.48030713 
11.28686545   4.08560700 
10.49272348   3.82205165 
23.96623031   12.91210399 
24.67897687   11.85869511 
23.76039555   10.87386819 
24.47132466   14.03781216 
23.24174712   13.77261851 
23.44771215   14.79848092 
22.26219569   7.99521677 
21.71597679   7.04688843 
22.99969263   7.33918209 
23.98287860   5.14144650 
4.94517747   9.24178962 
4.93750732   9.18012186 
4.99682844   9.21474836 
4.99590549   9.15985045 
10.23659925   0.68989791 
5.01743627   11.58263014 
5.14630735   11.49740077 
5.08820520   11.51195660 
5.09091894   11.45167654 
13.30697957   16.50492733 
14.10018687   16.69929435 
12.74645989   17.25912573 
8.88387935   17.99592604 
13.92776311   15.80874346 
15.02388046   16.38656481 
14.89877606   15.28764603 
13.01581888   15.59965770 
16.35278410   9.63119737 
16.75359069   8.46336909 
17.36495138   9.76773139 
4.66792601   8.76650083 
4.67602867   9.82460177 
4.65440403   9.89728749 
16.07686447   16.82341674 
15.46657998   17.34529415 
14.63815410   17.40814749 
15.88364979   15.68724649 
16.85865926   16.28053495 
16.82501569   14.99759502 
5.25551089   6.64129747 
5.01115905   6.50761214 
5.23084850   6.40480608 
5.08056613   6.77673127 
4.91683169   8.26494304 
4.97572655   8.23782453 
5.10174594   8.36744835 
5.08708194   8.32313071 
5.16585121   8.37754281 
5.17587783   8.43334293 
11.09186160   1.18033934 
11.90707104   0.82826349 
4.78674490   11.60139988 
4.70235125   11.62100705 
11.72323131   19.20852179 
11.05854079   18.88623000 
4.76983535   11.66961088 
4.84428624   11.64986172 
4.76892395   11.30142804 
4.78849482   11.36673609 
4.71962213   11.35993259 
4.82993735   11.33514275 
6.53076467   7.51186877 
6.66719885   7.67987781 
6.46429242   7.69353410 
4.94809156   10.17312219 
4.97873322   10.13195868 
4.74484694   8.19249354 
4.81160119   8.17463149 
4.80302524   8.25257873 
4.86637051   8.21639529 
5.05342724   9.22531016 
15.57420884   7.30968085 
15.79672965   6.42494989 
16.34605600   7.26197118 
14.92882146   6.69636941 
17.40657391   7.25326830 
17.97696374   8.50239022 
12.63519924   19.08510966 
11.88531102   18.07126930 
9.81719980   4.22391797 
9.84579446   3.50105086 
9.15314849   3.20405685 
9.86011557   4.80451500 
11.77507535   1.73083617 
12.84201605   1.44830121 
10.43663576   5.29606140 
10.73931178   2.14033748 
5.07225460   11.39771101 
5.03302405   11.43905795 
6.73582913   7.50227964 
4.37180602   8.98641941 
4.28387082   8.87070330 
4.42949984   8.84218970 
2.90035756   7.68071015 
3.13575907   7.94526347 
2.86622987   8.02497160 
4.33343114   8.72448746 
5.75536933   6.13674237 
5.78833203   5.84928384 
6.07695059   5.94325562 
4.70034373   11.10579356 
4.63154944   11.07857132 
4.69938267   11.03581181 
4.62243565   10.99724885 
4.57806898   3.98226030 
4.26462116   4.50101479 
5.12576490   4.29915886 
4.77951716   9.32279038 
4.74818281   9.24835037 
4.83046109   9.25321369 
6.78975093   10.95058661 
6.62819293   10.88795336 
6.76964414   10.73358628 
3.32209587   8.14131712 
3.39797982   7.88257591 
3.54486141   8.11547787 
3.77290119   8.08382570 
18.49637016   7.30379788 
16.89488486   6.08702281 
18.80033245   8.09657692 
6.57600812   10.72783095 
5.43777987   7.40448869 
5.31416698   7.25815054 
5.50154816   7.22365413 
5.27475502   7.41023083 
5.49261813   5.96265880 
4.87927342   9.05723080 
4.98182444   9.04083613 
4.83169890   9.08403258 
4.81221800   9.02421355 
4.76909229   9.10651318 
21.24220584   5.98494560 
5.88559731   10.47294444 
5.98034534   10.51346408 
5.90753346   10.54863918 
8.63071814   6.74657007 
8.86541765   6.99449813 
4.79229863   9.76097679 
4.71679271   9.76257479 
4.77181540   9.69548557 
4.68668010   9.69202213 
4.86547848   9.82698079 
4.91351527   9.81272972 
4.90631073   9.85753245 
5.95344719   10.42654185 
5.81250900   11.83827140 
5.92863774   11.83568796 
5.88002871   11.93565157 
6.00793348   11.91101446 
4.33777475   9.37063565 
4.27083161   9.49548873 
4.15671301   9.35944350 
5.07377164   8.99062035 
5.04205448   9.03359538 
5.05247174   8.95039243 
5.08808337   9.03075552 
5.13279776   8.99158006 
5.50011379   12.28600882 
5.38935345   12.34487614 
5.41696115   12.23527333 
4.99682908   11.08949097 
4.94974304   11.06032209 
5.00799630   11.03422834 
4.75805964   9.40223765 
4.83062694   9.38224583 
5.49117916   12.37277842 
26.04305267   11.44301156 
27.27636020   10.94238734 
26.97928616   12.37021086 
28.18897961   11.73979616 
24.95113687   10.59239510 
4.99128495   10.51077382 
4.95590543   10.48631710 
12.95429426   13.91234546 
13.72015153   14.22332757 
13.08227323   14.42614578 
13.44811780   14.99381060 
4.60440608   9.55220508 
4.67512180   9.60723830 
4.59899413   9.66644579 
19.33770483   15.14105044 
20.52400640   15.22484944 
19.86490364   16.34593138 
20.32525352   14.08080446 
5.24419935   9.00832591 
5.18167371   9.02686403 
5.19541044   8.97318603 
5.22233443   9.06781503 
7.53689688   14.30980260 
7.88032631   14.65156762 
7.41098702   14.68852626 
4.71054467   8.72568170 
4.77211608   8.72866282 
4.95177644   11.68121152 
4.90582427   11.63272673 
4.97119360   11.62309648 
4.92449896   11.58062607 
4.89585444   11.69712322 
18.58166544   1.34583656 
18.16785630   2.19341957 
17.76802342   1.12986578 
19.09291962   2.33993641 
4.79072461   8.78313146 
4.14440592   9.92778581 
4.28845031   9.82414101 
4.30204222   9.96740901 
4.15245694   9.79590521 
5.14439495   9.58100633 
5.10253757   9.60476425 
5.11143321   9.55238034 
4.82302421   7.47966468 
4.97101137   7.46772268 
4.89213093   7.58279655 
3.78762483   9.83509012 
3.52905541   9.89649771 
3.63044950   9.64894633 
4.99571351   10.56317286 
5.04333463   10.60149275 
4.98962676   10.61835577 
5.05298684   10.54275124 
4.93404179   10.59405890 
4.94119168   10.54103946 
5.08768135   10.44178047 
5.10185560   10.39448438 
5.13574313   10.42157349 
4.96014224   9.68430879 
4.83903975   11.39922623 
4.88295646   11.43850880 
4.83027762   11.47382415 
4.90160350   11.48996734 
4.82869023   9.44980022 
4.88281242   9.41760884 
4.73562176   9.64011479 
4.74409425   9.57858664 
2.82262195   12.28944520 
3.15336195   12.06041985 
5.03524649   10.49047581 
8.02823110   13.08627789 
8.34081327   13.05998330 
8.19428707   13.36618302 
8.16147278   12.73850102 
5.01014878   10.81983237 
5.03677389   10.87237243 
4.98316547   10.87701777 
5.07532201   10.81669750 
4.45670067   10.53947990 
4.53045801   10.63088325 
4.41667177   10.66546571 
5.16069799   9.52621770 
5.19748190   9.56414018 
4.19851809   11.25288956 
4.08725404   11.12239226 
4.21747711   11.08757376 
4.42121793   9.50663499 
4.83560651   11.21827799 
4.83249409   11.27572179 
4.79319793   11.24342438 
5.09283895   9.31810977 
5.09406538   9.37596106 
5.04895383   9.34627703 
8.09605771   10.69224277 
7.77295760   10.73612490 
7.89038458   10.41783200 
5.00390496   9.32937744 
5.10461115   11.88914009 
5.09425121   11.94139899 
5.04543179   11.90836476 
7.96845285   11.03528538 
6.84352710   6.71703868 
6.54798154   6.70215420 
6.66721696   6.46548791 
6.69468736   6.89893483 
13.39867218   6.13122570 
14.33852810   5.93150517 
14.04333490   6.88949225 
13.73778801   5.22392435 
5.07773357   10.97532234 
5.11602866   10.93132395 
5.13615463   10.98858122 
5.05869443   10.92500517 
28.66846863   10.54095334 
27.73296017   9.55872100 
26.19819008   10.00187803 
4.53224767   9.74310248 
4.62801816   9.75759607 
10.74780509   7.47221074 
10.92568276   7.02594486 
11.22269448   7.46285224 
4.75520617   9.81423138 
11.54663675   6.93936652 
4.40074383   10.26825192 
4.40019563   10.15810142 
4.49314018   10.20380216 
5.00836485   7.60893002 
26.07185845   7.84453206 
26.75367111   8.79719306 
25.60529566   8.81580924 
4.30456868   10.17828573 
10.60375264   14.19709055 
10.22896058   14.00214618 
3.98320088   10.17361474 
3.95719031   9.98019103 
9.21204081   6.93202492 
9.04560464   7.26825238 
8.93427976   6.63174868 
4.26219536   10.94331318 
4.16996710   10.79024577 
4.34966995   10.80830387 
4.29059447   10.67341247 
10.01410254   8.49675764 
9.47437368   8.53685134 
9.91953628   8.09599032 
19.57176898   4.78789106 
19.24091710   6.26812771 
4.93985003   10.89169672 
4.90894636   10.92845943 
4.89205236   10.87902596 
4.96403763   10.93563401 
4.83982639   10.87115571 
4.87138012   10.83273180 
4.81500124   10.83178092 
9.89372457   8.88586968 
5.38325079   10.67734315 
5.40200080   10.62517903 
5.45500370   10.67501386 
13.59786187   12.05896354 
13.92727057   12.89864632 
13.30586470   12.74109024 
14.42648798   12.30956463 
4.40901307   11.13129538 
4.32221546   11.18307625 
4.34474680   11.05722211 
4.25660798   12.04058057 
4.34353283   11.95338117 
4.40542757   12.06912495 
4.14457919   8.11396749 
3.94609608   7.96857663 
4.22151605   11.91100124 
23.99226984   9.75263082 
5.70712546   12.25596443 
5.60520036   12.35178050 
5.59443150   12.22869707 
9.26899818   9.20585788 
9.12976552   8.92954740 
9.48252206   8.96365388 
5.44852374   10.59108063 
5.55516570   10.41831411 
5.59813465   10.48273064 
5.53165065   10.49989297 
3.54156315   7.34674940 
3.79163404   7.26860200 
3.45439132   7.59073491 
8.44516210   12.76850287 
8.65032584   13.00654269 
5.03912616   10.65706042 
4.95975066   10.06861671 
4.91152970   10.11965035 
5.01921708   10.09611286 
5.17529859   11.54095693 
5.23422476   11.56043281 
5.17277848   11.58072306 
5.03558832   8.24322762 
4.99737234   8.19148151 
5.05307460   8.17315441 
5.20136876   11.62181232 
13.89692649   4.18695098 
14.82405995   4.99724935 
5.44868551   8.11027114 
5.45827148   8.03302414 
5.50751689   8.08543096 
5.20189173   11.51112622 
5.25306229   11.49346670 
5.04427786   9.48275265 
5.01023468   9.48762121 
5.02301593   9.45055715 
5.38653773   8.05855346 
13.09359453   4.74422196 
12.88324805   3.92094105 
13.47826013   3.27623303 
5.92179356   10.00036864 
5.84535148   10.06772495 
5.82458435   9.97876326 
5.93051983   10.09151920 
5.62267412   10.59318295 
5.58203216   10.55585813 
5.64991055   10.52311067 
4.87556828   8.61635972 
4.82621137   8.63073352 
5.09640872   10.63105383 
6.64705584   5.75685136 
6.94742864   5.77382665 
6.80775532   6.13628872 
7.23759211   6.00169963 
4.76724367   8.61118208 
12.48319358   7.46741471 
13.17029682   6.96585568 
12.99516072   7.86052081 
4.48441730   9.92251872 
4.43765731   9.80817024 
4.56984438   9.84382623 
5.11608621   10.69115045 
5.16572765   10.72724745 
5.09495352   10.74362917 
4.51571527   8.03670000 
4.59570562   8.08136846 
4.52666102   8.13104536 
4.62423306   7.99381856 
13.02730157   10.36361702 
13.47839605   10.69867666 
12.99885339   11.00638922 
4.72386435   10.78931298 
4.78461696   10.79418325 
4.76436372   10.83716295 
13.59016348   11.27822057 
12.08424682   5.85048746 
12.57505235   6.27972983 
11.85332000   6.35750398 
12.70557089   5.45957080 
12.24463926   6.91658910 
20.74777764   16.98963111 
20.89500872   16.12046074 
21.74150779   16.62561752 
4.82148756   8.72700195 
4.87188563   8.72438849 
4.84387801   8.76838596 
4.89068601   8.76281043 
4.79755225   8.67772431 
4.73205736   8.67478196 
4.03009424   11.86689743 
4.22666073   11.74597600 
5.76116100   10.91205686 
5.81838160   10.98732065 
5.72092101   10.97207923 
5.84936925   10.89448314 
5.16015102   11.04770004 
5.21331301   11.08639723 
5.15417736   11.11057408 
21.58104054   15.40606215 
6.90998813   6.97404165 
6.77654255   7.13728476 
5.21492576   9.90252701 
5.21064654   9.96277104 
5.16875802   9.93188336 
6.59658184   13.84961704 
6.34504475   14.11183699 
3.53133662   12.89256668 
3.10553893   12.70823177 
3.43999903   12.51585078 
4.96218080   11.30630160 
4.91690912   11.33669305 
4.90964482   11.39060948 
5.01184071   10.96601743 
6.89674406   6.46227902 
7.04075197   6.61899300 
7.76759229   13.11892019 
7.82756636   12.86613283 
7.87765480   13.36794698 
5.44326727   11.16187448 
5.40394176   11.10298723 
5.46180263   11.10869134 
5.10460298   9.25819551 
5.15825054   9.21087952 
5.16920476   9.27668561 
5.37292788   11.14891302 
21.20435498   2.66434605 
20.04872529   2.92121334 
20.16934397   1.88052970 
2.90840229   13.18756703 
2.61449606   13.75475146 
20.52287706   3.82483834 
19.36971553   1.06596104 
20.24648758   0.82946357 
5.24076892   8.89051372 
5.27577596   8.90877219 
5.23842267   8.94217135 
5.28059190   8.95612113 
3.28705766   5.16126648 
3.83216665   4.84486805 
2.72742177   4.89950476 
4.62256221   9.20580869 
4.68273047   9.24226405 
4.59859618   9.27300694 
4.69339709   9.16584015 
4.23596814   9.07928475 
4.40943845   9.13367773 
4.48057570   9.03950005 
4.84851709   7.94123360 
4.90894583   7.93544211 
4.90532070   7.97843635 
4.13711215   9.20266777 
12.84583177   11.54064677 
12.35182245   11.96784026 
12.11570020   11.32175772 
11.82846435   12.01731357 
5.13608451   8.73996312 
5.10365527   8.71468312 
5.13880360   8.68792028 
5.09213445   8.75100010 
5.21413483   9.81354317 
5.23123400   9.85885846 
5.18985741   9.85767818 
5.27158377   9.82065501 
11.93200445   10.45078096 
12.01401615   9.78061858 
12.47606167   10.07575400 
4.87105116   10.60659440 
4.89024862   10.55125817 
11.44821753   9.88377386 
4.96830080   9.73816855 
4.90336681   9.71099739 
13.10300751   9.69188708 
13.68419546   10.12497702 
4.54685986   11.53930161 
4.59814225   11.64412959 
4.46426878   11.62537372 
4.63888922   11.56239503 
4.52599002   11.72859253 
4.39943574   11.72982529 
4.99482621   13.62124790 
5.06655819   13.89483088 
4.80373367   13.76982767 
5.25908050   13.72883578 
9.54480474   5.77147833 
9.89807648   5.36484929 
10.05007631   5.82599170 
9.40705398   5.22270371 
5.19451955   8.86678284 
5.24222814   8.84744445 
5.29987780   8.86180241 
5.15204935   8.88609737 
5.15676257   8.83006266 
5.63516517   9.83214201 
5.63124164   9.74980203 
5.69464942   9.75034141 
1.10381734   19.37032996 
5.55604049   9.78565497 
6.84316044   13.25196174 
7.13275321   13.47655688 
6.76820513   13.54158928 
5.12985380   10.20431324 
5.08886491   10.19581684 
5.11108288   10.15250389 
6.59346603   13.31904486 
6.62754404   13.04525053 
5.06063817   10.16785838 
4.68565339   12.07160780 
4.63690853   12.15078786 
4.59642781   12.05481867 
4.19343647   8.32798655 
4.33561702   8.22070164 
4.52709697   12.12910317 
3.72061002   10.83656323 
3.75004700   10.60531615 
3.95818671   10.68754136 
3.58461808   10.66598268 
4.17160603   10.60066624 
4.66925094   6.20934437 
4.60468537   5.88354675 
4.88640208   5.98481186 
4.39150498   6.11180587 
10.09863241   13.45064210 
9.47886107   13.46123272 
9.65918521   12.94971251 
9.06864739   13.09907025 
3.81406898   11.71115917 
3.81634922   11.47190358 
3.99225132   11.53470352 
3.59970225   11.49827867 
5.15168341   9.97988176 
8.27173195   14.78952275 
8.05264371   15.09953143 
5.15295111   8.06204289 
5.21304686   8.07101722 
5.17028664   8.12764608 
5.25143834   8.12490934 
7.90800485   6.86893559 
7.84967196   6.42971569 
8.24631926   14.42842224 
14.71779857   13.20277637 
14.07279043   13.66535502 
13.44281985   13.41412809 
4.61829349   11.46618484 
4.67061793   11.42426567 
4.52545083   11.40814263 
4.46183772   10.87253748 
4.56292924   10.86506126 
4.55155443   10.93607765 
5.36538857   11.05905790 
5.35033259   11.10086063 
4.51671971   7.92374858 
4.54452892   7.77988706 
4.61281146   7.88811717 
4.67242818   7.81390691 
4.40519573   7.99077268 
4.42669123   8.10957036 
6.08821501   6.71644298 
6.17348878   6.52205066 
6.28452357   6.72067906 
5.92724462   6.58577597 
5.24455174   10.94532646 
5.28839699   10.93149134 
5.27694656   10.98037403 
5.32855125   10.96195324 
3.87863038   15.32786449 
3.45313625   15.54475769 
3.51369204   15.03643495 
3.03976628   15.22703015 
4.70660987   10.96441451 
4.77240213   11.00800721 
4.77308091   10.94557720 
6.30866061   12.52532234 
6.15855850   12.46806687 
6.27577945   12.39039958 
6.16578355   12.65342103 
4.51850650   10.00488631 
4.41493149   9.99675583 
4.38411190   9.90871457 
4.59734995   10.00254030 
4.55983277   10.07291440 
4.65362734   10.04674857 
11.55795281   8.00410377 
11.83933603   7.48966389 
10.91715924   7.90466209 
6.41870449   6.89958250 
6.39443515   6.50697546 
6.52764706   7.08633311 
6.31833957   7.05755008 
6.36994538   7.22949103 
4.87097201   8.80083295 
4.82629117   8.81604809 
4.35351228   10.07856984 
7.43556177   10.78444832 
7.62562391   11.01744522 
5.58160592   11.75126586 
5.61839451   11.80984009 
5.53924178   11.81902185 
5.66263196   11.73441322 
0.70662138   0.63238424 
4.53620352   10.78973843 
3.22512614   11.73937691 
20.50060610   12.10575434 
21.17935121   12.92634912 
5.12431795   9.33829023 
5.13004775   9.29304125 
5.15808201   9.32123158 
2.73661000   8.33994629 
2.67873555   8.85695744 
5.24593327   11.13470851 
5.26359917   11.09335214 
5.30386206   11.13150042 
5.30926250   11.07464760 
6.28231925   7.96472951 
6.20224124   8.10782146 
6.11626737   7.99483179 
5.11632485   8.63976112 
5.12240616   8.59937590 
5.16093915   8.64223071 
6.32371342   8.13356390 
5.18940857   8.67862195 
5.18623689   8.72434692 
4.71515740   12.31750507 
4.60404504   12.38055651 
4.58750237   12.24670692 
5.21999703   8.64132427 
5.25010626   9.24130087 
5.26183592   9.20198821 
5.30161792   9.23321286 
5.21562961   9.20254284 
5.25912697   11.04225142 
5.31607303   11.02140425 
6.35329795   12.67464448 
6.48638947   12.57203129 
6.41866548   12.41140071 
13.85219520   9.37134852 
13.14647969   9.10534613 
4.57120495   11.96446790 
4.50080986   12.03954562 
4.35488010   8.52451534 
4.21046216   8.45462227 
4.33680616   8.39375618 
4.22241516   8.60549674 
19.49748161   11.98190543 
4.87464999   8.06969802 
4.87847191   8.14165275 
4.81984790   8.10018410 
4.76569890   11.79341029 
4.68162687   11.78042003 
4.74502574   11.73404817 
4.76326381   8.05717175 
4.78441656   7.98524909 
4.82146892   8.04458753 
6.03511463   12.25826812 
6.01645056   12.39158818 
5.90823693   12.31851378 
5.89937116   12.45541135 
6.39712566   7.38400604 
6.58808582   7.30668963 
6.01972012   12.53632120 
6.16297721   12.32373143 
4.68651687   11.69735042 
23.99460797   7.99744041 
25.12799454   7.98295085 
24.45194785   8.82628251 
5.59032868   13.29270695 
5.75602840   13.55156016 
5.46099431   13.53550441 
5.56546548   13.85498796 
8.23636550   6.22129627 
7.88178747   6.07424812 
8.09910678   5.73880127 
24.21667230   7.13952942 
3.85244333   6.99253386 
4.01523612   7.21505261 
4.61662638   8.83101880 
4.66980999   8.88836521 
5.22801445   9.28148493 
5.20084595   9.24271476 
4.92193167   9.76875384 
5.99422213   7.78956570 
6.12170743   7.74872416 
6.09073576   7.86973278 
6.04328843   7.65716272 
4.48474467   11.82558786 
4.58653087   11.80104121 
4.56589601   11.88173802 
4.64553375   11.91212827 
4.68232766   11.29596090 
4.63294716   11.37521145 
4.65345911   11.99447179 
6.61177096   12.43745628 
6.70348968   12.63935098 
6.51401302   12.79236559 
7.47312697   11.27857639 
7.71599000   11.23188466 
7.38765430   11.03835166 
4.16671459   7.02467731 
4.85913280   9.76998149 
4.83580714   9.71998936 
5.38713508   10.94360919 
5.43508351   10.99374261 
5.37743987   11.00482042 
5.45880859   10.93803682 
5.40737286   10.88097186 
5.33576140   10.89397568 
12.69177508   13.20598929 
12.28106099   13.87709393 
12.50768485   14.32738807 
7.39928494   11.90934954 
7.38695069   11.62559607 
7.59299802   11.77206253 
7.18555394   11.76277071 
7.77983637   11.63116155 
7.79300582   11.85558673 
8.04233660   11.73477430 
5.97795355   12.70297627 
5.85644121   12.60477920 
4.57563969   11.21431679 
4.51392169   11.24327953 
4.51043569   11.15717882 
4.58137096   11.29678207 
3.15460687   7.28819993 
5.29860484   8.20781144 
5.26088548   8.18138383 
5.31252774   8.15616425 
5.24305766   8.23603539 
4.81217688   8.87233433 
4.86110679   8.90413473 
4.80475269   8.94136654 
4.84673360   8.96596857 
5.22042834   10.12355432 
5.15859386   10.12319544 
5.17404332   10.08491229 
5.16904484   10.16958804 
5.21060968   10.05504839 
4.73795223   10.39778697 
4.74086259   10.46616523 
4.68749606   10.44948534 
4.78504320   10.44314765 
4.65448452   10.49993144 
4.61679597   10.43884738 
4.58145639   10.53229486 
5.21980971   11.17293804 
5.19741466   11.13295812 
5.23507066   11.21078240 
5.19351368   11.20016027 
5.21017545   11.24843548 
7.10612844   12.68494275 
6.90652473   12.61194414 
7.02041623   12.48294455 
6.91052748   12.77948997 
6.96104760   7.50160486 
7.05271147   7.70555146 
6.86683095   7.69588649 
4.52193985   10.42945185 
4.39004562   10.40387892 
4.49595720   10.31579484 
7.17206712   7.54820225 
6.77818071   7.84666289 
5.01298300   10.91482306 
6.57954729   7.88270120 
9.69877465   6.83442545 
9.29825167   6.50454703 
4.47545767   12.35884161 
6.90862353   12.31015497 
7.10776386   12.32276806 
18.55848192   18.03662319 
17.81417995   17.00593844 
18.96535461   17.05185961 
6.80372648   12.46346917 
4.84658628   9.66227350 
18.63943574   16.06314411 
4.45918502   8.20113464 
4.47084777   8.32142845 
11.63853166   13.99445572 
11.06754573   14.10444276 
11.19554422   13.49228801 
10.64800136   13.73229100 
11.65281979   10.95475653 
11.22143298   10.57612180 
11.37562926   11.54972763 
4.71502430   8.00828261 
4.68215167   8.07724859 
4.75314486   8.12588610 
5.39493241   11.20816551 
5.46586114   11.22990925 
5.52123500   11.15855152 
7.35909724   7.63094542 
7.33497719   7.39720285 
7.57592214   7.55945831 
9.05232078   5.59017924 
9.19012026   6.05258709 
8.92996517   6.30496156 
4.82674175   11.05403691 
4.88539828   11.07061343 
4.82978448   11.10488043 
4.86964427   11.02727041 
4.55078484   8.23252961 
4.83578601   11.16404886 
4.77006279   11.13293830 
4.77921635   11.19511412 
5.63425215   10.95171633 
5.66867378   11.02527500 
5.68077656   10.87913265 
4.72846276   11.99726599 
4.76750619   12.07403089 
6.38789518   7.83678126 
6.31287024   7.70989030 
6.30747829   7.54008530 
4.66093458   10.27896944 
4.72561711   10.23907266 
4.72013070   10.31670901 
4.77645811   10.27066666 
4.59006793   10.34716379 
4.57797293   10.24207669 
4.77970246   11.94677031 
4.71998677   11.92950539 
4.80690987   12.00224434 
19.29463739   19.01023110 
17.99074407   19.06941480 
4.71753185   11.85438165 
4.64512382   11.84820483 
4.85454178   6.73803832 
4.96478673   6.91332596 
4.76552249   6.94893543 
6.42859064   13.17443779 
6.40430915   13.41479218 
6.24695702   13.25623903 
6.01277295   13.37758207 
6.05488753   13.12161918 
5.89212284   13.19440491 
12.14190358   8.78010478 
11.78038723   9.25688290 
11.62627862   8.63810296 
12.48847697   9.31810105 
11.05560822   8.47547647 
7.54780048   13.33226940 
7.46588352   13.70123875 
4.56593830   10.15249710 
4.63263724   10.11371601 
8.34229424   1.27605099 
4.78267395   10.33844297 
4.78845732   10.39425020 
4.66100177   10.37630840 
5.26779313   8.06347994 
5.24444029   8.02092661 
5.61272831   2.43745297 
5.19312754   8.01254429 
5.59887027   12.01514146 
5.70361302   12.05658642 
5.59991536   12.12172945 
5.68267054   12.16178982 
5.22105922   13.45865991 
5.01956526   13.37458488 
6.79910351   12.12182711 
6.70530151   12.28190488 
7.30049641   13.10782309 
7.01812594   12.13606702 
6.49457957   12.25979890 
5.59540841   17.55825995 
5.59913785   10.87805288 
5.54163964   10.93022925 
5.66373688   6.72045477 
5.56837258   7.00317167 
5.43149465   6.79890171 
5.79814703   6.96888112 
5.26120076   6.85971823 
4.73094858   11.23892893 
4.65135196   11.22626969 
4.70969627   11.17306623 
4.76851439   11.07504708 
12.69636774   0.61010420 
0.88566445   18.45283391 
28.16839439   7.63618176 
22.92116042   17.75714453 
22.33178685   18.40058101 
4.99996121   8.90146083 
5.02761516   8.87206073 
5.03806727   8.90966672 
0.96694906   1.42427304 
4.53483096   18.31749559 
5.21623209   18.29756316 
4.70030778   18.97894660 
29.04697522   18.31206247 
4.70348311   1.02356818 
5.22081217   1.70894207 
4.53857716   1.68671269 
1.54756798   7.71309571 
29.04222686   1.69041189 
4.85696556   10.00146369 
4.91316616   10.01873819 
6.70729999   11.94851274 
6.89044977   11.94337919 
23.43198927   15.74901145 
24.26632403   15.22691105 
2.70331761   9.32811412 
2.54997351   9.67769009 
2.97094829   9.63210581 
2.42733599   10.01074699 
2.78281679   10.07222676 
28.54162796   16.78058016 
28.90113899   15.79627381 
7.83422084   15.90671198 
7.74722230   15.45908508 
29.13141717   17.40913969 
7.39472101   15.90154821 
7.28639346   3.66622489 
6.85875304   3.95482773 
6.80378556   3.40299683 
7.36594184   4.22894645 
3.17725538   10.87689039 
3.45153664   10.88696584 
3.43447420   12.20515542 
3.15436854   12.35785052 
2.91355138   10.84082616 
3.13262418   10.59404962 
28.93153917   4.17274286 
28.55942459   3.21658562 
29.13905142   2.59429361 
6.57431559   12.07384121 
4.91438414   11.29420332 
6.96265828   11.76113890 
7.12649908   11.94874936 
6.44572860   5.98345019 
7.59069585   8.15768793 
7.31803235   8.33523303 
7.36109102   8.04480051 
29.16494946   0.78686280 
7.57425432   8.45012585 
7.16227552   8.13038329 
7.23670525   7.83433909 
29.17978644   19.21026581 
7.00601798   7.93934229 
5.79207928   15.94296600 
8.32187757   1.89979384 
8.64411324   2.59614615 
22.00682543   1.95293470 
7.06785501   8.37784330 
7.84819725   8.00072557 
7.83991397   8.32972438 
8.34965736   0.59297303 
28.03368358   12.77189346 
28.97224231   12.57673685 
22.50838133   19.22600369 
2.42377279   17.88770176 
2.29626125   5.20938736 
2.49793134   2.10662620 
1.70283676   10.54274722 
2.06177890   10.21341202 
0.80298058   16.15373018 
1.46858111   16.51596615 
0.80540233   3.83107868 
1.35633198   4.37116712 
9.36165018   2.44543687 
9.90903125   2.75083588 
4.74886365   17.63534087 
4.77777205   2.35570239 
23.93593007   4.29034496 
4.76565112   10.66761611 
4.70453772   10.63135369 
4.76958439   10.59307816 
8.13188249   8.17788904 
8.10850773   8.49440514 
6.25426414   11.91674550 
6.11197858   12.00235543 
6.13095667   11.86001922 
11.68130275   2.56750918 
6.24309587   12.07179941 
5.17250948   11.35637584 
5.12758577   11.40025288 
5.11115226   11.34672021 
5.19228235   11.40739982 
5.32089498   8.92695643 
5.36576371   8.88798318 
5.37996247   8.95270777 
5.30506520   8.70156633 
5.34797050   8.66407354 
5.36184513   8.72191840 
6.66948631   10.58203647 
6.85689342   10.57597293 
2.40183125   2.92820189 
9.83720270   2.10120018 
3.07969634   8.28114333 
3.93740718   11.17958096 
3.99407861   11.00678735 
3.80802587   11.04275992 
8.73022001   7.36151192 
8.39859847   7.43209214 
6.93568249   10.38850530 
7.06097801   10.57008119 
7.14169066   10.35832909 
7.30292164   12.17979079 
28.51698147   8.60305533 
4.36762336   12.50142503 
4.13762118   12.47200114 
4.31965984   12.33309014 
4.28721434   12.68336285 
4.18954952   12.28400703 
4.00507407   12.31072837 
8.21362097   11.23912446 
8.22076918   11.48097517 
7.93277929   11.40113768 
8.52396303   11.34918611 
5.19598562   11.98535382 
5.22855243   12.03345539 
5.17194625   12.02487806 
5.15798292   12.08616090 
5.19882942   11.30473952 
5.24286110   11.35231029 
5.15422394   11.30949237 
3.02099789   9.20872294 
13.47753987   0.75983597 
7.65110053   15.05503579 
5.81536031   12.25481055 
5.77027087   12.37902863 
5.77481919   12.15968003 
5.36709654   10.38701058 
5.28650533   10.37097984 
5.32709171   10.32115116 
4.88743681   7.88416866 
5.14569943   9.14015916 
12.47217758   3.05391852 
11.20391264   12.82848737 
10.68390914   13.14098175 
11.23603026   12.17899715 
11.68135045   12.54401220 
5.45045689   10.82016636 
5.49122450   10.87980173 
8.10842122   7.24112887 
4.51947341   9.29504664 
4.58551804   9.37142030 
4.47199123   9.38764255 
4.42721005   9.27130232 
6.24452965   15.09056496 
6.56039940   10.27031315 
6.58648292   10.44738902 
6.44911956   10.41665692 
6.73550254   10.38555336 
7.69470639   5.45252225 
8.06705483   5.28933508 
7.63577672   5.82756893 
2.16691745   5.78788244 
2.79992072   5.55325121 
5.42615603   10.74982812 
5.50517411   10.75148595 
4.74272169   6.51527224 
4.40205389   6.47335649 
5.95845060   12.03854524 
5.82729173   12.05695311 
5.32366654   8.99437976 
10.65410360   11.73302240 
5.28598855   8.64302495 
5.31078820   10.55876726 
5.24725948   10.54401619 
5.28378698   10.50245828 
5.73005634   7.19518983 
5.34873294   7.03292646 
7.08287544   11.54880387 
6.84852740   11.54160700 
0.55461260   15.61351442 
4.92255376   10.23588118 
5.86457367   7.84657782 
5.84423731   7.98753377 
5.72385921   7.90241310 
5.96765500   7.93738842 
5.85867492   11.07090309 
5.91407759   10.97994450 
5.76228097   11.07697389 
5.13568056   11.26648377 
5.11477295   11.30121848 
5.09554167   11.26854981 
5.05921859   11.26908556 
5.07670877   11.23017725 
6.43151442   7.99982046 
6.21417258   7.82737324 
4.82828015   10.99075490 
6.60112634   8.09639843 
6.45751836   8.17218013 
18.09123051   3.19929038 
17.14136129   2.26235343 
6.60463339   8.27443126 
12.38888890   2.22026635 
0.57221617   4.36852372 
5.41865571   12.03865705 
5.41795892   11.94081242 
5.50301311   11.98347262 
5.47482857   11.88364767 
8.13308977   12.32031698 
7.81597176   12.28171229 
7.93015108   12.05527988 
7.85626783   12.57864137 
8.19925148   11.99600297 
3.53943470   7.03371626 
8.51747989   12.09589041 
8.93558755   18.84524876 
9.70330656   19.17056824 
4.91563587   8.65768377 
4.85725726   8.67532204 
2.47872635   7.87779474 
6.40062438   12.11641736 
6.30792845   12.25439435 
10.86221168   9.98847160 
10.70573342   10.49722403 
7.59758663   6.14284692 
7.30388094   5.55529537 
5.08682736   9.70102940 
5.04159999   9.68451317 
5.08200609   9.65154937 
4.13549753   8.92734556 
5.38764618   15.91027269 
4.92912827   15.72301029 
4.88146983   11.76401900 
4.91811585   11.81506160 
4.82814284   11.72241697 
18.25099759   10.77911937 
14.48375208   18.95667644 
5.24948973   11.97325964 
6.07327297   12.87563153 
5.85533333   13.00357804 
2.42179318   15.56134657 
8.73916417   17.29075527 
5.38152210   10.57212892 
5.47688345   8.35584511 
5.42769113   8.39830725 
5.41974202   8.33984010 
5.45361778   3.14474787 
4.77232708   3.17160452 
5.16502897   2.81073731 
5.21486962   3.73051945 
7.30684988   10.54409839 
7.19707522   10.72819309 
7.20649486   10.94719545 
22.57878279   15.63544816 
3.20420071   10.00810406 
8.88495160   5.03096992 
2.43744928   11.97950750 
9.56484501   18.25410402 
5.15852760   17.20658836 
4.72281849   16.84079264 
5.40460430   16.84635540 
5.11107567   16.29813264 
1.97151514   13.67304759 
4.60755804   8.32915750 
7.57961917   10.51447393 
4.89097423   9.21952747 
6.78467472   11.16636255 
6.98489323   11.06762443 
6.63314176   11.05918055 
6.83258371   16.63733435 
7.21175230   11.18626000 
18.75128965   9.01134354 
4.88530907   10.18189534 
4.84921998   10.23800945 
22.23039999   17.50184393 
5.25502127   9.36718896 
5.20647305   9.38558830 
5.20458964   9.32925171 
5.24600544   9.42734200 
5.31493885   10.19054057 
5.27440299   10.14674773 
5.32377496   10.13405305 
3.41785291   11.94984873 
3.66571590   11.98515320 
5.25658154   10.18815294 
5.21690331   10.50650305 
5.24632652   10.43736216 
3.51083629   11.72462250 
10.44924775   17.16708844 
10.93720874   16.46322885 
11.31212711   17.19634929 
11.67699233   16.34619469 
12.06191997   3.77885217 
3.72901953   12.32263798 
5.17813092   10.46336635 
3.10467480   1.63451306 
3.44066176   2.10668265 
5.38172564   8.28610406 
5.32100804   8.31803711 
5.31091453   8.26109595 
5.25545225   8.31420991 
5.34938096   10.26015568 
5.28504318   10.24320470 
12.14039590   4.63032911 
5.00998583   10.29160075 
4.97110335   10.31452457 
10.18874310   17.92140917 
7.27776224   11.41330317 
4.93375347   8.19219670 
22.82132097   5.30506719 
23.52549898   6.26110744 
22.37183977   6.16064504 
7.96030537   17.11264726 
6.07021183   12.12502618 
3.39987386   17.87351397 
3.09047331   18.37266930 
6.15977723   12.20721307 
7.19546161   9.26549358 
7.26435145   9.44262631 
7.02373559   9.47476991 
7.21330949   9.62392524 
21.42889367   14.22803996 
5.82581408   8.13693952 
5.96465887   8.09113432 
5.72644764   8.04498457 
3.14841790   2.89497272 
10.91621375   18.08341395 
4.87948652   11.19417118 
2.08899635   11.00222552 
5.67252666   4.13636141 
2.18126650   16.86342427 
2.61593203   16.37241224 
3.06839962   17.02876959 
4.92088945   11.17538105 
4.92056907   11.22107457 
5.18359300   10.41034528 
5.21678601   10.36660150 
3.34604273   9.14725196 
3.64567454   9.21968114 
3.47020972   9.39845788 
5.69908904   11.84947606 
5.76742152   11.75028769 
5.76533467   11.94779613 
5.37533735   8.45729408 
5.30892456   8.48004745 
5.30731779   8.42500022 
5.24222293   8.46452553 
4.57453516   7.60706632 
4.38030341   7.66394369 
4.39783379   7.85319601 
4.61609040   8.51885174 
4.66819600   7.45727631 
4.74748778   7.60543652 
21.62906552   3.94107348 
5.49641411   8.42333829 
5.75611861   8.24891446 
5.69571510   8.15277170 
21.51042611   19.11338045 
5.53668629   8.37243612 
5.53050787   8.31530105 
5.46634434   8.28679163 
21.31013061   18.03292793 
5.25315844   10.59060012 
5.28465738   9.05832715 
7.02753639   10.17559363 
5.59227443   8.17966164 
5.59753163   8.08744877 
5.62606306   8.88838401 
5.58272345   8.83087737 
5.65506687   8.82919458 
5.96597526   10.87266033 
6.02391619   10.98593959 
10.49471227   19.35148751 
6.09622739   10.88412158 
10.33728365   18.60268746 
5.54630875   8.90148585 
5.25184925   9.77227787 
5.18961261   9.75838271 
5.91701220   5.52252397 
5.14942647   9.81682654 
5.54689686   5.62270257 
5.60664265   11.17078250 
5.57389882   11.10615050 
5.64914182   11.09770537 
4.03947545   2.02237328 
5.70658179   11.17915008 
4.04544097   2.72097426 
5.01385257   11.33588430 
5.01658931   11.28337823 
4.03553540   17.97992375 
3.97818528   17.23128702 
5.32803899   10.45280871 
5.35409509   10.51398018 
5.25945757   11.62483758 
5.29968907   11.57911660 
3.17070619   7.63112873 
4.94836628   11.85916775 
4.99709656   11.88928037 
4.95966544   11.91773628 
5.13033125   10.47978393 
3.34814093   6.29743951 
3.69374306   7.84326155 
5.38220973   8.12896500 
5.42810893   8.16594868 
2.40509854   12.37122956 
5.54573216   11.91908260 
5.51284723   12.07617517 
5.33263086   11.25060153 
5.34123120   11.18808988 
4.98204021   11.70737989 
7.81794682   9.24432648 
7.65730212   9.51043734 
7.46562707   9.30625826 
5.01600262   11.73400529 
4.95260415   11.75079502 
4.99417279   13.01996961 
4.83774409   12.97851441 
4.95831895   12.85539370 
5.10731310   8.94408243 
5.81161291   7.56257848 
5.95222824   7.52790636 
5.88838965   7.68694513 
3.38016616   8.44319936 
4.79585425   12.82617067 
5.34753227   9.05839264 
5.14316410   13.05236138 
5.04439258   13.16579487 
5.81243956   7.40307657 
6.03267895   7.33937366 
1.60996196   11.16609396 
5.21965675   13.21836849 
4.89479787   9.36858237 
5.51703193   10.57316258 
5.13498229   9.72572674 
5.11855648   9.68117310 
5.15358097   9.68273519 
3.33483509   13.27052798 
3.08962817   13.60434367 
3.53882546   13.65080201 
5.18618929   9.65053105 
5.18866770   9.70020780 
25.30632301   6.95722431 
5.91525631   8.53457095 
5.98678696   8.62061460 
5.88706398   8.64280154 
5.96510868   8.70637478 
5.35862185   7.54697704 
5.53013169   7.55396936 
7.32411334   9.04684203 
5.64616326   8.25232266 
5.61270707   11.89412939 
6.74222807   11.37051751 
6.60057834   11.24552286 
4.84056476   10.78653367 
6.63887124   11.54148512 
6.73916048   11.75638369 
4.79255061   10.73686789 
5.18127613   9.61061269 
5.22081722   9.61493477 
13.26430742   2.36681492 
8.18140301   19.15217266 
5.13492426   9.63900055 
5.20353723   12.70116502 
5.05344124   12.76479112 
5.08123060   12.61097458 
4.93594198   12.67245436 
5.32401666   11.40364560 
5.32704345   11.47052056 
5.26063729   11.42741256 
5.85211098   8.43089250 
5.80375763   8.49975921 
5.64513008   8.55613832 
5.58792585   8.51161671 
5.65130439   8.47782659 
4.71583347   9.32067331 
5.57835710   8.43351316 
6.34274965   10.04037048 
6.44769969   9.96982418 
6.43594405   10.13005518 
1.12049687   11.23081028 
6.32954770   9.90321434 
4.69546109   12.47936138 
4.86879272   12.52547707 
4.76398530   12.66104030 
7.76873706   16.42268926 
4.85082715   12.36614216 
5.80384431   8.57751167 
5.04582880   9.40791091 
5.77169487   10.60020195 
5.82250747   10.52523956 
5.86580286   10.61595048 
4.53075215   12.63397639 
5.05771704   11.54342014 
18.57538725   4.22123353 
6.09208887   8.16564281 
6.20785610   8.25520248 
6.07868929   8.32453342 
16.91279603   3.54563397 
6.22938044   8.42935595 
1.98110614   16.09948183 
1.87267846   15.58804730 
10.24683602   11.24772476 
9.96501995   11.86303692 
3.37982842   10.62057877 
10.90953372   11.06911706 
5.80289111   10.69925590 
5.72742412   10.73569730 
5.71425960   10.67035082 
4.81708696   12.23658877 
4.71834532   12.17651920 
4.81860236   12.13840708 
5.63769637   8.71480436 
5.56166205   8.72017368 
5.58482169   8.66121123 
5.61955460   7.97635669 
5.59412155   7.87237208 
5.60712299   8.77670874 
5.73367068   8.43354706 
5.65173110   8.40876421 
4.78715758   9.18532061 
5.71390589   8.52227389 
7.14821414   8.92159753 
7.09076256   9.08477147 
6.99062732   8.95349530 
6.46063745   10.84625309 
6.47615579   10.99699823 
6.33471130   10.78927035 
6.43714339   10.71054721 
6.31772405   10.65362160 
4.79233553   10.88198990 
7.65526424   10.29522068 
7.84121475   10.11067727 
4.84332837   10.92862677 
5.11836991   10.08541866 
4.65113113   9.31785187 
19.31544947   3.55799877 
5.40993696   10.46400076 
5.45748227   10.38374150 
5.40016484   10.32260608 
5.54108618   10.32310819 
3.02670914   10.33624577 
5.67191417   10.41647732 
6.13270348   10.98892707 
6.22046307   10.89186214 
6.24180819   11.00575344 
5.77730904   10.28397796 
5.85187944   10.23494946 
5.85703735   10.31469201 
6.59005388   10.05042926 
6.72231179   10.17879745 
5.77554624   10.20244433 
25.57255203   13.94123950 
25.45373742   12.84740395 
4.82710255   8.43355262 
5.91663589   11.46678491 
5.84249206   11.38599709 
5.94993441   11.37875708 
5.71353872   8.60312033 
5.88812528   11.30937160 
5.78954329   8.66254410 
5.77158363   8.74814113 
5.70322864   8.68626499 
5.81917423   11.48490105 
4.91717077   9.58743498 
4.92487620   9.63031363 
4.88367105   9.61969389 
4.87341824   9.57221406 
0.68440912   11.68693882 
5.88854481   8.34897772 
5.96689768   8.30481961 
5.97481455   8.41960724 
6.79807053   2.81177361 
7.47506226   3.08583846 
5.87431761   8.25631248 
4.87239909   12.17731648 
5.34669023   10.72898735 
5.64051912   8.63337472 
4.97134790   8.71795472 
5.57615396   10.25612115 
5.56893870   10.18071093 
5.63486099   10.22001376 
29.18465605   11.44800421 
5.63029202   10.15035758 
7.37114326   16.91876999 
6.78188657   17.20555969 
19.94503757   17.83052420 
20.36000955   19.01096240 
5.57214148   9.64519837 
5.56180093   9.58208630 
5.62292154   9.61647880 
5.62166333   9.54361036 
5.57365728   9.70846336 
5.51288868   9.66733437 
5.51790263   9.72623744 
2.18536030   8.85394559 
5.93849998   10.34723001 
5.86825011   10.39718879 
5.93199325   10.26415923 
5.79242533   10.44542430 
4.83892452   8.32501691 
6.30598897   11.22516228 
6.44049906   11.23611562 
6.34081566   11.33652236 
6.39368992   11.11885519 
6.36626522   11.46252281 
6.25376982   11.39599174 
8.95509097   11.39382177 
9.36843279   11.72128863 
8.86700799   11.82836484 
9.43075823   11.19328892 
6.22840006   11.49816012 
5.98022850   11.31089504 
6.04540712   11.35892630 
4.92663070   11.94826959 
4.92478996   11.90359086 
6.07330109   11.26486085 
4.88701635   11.92141098 
5.50355713   12.18264744 
5.42935568   12.14425368 
3.09333556   15.83787356 
3.23373205   16.34186561 
5.35752499   12.19182700 
3.79565357   15.97982908 
5.38439751   8.61623518 
5.33677080   8.61918145 
5.55656860   9.52381469 
5.50790716   9.54856127 
5.68589385   8.76693131 
5.73344325   8.82045592 
5.69515462   8.89181016 
26.46473923   13.36875448 
6.26905078   11.11485772 
6.18353680   11.19273328 
6.20350749   11.29367996 
6.35094710   11.03233756 
6.34698356   10.92674819 
6.03809426   10.38122011 
6.03089073   10.29838488 
5.10924687   8.15795389 
5.08032057   8.13110979 
6.32319360   9.60961234 
6.21185222   9.67148832 
6.23219543   9.54413412 
5.09141716   8.20794829 
6.13024245   9.58439893 
6.43807323   9.53979161 
6.41360077   9.67412731 
6.53873912   9.62372962 
5.50629162   11.27076754 
5.57182601   11.30186180 
5.50859873   11.33969957 
5.55148861   11.23012915 
5.86214392   8.72698011 
5.92453433   8.78517212 
5.82849797   8.80569757 
6.17322485   5.21696264 
6.36209751   5.53968108 
3.22042046   9.44041031 
5.88585205   8.86696561 
5.45763245   8.86669880 
5.42527605   8.90950288 
5.41056147   8.85279304 
16.80426998   5.12121485 
5.23834053   8.39003229 
5.50934849   8.85123449 
5.48576638   8.91368433 
5.94834978   9.07557856 
6.05469197   9.08227431 
5.99742487   9.16345275 
7.25081164   16.40439639 
0.62545254   10.89828287 
6.00286526   9.00145787 
5.66453112   11.63634120 
5.61199930   11.57963972 
5.67826582   11.56294884 
5.14667100   8.20388888 
5.58051194   11.66539587 
5.35459168   12.11218207 
5.54196247   11.59487503 
5.49605037   11.64237525 
4.86376658   8.27304378 
5.94710618   11.24089886 
5.84284908   11.23941222 
5.89929343   11.15651434 
5.80899951   11.15581890 
5.13843973   12.40091346 
5.09510524   12.48861912 
5.04644700   12.40458354 
4.22811962   19.41789102 
4.99661453   12.52148143 
4.23068013   0.58263106 
6.06979946   8.66635569 
6.09841713   8.58223232 
16.28475260   4.24450324 
6.01814998   8.51183942 
6.14903869   8.72851790 
6.03740852   8.76690018 
6.11036896   8.82882745 
6.52194151   8.73745329 
6.41926789   8.65767166 
6.58736072   8.61367463 
5.12260448   7.56774802 
18.12735727   15.10694643 
5.08944844   7.65706248 
6.47208528   8.51657661 
6.63166737   8.85395867 
6.47646827   8.86717955 
6.56433427   9.01133145 
5.65278155   10.72875688 
5.63652825   10.65545514 
5.70306166   10.25237044 
5.69978261   10.17497872 
5.70563860   10.32952991 
5.77876243   10.36454838 
6.50819064   9.74680576 
6.42115164   9.82406399 
5.76858253   11.22260558 
5.79457864   11.30102041 
16.29606820   17.96146405 
15.24093031   18.29751382 
6.36656226   10.28560168 
6.24032272   10.36259958 
6.22654770   10.25607251 
6.34540299   10.39972207 
6.12087387   10.23938897 
6.19178023   10.15498086 
24.55717954   6.17424942 
6.09190622   10.13329051 
6.33262547   11.57639134 
6.37826773   11.67883616 
6.25003445   11.63870582 
6.46538466   11.56969037 
6.14871440   11.70979661 
6.16314219   11.59107572 
6.07246296   11.63393179 
5.69299777   10.10190328 
5.77622700   10.12632778 
5.92891739   10.17682805 
5.84994318   10.14680180 
5.77039334   10.04178294 
6.11056694   10.54871643 
6.04487478   10.46648290 
5.98005234   10.61745966 
6.13145453   10.43283770 
18.26563792   9.62064447 
6.13063022   10.33129452 
4.84730673   10.67339395 
4.86964373   10.74031826 
4.74118828   9.05101048 
4.75311237   8.98059775 
4.67591262   9.02079571 
12.00778908   17.04690048 
7.58952793   12.68208599 
7.56361016   12.98414328 
7.34867747   12.79762820 
5.07620491   10.68836842 
5.03444995   10.71894822 
5.14713624   10.66545340 
5.19521769   10.66096253 
5.15109623   8.52971583 
4.79030088   10.19780668 
5.01720314   9.27021464 
5.19924017   8.54415455 
15.97218143   5.44172162 
5.05181134   10.21669171 
5.05528552   10.26635626 
5.09251638   10.23908698 
7.17563290   13.78629058 
6.91219544   13.80576204 
4.89881911   11.87001112 
7.05065477   14.02546140 
3.81991705   12.75635707 
4.05265438   12.73164221 
3.92432852   12.99301500 
14.23195190   8.86893809 
14.25255130   8.08510874 
14.86189747   8.54097488 
13.59716233   8.44783874 
4.82382691   10.55834805 
4.85041199   10.50651270 
6.84357163   5.40792976 
3.90600938   12.55589914 
4.04850368   8.30496060 
4.08465060   8.47991112 
5.19418794   6.12091843 
5.48004751   6.27231625 
5.49141386   6.53584168 
4.39346500   10.94960320 
4.47822534   10.96777170 
4.46411481   11.04847087 
5.15799141   8.25693833 
5.18735661   8.22732363 
5.20046833   8.28171931 
4.97181142   9.99483331 
4.96086921   10.78754638 
4.90111755   10.78970237 
4.92491350   10.75175076 
4.93933398   10.83933337 
4.92554498   8.71944812 
5.51366944   11.71958200 
15.18867024   5.88181044 
15.80291966   12.43396568 
15.08275280   12.56025861 
6.14074113   9.46522451 
6.24670626   9.40719642 
5.10044904   8.26588074 
5.15476177   8.31552628 
5.11862633   11.67772803 
5.16850305   11.67641850 
6.00246075   6.31467483 
6.26765374   6.25643302 
5.11073418   8.90007792 
5.07559031   8.91287657 
4.84274188   10.18359543 
4.95702025   8.09430088 
4.91233936   8.10294742 
4.92206969   8.06568104 
3.98359184   10.33529829 
3.82704087   10.25371986 
3.86575189   10.45600411 
4.08617646   10.05374399 
4.16785201   10.18643749 
3.98297790   9.44635327 
3.74985493   9.43779162 
4.22684144   10.06848700 
5.02390922   9.51811578 
4.97743017   9.51109546 
4.93213314   11.14139989 
4.91998860   11.09482153 
4.95996716   11.11535727 
6.34543129   9.46727764 
5.63389087   11.24948043 
4.88703888   11.13453154 
5.24057020   9.16184042 
5.20358637   9.11132810 
5.26375767   9.11563479 
4.81447652   10.62052338 
3.20652268   8.84749803 
4.20122385   12.90622147 
4.73144196   10.17552300 
4.65919110   10.18755861 
13.79806597   7.64138722 
15.63644579   9.02571376 
15.65034808   8.03353614 
5.11577666   11.22388332 
5.09582482   11.18065395 
8.55523922   5.38633279 
21.92634341   5.02667952 
18.88537388   11.46472950 
4.12688816   10.96586203 
4.03062899   10.85262122 
5.00624633   9.77465044 
4.96626304   9.79882132 
5.02104532   9.73166445 
4.26934942   11.35952461 
4.32213196   11.28432344 
4.39595505   11.38117452 
5.09087175   10.28977370 
5.13214139   10.25747474 
5.13063465   10.31092131 
8.62281734   5.92030548 
12.83390156   12.34267942 
14.09146636   10.72017947 
14.34728626   11.44749447 
4.87189247   9.00698852 
4.88369804   8.95313952 
5.16162631   9.07955775 
5.13559150   9.03882566 
3.71122599   13.26640383 
5.11370314   9.06531003 
5.16682740   10.89758792 
5.21011519   10.91886543 
5.83271093   13.81530202 
6.04578735   13.96288329 
23.17673253   8.69925718 
4.35635467   11.85079494 
5.02575359   10.14889480 
5.06658351   10.11782370 
5.13311221   10.57525635 
5.16224092   10.61685275 
3.93288425   12.08094646 
4.11584586   12.00837734 
4.13536056   12.14887847 
5.13096249   8.00072609 
5.08219231   7.97108974 
5.12159555   7.93667263 
5.17555185   7.96202501 
4.09050679   8.64835884 
4.18365616   8.77538942 
5.12873483   11.14414439 
5.13089017   11.18985456 
5.16932499   11.16791386 
5.06664005   11.15495062 
9.17263517   15.44890314 
5.10284807   8.54997157 
5.07383513   8.57841181 
8.55446292   15.14720618 
14.65026599   14.23866322 
15.65970378   14.64577975 
5.02731973   8.58142878 
4.68286219   8.21703569 
4.69449416   8.15438230 
3.31491110   9.68947242 
4.61895680   8.16331810 
4.73140771   8.25354443 
4.89758317   9.65753761 
4.92941551   9.66440966 
5.12020076   9.93188387 
15.25000526   19.35608841 
15.49717947   10.09157801 
16.55239315   10.64773322 
4.71620664   10.70671699 
4.65927222   10.75731591 
4.66044422   10.68444772 
4.59324062   10.71571904 
3.99768377   9.80462338 
4.23264899   9.65325701 
4.36365022   9.70410858 
20.82246909   4.82376225 
5.18536957   7.89065411 
5.21233828   8.81319228 
5.17858510   8.77413911 
3.00225391   8.59826262 
5.12854601   8.78575813 
3.86492327   9.64126913 
3.12569646   14.01145767 
5.01397122   8.15600242 
4.97211985   8.14648336 
5.16221479   10.03734462 
27.67516768   8.45892884 
4.80589585   9.50296799 
4.77041709   9.46842954 
4.75406853   9.51764411 
4.12685856   7.86858516 
4.27678343   7.95032697 
4.71841254   10.87763585 
4.81503759   9.80359817 
5.07527835   11.71310945 
7.93094155   3.78235544 
4.95623267   8.49383312 
5.19841227   10.00783019 
5.25292818   10.01016793 
4.27798812   10.30591322 
4.11650467   10.31962439 
14.24739323   14.95887843 
5.12129060   11.55510179 
15.32182375   13.80784989 
9.87857494   15.31506208 
5.04755383   10.31849604 
4.44087939   9.71078007 
7.14731971   6.89738015 
5.16681027   10.27538145 
5.14868238   8.93518882 
5.10914949   10.53071384 
5.08026116   10.49189661 
5.15588834   10.52463019 
8.49007248   3.29761560 
8.09182919   3.04341711 
22.42303280   14.54056831 
15.85966959   0.73069521 
15.06842734   1.31271482 
16.05472761   1.77840635 
5.08896591   10.87734170 
5.12919905   10.87911469 
5.11777741   10.83953646 
4.45295827   10.76354931 
3.77674358   4.04100043 
3.28336863   3.55223422 
4.23181856   10.44282302 
4.05457662   10.47365957 
3.68525632   12.60866233 
14.38653687   0.73610762 
4.26845998   7.79837265 
14.75460562   9.32271512 
14.44796388   10.03773745 
4.87479093   11.35829290 
4.87569240   11.30943676 
6.87736949   12.98382805 
6.71914015   12.84603400 
5.55271022   10.12058174 
5.49812910   10.15448320 
4.88117220   11.25400596 
4.92718647   8.76185464 
4.90464926   8.80195222 
3.69357435   5.36713726 
3.41125948   5.75399758 
21.32236129   10.06655094 
3.91615593   5.71802952 
4.97512727   11.26951381 
3.76122075   6.76012442 
4.03126690   6.81056402 
3.67829457   6.49502264 
4.92743786   9.49140253 
4.63437656   8.59041712 
4.70214051   8.62724388 
4.64274702   8.67819693 
10.49608434   15.79946588 
4.93937882   10.28427491 
4.89089888   10.29010637 
10.29216926   16.39852330 
5.50404128   10.23463521 
5.19378942   8.91610910 
13.98507895   1.60798731 
5.16758843   10.83809610 
5.21309121   10.86716211 
5.55202330   10.04941672 
5.61498816   10.08145638 
4.99866117   9.69838625 
5.71653421   11.28068389 
5.10973674   9.77330343 
4.84189883   9.60805558 
4.81143468   9.56018007 
4.79196155   9.62415507 
4.66395527   9.97200594 
4.88719250   9.46258410 
4.86582718   9.51252756 
5.79814554   13.31424989 
5.73947484   13.15499536 
12.41805503   16.36156339 
4.94525355   5.45771037 
4.59819144   5.39244002 
4.76362353   5.70256600 
5.60344691   10.02415078 
29.33288169   8.69717650 
5.18216150   10.22537177 
5.21214869   10.18858957 
5.23252721   10.23628077 
3.93850692   13.52635474 
3.89470225   13.82919209 
5.30624489   9.17474721 
5.33108973   9.11100541 
5.44019961   9.47030029 
5.46495295   9.52310259 
5.40689110   9.52517478 
4.13708546   11.40587648 
4.18994601   11.57561095 
5.05577114   9.44971430 
5.09054996   9.43283492 
5.08024863   8.09560613 
5.11371125   8.10397590 
25.02962492   9.61576318 
8.95891833   14.88166262 
9.45748777   14.79132346 
16.05408165   18.88234018 
21.98529310   8.94622718 
5.11485234   9.09904673 
4.50892418   16.09730030 
4.39286720   15.48280099 
7.15051241   12.91083989 
7.28973036   12.50438820 
22.77745975   10.04335057 
3.22959202   13.02148465 
7.31081353   6.64701572 
7.12446896   6.37358679 
7.45315676   6.37524464 
3.73246812   11.27177250 
3.80551906   6.15152581 
5.04897648   11.01019914 
5.09470650   11.03080715 
5.05260531   11.04462042 
5.18961572   5.76639892 
4.43519472   9.62943444 
4.51809265   9.67179646 
4.87419803   10.45429685 
4.90668204   10.49075928 
4.82544005   10.46744012 
11.27289957   15.77283815 
4.63162773   10.81530798 
4.62150041   8.24909363 
22.54067758   13.18960620 
14.72988972   7.59950707 
5.24423020   11.72502532 
5.18551194   11.71923963 
5.22564328   11.67466918 
8.14985497   7.74129650 
7.83699900   7.45791764 
3.64999045   14.16795524 
5.11502739   8.82311395 
3.84907956   11.92395242 
4.52025759   9.58441784 
6.03178095   13.67058786 
5.44583012   9.57810161 
4.05716247   11.27697218 
4.93187045   11.43854784 
4.98835078   10.67467477 
4.95281692   10.64344164 
3.94545396   11.35680153 
4.94487692   10.68111846 
12.01987297   14.65094117 
5.04646130   11.11142252 
11.39295891   14.67052460 
16.79708791   0.97758510 
5.65157424   11.34070633 
5.05504582   9.29689356 
4.78207627   10.51697375 
4.72693777   10.56365400 
4.71152517   10.51541834 
4.12572367   5.33480309 
4.35759299   5.73048808 
4.98329333   9.25689077 
5.06685505   11.30897146 
21.28053389   11.51379301 
7.59880737   6.65660311 
4.95623345   6.29091138 
17.40229245   10.72966602 
4.32626571   8.61991906 
10.62510133   6.63879006 
11.14380236   6.47431106 
10.66365120   6.02044164 
4.12991584   14.07881396 
16.91010363   19.00081642 
4.63700565   10.90968544 
5.42670085   12.44005902 
5.69006213   9.51220530 
5.67918981   9.59940962 
6.28195568   8.70025512 
6.31777675   8.56730556 
4.47417751   14.37775411 
4.55485604   8.43080494 
4.43868012   8.62869731 
4.49635437   8.52521108 
6.37517595   8.77292530 
5.17196782   11.27069217 
5.45435952   9.64346982 
5.45381071   9.70121625 
4.45317700   8.44390471 
7.54762324   7.27292840 
7.31901884   7.15174238 
7.51927444   6.95325978 
8.00140486   13.73477473 
8.33933072   13.67799830 
8.28362957   14.03614693 
8.72370554   13.87771723 
8.56878502   14.26983499 
12.08050544   15.56820197 
4.96920796   10.72912413 
4.91102247   10.70436688 
4.51182825   10.70631589 
5.00400884   10.76558304 
8.80558186   12.71750112 
8.49917905   12.48965189 
8.93228788   12.29719895 
4.43550566   12.21363500 
4.31220168   12.16863105 
4.48795772   11.31429351 
4.42309009   11.24208878 
5.27570494   9.87825651 
5.31377711   7.81728995 
5.23460685   7.82531186 
5.26699308   7.73023911 
5.78103464   9.50808263 
5.76328170   9.58165266 
5.70829069   6.42738752 
5.03287256   11.07106364 
4.87175136   8.84498166 
3.90230604   10.88525462 
5.27961572   7.88791513 
3.68510150   3.33173949 
4.21762796   13.73932187 
4.26913657   13.40725207 
10.15072727   6.47065740 
9.69256184   6.22405087 
5.14921291   11.44343741 
5.20056565   11.46337391 
4.59766038   8.90891994 
4.67102179   8.94774330 
4.58646687   8.98683089 
3.64603484   16.63118224 
9.01040310   7.66742434 
8.57631352   7.77396245 
4.54364004   9.47999028 
8.86424124   8.03678702 
4.51982824   13.93969709 
4.62285038   10.62602410 
4.17153642   3.44951580 
5.22420158   9.52696826 
5.20124392   9.47813469 
4.93575710   11.26399835 
4.58141290   9.94051083 
4.14954873   16.57054384 
5.18962665   11.77622685 
5.14223259   11.72057399 
5.16073450   11.22476760 
5.19002759   10.56718515 
4.34707057   9.59886868 
4.62211974   11.73488680 
10.95949049   15.20154803 
4.53745662   13.56254356 
4.80507893   13.45656811 
6.36291291   9.33566279 
6.23813317   9.26686747 
4.32449274   10.53631524 
6.16082363   9.36401196 
5.33081787   9.83969455 
5.30466155   10.04370580 
5.25563121   10.06648098 
5.28952829   10.09992843 
8.60435685   6.41561954 
5.80389609   9.17532122 
5.79432267   9.28429099 
5.72685889   9.22295946 
5.89842334   9.24815465 
5.89516421   9.15176088 
10.26013708   9.24377020 
10.45413403   8.75894247 
5.09702327   11.12156749 
5.07404481   11.07588951 
5.11327971   11.07333740 
5.33317672   9.90056420 
5.36783318   10.81010874 
4.06386742   9.64298400 
5.09626699   9.96938753 
7.83245622   7.75750643 
4.54689297   11.00416116 
7.54437997   7.84024912 
17.61989649   15.88961706 
6.02486187   10.20738984 
4.29442069   9.23516127 
6.00075606   10.12457273 
5.18651738   10.31485217 
5.14564500   10.36384314 
4.50044322   8.93748305 
5.08799861   9.73925274 
4.68231768   9.09142471 
6.23160985   8.80394356 
4.43058077   11.50882102 
6.18203680   8.59349433 
6.31602009   8.88102071 
6.18310310   8.90928349 
4.29305651   11.47335904 
4.59318752   9.06654329 
6.25448129   9.00962763 
5.08238027   12.11930991 
5.03225745   12.08697557 
5.08531755   12.06391713 
5.07883028   12.02492684 
5.78556176   8.87978696 
5.83613791   8.94148561 
5.74108319   8.95624396 
14.64268746   1.98006694 
4.66696533   10.56144607 
5.79216396   9.01777757 
4.88283125   10.33870950 
4.83627728   10.30611450 
4.83529675   10.36372717 
6.02279644   11.76535037 
11.54306216   15.17281323 
5.99065958   8.85000465 
6.05634802   8.91305319 
5.94347383   8.93132513 
5.01965257   10.52863770 
5.67301975   10.03327244 
5.63890928   9.96416620 
5.72990488   9.97251664 
6.24905688   11.77797498 
5.68529372   9.90644512 
7.72661301   13.56925665 
5.42979957   10.11638481 
5.43846448   10.18585138 
5.48877541   10.08237989 
5.20994929   8.18353119 
5.07262175   9.52111626 
5.75164530   9.43779545 
6.23645910   10.47054673 
6.35131852   10.51407938 
6.23968888   10.56532524 
4.64200120   12.99689507 
4.37787995   13.09214083 
4.42917908   12.84908680 
7.33198539   14.01812750 
7.67046463   13.91872590 
5.21363750   10.60987711 
5.38253173   10.14845910 
4.88281898   10.39712157 
4.92095227   10.44456428 
6.03296608   9.60568375 
6.08676268   9.68710830 
5.96532284   9.67503641 
7.08786395   7.21956982 
6.01983023   9.76315683 
5.58768135   8.95078046 
5.65511367   8.95767062 
4.91018600   10.65049571 
5.51466430   9.02510218 
5.45502007   8.97707934 
5.52971854   8.96731506 
6.30225054   13.81170442 
5.46348942   9.05344587 
6.24723532   13.51777660 
4.71182256   9.45975875 
4.67537959   9.39054556 
4.63362626   9.46183564 
5.34269045   9.95353631 
5.40167110   9.91590861 
5.39686583   9.98032121 
6.15833288   9.07593713 
6.11830375   8.99860560 
5.08485008   8.79178885 
6.11737523   9.18442759 
29.04188199   9.56665103 
5.42614277   11.61441163 
5.36300782   11.59009018 
5.41363741   11.55074805 
5.35369545   11.53446565 
7.80771623   7.17518736 
9.01919955   13.53946169 
4.92877704   10.32828475 
5.43319044   11.69967083 
8.99622291   14.38119053 
9.24790546   12.64376149 
9.45461281   12.22785727 
5.41338613   9.74826702 
5.48051099   9.76904387 
4.53016180   9.20565010 
5.17856174   11.83614633 
5.22213630   11.86856619 
5.16492799   11.88617905 
5.20526446   11.92932571 
5.37084770   9.79038430 
5.35933578   9.72792968 
5.40787920   9.09842142 
5.37646697   9.16050928 
5.31397124   9.77977861 
6.42202277   12.96612559 
6.24886607   13.02227949 
5.23055650   10.74780011 
5.89276246   9.00903850 
5.28172634   10.70796207 
5.84101386   9.08573904 
6.15922630   10.05249442 
6.24584420   10.07703058 
6.24395680   9.96196525 
5.26552108   10.89013508 
6.12314668   9.95017957 
4.60792551   9.14228219 
5.28025990   11.83490351 
5.22463626   11.81770346 
5.25239069   11.77787924 
6.48534134   13.57575406 
6.04390886   9.49571311 
6.06553826   9.39328324 
4.14221585   9.51130286 
5.27717162   9.94433601 
5.55459642   11.53110723 
5.77802522   9.90095981 
5.73427125   9.83123254 
5.83658086   9.82457493 
5.79000829   9.74636125 
4.56044254   8.60449246 
5.74082127   9.08725740 
7.37698576   8.56923360 
7.28954348   8.78121384 
7.17947862   8.56699900 
6.40731146   8.98708369 
7.03470572   8.76206140 
6.66600243   9.17332258 
6.71342471   9.00534404 
6.88197932   9.08350689 
6.47862671   9.12260228 
6.35100129   9.08656017 
4.93074097   8.13551622 
6.36453948   9.21214395 
5.35777408   9.52103894 
5.37212318   9.57501564 
4.22710284   7.30255864 
4.25626111   7.51209464 
5.31305231   9.54175761 
5.32483717   9.48639785 
5.26857680   9.49553191 
5.31653856   9.60293888 
4.44962411   7.42662353 
9.58318288   9.74484634 
10.00346621   9.64303700 
9.78426783   10.01979218 
10.25531786   10.12460602 
5.53368711   8.78457356 
5.47862002   8.72756828 
5.51551382   8.65208999 
5.41104803   9.62355455 
5.36123161   9.63102647 
5.17822862   10.78503106 
5.36424719   8.77419276 
5.41191506   8.75226407 
5.41375582   8.68251493 
5.40175464   8.80275162 
5.45764561   8.80541198 
6.15605153   9.76549730 
6.20491618   9.86515748 
6.07878570   9.84923339 
5.56044070   9.86055434 
5.59827516   9.91333967 
5.55957132   9.98014261 
5.29214096   9.73444275 
5.32289007   9.67167890 
5.68745569   9.28499883 
5.64831721   9.21720152 
5.69276705   9.15778440 
5.71933054   9.36136485 
5.62801966   9.34761355 
4.62072023   11.14675145 
5.60788517   9.27656263 
5.08912002   11.98831755 
5.81256438   9.38010415 
5.85527922   9.44683886 
5.49919504   9.83749749 
6.83215201   9.30086914 
7.90660804   9.51619346 
5.30655715   12.60282010 
5.33188609   12.46959836 
5.42649553   12.56681832 
8.13628438   9.39744510 
6.00254880   9.92592384 
5.95317194   9.83371584 
5.20157358   12.52031166 
6.03635732   10.03281902 
6.85098296   7.33813950 
5.41407781   9.41557727 
5.35269488   9.42920974 
5.36892676   9.35946325 
5.30551745   9.39540786 
5.47694116   9.41083826 
5.51144995   9.47501329 
5.31996097   10.66587548 
5.25660268   10.64799835 
5.04536829   10.77246410 
9.79459602   10.44337927 
9.82729109   10.95034201 
9.34777800   10.69554546 
4.74316850   8.90095029 
10.28988469   10.72206552 
8.98165667   10.49634745 
8.63973229   10.57921078 
8.77529082   10.25795471 
8.86070604   10.80593402 
8.48987218   10.06644294 
8.82927486   9.90763634 
5.12848386   9.41795562 
8.53247013   9.81246118 
5.15695434   9.37042175 
5.69182940   9.02304692 
5.64067393   9.08873492 
7.05962473   13.14550085 
5.84416971   9.65643775 
5.89927526   9.75262283 
5.94550612   9.58039220 
4.85553862   11.88596747 
5.30063517   10.61575665 
5.34969300   10.61917508 
4.53440679   8.68558054 
4.45228383   8.73168592 
5.88927200   9.90870855 
8.71676507   9.57322481 
9.17647475   9.59264210 
4.52801339   8.78351046 
4.92719044   12.24364263 
4.99701543   12.19211073 
5.02602184   12.24873108 
4.94705082   12.15096893 
5.30885131   9.34446841 
5.34204728   9.30690075 
5.34276117   9.26558091 
5.39700346   9.27912960 
5.35806154   9.21963753 
5.46229512   9.34554916 
5.42427484   9.20464536 
5.48065751   9.25213023 
9.96489857   12.45816700 
10.19852443   12.94468829 
10.60351194   12.49504754 
5.20479054   8.34169316 
5.54945996   9.21812293 
5.54672242   9.30588646 
5.59603489   9.15523188 
5.53872623   9.09069176 
5.58887040   9.03575820 
5.29614668   11.68320425 
5.01806972   12.13955885 
4.98297001   12.11033580 
5.55173672   9.39581902 
5.19236676   9.16480134 
5.06277107   9.25918695 
5.08398100   10.58235225 
12.43251945   10.80867658 
3.92082831   14.84795518 
3.66018857   14.59711814 
5.13703829   11.80388873 
5.13625183   11.85009722 
5.09612000   11.83513191 
5.35380219   10.02226601 
5.30625080   9.99480241 
5.95764007   10.77281496 
6.04912143   10.78165225 
5.99992619   10.71173196 
5.26000653   9.56670775 
5.27035145   9.63144880 
4.89245996   8.69336245 
5.31256369   8.01605496 
5.39191673   7.97186262 
5.32557923   8.09114288 
5.39656437   11.27248558 
6.51285859   6.26819135 
5.44724869   11.30739101 
5.21278863   11.04323633 
6.84584054   10.24600962 
4.59861298   8.74954948 
5.24123873   11.29113099 
5.29014347   11.30773301 
4.31777332   8.07706783 
7.39936037   10.27069614 
7.21843715   10.16788956 
7.31849361   10.00965335 
7.14851999   10.00201502 
17.38974122   18.09167947 
8.46597160   8.08914987 
8.37460912   8.39063522 
5.74241953   12.83675934 
5.89605642   12.82949370 
5.83130273   12.72852333 
5.37400357   13.32627570 
5.41455488   13.15422087 
5.67491465   11.95221426 
4.25716999   14.63872369 
4.19560491   15.07540909 
4.81390269   7.32226928 
4.69595265   7.14567666 
4.93433871   7.11554973 
5.06243115   11.81181226 
5.05821456   11.76116296 
5.09270487   11.78936689 
5.56791638   8.58523630 
5.40300834   11.77483192 
5.46106920   11.79267417 
10.44594697   8.24417503 
10.35131882   7.75538818 
6.76663525   8.02689831 
6.72904765   8.18958931 
8.61378285   14.63968978 
4.33542237   11.60914669 
10.27654747   7.13236901 
5.43344354   10.25247150 
5.38284169   10.20867444 
9.86061325   7.58892090 
5.32186187   12.26202689 
5.00662930   7.28638517 
5.17043567   7.31031591 
5.13042308   7.42626506 
5.46662564   7.95018344 
5.53183952   8.01523342 
5.29298537   12.07530115 
5.23142722   12.10222245 
5.11584922   11.76072148 
5.27434167   12.16692331 
6.15681188   11.09415528 
6.05916732   11.07754519 
5.15175020   7.16728722 
4.85753220   8.00743398 
4.91081996   8.02539930 
7.91785424   14.20716531 
5.72752049   10.49614734 
5.30160503   9.44477477 
5.38274577   9.47461648 
4.75597847   7.73463902 
4.65707075   7.70923078 
3.99952329   13.26515657 
5.50937326   8.15770244 
5.54254024   8.25000151 
5.44895520   8.22515435 
5.25761987   9.32106329 
4.10326602   5.97022528 
4.16722461   6.29177059 
5.29269371   9.28586159 
5.94901643   11.06884625 
5.99883971   11.16433914 
5.39618091   9.02101759 
6.36083114   8.30162937 
6.48613847   8.36137818 
7.62749322   12.07212908 
7.37977367   9.79099683 
7.42028174   9.55324653 
7.56168666   9.73283338 
7.18970261   9.82111456 
6.40464318   11.97793259 
6.55748144   11.86824732 
5.69556902   10.80488505 
5.77135977   10.77561409 
5.76987860   10.84348628 
6.51949783   11.10765972 
12.21025351   12.54154643 
7.80548780   8.60472751 
7.78498516   8.90380953 
7.55637438   8.70200870 
7.50698977   8.90294192 
8.15024374   10.40418429 
8.37216699   10.63099207 
8.42643271   10.35499848 
9.43046417   7.35510323 
4.01429188   6.53419555 
5.35827069   10.08502872 
5.42190350   10.03656823 
9.77113980   11.50954805 
7.00417964   9.23769350 
6.29164309   12.83008217 
5.18514871   8.59670467 
5.61678611   10.80219015 
5.72686964   11.67828579 
5.81500518   11.66900059 
5.73440626   11.60323803 
6.01031573   11.55437854 
5.98244557   11.67472346 
5.89015446   11.59263199 
4.92099438   10.36622056 
12.69530681   14.94611067 
5.44827632   8.47491558 
5.40202640   8.54372168 
5.46416736   8.54218042 
8.92150747   8.64713533 
8.72475560   8.96779674 
8.90643615   9.25598922 
5.13426947   9.46769221 
8.69892826   8.41432899 
9.06296858   8.32200759 
6.65053794   8.45387784 
6.73083064   8.58423337 
6.69172478   8.72248211 
6.73809710   10.03274964 
6.86397731   10.08772968 
6.82878392   9.93338146 
5.49298598   11.00251822 
5.43528169   11.04962727 
8.14683705   10.16990043 
8.00078384   9.93946157 
8.22892754   9.89570648 
8.06995180   9.71287893 
8.36037762   9.60755822 
6.87040364   9.64044867 
6.94843705   9.80187099 
6.76428103   9.77109724 
7.03629157   9.67489979 
6.68232066   9.89820334 
6.62061215   9.75732412 
6.54360449   9.87306192 
5.23804301   9.71770298 
5.27084612   9.68469134 
5.34285530   11.90093922 
5.40247660   11.85929074 
5.36327444   11.33751666 
5.29401085   11.52793414 
5.07574214   9.56795023 
4.47285560   10.09491475 
10.48728352   9.64149813 
6.37142993   8.44555180 
5.69225877   12.66521082 
5.74006824   12.52936927 
5.64804616   7.76394017 
5.54333679   7.79640171 
5.54261650   7.69698930 
5.62584309   7.64253116 
5.73746728   7.66125301 
5.52068814   8.50737538 
4.34995826   6.93288304 
4.56820042   6.99897990 
4.43653135   7.16214411 
5.24601232   8.59035049 
5.57677293   11.02790021 
4.56249455   6.76635290 
5.50175985   8.58082721 
5.31925261   7.94134601 
5.38041373   7.89125085 
5.59046668   12.78160786 
5.51032951   11.07557318 
5.13619760   7.00039549 
5.31421480   8.79418675 
5.36006223   8.82931887 
5.31808717   8.74793951 
8.49555690   9.26306179 
4.02316865   14.41896336 
5.44290183   11.39396745 
5.49061644   11.47675831 
5.40747122   11.47962267 
8.70242418   11.10032812 
9.07050461   11.03513432 
5.86103600   10.79474590 
5.91013793   10.70490663 
5.27364313   11.91242338 
5.30004991   11.98701174 
6.51857133   9.26517186 
6.64234915   9.35237255 
6.48163590   9.41004992 
5.49264779   10.00778891 
5.44497575   9.95587058 
6.12495991   7.51830158 
8.16726511   9.04065173 
8.06089980   8.75117477 
8.43825319   8.71227996 
5.26785715   8.52968878 
4.76626729   7.84523602 
4.78575496   7.91467079 
4.69935461   7.92336335 
20.13624515   5.90986865 
5.05685800   11.35796363 
16.93234916   17.27939597 
5.08488108   9.47777544 
4.05060426   11.68686941 
4.83547075   10.41626962 
4.97993176   12.33364025 
6.59387602   9.50661951 
8.42214050   10.92903796 
5.46724362   10.30331249 
5.48640452   7.85943262 
4.46223800   11.93899806 
5.12156354   12.02723869 
5.10017310   7.87357616 
11.39538166   5.81065175 
11.90924644   5.35707719 
5.25468758   10.30165698 
9.37086242   7.95384884 
5.13326627   10.79170629 
6.98019694   11.33483704 
4.85386825   7.80656419 
5.33614468   8.52750700 
5.30733300   8.57968459 
5.35538964   8.57460543 
5.88842427   11.73227907 
5.68880359   7.53532300 
5.61532703   7.38852939 
6.85109091   8.45536512 
6.90589152   8.20669578 
5.38586674   9.85678204 
5.42880679   9.81562087 
6.18890599   10.76977583 
4.91086043   10.07199486 
4.57132055   13.26063239 
4.84489649   13.17899419 
6.68653696   9.63104683 
6.77484223   9.48435444 
5.14612042   7.81918819 
5.18657184   7.76206025 
5.36563878   8.20437778 
6.40231690   11.81857014 
5.57436192   11.45875409 
5.65118697   11.43096193 
5.63268743   11.50592171 
5.74399716   11.39114054 
5.57911202   11.38038780 
5.09138095   8.00606587 
5.17173485   7.68022462 
5.25014612   7.61884357 
5.05582068   9.72396128 
11.05528479   9.20760579 
5.22959804   9.66616815 
11.87420714   13.17144385 
4.91495004   9.54127915 
4.94473705   9.52298665 
5.17817576   9.42520816 
5.53829546   10.83357855 
5.50684044   9.60924913 
6.09691470   8.47684378 
4.95483224   7.90185891 
4.92823823   7.84164128 
15.56373563   4.60909759 
5.91285405   12.17197582 
5.14618421   11.97523165 
5.24106616   8.69728755 
6.22827664   7.36209511 
5.26466912   11.24911495 
4.83021923   7.87827187 
5.27760098   11.19110510 
4.52592676   9.11842618 
6.48455127   10.58283626 
5.08695645   10.34713180 
4.25446334   6.75700489 
5.29768075   11.75848132 
5.26363928   8.80175248 
5.27937513   8.75011444 
5.95217838   7.12235374 
5.23417817   8.75795404 
7.59420623   11.47910315 
4.84649556   12.05739531 
5.36144483   8.37143481 
8.61947277   13.37527950 
5.14515840   11.93010874 
6.13904782   6.93184370 
5.79662190   8.34889280 
6.16019752   7.18027220 
5.69992237   8.34548601 
4.53466786   12.47083218 
4.24933422   8.96838824 
4.68551842   9.52895518 
5.64381906   9.67962858 
5.02695447   7.70780169 
4.94803942   7.67044869 
5.45047192   8.61331407 
8.44056295   11.72327613 
7.77590790   9.80427827 
7.57516789   10.00520796 
5.94726238   6.95847169 
5.92727563   6.81364504 
4.95087452   7.76743857 
5.58909922   13.01214225 
5.32069116   13.00297275 
5.45952462   12.87029685 
6.97549159   10.79514209 
7.57053755   12.37160445 
5.22596117   10.69834612 
6.85445351   8.66104790 
6.18741281   7.66692288 
5.06364902   10.46538044 
5.48476336   10.45660113 
4.88220333   11.98577028 
4.83411637   11.93485658 
5.46816932   10.51942876 
6.57018802   11.69168432 
6.29800866   9.76085502 
5.59728991   9.47790674 
5.15214787   8.56398450 
5.20454079   10.27070863 
5.65225872   9.41697777 
5.29618659   11.36572362 
5.24427447   7.96163802 
12.16653510   8.10444406 
5.06674435   12.17765216 
5.10996309   12.23520524 
5.07528597   12.31013548 
10.89276793   5.58039411 
4.15441844   13.13275719 
4.53665049   8.86103831 
6.82861956   8.86573653 
6.30819939   10.16379233 
5.22132210   8.50964573 
4.56602480   11.07206374 
5.37294152   11.41705459 
6.00753123   9.28411535 
5.69718769   10.59426763 
12.75748298   8.53611390 
5.79908036   11.56635630 
5.36458021   11.72154385 
5.34847685   11.80833176 
5.15796757   12.31373996 
5.18522443   12.21507160 
5.51745861   11.41128156 
5.29942447   8.36329452 
6.75831834   8.32744880 
9.81495033   7.24082580 
5.73339111   9.66288203 
5.05532399   7.92196470 
5.34689917   12.03483618 
5.36592421   11.97886720 
4.91159823   12.04406851 
4.94192999   12.08522615 
4.88978105   12.10859183 
6.02671763   11.44056754 
4.98847416   7.84690060 
5.05248386   7.80415960 
5.30699185   10.41204032 
5.36655879   11.65589875 
5.04014520   7.86881771 
5.23873091   12.26517055 
5.25425903   12.36809101 
6.18774898   10.64351692 
7.00115954   9.97028422 
5.64489371   12.47260189 
4.59816662   7.30360970 
5.91920342   8.17692531 
5.98287273   8.22026210 
5.56364914   10.77312351 
5.49888485   9.16820632 
5.58156617   10.71932791 
5.28231808   12.82466031 
5.48232424   12.70605422 
5.36012614   12.71196914 
6.08605365   10.67880884 
5.11464514   7.74539426 
5.44988028   9.87851971 
5.50688601   9.91611681 
5.13652051   12.88875913 
5.56643266   10.63119385 
9.28477620   10.14309227 
7.57993243   9.08083564 
5.76907871   7.77562082 
5.39573913   9.68136299 
5.54352802   7.93568819 
9.56711761   12.57122882 
9.66692939   9.32566816 
5.96601786   9.41013453 
5.88902312   9.34227309 
4.95216966   12.42677992 
5.93482647   9.49858354 
5.85184278   9.55089863 
4.63713399   12.79272617 
5.48200796   11.56062457 
5.46641136   7.76214649 
5.11260485   9.51322727 
5.23710265   7.51518773 
5.60416330   8.33307679 
6.12069118   9.28482499 
5.49882902   10.64081677 
6.50609029   11.46722246 
6.60051977   11.39329047 
5.41710930   10.53183450 
8.45701437   8.99876673 
14.19094497   3.44035178 
6.47579472   11.35686610 
5.31628484   11.62647176 
5.44192990   7.66294691 
5.33850774   7.66317220 
5.37354789   7.74178898 
5.40476530   7.81241375 
5.46846583   9.10836291 
5.43457469   9.14825917 
5.00427089   7.89748750 
5.72268546   11.50649548 
6.13406666   11.39435037 
8.71313248   11.57773912 
5.19643373   12.14779566 
5.30214292   10.28244128 
6.09371622   11.16306381 
6.24482131   9.13352114 
4.85806323   7.69455392 
5.13390959   12.16159487 
5.52838802   12.46738425 
5.57717373   12.59918371 
5.45104986   11.51409650 
5.87148248   7.26826405 
6.10736341   11.50826606 
10.28601208   12.13870721 
5.63349945   10.30901737 
9.13539974   12.03310266 
5.14528447   9.76977964 
5.52109140   10.68936338 
5.60112862   10.36564704 
6.98974943   8.57640883 
5.46334485   8.67629919 
