--------------------------------------------------------------------
BCnode_num   BCtype_num
396 13
--------------------------------------------------------------------
DBC_info_num 8
1 6 18.0000000000 300.0000000000 0.0000000000
2 2 0.0000000000 0.0000000000 0.0000000000
5 4 -30.0000000000 0.0000000000 0.0000000000
6 4 -30.0000000000 0.0000000000 0.0000000000
7 4 -30.0000000000 0.0000000000 0.0000000000
8 4 -30.0000000000 0.0000000000 0.0000000000
9 4 -30.0000000000 0.0000000000 0.0000000000
10 4 -30.0000000000 0.0000000000 0.0000000000
--------------------------------------------------------------------
BC_Node ID_BC
4 1
21 1
22 1
23 1
24 1
25 1
26 1
27 1
28 1
29 1
30 1
31 1
32 1
33 1
34 1
35 1
36 1
1 1
2 2
53 2
54 2
55 2
56 2
57 2
58 2
59 2
60 2
61 2
62 2
63 2
64 2
65 2
66 2
67 2
68 2
3 2
69 3
70 3
71 3
72 3
73 3
74 3
75 3
76 3
77 3
78 3
79 3
80 3
81 3
82 3
83 3
84 3
37 4
38 4
39 4
40 4
41 4
42 4
43 4
44 4
45 4
46 4
47 4
48 4
49 4
50 4
51 4
52 4
6 5
85 5
86 5
87 5
88 5
89 5
90 5
91 5
92 5
5 5
93 5
94 5
95 5
96 5
97 5
98 5
99 5
100 5
8 6
101 6
102 6
103 6
104 6
105 6
106 6
107 6
108 6
7 6
109 6
110 6
111 6
112 6
113 6
114 6
115 6
116 6
10 7
117 7
118 7
119 7
120 7
121 7
122 7
123 7
124 7
9 7
125 7
126 7
127 7
128 7
129 7
130 7
131 7
132 7
12 8
133 8
134 8
135 8
136 8
137 8
138 8
139 8
140 8
11 8
141 8
142 8
143 8
144 8
145 8
146 8
147 8
148 8
14 9
149 9
150 9
151 9
152 9
153 9
154 9
155 9
156 9
13 9
157 9
158 9
159 9
160 9
161 9
162 9
163 9
164 9
16 10
165 10
166 10
167 10
168 10
169 10
170 10
171 10
172 10
15 10
173 10
174 10
175 10
176 10
177 10
178 10
179 10
180 10
17 11
181 11
182 11
183 11
184 11
185 11
186 11
187 11
188 11
189 11
190 11
191 11
192 11
193 11
194 11
195 11
196 11
197 11
198 11
199 11
18 11
200 12
201 12
202 12
203 12
204 12
205 12
206 12
207 12
208 12
209 12
210 12
211 12
212 12
213 12
214 12
215 12
216 12
217 12
218 12
19 13
219 13
220 13
221 13
222 13
223 13
224 13
225 13
226 13
227 13
228 13
229 13
230 13
231 13
232 13
233 13
234 13
235 13
236 13
237 13
238 13
239 13
240 13
241 13
242 13
243 13
244 13
245 13
246 13
247 13
248 13
249 13
250 13
251 13
252 13
253 13
254 13
255 13
256 13
257 13
258 13
259 13
260 13
261 13
262 13
263 13
264 13
265 13
266 13
267 13
268 13
269 13
270 13
271 13
272 13
273 13
274 13
275 13
276 13
277 13
278 13
279 13
280 13
281 13
282 13
283 13
284 13
285 13
286 13
287 13
288 13
289 13
290 13
291 13
292 13
293 13
294 13
295 13
296 13
297 13
298 13
299 13
300 13
301 13
302 13
303 13
304 13
305 13
306 13
307 13
20 13
308 13
309 13
310 13
311 13
312 13
313 13
314 13
315 13
316 13
317 13
318 13
319 13
320 13
321 13
322 13
323 13
324 13
325 13
326 13
327 13
328 13
329 13
330 13
331 13
332 13
333 13
334 13
335 13
336 13
337 13
338 13
339 13
340 13
341 13
342 13
343 13
344 13
345 13
346 13
347 13
348 13
349 13
350 13
351 13
352 13
353 13
354 13
355 13
356 13
357 13
358 13
359 13
360 13
361 13
362 13
363 13
364 13
365 13
366 13
367 13
368 13
369 13
370 13
371 13
372 13
373 13
374 13
375 13
376 13
377 13
378 13
379 13
380 13
381 13
382 13
383 13
384 13
385 13
386 13
387 13
388 13
389 13
390 13
391 13
392 13
393 13
394 13
395 13
396 13
--------------------------------------------------------------------
BCEdge_num   BCEdge_num
396 13
--------------------------------------------------------------------
EBC_info_num 12
2 4 20 0 0
3 4 10 10 0
4 4 10 10 0
5 2 0 10 0
6 2 0 10 0
7 2 0 10 0
8 2 0 10 0
9 2 0 10 0
10 2 0 10 0
11 2 0 10 0
12 4 21 0 0
1.5000000000 18.0000000000 
13 4 21 0 0
11.6300000000 18.0000000000 
--------------------------------------------------------------------
4 21 1
21 22 1
22 23 1
23 24 1
24 25 1
25 26 1
26 27 1
27 28 1
28 29 1
29 30 1
30 31 1
31 32 1
32 33 1
33 34 1
34 35 1
35 36 1
36 1 1
2 53 2
53 54 2
54 55 2
55 56 2
56 57 2
57 58 2
58 59 2
59 60 2
60 61 2
61 62 2
62 63 2
63 64 2
64 65 2
65 66 2
66 67 2
67 68 2
68 3 2
3 69 3
69 70 3
70 71 3
71 72 3
72 73 3
73 74 3
74 75 3
75 76 3
76 77 3
77 78 3
78 79 3
79 80 3
80 81 3
81 82 3
82 83 3
83 84 3
84 4 3
1 37 4
37 38 4
38 39 4
39 40 4
40 41 4
41 42 4
42 43 4
43 44 4
44 45 4
45 46 4
46 47 4
47 48 4
48 49 4
49 50 4
50 51 4
51 52 4
52 2 4
6 85 5
85 86 5
86 87 5
87 88 5
88 89 5
89 90 5
90 91 5
91 92 5
92 5 5
5 93 5
93 94 5
94 95 5
95 96 5
96 97 5
97 98 5
98 99 5
99 100 5
100 6 5
8 101 6
101 102 6
102 103 6
103 104 6
104 105 6
105 106 6
106 107 6
107 108 6
108 7 6
7 109 6
109 110 6
110 111 6
111 112 6
112 113 6
113 114 6
114 115 6
115 116 6
116 8 6
10 117 7
117 118 7
118 119 7
119 120 7
120 121 7
121 122 7
122 123 7
123 124 7
124 9 7
9 125 7
125 126 7
126 127 7
127 128 7
128 129 7
129 130 7
130 131 7
131 132 7
132 10 7
12 133 8
133 134 8
134 135 8
135 136 8
136 137 8
137 138 8
138 139 8
139 140 8
140 11 8
11 141 8
141 142 8
142 143 8
143 144 8
144 145 8
145 146 8
146 147 8
147 148 8
148 12 8
14 149 9
149 150 9
150 151 9
151 152 9
152 153 9
153 154 9
154 155 9
155 156 9
156 13 9
13 157 9
157 158 9
158 159 9
159 160 9
160 161 9
161 162 9
162 163 9
163 164 9
164 14 9
16 165 10
165 166 10
166 167 10
167 168 10
168 169 10
169 170 10
170 171 10
171 172 10
172 15 10
15 173 10
173 174 10
174 175 10
175 176 10
176 177 10
177 178 10
178 179 10
179 180 10
180 16 10
17 181 11
181 182 11
182 183 11
183 184 11
184 185 11
185 186 11
186 187 11
187 188 11
188 189 11
189 190 11
190 191 11
191 192 11
192 193 11
193 194 11
194 195 11
195 196 11
196 197 11
197 198 11
198 199 11
199 18 11
18 200 12
200 201 12
201 202 12
202 203 12
203 204 12
204 205 12
205 206 12
206 207 12
207 208 12
208 209 12
209 210 12
210 211 12
211 212 12
212 213 12
213 214 12
214 215 12
215 216 12
216 217 12
217 218 12
218 17 12
19 219 13
219 220 13
220 221 13
221 222 13
222 223 13
223 224 13
224 225 13
225 226 13
226 227 13
227 228 13
228 229 13
229 230 13
230 231 13
231 232 13
232 233 13
233 234 13
234 235 13
235 236 13
236 237 13
237 238 13
238 239 13
239 240 13
240 241 13
241 242 13
242 243 13
243 244 13
244 245 13
245 246 13
246 247 13
247 248 13
248 249 13
249 250 13
250 251 13
251 252 13
252 253 13
253 254 13
254 255 13
255 256 13
256 257 13
257 258 13
258 259 13
259 260 13
260 261 13
261 262 13
262 263 13
263 264 13
264 265 13
265 266 13
266 267 13
267 268 13
268 269 13
269 270 13
270 271 13
271 272 13
272 273 13
273 274 13
274 275 13
275 276 13
276 277 13
277 278 13
278 279 13
279 280 13
280 281 13
281 282 13
282 283 13
283 284 13
284 285 13
285 286 13
286 287 13
287 288 13
288 289 13
289 290 13
290 291 13
291 292 13
292 293 13
293 294 13
294 295 13
295 296 13
296 297 13
297 298 13
298 299 13
299 300 13
300 301 13
301 302 13
302 303 13
303 304 13
304 305 13
305 306 13
306 307 13
307 20 13
20 308 13
308 309 13
309 310 13
310 311 13
311 312 13
312 313 13
313 314 13
314 315 13
315 316 13
316 317 13
317 318 13
318 319 13
319 320 13
320 321 13
321 322 13
322 323 13
323 324 13
324 325 13
325 326 13
326 327 13
327 328 13
328 329 13
329 330 13
330 331 13
331 332 13
332 333 13
333 334 13
334 335 13
335 336 13
336 337 13
337 338 13
338 339 13
339 340 13
340 341 13
341 342 13
342 343 13
343 344 13
344 345 13
345 346 13
346 347 13
347 348 13
348 349 13
349 350 13
350 351 13
351 352 13
352 353 13
353 354 13
354 355 13
355 356 13
356 357 13
357 358 13
358 359 13
359 360 13
360 361 13
361 362 13
362 363 13
363 364 13
364 365 13
365 366 13
366 367 13
367 368 13
368 369 13
369 370 13
370 371 13
371 372 13
372 373 13
373 374 13
374 375 13
375 376 13
376 377 13
377 378 13
378 379 13
379 380 13
380 381 13
381 382 13
382 383 13
383 384 13
384 385 13
385 386 13
386 387 13
387 388 13
388 389 13
389 390 13
390 391 13
391 392 13
392 393 13
393 394 13
394 395 13
395 396 13
396 19 13
