0.00000000   0.00000000 
30.00000000   0.00000000 
30.00000000   20.00000000 
0.00000000   20.00000000 
5.00000000   10.45500000 
5.00000000   10.34500000 
5.00000000   9.65500000 
5.00000000   9.54500000 
0.00000000   19.23076923 
0.00000000   18.46153846 
0.00000000   17.69230769 
0.00000000   16.92307692 
0.00000000   16.15384615 
0.00000000   15.38461538 
0.00000000   14.61538462 
0.00000000   13.84615385 
0.00000000   13.07692308 
0.00000000   12.30769231 
0.00000000   11.53846154 
0.00000000   10.76923077 
0.00000000   10.00000000 
0.00000000   9.23076923 
0.00000000   8.46153846 
0.00000000   7.69230769 
0.00000000   6.92307692 
0.00000000   6.15384615 
0.00000000   5.38461538 
0.00000000   4.61538462 
0.00000000   3.84615385 
0.00000000   3.07692308 
0.00000000   2.30769231 
0.00000000   1.53846154 
0.00000000   0.76923077 
0.79015560   0.00000000 
1.58551415   0.00000000 
2.38610964   0.00000000 
3.19197683   0.00000000 
4.00315047   0.00000000 
4.81966513   0.00000000 
5.64155647   0.00000000 
6.46885969   0.00000000 
7.30161029   0.00000000 
8.13984421   0.00000000 
8.98359761   0.00000000 
9.83290681   0.00000000 
10.68780845   0.00000000 
11.54833926   0.00000000 
12.41453636   0.00000000 
13.28643685   0.00000000 
14.16407870   0.00000000 
15.04749956   0.00000000 
15.93673721   0.00000000 
16.83183028   0.00000000 
17.73281735   0.00000000 
18.63973694   0.00000000 
19.55262818   0.00000000 
20.47153061   0.00000000 
21.39648359   0.00000000 
22.32752702   0.00000000 
23.26470106   0.00000000 
24.20804611   0.00000000 
25.15760268   0.00000000 
26.11341171   0.00000000 
27.07551441   0.00000000 
28.04395221   0.00000000 
29.01876663   0.00000000 
30.00000000   0.95238095 
30.00000000   1.90476190 
30.00000000   2.85714286 
30.00000000   3.80952381 
30.00000000   4.76190476 
30.00000000   5.71428571 
30.00000000   6.66666667 
30.00000000   7.61904762 
30.00000000   8.57142857 
30.00000000   9.52380952 
30.00000000   10.47619048 
30.00000000   11.42857143 
30.00000000   12.38095238 
30.00000000   13.33333333 
30.00000000   14.28571429 
30.00000000   15.23809524 
30.00000000   16.19047619 
30.00000000   17.14285714 
30.00000000   18.09523810 
30.00000000   19.04761905 
29.01876663   20.00000000 
28.04395221   20.00000000 
27.07551441   20.00000000 
26.11341171   20.00000000 
25.15760268   20.00000000 
24.20804611   20.00000000 
23.26470106   20.00000000 
22.32752702   20.00000000 
21.39648359   20.00000000 
20.47153061   20.00000000 
19.55262818   20.00000000 
18.63973694   20.00000000 
17.73281735   20.00000000 
16.83183028   20.00000000 
15.93673721   20.00000000 
15.04749956   20.00000000 
14.16407870   20.00000000 
13.28643685   20.00000000 
12.41453636   20.00000000 
11.54833926   20.00000000 
10.68780845   20.00000000 
9.83290681   20.00000000 
8.98359761   20.00000000 
8.13984421   20.00000000 
7.30161029   20.00000000 
6.46885969   20.00000000 
5.64155647   20.00000000 
4.81966513   20.00000000 
4.00315047   20.00000000 
3.19197683   20.00000000 
2.38610964   20.00000000 
1.58551415   20.00000000 
0.79015560   20.00000000 
5.03889087   10.36110913 
5.05500000   10.40000000 
5.03889087   10.43889087 
4.96110913   10.43889087 
4.94500000   10.40000000 
4.96110913   10.36110913 
5.03889087   9.56110913 
5.05500000   9.60000000 
5.03889087   9.63889087 
4.96110913   9.63889087 
4.94500000   9.60000000 
4.96110913   9.56110913 
1.40749688   10.35578111 
0.95973680   10.19598681 
1.28405995   9.78078746 
0.62870758   9.74794866 
13.90655093   11.75948514 
13.79355638   11.21328490 
14.45214921   11.36747533 
2.63779561   9.64784452 
2.91755534   9.88492414 
2.67312964   9.97381958 
2.97077037   9.61503236 
14.18988744   10.78115331 
22.64168350   1.26697218 
21.74978809   1.36563613 
21.99572716   0.69205936 
22.19630148   2.10149319 
0.49254843   4.46462653 
0.78262542   4.06459390 
2.26204772   19.04044879 
3.03241657   19.19343890 
11.58411915   19.04736786 
12.14466901   18.58861488 
12.21538527   19.31023703 
6.09223128   14.48377304 
5.77277704   14.64198959 
5.88060516   14.21279659 
5.55723678   14.31936822 
0.78557930   3.39975191 
3.61179336   9.93530203 
3.44201654   10.13616237 
3.37810833   9.92142231 
9.67979952   4.96835247 
10.24519607   5.09659544 
9.89322181   5.40985231 
10.04040929   4.58815035 
22.64942852   16.03090160 
21.88358623   16.16788652 
21.95398843   15.30807039 
22.38633059   16.80722754 
10.00273193   18.94892098 
10.28827863   19.50186308 
9.45738506   19.30363485 
6.80555577   4.62889232 
6.76430003   4.23072504 
7.08425981   4.35154676 
6.40696880   4.31142547 
7.43254848   4.21408682 
7.38527452   4.73571344 
7.78011614   4.37414564 
7.69016588   16.47168639 
7.18318607   16.43929849 
7.50669725   15.89617788 
6.94508778   16.04262299 
3.16962588   10.08387522 
3.46869619   10.60009574 
3.22374576   10.64039808 
3.28481495   10.37203629 
7.07515516   15.62676791 
6.67125124   15.80107818 
6.72688236   15.34914228 
6.34513474   15.70390849 
2.99181519   10.51210977 
6.68245021   5.60293995 
6.15238211   5.53595463 
6.51988343   5.25029345 
3.19484210   9.78265793 
3.24950838   9.54477793 
3.10352789   9.34192166 
3.04757510   10.84040407 
2.80108370   11.06744838 
2.82105894   10.73354755 
29.38188179   3.24999601 
29.19079709   2.49672748 
2.51306081   10.84943499 
8.76030331   5.16390252 
8.53764145   4.69290936 
9.08285427   4.81021682 
8.89167739   4.26755105 
3.33824300   9.32914701 
3.46642568   9.45309124 
3.48219541   9.67865896 
7.94587915   3.08347375 
7.64151017   2.62671364 
8.15609607   2.55475570 
7.75579050   2.14991640 
6.36777362   5.95753032 
9.18778759   2.75847812 
8.67930218   3.16957774 
8.73069732   2.37200578 
9.60214239   0.57418064 
10.21250213   0.54390847 
9.98430310   1.05853094 
7.04476917   5.15530531 
7.15763045   5.66021254 
5.70719814   15.10183284 
6.22978072   15.25753407 
5.88503821   15.61958299 
29.15389268   17.52612123 
29.19715941   16.69011426 
6.11737896   14.86213592 
2.36264180   14.36830734 
1.64418097   14.63407617 
1.98648298   14.04154434 
7.58017548   1.63363133 
7.39845663   0.92623690 
8.11139434   1.17267879 
1.44788912   13.98115068 
9.55592262   15.34294941 
9.50207677   14.78459112 
9.96351595   15.01808137 
12.33952278   1.01997799 
12.15180017   0.49868124 
12.79191131   0.62508071 
19.46127288   2.02921513 
18.85257422   2.77237906 
18.51885799   1.89930044 
9.87039707   14.43859388 
1.03916074   10.66409224 
4.90164207   10.17664727 
4.83520128   10.15642921 
4.88197567   10.10607421 
1.06295173   9.33010167 
3.11897893   13.70617604 
2.80529231   13.20677108 
3.37660083   13.17531574 
1.55527845   5.93609975 
1.28361614   6.68230619 
0.79756423   6.12619762 
4.64728739   2.86862609 
4.18616496   3.30012414 
4.03677027   2.72218945 
0.77367480   13.86760925 
1.29349570   13.31162265 
4.73458738   3.38362296 
4.01675327   17.29767920 
4.17841859   16.70422365 
4.62206227   17.15661937 
4.72576281   16.62012803 
2.52610071   13.71423743 
3.40664248   6.85287552 
2.96213590   6.79020027 
3.12050154   6.36631779 
2.17694523   5.60408167 
2.66302032   5.98361414 
2.19131764   6.22025934 
1.85225131   9.97538621 
1.81369935   10.53554858 
2.77627558   5.33709736 
1.69705791   9.46144893 
0.54533229   14.95299881 
0.46507021   14.36134179 
1.00634396   14.52456245 
1.03781457   5.49824938 
0.47835667   5.65165376 
0.55640454   5.09536028 
2.64331360   6.51890522 
9.46918719   17.69298263 
10.02497448   17.19689945 
10.06237852   17.93601792 
12.77461257   18.78507308 
13.36008568   19.12242797 
12.82603531   19.44036633 
13.47713271   18.29849894 
3.62968962   10.15087552 
5.77226842   7.81199735 
5.98410136   7.95784297 
5.76133037   8.05970748 
3.79578434   10.07500872 
3.76010549   10.25208091 
3.96112043   10.23179257 
3.84995456   9.87254849 
24.32461967   14.98236815 
23.70171651   15.29655354 
23.64209657   14.67971084 
22.96918026   15.10680780 
6.09670989   3.92705396 
5.94990757   4.46366076 
5.60455789   3.90206266 
5.41470350   4.46070864 
5.55787984   16.12931000 
6.05355418   16.09756046 
5.38606392   15.54785521 
6.81349127   16.87456465 
6.72993524   16.39386256 
2.26497762   6.74367944 
1.84437060   6.53517580 
24.93169496   12.64124309 
25.72565308   12.73353104 
25.24169877   13.54293214 
26.51177994   13.32149616 
6.87571236   3.11743286 
7.20323356   3.55073248 
6.77217203   3.60993727 
7.03362027   3.94831619 
2.52521035   12.80855737 
2.35266763   13.21457831 
2.81807882   16.63858038 
2.63484479   16.13590589 
3.22159095   16.25382079 
2.93255491   15.70377778 
3.08306519   17.11702691 
2.53298792   17.13232369 
6.02949740   7.66898269 
2.99569792   17.72148525 
6.70293802   0.76013708 
6.52826670   14.92435579 
6.91704808   14.95308084 
21.63447760   14.47726391 
20.94094072   14.98563004 
20.85110926   13.97330109 
7.23729783   15.18009414 
3.22667601   3.74972411 
2.63412547   3.86026543 
2.89001568   3.35737799 
2.93203623   4.29583721 
2.64687933   2.90871736 
3.10440249   2.90216470 
3.01086961   2.34075878 
9.42448729   3.30292877 
9.15136647   3.80097154 
26.91424209   7.00914121 
27.58714915   7.56278378 
26.83592826   8.09149696 
28.00753693   8.42039340 
5.28322235   11.29610902 
5.12172122   11.27814060 
5.25624332   11.16222703 
3.67490536   9.48849785 
3.82837293   9.32062852 
3.86682725   9.54805222 
6.22994223   7.87043866 
4.36650250   9.43417728 
4.32001345   9.59371396 
4.20752497   9.47317437 
0.52078119   2.72637285 
7.99763073   4.68838996 
8.26410950   4.18850723 
0.63464339   17.00211238 
8.25631369   5.07850355 
5.15665424   9.92848074 
5.19643251   9.97046618 
5.14523463   9.98717756 
4.46116134   9.58177032 
19.92011271   19.25842131 
20.54424861   18.87062365 
8.05657281   10.58908253 
8.39074435   10.81239441 
7.97472286   10.94182602 
13.87056267   1.63411839 
13.61677146   0.80169175 
14.58893444   0.94863437 
8.94959760   17.50490845 
8.62817213   17.00676969 
9.31789885   16.96880502 
28.47508015   17.05585239 
28.35150744   17.71901277 
28.61119928   3.09375680 
28.38286562   2.31303200 
8.89100895   16.51147328 
7.82101746   4.04403079 
7.54129442   3.80465628 
2.90542016   0.84597903 
7.67032800   3.43201347 
7.44101973   3.07902400 
2.59566505   1.71955548 
1.99317663   1.74759329 
2.25443281   1.26285075 
2.27101578   15.00474720 
26.49246067   19.22147543 
27.51363185   19.19475391 
27.50983598   0.88274012 
26.49336844   0.77681323 
2.71610576   15.22762828 
2.29856557   15.71689559 
1.62657614   5.19738523 
2.22145911   4.94077848 
2.28533738   4.24253941 
2.70954911   4.76619266 
5.00557650   9.82272436 
5.01344524   9.76580979 
5.05340101   9.79206167 
5.13337063   11.13320176 
6.57762030   4.94418409 
4.64571745   10.88711214 
4.57476026   10.79192701 
4.71588613   10.75587015 
4.81514218   10.81312309 
4.86211505   10.90868419 
4.75460910   10.89746916 
6.37569772   4.67334614 
4.46633270   9.32394716 
4.51477400   9.45010835 
4.90766429   10.78351276 
1.61225432   18.82774527 
1.44359137   18.15853105 
2.02590160   18.35909762 
9.86794898   9.72935083 
9.98108018   10.04977542 
9.54427749   9.86436917 
1.63102707   1.27079573 
1.38104152   1.94023119 
3.40466582   8.78192197 
3.23834049   8.52452277 
3.54569993   8.50255042 
4.18516018   12.30907566 
3.93055457   12.15488404 
4.16486758   12.08451093 
27.61356163   17.89098548 
27.98830384   18.44140169 
3.08686014   8.79531672 
9.57485739   10.26079394 
27.98169317   1.58799543 
27.59747207   2.12449942 
5.21952394   16.78259549 
5.01765668   16.09788117 
5.78544211   16.63038469 
5.05041934   3.94751979 
5.23774039   3.24514431 
5.87786667   3.36828852 
3.90188362   12.45365852 
29.21201317   15.86248010 
7.46615967   8.68660760 
7.74052840   8.76780887 
7.60388470   8.95893585 
16.28965413   11.74252134 
16.60247263   10.90832361 
17.14552123   11.70902576 
29.12347568   3.99929410 
15.79280835   10.79802390 
27.87326102   17.15120073 
28.34617642   16.34823605 
7.64841621   8.49067296 
25.97784498   9.82226412 
25.48345522   9.02746521 
26.34767900   9.02550751 
28.19397767   3.70457877 
27.84762429   2.88955739 
17.06594753   9.70548813 
17.20034122   8.95373351 
17.86237308   9.60663104 
25.90149788   8.30633868 
4.47355948   16.01035930 
4.76752438   15.52298778 
4.49345141   15.02255295 
5.09715987   14.99579419 
2.63035517   18.41265172 
4.71400532   14.54262591 
3.83824501   3.86726868 
4.47858961   3.99011783 
3.47989147   4.26384205 
3.83501988   18.96188736 
3.33480992   18.43570792 
3.39698332   1.60448910 
3.85817367   1.03012649 
2.01310776   2.51566194 
1.14608360   2.64392119 
3.05087022   7.96346514 
3.01405236   8.27095811 
2.56249544   8.10122114 
1.37254180   17.42461194 
2.13125729   17.72573180 
2.84615116   8.53495940 
0.93436445   16.22191649 
5.14968766   14.44476668 
5.46218826   14.78793794 
25.72516828   19.12133962 
25.71593209   0.65411461 
26.19395141   18.53496702 
26.27590929   17.74398124 
26.92750741   18.35045477 
27.05604437   17.37699179 
4.80151232   12.76220743 
4.86655104   12.50690635 
5.04596222   12.65138525 
26.89438066   1.66793628 
27.04916997   2.60350275 
26.27439231   2.23159659 
4.61148217   12.57003539 
6.60731572   13.21326377 
6.63812011   13.50897908 
6.37500038   13.32429417 
5.47384452   5.28430401 
5.14871155   5.54524451 
5.12434660   5.00288836 
29.10837295   14.95508417 
6.34227651   13.62506004 
29.16072035   4.98049966 
27.76289173   15.65942397 
28.53912818   15.54498103 
27.39719612   16.51612590 
28.51655068   4.39479888 
27.78859050   4.28249289 
27.38546434   3.43109962 
5.64973443   4.91857460 
5.79103326   5.27960526 
3.74391356   17.86382252 
6.14219539   5.01308325 
3.79545023   2.08695080 
1.47798071   9.00260480 
0.99868680   8.80971845 
0.83016132   11.08073476 
1.49607314   10.98288534 
6.05495268   13.85459632 
5.60913160   13.90335254 
1.89374343   11.36927908 
2.45387527   11.31078002 
2.18495968   11.66208568 
0.94424091   11.74036106 
1.38247343   11.50727089 
6.28352114   14.20791234 
4.78297687   9.93604182 
4.83034184   9.98861567 
4.77532250   10.01912507 
2.18532779   8.31992651 
2.40240192   8.66254836 
1.89277824   8.60572091 
1.40314828   8.47492459 
0.98007429   8.26439738 
16.87229971   14.29813792 
16.43206573   15.06315113 
16.19655715   14.14835294 
10.14171703   1.69463153 
10.92917688   1.71799621 
10.59972774   2.26937889 
10.57355177   1.17463121 
3.83259295   16.13505390 
25.50857630   18.29220065 
24.71313171   19.08416406 
3.68685845   11.63427026 
3.90680699   11.72621279 
3.69080429   11.90600702 
4.03485255   11.91556138 
24.98211047   0.86602874 
2.01726649   9.04177825 
3.47743058   15.73843370 
4.91120953   9.95210334 
4.94221063   10.01139580 
4.88709373   9.99972675 
4.91197582   10.05243299 
2.06191747   10.94649146 
4.78060478   4.48039002 
4.51854419   5.10442194 
5.15833506   9.36537137 
5.08319644   9.36628841 
5.11251828   9.27119957 
2.54003772   9.17904301 
25.47689850   17.27258002 
26.50983410   16.84468860 
25.58433157   2.66662217 
25.82935850   1.57692973 
26.52488439   3.08942705 
20.96750292   0.87520053 
0.53015488   12.09907747 
4.70179418   9.96366110 
4.85554430   9.94561738 
2.77663448   12.36025406 
2.28242703   12.37524016 
3.04083253   12.80473814 
16.77119686   13.50888619 
17.41629824   12.75677739 
17.60678578   13.82083079 
16.58942833   12.59140698 
18.43319855   13.78441284 
18.17553728   14.64180659 
18.99359232   14.19678153 
2.29226983   7.59329538 
2.53971712   7.09668996 
2.77125878   7.61835547 
3.02069593   7.23695754 
0.58716240   7.93842712 
28.31081201   14.88185613 
29.04644831   13.95045535 
28.33922554   5.08764435 
29.08402715   5.84667798 
27.40396953   15.02393521 
26.91745433   15.93804061 
27.34122609   5.06656154 
26.88102059   3.99719768 
4.88359447   9.90710827 
4.93374105   9.88904487 
5.10718915   9.43937290 
11.05591247   18.63000485 
11.25718659   17.87059516 
11.59736644   18.41229385 
7.00816524   14.23869985 
6.61702775   14.33398647 
6.65227587   14.03445144 
7.47866030   5.30055363 
7.96156311   5.47088868 
7.56039548   5.72064125 
0.57350940   6.72260995 
6.78340000   14.60958712 
5.22873214   14.05202321 
4.87529318   14.12761143 
0.56727758   13.27436298 
24.66639861   17.99617196 
6.29612722   6.63146236 
6.11742408   6.30248100 
6.51309954   6.33810837 
24.81494611   1.86503859 
24.16677735   1.10008953 
5.76219845   6.16366807 
6.01438523   5.91870693 
24.93758771   16.50256629 
25.93550198   16.22041201 
23.86299710   18.51097720 
5.36624538   6.73338222 
5.29099135   7.00873649 
5.05952822   6.83221138 
25.97492755   3.60654348 
25.06470177   3.27649162 
0.86852394   12.70482819 
0.92848139   7.31278818 
5.55349330   6.45541420 
5.32096380   6.06428719 
4.96368985   9.38960247 
4.91151319   9.40709027 
4.92343986   9.33583105 
5.11242901   7.38401550 
4.91581639   7.55161898 
4.86846607   7.28764225 
5.16236919   7.60815605 
4.85077181   10.04256731 
4.81392583   10.08890521 
28.00406137   14.15725704 
4.94957925   9.46189825 
28.14423844   5.95483517 
28.91980241   6.90553383 
27.02114954   14.26993740 
26.40744822   15.23709612 
28.47239021   13.30488548 
4.96562452   10.48778334 
5.02582271   10.49239589 
4.98506586   10.54265774 
26.36463640   5.39096590 
26.27103068   4.50706148 
4.98537641   13.19032047 
5.20686120   13.03451038 
5.27899013   13.34043179 
5.11501464   2.46945819 
5.43173130   13.11191768 
27.13385453   8.92323377 
23.86685012   2.05732601 
5.11111670   17.60938596 
4.89018395   5.93460558 
5.65539674   5.67520731 
24.15773256   15.94068410 
25.24007184   15.47361087 
4.39195557   9.69592912 
4.29696637   9.70894290 
4.19164670   9.66373323 
25.52359630   4.10246085 
24.75737793   4.23406778 
23.42599761   1.28571932 
27.57643865   13.41888157 
7.01770556   13.75922408 
7.36569311   14.14894953 
27.87666152   6.79791393 
6.60626893   13.76576675 
29.03231281   7.95862209 
25.93451972   14.40466473 
4.99904520   10.02490636 
5.05497093   10.03809391 
5.02433125   10.07638559 
6.82242277   12.16494513 
6.55872404   12.34071537 
6.53553933   12.05388981 
7.04999505   13.20500971 
7.35005192   13.28147316 
7.14261519   13.44280546 
19.77343846   4.48242725 
20.58647529   5.04246387 
19.54810252   5.22886868 
20.42096426   3.85531860 
25.54077710   4.87863945 
5.05463379   9.84103640 
5.10333424   9.81143120 
7.22941349   12.98620765 
4.32519576   7.62041260 
4.44580894   7.42396415 
4.54760448   7.70574844 
10.07623776   15.69454777 
10.51603005   16.28431037 
9.91348605   16.46520352 
4.13584451   7.37126660 
18.04959122   7.61944262 
18.13808205   6.72807163 
18.91548703   7.15092786 
13.94359728   3.74096785 
14.54118500   3.45040528 
14.39068584   4.33347617 
18.76638837   8.24309762 
17.90736715   8.56317212 
5.09599825   1.58311639 
4.21632126   1.60356401 
4.64327954   1.13347983 
4.49889640   2.19867995 
4.40044095   0.49662348 
5.03190247   0.68347601 
5.04225570   19.29993923 
4.40044095   19.50337652 
4.51860816   18.74904676 
4.97615147   10.27130184 
4.98069043   10.31306661 
4.93966319   10.30363930 
5.01391801   10.29412794 
3.26513675   7.61966789 
15.18311746   3.90772428 
7.26017812   6.63248835 
7.13098167   6.33877312 
7.48984035   6.40916641 
7.31960886   6.06514468 
7.38508170   6.89831656 
7.03882747   6.84137062 
7.16909822   7.12782670 
13.04309595   6.47922895 
13.23595270   5.74215852 
13.74104209   6.42126461 
14.05576616   5.76409514 
7.68249701   6.12342010 
7.88980763   6.46757402 
5.63444942   2.77643196 
5.57571598   2.14475045 
5.71674720   17.23445919 
5.79716315   17.89498107 
5.25564519   18.40928317 
7.72113508   14.45193665 
7.60757618   14.88414134 
7.24255708   14.63510820 
8.00364637   14.88648440 
15.30248926   2.85979043 
15.88919641   3.51029889 
15.99969719   4.50188249 
17.23162998   2.98313281 
18.00919983   2.56007704 
18.00780554   3.19555392 
17.44154055   1.93195378 
18.07192723   0.97101968 
18.97892122   0.89653237 
18.82267194   14.93852386 
19.59538125   14.69636328 
19.37583786   15.67417892 
20.10877597   15.11637165 
18.38250423   15.66092350 
5.66050811   12.74293827 
5.63044255   12.52160277 
5.86726903   12.60434565 
19.06443632   16.47741191 
5.77643742   12.37316645 
4.16449176   8.05546477 
3.88631564   7.88131594 
4.12112767   7.73474651 
3.02015266   11.92795236 
3.21801379   12.34543355 
2.55428580   11.86899599 
3.60597458   12.26263078 
3.49821230   12.65490356 
7.76232906   5.06056058 
5.05889225   10.22128307 
5.02296136   10.18745289 
5.08280870   10.18159402 
5.02305865   10.24370674 
16.65431465   1.59302990 
16.31267803   0.84274006 
17.18419125   0.88998052 
15.85999143   12.46994597 
15.31155289   11.68920449 
3.89418086   8.15456516 
6.81469542   12.48000977 
3.25069890   14.22748440 
2.84638709   14.12528707 
18.26072932   16.61976791 
18.88231531   17.26210547 
18.13357735   17.43932042 
7.72702280   15.32290969 
8.24688171   15.23186858 
8.10497798   15.68538927 
13.18003612   11.44845378 
4.96296614   10.18628897 
4.98046471   10.22870454 
4.94544331   10.13626778 
6.16160265   17.51630169 
6.22083643   17.03173940 
6.28084726   16.55228489 
7.31276783   8.91157128 
7.14672796   8.60339119 
5.50896628   7.03336701 
5.69843338   6.78796450 
6.90184339   7.05320134 
5.14372362   10.29822490 
5.11158989   10.33099618 
5.10526741   10.28116113 
23.54655633   5.32096332 
24.07473369   5.95545715 
23.23147461   6.19489044 
24.07370937   6.69940988 
8.45153121   13.87049917 
8.54491020   14.37457849 
8.09179778   14.17465315 
8.94870205   14.13674517 
7.74036919   14.00471703 
11.24541499   1.18061667 
11.55644199   1.71810448 
11.24240555   2.51304355 
10.99717736   0.64286224 
11.71544754   0.95801708 
5.07826213   10.31328967 
9.42407910   14.39561564 
9.05973155   14.63096959 
9.09699734   15.11047256 
9.47963759   13.98991150 
10.01836386   13.86765829 
21.53149008   12.80599167 
21.28041546   12.05622726 
21.98863115   12.29282398 
16.63526491   19.38889536 
16.06177300   19.06806050 
16.89020258   18.58857177 
20.72413118   12.59206954 
11.76153470   3.88603802 
11.90773403   3.11706367 
12.37742497   3.55987817 
12.66089610   2.87624842 
17.45578150   19.28784448 
17.92346979   18.42919261 
7.53286601   13.00344684 
7.35623913   12.80129520 
7.57953236   12.74753939 
7.59101883   12.47745238 
7.81539540   12.68336709 
7.90533629   12.41034198 
7.64085691   13.26693290 
7.93930816   13.27207000 
7.79553321   13.58407854 
3.73229901   9.70864116 
20.61697844   17.06149296 
19.66596719   17.36976165 
19.96358391   16.44220150 
8.17977522   13.50373527 
27.68171036   11.02629706 
27.10345287   10.49336921 
27.70059036   10.08185838 
26.89118348   11.15128694 
3.89271565   10.62523910 
3.67751601   10.55671351 
3.81356077   10.40847275 
3.67253398   10.78799426 
2.85205309   11.48759057 
4.01183999   10.43154753 
4.72752764   13.02652526 
4.71690448   13.35201515 
20.49797009   8.99663959 
20.07691961   10.07851867 
19.48785656   9.14898992 
4.99737058   12.91659459 
18.65384145   9.26712097 
3.81300341   13.03752208 
3.80624648   7.09204543 
3.48794751   7.28168203 
5.13396777   10.20230966 
5.17842226   10.17817242 
5.17260984   10.22677642 
5.21397359   10.20311194 
4.52944706   12.83066106 
14.61147063   15.08455732 
14.27422758   14.30501767 
14.98163940   14.52444426 
15.33097564   18.62954475 
14.56616525   19.26624233 
14.51458852   18.50215889 
12.26197178   14.66785019 
12.76214426   14.86027631 
12.46503390   15.30658264 
13.03183245   15.43829658 
7.00130799   12.94872559 
6.82516956   13.06831181 
6.59750488   12.91693323 
4.15001923   10.29505767 
4.26603780   10.20892153 
4.29239971   10.33559075 
4.14030395   10.13042808 
6.38047843   13.08066092 
5.09765703   9.75499973 
5.05382796   9.73331629 
5.10516320   9.69056922 
18.85944587   18.07064218 
13.88827339   14.90251846 
23.20649051   10.50861508 
22.50177634   10.25522742 
23.05622691   9.66086085 
4.79787464   6.63190526 
4.82263706   6.99686267 
5.04234743   10.32065029 
5.06132163   10.27248234 
11.18722388   3.39635281 
5.07608285   7.12425393 
5.27433647   10.28191271 
5.22078184   10.25637709 
5.26374792   10.22133406 
4.19266266   9.96162257 
3.99547308   9.99587151 
4.05625946   9.79168010 
5.22770643   10.30672104 
6.11919432   12.68385120 
6.00731048   12.43575425 
5.89893151   12.83634325 
5.34182783   7.49389088 
5.31001176   7.23853092 
23.86564748   9.80616123 
5.45077960   12.88089878 
5.23312099   12.79157279 
4.83095088   9.74608662 
4.86085489   9.79643883 
4.79987021   9.80167944 
4.89035944   9.74575041 
14.90362107   17.86638917 
5.26488880   12.54029783 
5.11232957   12.39073248 
20.84277899   2.90503141 
21.34449519   2.05732296 
21.86692506   3.16912914 
10.30119581   14.68681731 
10.47526565   15.16098880 
4.89895923   9.51500865 
4.87558739   9.45342041 
4.03535148   9.60728595 
4.01959687   9.43422480 
14.74730186   1.96330853 
4.81299606   9.69415289 
4.84678532   9.63682022 
4.87159889   9.69393298 
10.02707008   6.01355089 
9.55868733   5.89645517 
10.41379077   5.68890526 
6.11534003   13.49613246 
6.13342358   13.22627298 
5.89084812   13.08808803 
6.14138302   12.95076717 
14.62375146   16.42398150 
13.80924837   16.57030297 
14.09289708   15.72014016 
14.32925919   17.19045421 
4.66345220   10.22351507 
4.69952015   10.14604006 
4.73722124   10.19983398 
4.76311642   10.13733035 
7.01678332   8.85691429 
5.24717381   9.38148168 
5.17554214   9.43151014 
4.45517753   9.78872870 
4.47919487   9.69388134 
4.33921986   9.80853747 
12.55401647   16.01214237 
12.35373137   16.68422269 
11.70269651   16.36138521 
11.85801552   17.21666751 
24.94147687   8.10729482 
24.17401531   7.48585813 
24.82653465   7.17514076 
20.09510680   6.05054527 
20.74659823   7.10097028 
19.74905140   6.83273967 
19.71220593   7.64820602 
9.25754337   7.79419822 
9.74880112   7.48297569 
9.80906775   7.90665538 
8.75724372   5.86445619 
8.92544960   5.47209561 
9.11332957   5.87284838 
8.46828166   5.55774125 
9.30272049   6.24378895 
9.66925293   6.38409918 
4.60879885   7.21665218 
4.35823951   7.13515070 
19.86205774   3.00809430 
19.87073842   1.02965868 
4.95017817   12.25663619 
4.70598064   12.30056386 
10.50346064   6.24762789 
10.12622258   6.53791336 
6.13940117   9.27215455 
6.30119886   9.24228535 
6.19337818   9.38301513 
5.18696391   10.31809528 
5.22603341   10.36096023 
21.65072051   13.57357602 
21.02976453   13.24097741 
4.63453628   10.00737208 
4.66876338   10.07997596 
4.58231756   10.07277494 
4.70666181   10.03022631 
4.75002578   9.74456517 
4.74285874   9.81967122 
4.68760105   9.78019922 
4.62131470   9.82139629 
4.62893750   9.72850453 
4.55316715   9.76736208 
4.47868475   13.48979027 
4.28704257   13.76355383 
4.13025624   13.34443997 
4.68347485   13.74582826 
5.27820303   10.34778149 
5.26566633   10.41152155 
5.20928685   10.41043580 
5.33562814   10.32129389 
5.32327093   10.24480590 
7.66464460   11.93208466 
7.88278200   12.12058606 
7.62153258   12.21053730 
7.92758267   11.83150009 
7.35147567   12.27810071 
7.34801027   12.54771180 
11.90487407   8.14085166 
11.39965160   7.83247800 
12.05909504   7.45924600 
11.44102989   7.31529773 
7.29667937   7.60093536 
7.13798885   7.40347646 
7.36070070   7.35889571 
5.17991994   10.27519942 
5.15874589   10.34835158 
5.54967870   7.65438718 
5.80644707   7.54126851 
5.32558294   7.77166232 
5.53879216   10.39641429 
5.53786331   10.32268357 
5.61282858   10.36373723 
5.59752763   10.26696224 
4.49259714   10.06840813 
4.38497588   10.07522121 
4.42249770   9.98964381 
4.32049566   10.00537730 
4.54324153   10.16470566 
4.62326459   10.15277762 
4.57758804   10.24270297 
4.47829254   10.25502135 
4.45300987   10.15635630 
4.86543756   9.57157786 
4.80509467   9.58444776 
23.06248939   2.09628910 
4.76561944   9.64935943 
4.68494263   9.68389061 
4.19363469   6.61431284 
4.30501297   6.25470880 
4.49392633   6.60069748 
4.65205217   6.27796758 
4.13822912   6.96853932 
3.84778946   6.71787169 
10.79074163   5.25330573 
10.64044534   4.66171969 
12.34770753   8.48989407 
11.73413633   8.78853723 
11.32337423   8.41638535 
12.94153554   8.19724247 
12.81076705   8.93994177 
13.43109778   8.56320969 
23.98315912   3.56177832 
5.70278915   10.23279850 
5.79770803   10.30012845 
5.69955643   10.33077582 
5.82980319   10.18985963 
5.69340164   10.41281194 
1.03803998   12.25483007 
5.62715797   10.46782454 
6.33877799   9.44135948 
5.46095236   9.94584743 
5.47450832   10.01169154 
5.40605167   9.98022268 
4.97517139   6.25859931 
5.09208217   6.57467391 
4.54300385   9.85853641 
4.61374069   9.90603379 
4.00318598   9.19668191 
4.00398881   9.01083163 
4.14885200   9.08046699 
3.80167455   9.05383738 
4.27739785   8.99295722 
4.30786429   9.14928811 
4.42806378   9.02841648 
13.26460259   7.76005505 
13.79891855   7.50059772 
13.80059764   7.98646547 
14.26584440   7.72936396 
6.35700857   12.78187917 
6.53796448   12.61792451 
6.81474017   12.75967290 
6.84986729   11.00342398 
6.77784880   11.18213395 
6.62800009   10.99340055 
0.60593496   9.24226556 
0.52864307   8.65785270 
6.57112150   11.18242134 
11.31140886   5.39114250 
11.62799354   5.01689515 
11.75133151   5.44087968 
24.47367403   2.73576757 
12.18370473   5.06788677 
10.94896736   5.84064624 
28.93962346   18.33693344 
28.58399123   19.15626978 
8.11133893   6.80531645 
8.29812699   6.45460752 
7.65477117   6.79285782 
1.88524902   19.44975924 
8.59306950   6.78109258 
8.64507479   19.35542590 
8.96907671   18.81705951 
8.42325821   7.20293943 
13.24188538   9.34412824 
13.84843815   9.09012882 
13.64168064   9.67566357 
14.18852757   9.57753333 
12.60190255   9.64584971 
0.47441618   19.30136235 
1.21503310   19.38110605 
12.14294200   9.18784664 
0.84130835   18.73476033 
9.55637386   18.46179847 
5.57083410   12.31212596 
5.39732972   12.39959259 
5.45806957   12.65638436 
1.22920400   0.64751055 
0.47361436   0.70357350 
1.99861797   0.67118934 
5.31340334   10.18233499 
5.23543324   10.15755706 
0.82232653   1.26623816 
2.84619177   9.37771521 
28.92406662   1.68851722 
22.89137787   0.64454730 
6.08182303   18.59374386 
6.45604414   18.00671257 
6.28924505   2.93516539 
6.73529386   2.55465169 
28.58153807   0.85124754 
6.41247241   3.47829240 
6.66508473   17.43450220 
3.58659680   19.50337652 
3.58659680   0.49662348 
6.52419785   19.20171962 
7.09493795   19.35876483 
8.76622879   1.67809342 
8.18339708   1.92684690 
0.64473667   2.08350495 
1.27127278   7.88011351 
0.67828486   17.87923933 
10.94304246   19.34305658 
10.49784627   18.88118845 
29.42373022   19.10601006 
0.46091143   11.44557312 
29.42072855   0.89948460 
13.84439096   19.46721521 
13.95190568   18.74341427 
1.44384492   7.33329936 
2.23083012   10.29619558 
2.61255620   10.50238567 
2.20105286   10.63102072 
2.16484541   9.56307039 
2.35203902   9.94130694 
5.26364595   13.69902341 
5.49754825   13.54207944 
2.55338200   10.19152537 
6.08512479   1.53502885 
6.86578606   1.46299625 
6.60222891   2.01211530 
7.20702478   2.15206628 
6.90855752   18.66941093 
7.12259771   17.93161730 
2.13287048   12.00449452 
1.73939689   11.82710545 
1.81215296   12.31937656 
1.73835237   8.16666400 
2.13563871   7.97967750 
1.81784578   7.67029391 
27.30448791   6.02467939 
23.70271365   0.52642450 
7.18011218   2.70597769 
24.61022687   17.23599647 
29.27489901   13.10276116 
23.84586236   19.30449340 
23.18588555   18.93064419 
0.40166528   7.29999190 
0.39936789   12.70179601 
1.45731262   16.71978813 
1.99084105   17.12367428 
2.18138831   16.49562880 
1.53125519   3.19800428 
2.21600113   3.42762338 
7.53635264   18.89738095 
22.59652463   19.30255695 
3.37240451   8.23062209 
4.96868372   13.52261418 
23.35733019   15.83133450 
14.10504257   8.40411246 
14.80676751   8.15026580 
14.47750995   8.90524106 
6.15367634   2.32635727 
8.35699885   17.57057038 
7.97422462   17.02270294 
8.27930394   16.46215809 
0.48826960   10.45572987 
15.25467112   8.76822317 
16.09048841   15.78154781 
15.73005202   14.80116471 
5.52820776   9.95752771 
3.37549939   10.88996946 
1.92666315   7.09353429 
8.90952722   0.87992159 
9.39160217   1.30530282 
8.39463980   0.51611567 
1.39122488   12.04325966 
1.38280760   12.58727994 
1.89340814   12.88976249 
0.64601151   15.65988961 
1.21708708   15.73690549 
12.00834610   17.90745688 
11.19143413   17.07263463 
10.65767780   17.62140082 
25.03156154   6.31713820 
24.57900545   5.23911202 
3.51349639   17.36313215 
3.56183055   16.77257362 
15.99827101   6.15258518 
16.74429504   5.90117789 
16.66362016   6.69956062 
17.39894252   6.31108083 
7.45390981   7.85543147 
7.14838369   7.84765401 
25.01928218   14.48161205 
24.18681833   14.02203751 
10.07498677   2.34137071 
9.37412409   2.01027329 
9.75958081   2.78825498 
12.57135311   17.28466181 
12.70891113   18.06454861 
7.00642365   7.62507446 
1.51128716   3.91079723 
23.82656117   17.58111337 
23.16179079   18.07751347 
7.81673568   7.89437383 
7.57470378   8.16879885 
7.92108503   8.27552588 
8.28915090   11.42145358 
8.25196041   11.78170310 
8.04409529   11.53946304 
8.63555409   11.65402321 
11.02413567   6.45634390 
3.52359910   2.64777206 
11.63323410   6.69477308 
11.07180325   6.98792909 
3.56922358   3.23098367 
3.57806707   10.35346286 
11.28530526   14.71386644 
11.22235290   14.20271997 
11.71453103   14.40128771 
10.78695674   14.62935107 
7.42563550   16.96648456 
12.16129319   14.10593340 
7.96426782   16.08925633 
12.77274766   14.23244300 
15.23434600   15.35347510 
9.53672953   13.44777622 
9.07955390   13.65307980 
9.09207198   13.24329204 
9.39410250   12.84746206 
6.59103955   10.50458628 
6.50745230   10.35138385 
6.67454790   10.31005231 
6.41022162   10.51639602 
1.65113209   16.05895716 
23.44811234   2.79888052 
3.52930884   8.98765346 
3.58727626   9.22437443 
3.72632447   8.76287168 
7.20636194   11.48725093 
6.97704170   11.33553486 
7.21742500   11.24174877 
10.07647915   18.42834662 
6.99536601   11.16507903 
26.21183788   6.26798896 
11.92155710   9.87212092 
12.32895212   10.27928559 
7.60406730   18.32177094 
7.83004975   19.38407746 
12.80257855   10.81517573 
12.08852652   10.95903895 
6.18344446   8.29116452 
6.21694380   8.47898394 
6.03928568   8.46390665 
12.45846144   11.49836278 
5.17547660   9.73942162 
5.12774488   9.72941081 
5.15944149   9.70118543 
5.14247091   9.77320917 
8.08701876   3.63875795 
8.68720063   3.74904642 
17.18985785   7.97840092 
5.16140195   9.65389730 
5.21218454   9.69241721 
16.66500993   8.55530514 
5.21473708   9.61231142 
28.30137693   7.49497339 
5.22502270   9.75805871 
3.16788350   11.56263457 
3.40896831   11.75719100 
5.39194716   10.21360994 
5.48420726   10.25744273 
5.39517619   10.28494077 
10.49978418   2.94431483 
10.50543569   3.64389425 
9.99631497   3.37216416 
5.46226001   10.17106026 
9.78968343   3.93033672 
23.80564592   4.41807850 
5.40192218   10.36679864 
5.33984738   10.40427951 
4.78490965   10.25228033 
4.83249195   10.28745412 
4.78051859   10.32042005 
4.85285380   10.23240642 
16.41824264   10.11269196 
17.31536813   10.55995696 
6.87090509   7.33388064 
6.74893855   7.62550005 
6.56512312   7.45431074 
6.30284487   7.55605339 
6.36929991   7.29944030 
18.09783527   5.75799278 
19.02651363   6.10607566 
6.09906575   7.35677207 
10.18861407   13.35756285 
9.96889212   12.92621298 
7.09236154   10.99040372 
7.34476088   11.03506993 
5.61792170   9.97467942 
5.66012253   10.05401111 
5.55126529   10.05805538 
8.54411450   14.90021271 
7.45745023   10.76700189 
7.63612261   10.96421982 
3.42775794   11.44775220 
3.49205686   11.17502442 
3.69574287   11.36966085 
7.82883561   0.52797797 
7.74530472   10.68720426 
4.67654576   10.60181613 
4.57585711   10.51810096 
4.67435097   10.46343956 
12.02097601   2.32669574 
4.53737377   10.64540714 
4.32583156   9.91109625 
4.44634903   9.89379424 
12.16943622   1.64587698 
6.09779070   0.63656045 
7.19938935   17.37794506 
6.32526435   12.24857036 
19.88355039   13.79863364 
6.32903197   11.99429004 
15.53728624   0.73221637 
15.73908549   1.74727869 
3.72945318   11.15689442 
3.88128165   11.29078078 
28.96516061   8.74035575 
5.07812294   10.35448134 
5.11490181   10.38405126 
23.36355403   16.70461580 
4.79621769   7.77132337 
5.05289696   7.79351050 
4.64647299   7.98697880 
4.34592301   7.86887431 
5.17264903   10.12918933 
5.90027880   11.67120892 
6.06029286   11.70841861 
5.99901746   11.86519665 
10.58957865   18.21467950 
4.74078514   10.08385807 
6.05476670   11.55635137 
5.21340818   10.08406691 
5.29242837   10.10468975 
11.04458510   15.31088412 
10.59848237   15.69652876 
16.09257243   16.55453719 
15.41227027   17.03790815 
15.35830035   16.18520263 
6.98133784   10.63568867 
6.98848234   10.41426932 
7.19818152   10.50509024 
5.01142699   9.71652905 
5.04187431   9.67992829 
7.09723804   10.28457928 
18.93554834   4.57015334 
18.64401939   5.27017898 
21.40674780   18.40303042 
21.82170698   19.19710193 
21.09275909   19.31599782 
8.18084616   12.17901071 
8.53791175   12.08544876 
7.08811656   12.34581489 
7.08602085   12.67729541 
7.10638843   12.05888757 
7.38921283   11.99381394 
5.20101951   8.00893374 
6.06681106   19.38667849 
17.29484243   14.77923693 
5.89615580   12.23613835 
6.09983338   12.25146216 
3.11503764   11.18773211 
6.14631710   12.04030748 
6.73820481   11.37381591 
22.84670020   17.52159194 
21.95852729   17.57075733 
22.38343733   18.38832415 
28.82802293   12.52484419 
7.36371448   15.49149199 
6.69875381   11.60136404 
6.52621086   11.38719380 
6.47287394   11.59622435 
5.51308632   9.80029795 
5.58035440   9.87197056 
5.48424449   9.88292193 
6.13822294   8.65128861 
7.14441166   11.76475067 
6.86028123   11.85220824 
6.56312843   3.91187637 
7.47206979   11.68142906 
24.17924797   16.79373953 
7.47438235   11.32904941 
7.80206984   9.74337001 
8.04925052   9.62716984 
7.96898212   9.91682971 
4.07231694   8.29406993 
6.94164647   10.82220077 
6.80085625   10.69627631 
6.79033027   10.49535226 
28.06252460   12.74164297 
27.29448514   12.67279480 
28.04276179   11.92192787 
11.55713559   9.35594555 
11.25358095   9.89558063 
11.67177178   10.53018946 
11.20537046   8.97881651 
10.85892967   7.51676174 
10.81060670   8.14632554 
17.52196350   3.83221668 
16.67497499   3.64604616 
16.98669994   4.42161002 
8.85737847   18.10562682 
7.86745719   9.48401166 
10.78673210   9.11071063 
10.89180729   8.60271373 
5.42092781   10.44823056 
5.44030812   10.54012376 
5.35976997   10.49056389 
5.35597821   10.57774574 
5.46962843   10.40733894 
5.47118387   10.33662284 
4.24325862   10.87542269 
4.07626495   10.93120191 
4.08385344   10.74468579 
3.90975300   10.86499948 
10.37689542   8.72038155 
8.26247866   18.69289307 
12.94240025   1.43013327 
4.47166974   11.34734345 
4.61530221   11.27005347 
4.58620916   11.43863889 
8.15485582   18.06071421 
6.60948438   11.82052554 
6.39541496   11.81832569 
4.09748897   18.39409037 
6.92704366   11.56318058 
5.36035021   10.06677946 
5.41980227   10.10797559 
5.37336523   10.14107500 
5.42035508   10.04807373 
5.84119901   10.09489487 
5.89651547   10.01526668 
5.98367218   10.12544608 
4.49512618   11.17021030 
6.35025020   11.21180690 
6.23495718   11.00414858 
6.43505330   11.01082361 
19.36415371   3.78394230 
15.99368600   13.28617240 
15.20069238   13.09192670 
6.14517166   11.17995141 
4.04915924   15.42685643 
6.52304048   10.81674366 
6.72764813   10.83237507 
6.50430174   16.09855293 
7.06581084   9.95861245 
7.22422976   10.08705313 
7.02472688   10.14614964 
7.19774247   9.82790579 
5.10290064   11.89131919 
5.31967314   11.98597066 
5.10225836   12.12858778 
5.23094113   9.47478390 
5.63030512   9.42194485 
5.61935423   9.52005640 
5.54730626   9.45508134 
5.74329726   9.46681260 
26.43938228   12.31790640 
11.41802256   11.16352648 
11.77392348   11.63003336 
11.03982397   11.75659298 
11.47684085   12.28661882 
8.28824562   8.05427107 
8.14896806   7.59456690 
5.17255724   10.45160544 
5.22713244   10.46489254 
5.17782187   10.52498376 
5.24469195   10.51684984 
6.19124746   11.81404509 
5.93350795   12.06828059 
6.23431265   11.63097931 
9.45921281   8.77267424 
9.91435346   8.36787178 
9.88466484   8.85549049 
9.41140236   8.23487752 
5.89567249   10.37169291 
5.92219807   10.25892116 
5.79308358   10.40821656 
9.49580843   12.38638450 
9.25205052   12.07220136 
9.60050081   12.00812535 
9.13497004   12.43629870 
4.43498507   8.13968321 
4.65057776   8.29129331 
4.88804570   8.35405593 
4.76440704   8.51844721 
4.96464808   8.55337335 
7.29238349   9.18208623 
7.46988681   9.14631295 
5.41403002   9.81862437 
5.40883607   9.90326352 
4.97445684   9.73823814 
7.17186161   9.31769565 
7.07798458   9.11154330 
5.32933888   9.79919905 
5.37998828   9.74415157 
9.09776937   9.83982307 
9.24643727   10.11900799 
8.85145169   10.16947874 
19.85565048   12.68376917 
19.07080833   13.30319385 
8.72502378   8.74753523 
8.57858158   9.07018715 
8.43393203   8.74732776 
10.01502266   9.28350357 
9.14904960   10.50784380 
6.32697155   11.43612586 
6.92550473   9.31059341 
2.93900622   9.10515505 
2.77275662   8.85518928 
4.30327297   11.25928920 
4.34151206   11.04976487 
3.28447681   9.08156981 
4.05381386   4.57701748 
4.16957848   11.07996455 
5.61761829   19.13792895 
3.84580654   5.27267207 
4.63391887   11.80816913 
4.61644361   12.05634085 
4.34735745   11.92325739 
4.40926323   12.17696721 
17.85991577   4.82553878 
2.85887745   10.20557957 
4.74543799   11.57200834 
4.89477252   11.76385893 
9.02476110   8.54409706 
8.60941378   8.34448127 
9.01282827   8.15537922 
8.74812622   7.91293577 
8.97843044   9.03158290 
5.41262435   9.03955916 
5.27022768   9.02281342 
5.34258895   8.92289904 
18.23278477   10.59548563 
17.88023506   11.28205255 
9.24081557   7.38737358 
9.34303761   9.24177865 
5.31409926   9.64823398 
5.25773490   9.66131288 
5.27299772   9.60486602 
5.55681445   11.96758476 
5.45251456   11.80550599 
5.26640496   11.75816352 
5.24800696   11.55104806 
5.05671263   11.46652938 
5.19646444   11.39482025 
1.12371219   4.70164001 
5.09399115   11.68175554 
4.75487696   10.43109127 
4.71363472   10.36926006 
18.61035381   11.44801799 
1.12256047   15.17820762 
4.77463548   10.51468856 
4.92754360   10.24198058 
5.93799768   11.17754354 
6.04198394   11.35422796 
5.84705505   11.33591394 
9.43584790   4.38638857 
5.59047453   0.88763634 
9.91294643   10.38786073 
10.26285606   10.26348176 
16.03733301   8.65532441 
15.74077368   9.50284200 
10.82162272   12.39696621 
10.38326138   11.96568027 
9.67254327   11.63172426 
9.93459064   11.87220412 
15.58563715   7.92362833 
9.32935221   11.69346213 
4.32769083   9.30703090 
5.34656945   8.12160458 
5.58168122   8.15243678 
5.42374071   8.30383358 
5.05330776   9.89383944 
5.06353733   9.94816608 
5.01707609   9.93666998 
5.50515343   7.94207316 
4.80095527   10.63365751 
19.13554182   10.66721605 
22.51812578   11.15011023 
5.61536800   10.88029655 
5.65624639   10.99090800 
5.54943698   10.93430370 
23.31043330   11.39078786 
7.82922430   10.37983798 
8.12846595   10.20631302 
5.71506050   10.88851658 
5.48087038   9.39826708 
5.41655957   9.33584369 
5.50114108   9.28949991 
5.40989364   9.24472520 
5.46070971   9.49074586 
9.51096162   15.89377213 
9.01539707   15.97476567 
9.18574631   15.55623153 
8.68305021   15.53272422 
5.52066330   9.55572388 
9.44447690   11.33010568 
9.77058433   11.32481878 
10.11153994   11.51748763 
5.30752293   9.43192814 
5.36406457   9.50008580 
5.29476326   9.50153572 
5.33059547   9.57352244 
4.16946159   9.27713601 
5.89007420   11.02097545 
5.76913625   10.97991862 
5.84454835   10.90709819 
6.38733517   14.57229156 
6.57440712   8.47231961 
6.50365271   8.24606342 
6.69232935   8.28146549 
4.93753358   9.75544187 
4.91991965   9.79737315 
6.63573393   8.07711029 
4.92662719   9.70905598 
4.62582891   8.72488217 
4.83614959   8.71164447 
4.48079830   17.92570391 
4.58125857   8.93196051 
4.38675669   8.81728220 
19.93692403   11.01518522 
20.51598233   10.89907855 
20.41762941   11.74321679 
8.35469840   9.45715036 
8.67688307   9.76111015 
8.27210066   9.85224451 
21.08517004   11.32317829 
5.58152089   9.62737083 
5.69368100   9.59370233 
16.54599192   17.75813562 
15.75671395   17.80555893 
16.24760573   17.18878228 
19.53854699   11.68789605 
23.28707316   7.22346657 
23.74335454   8.23394496 
13.14270531   3.66552626 
12.45477533   4.28704397 
24.50593766   9.16371599 
4.38213185   11.50089346 
4.41694203   11.70701860 
4.16872441   11.69849612 
5.57330534   11.18759255 
5.48987107   11.26258780 
5.46771555   11.14766281 
5.37825111   11.21166971 
5.64600487   11.10811205 
5.70970357   11.23626127 
5.77391517   11.10298825 
9.31897989   16.32893492 
5.38628916   8.79422620 
5.26796678   8.81009537 
9.48396690   7.07640557 
4.17552707   11.45119107 
5.31934850   9.31937879 
5.82263479   10.57723773 
5.68986748   10.57333253 
5.74857181   10.48587950 
5.75821509   10.68838223 
5.47804511   9.64949022 
5.42531711   9.57202778 
5.38897611   9.63862238 
5.21288177   9.82393019 
5.22201737   9.89387102 
5.15799692   9.87189585 
5.22439052   9.30237554 
4.94584938   9.26327668 
4.86436205   9.26365237 
16.09981905   18.35259362 
25.91191017   7.26600279 
5.00897929   9.32187305 
5.14995779   9.82034162 
5.10539862   9.90933095 
5.35221296   10.65851431 
5.29001238   10.71517769 
5.28632439   10.62381595 
5.21459027   10.68361990 
21.27527612   15.83028391 
5.50683899   11.41498757 
5.40101771   11.34689893 
5.60173398   11.32871110 
5.31139512   11.41698279 
6.16146986   10.47821936 
6.11573495   10.59149192 
6.04977364   10.51870666 
18.26207543   12.99322645 
6.23936736   10.60365028 
5.95450864   10.56885286 
5.97057368   10.44966334 
5.86581632   10.47658822 
23.53509451   13.26358653 
23.09266906   14.03979267 
22.51527767   13.08027577 
5.61219257   11.49766273 
5.70097353   11.68809480 
5.54449700   11.65861149 
5.78582073   11.50893283 
5.04512927   10.13123390 
5.38175113   11.63630029 
5.22935611   10.58367624 
5.29481518   10.54443508 
4.73324866   9.44753579 
4.77562708   9.51162285 
4.71248376   9.50810857 
4.86016492   9.02284249 
4.79905719   9.16137958 
4.71123820   9.04279738 
4.67783353   9.18042298 
8.23934437   12.54501059 
8.50643754   12.88682433 
8.08309628   12.77039148 
8.19839951   13.12484184 
21.47087374   16.78136593 
8.52100563   12.47848444 
4.66374964   9.58051149 
4.63743211   9.46417097 
4.57733370   9.54951934 
4.68964501   9.36722459 
12.61403883   5.55103173 
12.98650595   4.92278760 
15.28178316   6.43347858 
15.27286816   5.57864898 
14.96239265   7.26596081 
14.47108486   6.46612700 
12.57876626   6.10453859 
3.86653630   8.45466604 
4.00312134   8.68565246 
27.63001108   9.33214743 
28.45995622   9.48862805 
6.65519706   6.82194519 
1.70291733   15.39162401 
8.04576389   13.82685513 
17.39177479   5.62916137 
16.84434086   5.11243390 
6.38096662   13.90111913 
6.85226249   6.05834346 
6.88015353   13.36626565 
8.17358413   14.53439117 
24.38214318   13.19594043 
6.61410242   7.11292282 
5.59884047   13.23541256 
19.08996994   19.09177430 
19.78879096   18.37204431 
12.99605350   16.63814558 
5.17092136   9.02240658 
5.20467960   9.11424734 
5.30118738   9.12300474 
6.86156634   6.51444560 
3.32216230   4.82319361 
16.51149178   9.31340367 
18.96472512   12.36355200 
18.06197577   12.09784952 
22.20160785   4.88275959 
22.95170464   4.66473871 
22.63475709   5.45259775 
5.10377701   9.85810259 
6.15500823   9.06960193 
6.02119480   9.24786568 
5.92018020   9.14442464 
2.90168327   14.68995180 
3.32553478   15.19012001 
1.77290353   4.49628150 
14.74053350   15.83988091 
17.35804781   7.15052071 
5.91152755   6.56591182 
6.00060745   6.86835298 
16.08366241   5.39523289 
11.10338405   16.50639281 
10.56964430   16.85936628 
11.07656282   15.97865818 
4.83804934   9.89010843 
3.59658266   7.77000977 
3.63044610   8.04072466 
3.32066452   7.93869689 
7.88871412   5.84745973 
8.06012470   6.12268985 
8.50194811   16.03939893 
15.44521546   13.93601700 
3.36627620   12.06212240 
4.69752694   9.88316751 
22.22433347   9.49012181 
21.77735109   10.06461079 
21.34468565   9.43714497 
3.60885017   10.99813751 
3.77470744   10.98080501 
16.42066289   2.62713608 
4.96739813   9.78605021 
4.95243602   9.83393696 
3.09407791   10.29041720 
29.11556196   11.69689525 
28.46188694   11.23127867 
29.21109885   10.88436223 
4.97113728   9.92014708 
4.97504632   9.97328734 
14.57838031   11.91718023 
14.09655358   12.38977219 
20.38785903   14.45369008 
4.70284744   5.55443363 
17.69516571   15.31193663 
16.69551084   7.38640702 
16.35497827   7.93334362 
15.95652084   7.10099587 
12.61967193   2.12970594 
13.39434672   17.39157457 
29.32599707   9.26270662 
4.89164949   9.84856830 
3.14592338   5.81234881 
3.46280933   6.12281397 
3.52908331   5.67932266 
4.79582016   10.19639997 
4.70933767   10.27786659 
4.90811709   10.34034362 
4.88436743   10.29403403 
4.84553498   10.35838016 
4.97909825   9.69582656 
4.95621917   9.67008097 
3.80731554   14.86573977 
25.50004620   11.84538134 
23.00828071   3.64086897 
22.70609864   2.75538304 
14.93296733   10.84454392 
15.18430439   10.19124116 
22.38703254   14.56129105 
5.33918785   9.99420510 
5.35686092   9.93318473 
18.42366018   3.82996401 
25.53493479   10.63998371 
26.42787164   10.51797406 
26.31742952   11.36929737 
9.29127919   5.37194854 
7.69335582   17.61270984 
4.78225901   9.86199761 
4.83227193   9.84131721 
27.11115876   11.74325174 
4.48050063   5.90828983 
4.16948653   5.95177507 
4.30574654   5.53305445 
5.65755639   12.95805482 
5.83636860   13.37190359 
4.11477100   14.11947067 
4.48001783   14.15358448 
4.20552003   14.62241680 
3.73355766   14.29388286 
3.40278189   14.63652592 
3.50080455   13.91308271 
3.86654234   13.76550509 
13.57591741   15.32421107 
13.33853862   15.94844826 
21.44579067   4.27650228 
20.58555052   17.87424807 
3.32385022   5.38492690 
14.52826157   10.20223056 
14.89075380   9.48962013 
20.44367459   1.92744735 
5.78399990   7.07468694 
6.02006207   7.11996878 
5.87181435   7.28156734 
24.73292711   11.15021943 
24.01914196   11.64701017 
23.98673324   10.78854292 
9.82549454   12.55934850 
10.33890886   12.43262214 
4.56949324   9.22194610 
4.44845892   9.18446244 
4.56664633   9.09454840 
13.24558224   2.98885703 
13.31217821   2.34601214 
13.83034448   3.04809169 
20.40387263   15.73784044 
20.75882121   16.37837660 
4.06924075   11.28972078 
3.95844256   11.12007084 
5.08170260   9.99632650 
5.03161421   9.98637350 
22.29631927   4.11809457 
8.64811533   13.34406693 
11.73519896   15.14702023 
11.99022893   15.70791566 
5.00781362   9.89820640 
4.98193706   9.87157057 
14.09514232   17.99874834 
23.33181111   12.31213042 
24.01354668   12.51767533 
17.33029735   17.66282579 
17.56854321   16.83319436 
16.89078290   16.95734183 
5.73125271   10.12696871 
5.61195601   10.15507835 
5.76475148   10.01693324 
5.11046462   9.95526126 
22.66854611   7.98212683 
21.78491052   7.68665234 
22.45443154   7.30517405 
21.89859902   6.88371715 
3.60793761   7.52850838 
18.59283673   10.00903923 
16.86973875   16.27949205 
21.06605486   8.21537314 
22.59737256   11.97344688 
15.20851495   4.80272547 
14.48181979   5.09669377 
4.99878987   13.83363931 
1.95608241   13.50693592 
24.64207921   10.21471557 
18.56059492   18.70364927 
18.23438896   19.25149436 
25.22629495   9.73967013 
13.47814670   10.78734032 
25.54319958   5.61685583 
9.92976078   12.20406081 
23.63995764   9.10326753 
22.86627357   8.81097048 
5.17128099   10.03406710 
5.11031746   10.03753462 
5.14592377   10.08109397 
21.25707408   17.52300401 
21.85539785   10.75993028 
21.91995633   11.61455301 
21.06326859   10.33529377 
3.82102580   7.36003739 
3.86899534   7.61114484 
21.87523337   8.63255257 
10.52950320   12.91250613 
5.38166105   10.02529270 
11.72920581   4.51704115 
11.14050916   4.03231338 
11.20671739   4.81206960 
4.53430599   9.97232071 
4.23376444   9.80760209 
4.87339779   5.30098546 
22.25977683   6.16979922 
21.64795326   5.44788297 
5.02091786   9.86536372 
10.41909849   4.18788360 
5.42899383   10.68967205 
5.52158133   10.72323758 
5.43405779   10.77016748 
5.51720665   10.82666121 
3.93326454   8.87382004 
4.13121351   8.85590706 
4.17318422   10.44653272 
4.33593153   10.48181633 
4.24869096   10.64838053 
4.96737186   10.06149261 
4.93942678   10.09420463 
5.41576390   10.61700711 
4.98690738   10.10771087 
4.35458703   10.15424519 
4.27651050   10.08930265 
14.89868891   12.43125737 
14.34496284   13.02951462 
13.33862999   12.22074443 
13.59547522   12.98094365 
12.72002726   12.75070345 
21.09533553   3.49833668 
5.13363002   8.59415080 
5.09930380   8.41881047 
5.28467780   8.44879507 
7.52706754   7.14715997 
5.09635901   10.23461118 
5.13414627   10.24981561 
6.42968658   10.24329594 
6.29770324   10.21921546 
6.40754556   10.11992776 
26.84811736   9.74662355 
20.35308995   8.08711495 
19.74262063   8.47438573 
6.36814924   10.35557939 
6.37290638   9.98476398 
6.52874683   10.01845352 
6.45489962   9.84635234 
7.65561652   9.49566674 
7.55830189   9.69952129 
7.41623881   9.90746632 
7.36005023   9.67246663 
4.99974180   10.14668072 
12.12208211   5.73952807 
4.77521044   9.38365325 
4.80909358   9.45043453 
4.19191085   12.93970055 
3.93273505   12.73770697 
4.25866504   12.60275013 
4.45767951   13.13701244 
5.75285804   9.66030541 
5.85095110   9.70975040 
5.73973318   9.74301502 
5.78350650   9.82049416 
12.83192368   7.25579348 
12.39476354   6.82033284 
5.81542205   9.58359571 
5.97437631   9.59271817 
13.48880222   7.02937491 
19.21963856   1.47921540 
6.16640174   10.23022190 
6.22210509   10.35346522 
6.04043359   10.24099128 
6.10795909   10.12123866 
5.00585932   9.68605521 
12.55934274   7.78770159 
8.18029701   8.78737072 
8.27836870   9.06048536 
20.91389979   5.99215340 
8.23190732   8.47390681 
5.23140347   11.01490808 
5.08905989   11.03365383 
5.17559496   10.91264747 
3.86702708   5.80385155 
5.90661326   9.83008968 
5.98414833   9.73803464 
6.13457727   9.98995189 
6.01977032   10.01125173 
5.88498562   10.65047198 
5.18936444   8.91476366 
5.15911154   8.75959536 
21.49336543   6.31890461 
5.23703352   10.01951136 
5.00115463   8.71439616 
28.48427570   10.48392633 
5.46561095   8.49126206 
4.38240638   10.24890483 
5.23063024   8.24931754 
5.67590867   8.56861798 
5.52280448   8.69257116 
5.70324865   8.72618214 
4.65887525   9.27462562 
4.57078998   9.34618863 
4.98309692   9.07580955 
4.95438976   8.96022180 
5.06933727   8.99718340 
17.53299952   16.04565180 
5.63749274   10.76997032 
5.61728736   10.65611321 
6.35607104   8.58976295 
6.36719194   8.36352389 
7.36179797   8.37714402 
16.98720040   15.53955849 
3.95704916   11.51324302 
22.27971478   13.90734119 
6.79231954   8.81408708 
6.72897847   8.62518384 
6.91774131   8.66096580 
4.91029226   9.16542557 
5.00922160   9.20558997 
5.09459347   9.13595541 
6.86214431   8.44227058 
7.46422652   13.80401135 
7.40183155   13.52308758 
6.86271725   9.03886978 
6.58851557   8.96039871 
6.66241114   9.18262638 
5.89460119   10.77158923 
5.76757124   10.80290782 
6.53601259   8.72020754 
5.89305430   8.66271592 
6.04923117   8.83661582 
5.94300733   8.98646007 
5.76515688   9.03219121 
5.82546017   8.84946676 
3.88923024   6.26347108 
4.55257757   11.60427691 
3.90811812   9.72878743 
5.07774064   9.63902657 
20.80281353   9.73531782 
8.17899029   5.79965880 
5.37143667   11.05453264 
13.51712154   14.16133742 
13.94826028   13.66005209 
6.41595350   9.10333651 
6.30364785   8.85225412 
10.37681959   14.24137446 
4.76169098   9.28724081 
6.12759015   9.71236995 
6.34642417   9.65639372 
6.24793123   9.87661678 
6.16128712   9.54127163 
5.14403236   10.68629797 
5.08239313   10.61671922 
5.15789301   10.60835291 
4.92271982   11.31532016 
14.66417766   5.84318134 
5.10987057   10.54771739 
5.11778852   10.48025368 
4.83853651   9.51733021 
5.06384114   10.70597375 
5.04903937   10.54974303 
5.01679642   10.59271618 
6.48493938   9.31285260 
6.69683638   9.36970724 
6.54914260   9.50811221 
6.60480034   9.70407786 
5.24637431   9.95968928 
5.29443633   9.92675666 
5.25644542   10.79234899 
5.13806823   10.77566956 
5.78120025   13.64358060 
5.31292760   10.91180546 
5.26159121   6.41727137 
5.01839521   10.64677631 
6.14476007   8.09649884 
6.36863253   8.10284889 
5.27212116   9.78960173 
5.27706140   9.85149401 
13.54457858   4.34174505 
13.76291357   5.03254246 
4.43576993   12.38805458 
7.28442215   8.09340377 
7.05559327   8.04465807 
7.08970131   8.28826478 
4.13581920   8.48755030 
4.22557005   8.67909963 
4.35921447   8.50001950 
4.07995235   10.58226038 
5.08514579   10.08825731 
4.37708815   10.89819192 
4.46074799   11.01551058 
4.94431617   11.04044643 
4.82942986   11.17133540 
4.79408390   11.02565747 
4.51010596   10.89933882 
5.00331534   11.17877662 
6.65661963   10.66429363 
6.50680311   10.64042820 
14.12134746   7.06878150 
5.75779626   8.25573233 
5.62529619   8.37167176 
4.54884693   10.33248929 
9.71403830   6.74599892 
9.96330307   7.06816857 
4.43991031   10.37096056 
5.38884632   9.41430295 
10.80317292   14.08880637 
11.09304563   13.69692818 
15.47763858   19.44875753 
14.59687569   2.81238128 
14.01578978   2.31493025 
5.34135541   9.87058949 
10.52989217   13.76439059 
6.84896201   7.89283800 
10.50658278   11.57982799 
10.89851407   11.27349770 
10.47694763   11.10616813 
11.11487642   10.40230964 
10.68552109   10.07382763 
10.60992080   10.56208986 
5.02255319   8.19753110 
4.78585362   8.17244007 
4.92375036   7.98683696 
8.77206692   13.75668695 
11.09601145   9.40213292 
10.72819321   9.63253828 
4.27309210   8.30580106 
5.60411589   7.35690101 
6.57106890   10.17839316 
10.25877122   9.76867535 
29.20486851   9.98931121 
5.48092978   8.88975170 
5.57690254   9.01984372 
5.51026234   9.15787664 
5.40416593   9.13859641 
22.65251157   6.72080241 
5.29277043   10.47395883 
7.67266953   7.51508006 
7.46558422   10.15793026 
5.29439123   10.03906796 
5.28195182   9.98784117 
7.29720152   10.31881476 
6.28434977   10.46308134 
6.08523665   10.37095377 
9.01740228   11.76608811 
8.89493467   12.06454871 
8.79171934   12.37323214 
10.28145748   8.08859585 
6.29349455   7.03012350 
5.10389815   9.59198166 
5.15526807   9.59411115 
5.12161731   9.63278935 
5.51409079   10.48027863 
5.59255330   10.56231763 
5.12907588   9.54735538 
20.43045207   13.28333649 
4.57835526   9.65506282 
6.85060625   10.23609856 
6.51570234   7.77514259 
4.79055363   10.37894685 
4.81647950   10.43243818 
5.70399224   9.91416020 
5.83071412   9.91709560 
5.84543743   8.46730483 
4.63378149   10.32186923 
4.57158717   10.41606372 
5.13150861   10.15632013 
5.09084261   10.13794729 
5.12274115   10.11344857 
11.49419880   15.71244782 
5.61903615   9.24263942 
5.64807269   9.13027269 
5.77155530   9.19528628 
9.31946719   9.57118319 
9.62591531   9.47444358 
4.75446058   8.89258902 
13.04106351   4.35516996 
5.70179114   9.33496097 
5.86515865   9.33514265 
4.90991070   10.38455545 
4.92223303   10.42251348 
4.87747002   10.42498635 
3.55966574   6.48346661 
4.69414995   10.99494035 
19.18939923   9.83417697 
4.85580594   10.48653591 
7.49837755   10.46455618 
7.67103837   10.21484106 
5.51161187   10.54760143 
5.50401424   10.61943897 
4.75013557   11.33725769 
4.67988326   11.14106927 
4.69917050   7.49455437 
5.30788443   9.22715573 
5.29147703   9.72073315 
4.91426129   9.65163146 
4.82673742   10.72938072 
4.89056776   10.67793935 
4.87888032   10.60206609 
4.95304667   10.61380818 
8.96355937   6.99696504 
8.83176233   7.47919042 
6.29044460   12.47972190 
5.68358798   9.99235155 
11.85833112   12.88132590 
11.16139804   13.02777696 
11.65110586   13.68608004 
9.32744605   6.66340793 
8.84459706   6.38834579 
4.48762003   6.88058864 
15.81046445   10.09764079 
15.19475819   1.40917089 
6.05416621   11.04411018 
5.96407644   10.92012952 
5.87736861   9.47828532 
21.17182940   8.80547842 
4.84584260   9.36876057 
9.61535335   10.63590655 
9.20644295   10.94585652 
14.68101255   13.64111146 
9.70033729   11.01955649 
8.83411805   10.89610688 
8.70285131   10.52835468 
8.39271701   10.43107033 
8.50407828   10.15809524 
9.01736003   9.46776667 
10.48057738   6.94840767 
10.23999475   7.55023822 
12.16778328   12.15327176 
7.19235315   10.77263292 
7.83366454   12.97196305 
6.72477357   10.09215202 
4.41452267   10.77044526 
4.86390091   12.03042291 
5.28063445   12.20809497 
13.25800612   14.81984714 
5.46410902   12.16790978 
7.77406249   11.51301149 
7.33228022   10.64509054 
4.41038096   10.63444874 
4.47850681   10.51113291 
6.88512465   8.16430338 
7.94044121   8.62788022 
6.20695415   11.32890781 
6.17122751   11.46164298 
8.55040415   11.20768630 
8.98913946   11.35252803 
5.16926271   10.39778160 
11.03167554   10.83963021 
8.03019492   9.30941279 
3.66833234   8.28678675 
8.86977462   12.80138009 
3.74830521   13.37306573 
4.73971752   9.57680730 
3.52224637   13.58662906 
5.77311142   11.88754717 
12.73792067   11.98420312 
5.64486604   11.82954321 
5.96698153   8.23816231 
8.43456074   6.03124990 
12.34678912   13.48658816 
5.47975697   10.09648037 
8.02631079   11.25696749 
13.10450989   13.53828493 
5.68661256   12.12903172 
13.81776774   10.22114994 
5.02493766   9.42131970 
5.00544689   9.49231208 
4.95513041   9.52367570 
7.92008393   7.18998294 
11.54270174   5.98305857 
5.18599508   9.78224837 
6.36797089   10.69626056 
7.74142406   11.19403531 
4.95687464   10.89189624 
4.89248931   9.61263918 
10.12889661   10.73866154 
5.52680437   10.13734737 
4.90861950   8.86167440 
5.04539753   8.86835243 
5.58139436   9.34794001 
4.47172516   8.35801865 
13.11742612   10.14997590 
12.06194957   6.28977305 
5.04635875   10.92194265 
11.88207974   7.06226668 
5.54392908   9.71674056 
5.53349266   10.20621947 
5.64963354   9.70407304 
24.62565996   11.96026090 
5.25539558   10.06138095 
8.48896396   7.65009443 
4.91485601   10.46549507 
6.21007205   10.79458822 
6.66718104   9.90655557 
5.45928401   9.73789297 
6.80327831   9.78838132 
5.66903513   9.80885407 
6.82920112   9.55956987 
8.70103614   9.37704127 
5.35917447   9.69040670 
5.42662527   9.69805315 
5.92796890   11.48392101 
9.65783988   9.13302131 
4.90689341   10.53226050 
7.71098144   9.25566344 
10.03626959   11.14198987 
7.92041331   8.97199610 
10.43312292   9.30316188 
4.91568780   9.56672577 
7.68641933   9.95485010 
7.87558643   10.11703082 
5.05648207   9.47788955 
4.58095513   11.01803024 
5.02391893   10.80489517 
6.34629487   10.87987484 
8.22658064   11.08887834 
4.92848557   11.59947848 
4.87196669   11.45237832 
6.10369196   10.90788489 
4.45906108   8.64791576 
5.09601517   9.50721175 
5.71609815   11.38108818 
7.13401865   9.56094734 
6.12575242   10.68551458 
6.01111802   10.65305872 
10.69933693   13.33401341 
4.71598248   9.62602079 
7.42941660   9.42330798 
7.55307292   11.16018147 
6.02622577   9.41800466 
4.97623900   10.70548425 
5.13405105   10.43128529 
5.93898574   9.92597855 
6.05137376   9.86918474 
5.98589895   10.32540860 
5.52480299   11.04222026 
5.43356085   10.93143246 
6.58041803   6.57009006 
5.08808052   10.43348761 
5.39612668   10.83629324 
5.59171168   9.77847842 
4.63104282   10.68997900 
4.84343408   10.55384171 
5.20754228   9.19565639 
6.98610649   9.78088885 
5.06785086   10.46644454 
6.71346390   11.99180412 
5.31715582   8.65581372 
6.24774728   10.07730086 
5.25395026   9.54928542 
4.56255472   8.50942931 
5.42938564   11.50321312 
7.69468774   11.75464153 
6.88658758   9.98991633 
5.64436919   8.86941092 
6.05246969   10.78478378 
4.65202371   10.39118687 
5.15425216   9.49149121 
5.35460703   10.75498332 
5.04655197   9.52408927 
5.18863439   9.53793558 
5.80981240   11.20942281 
5.08156377   9.55714257 
5.07428753   10.50625174 
10.53782677   7.84010263 
4.12733964   15.02463662 
5.32440014   10.82270950 
5.08838791   10.84811675 
