132   133   134 
133   135   134 
136   137   138 
139   140   141 
139   142   140 
137   143   138 
144   145   146 
144   147   145 
148   29   149 
150   151   117 
152   153   154 
155   156   157 
156   158   157 
29   159   149 
160   161   162 
163   164   165 
163   166   164 
167   168   169 
167   170   168 
171   172   173 
172   108   173 
174   175   176 
174   177   175 
176   178   179 
178   180   179 
181   182   183 
182   184   183 
161   185   162 
186   187   188 
189   190   191 
190   192   191 
187   193   188 
194   195   196 
197   142   198 
142   199   198 
200   201   202 
203   204   69 
204   68   69 
201   205   202 
206   207   208 
207   209   208 
210   211   198 
211   212   198 
213   214   215 
214   216   215 
194   217   195 
218   219   220 
221   222   223 
221   45   222 
196   224   194 
224   225   194 
226   227   228 
84   229   230 
84   85   229 
226   231   227 
232   233   234 
235   236   237 
233   238   234 
239   240   241 
242   243   244 
243   48   244 
245   246   247 
240   248   241 
133   132   249 
250   251   252 
253   134   135 
254   255   256 
257   258   259 
260   261   262 
263   264   238 
260   265   261 
266   267   268 
267   269   268 
254   270   255 
271   272   273 
274   275   276 
277   278   132 
274   279   275 
134   280   277 
281   282   283 
281   15   282 
284   285   286 
285   27   286 
272   287   273 
288   289   290 
291   292   293 
291   294   292 
295   161   160 
296   297   298 
299   300   295 
299   301   300 
160   299   295 
160   302   299 
303   304   305 
304   306   305 
307   308   309 
308   310   309 
311   228   312 
311   313   228 
314   315   182 
315   184   182 
276   316   317 
276   287   316 
318   319   320 
319   321   320 
322   323   324 
323   325   324 
326   255   327 
255   270   327 
328   329   330 
329   331   330 
328   332   333 
296   334   297 
332   335   333 
336   42   236 
337   338   191 
339   340   341 
338   342   191 
191   227   337 
191   192   227 
343   344   345 
343   346   344 
347   348   345 
347   349   348 
219   350   351 
219   218   350 
352   353   354 
353   355   354 
356   357   358 
359   360   361 
297   334   362 
363   364   365 
366   30   31 
207   367   368 
11   12   369 
207   370   367 
371   372   373 
363   374   364 
96   375   376 
96   97   375 
377   378   379 
380   381   382 
383   384   385 
229   386   230 
229   387   386 
203   388   204 
388   389   204 
384   390   385 
151   116   117 
391   178   392 
36   37   393 
391   180   178 
323   394   392 
323   395   394 
396   397   398 
399   233   232 
89   400   401 
89   90   400 
381   50   382 
402   403   64 
403   63   64 
399   404   405 
404   331   405 
274   406   407 
274   257   406 
408   409   407 
408   346   409 
410   411   412 
357   413   358 
293   154   291 
293   105   154 
174   224   414 
174   179   224 
414   224   196 
415   416   417 
418   419   420 
414   421   174 
422   423   363 
421   177   174 
418   424   419 
425   426   427 
428   429   430 
398   397   431 
397   432   431 
433   434   435 
436   437   438 
439   387   440 
433   441   434 
429   442   430 
443   389   444 
311   445   446 
311   447   445 
448   449   309 
449   450   309 
436   451   437 
452   82   83 
453   454   455 
456   457   458 
70   71   459 
456   460   457 
386   461   462 
453   463   454 
464   465   466 
467   468   388 
469   470   471 
465   472   466 
446   473   474 
446   269   473 
475   476   474 
151   150   477 
475   478   476 
479   261   480 
261   265   480 
481   343   479 
481   346   343 
482   151   483 
484   393   485 
432   486   487 
432   397   486 
159   366   487 
488   489   490 
491   492   426 
492   427   426 
489   493   490 
369   13   494 
476   495   496 
90   497   400 
90   91   497 
476   478   495 
403   498   63 
498   62   63 
387   461   386 
387   439   461 
496   156   226 
388   468   389 
468   444   389 
156   231   226 
499   500   501 
500   502   501 
499   400   497 
503   504   505 
506   507   508 
503   509   504 
483   151   477 
396   393   484 
496   226   476 
226   313   476 
501   502   439 
502   461   439 
501   400   499 
444   507   506 
444   468   507 
510   511   512 
513   514   515 
452   516   82 
516   81   82 
511   517   512 
71   518   459 
71   72   518 
462   519   520 
462   521   519 
516   452   520 
522   523   467 
523   524   467 
522   459   518 
525   526   513 
483   335   527 
525   528   526 
529   349   484 
530   253   531 
515   525   513 
532   249   533 
515   310   525 
534   157   535 
536   537   538 
539   532   540 
534   541   157 
542   543   544 
545   546   547 
548   531   549 
550   551   552 
553   554   555 
553   556   554 
473   267   557 
473   269   267 
461   521   462 
461   502   521 
520   452   462 
467   524   468 
524   507   468 
467   459   522 
558   499   497 
558   500   499 
91   559   497 
91   92   559 
560   561   562 
561   563   562 
498   564   62 
564   61   62 
548   530   531 
548   547   530 
547   565   530 
557   330   566 
330   331   566 
567   568   569 
568   570   569 
532   533   540 
533   536   540 
533   571   536 
571   537   536 
571   205   537 
572   480   448 
480   265   448 
572   515   573 
574   575   576 
547   546   565 
546   577   565 
558   578   500 
578   579   500 
558   497   559 
508   580   581 
508   582   580 
564   498   581 
583   146   145 
583   58   146 
584   18   19 
542   544   585 
542   586   543 
587   326   588 
587   589   326 
590   591   592 
590   593   591 
594   595   592 
594   596   595 
597   598   599 
598   600   599 
23   24   601 
516   520   602 
520   519   602 
516   603   81 
603   80   81 
604   522   518 
604   523   522 
72   605   518 
72   73   605 
500   579   502 
579   521   502 
507   582   508 
507   524   582 
519   606   602 
519   607   606 
603   516   602 
604   608   523 
608   609   523 
604   518   605 
567   610   611 
567   586   610 
574   612   575 
613   614   615 
616   617   618 
619   620   621 
258   622   259 
622   26   259 
616   623   617 
624   495   625 
263   626   264 
263   16   626 
521   607   519 
521   579   607 
523   609   524 
609   582   524 
627   558   559 
627   578   558 
624   158   495 
628   629   630 
564   581   631 
581   580   631 
564   632   61 
629   217   630 
633   634   629 
635   636   578 
627   559   637 
638   639   640 
580   641   642 
632   564   631 
626   643   264 
634   217   629 
258   644   622 
633   645   646 
647   648   649 
650   651   652 
650   653   651 
654   252   655 
603   602   656 
602   606   656 
252   251   655 
647   657   648 
658   604   605 
658   608   604 
73   659   605 
73   74   659 
606   660   656 
606   661   660 
662   603   656 
663   664   665 
666   667   608 
658   605   659 
578   636   579 
636   607   579 
582   641   580 
582   609   641 
654   655   544 
668   669   670 
607   661   606 
607   636   661 
608   667   609 
667   641   609 
671   449   260 
449   265   260 
669   672   670 
354   355   673 
632   631   674 
268   445   675 
268   269   445 
676   514   646 
514   677   646 
678   679   635 
680   681   364 
681   682   364 
642   683   684 
685   632   674 
662   656   686 
656   660   686 
618   687   616 
687   688   616 
689   658   659 
618   690   687 
74   691   659 
74   75   691 
660   321   686 
660   692   321 
693   694   695 
696   697   698 
699   700   701 
702   703   704 
635   679   636 
679   661   636 
641   683   642 
641   667   683 
661   692   660 
661   679   692 
702   705   703 
706   683   667 
412   707   410 
412   708   707 
699   709   700 
710   711   712 
713   714   715 
710   716   711 
717   718   719 
720   721   722 
719   723   717 
723   724   717 
725   726   727 
725   728   726 
727   729   730 
729   39   730 
731   732   733 
731   114   732 
734   735   736 
734   737   735 
738   488   599 
721   739   722 
740   741   742 
488   490   599 
741   743   742 
740   744   745 
744   746   745 
747   748   749 
748   750   749 
742   751   752 
753   449   671 
671   754   753 
742   743   751 
671   725   754 
675   445   755 
755   756   675 
756   757   675 
758   759   760 
758   761   759 
762   763   739 
763   764   739 
765   766   767 
765   768   766 
247   769   770 
769   55   770 
771   772   773 
772   774   773 
775   595   771 
776   777   778 
773   775   771 
773   779   775 
777   780   778 
781   782   783 
587   784   785 
587   786   784 
787   788   785 
787   451   788 
179   367   789 
179   180   367 
789   620   619 
790   791   792 
790   793   791 
794   795   796 
795   53   796 
456   797   798 
456   593   797 
781   799   782 
696   800   697 
801   802   254 
802   270   254 
803   804   805 
803   779   804 
806   807   808 
806   761   807 
136   809   137 
273   287   275 
810   791   811 
791   793   811 
810   250   812 
813   755   814 
814   755   447 
447   815   814 
453   816   817 
818   638   819 
745   746   820 
821   822   823 
824   825   826 
825   827   826 
828   829   830 
828   831   829 
758   832   830 
758   688   832 
833   834   554 
834   835   554 
833   836   837 
836   47   837 
822   838   823 
839   240   840 
240   841   840 
839   842   248 
842   843   248 
844   845   846 
847   848   849 
844   850   845 
851   852   853 
852   854   853 
855   847   849 
855   100   847 
855   849   856 
857   858   859 
857   709   858 
859   860   861 
860   862   861 
863   700   857 
700   709   857 
864   865   863 
361   866   359 
866   212   359 
867   868   869 
864   870   865 
871   872   873 
871   874   872 
639   638   818 
638   645   819 
875   876   877 
875   878   876 
786   537   879 
786   538   537 
493   546   490 
877   880   875 
881   668   882 
546   545   490 
883   884   885 
881   886   668 
887   723   885 
887   724   723 
256   788   888 
256   589   788 
889   890   271 
890   600   271 
891   892   893 
892   894   893 
895   503   881 
503   886   881 
663   5   664 
896   897   898 
899   900   901 
902   903   904 
903   905   904 
906   699   907 
906   709   699 
510   908   907 
909   910   911 
909   912   910 
510   913   908 
914   915   916 
856   805   917 
918   897   896 
919   920   921 
922   640   923 
838   924   925 
924   737   925 
926   852   851 
640   927   923 
928   929   930 
931   932   933 
931   912   932 
928   934   929 
935   778   936 
935   937   778 
938   650   939 
938   653   650 
639   818   939 
940   919   921 
941   669   942 
943   944   945 
943   946   944 
901   947   899 
941   672   669 
505   948   942 
505   949   948 
950   951   952 
241   953   954 
241   248   953 
657   955   956 
366   159   30 
957   361   958 
779   773   869 
382   959   380 
960   961   962 
165   963   964 
165   965   963 
512   966   967 
512   517   966 
967   968   969 
968   937   969 
970   971   972 
970   973   971 
974   975   976 
975   977   976 
816   978   817 
574   979   980 
981   680   982 
981   983   680 
984   985   986 
985   987   986 
869   868   779 
988   989   990 
989   827   990 
991   704   703 
992   993   991 
992   994   993 
995   996   997 
998   999   1000 
998   1001   999 
964   1002   1000 
964   1003   1002 
1004   711   1005 
711   716   1005 
950   705   1006 
923   652   1004 
770   56   1007 
923   927   652 
1008   504   1009 
1008   949   504 
1010   1011   963 
1011   1003   963 
1012   1013   1014 
1015   934   1016 
1017   1018   844 
1018   850   844 
1019   1020   1021 
1019   1022   1020 
1023   1024   1025 
1023   945   1024 
1026   1027   1025 
1026   1028   1027 
1029   1030   1031 
1029   1032   1030 
1033   1034   1016 
1034   1035   1016 
1033   928   1036 
928   1037   1036 
1038   1039   1040 
1038   1041   1039 
1040   860   1042 
860   1043   1042 
1044   1045   1046 
1045   1047   1046 
1048   1049   1050 
1049   746   1050 
1051   893   929 
893   894   929 
1051   1015   821 
1015   1052   821 
1053   1054   296 
1054   334   296 
1055   938   1053 
1055   653   938 
1056   1057   1058 
1057   1059   1058 
1060   1061   1062 
1061   1063   1062 
1021   1064   1060 
1021   1065   1064 
1066   1067   1064 
1064   1067   1068 
1069   961   1070 
685   674   1071 
1072   1023   1073 
1074   1075   1076 
1075   1077   1076 
1074   1078   1079 
1078   889   1079 
1080   164   1081 
164   166   1081 
1082   1083   1044 
1083   1084   1044 
159   29   30 
1082   1085   1086 
1085   1087   1086 
642   684   1088 
1076   1077   922 
1089   1090   1091 
1089   1092   1090 
1091   1093   1058 
584   539   1094 
1093   1095   1058 
1013   1096   1014 
1097   1098   1099 
1077   1100   922 
922   1100   1101 
1102   1026   1103 
1102   1028   1026 
1104   1105   1106 
1104   1107   1105 
1106   1108   1109 
1108   1110   1109 
1111   1112   1113 
1112   1114   1113 
1115   969   935 
969   937   935 
1116   908   1115 
1116   1117   908 
1118   1119   1120 
1121   1122   531 
1119   1123   1120 
1124   1125   1126 
1121   22   1122 
88   89   401 
580   1127   631 
580   642   1127 
1125   1128   1126 
1124   1129   1080 
1129   965   1080 
402   64   65 
1130   229   85 
1130   387   229 
440   1130   1131 
1132   752   1133 
1132   1134   752 
1130   440   387 
1135   425   150 
1133   1136   1132 
173   1137   1138 
150   427   477 
1136   1139   1132 
1140   1141   1142 
1141   1143   1142 
425   427   150 
1140   1144   1086 
119   1145   1146 
1146   425   1135 
1144   1147   1086 
1146   1148   425 
173   1138   1149 
1150   777   1151 
777   1152   1151 
1145   1148   1146 
1153   1154   34 
1155   431   1153 
1156   930   1157 
431   1158   1153 
173   109   1137 
139   1159   142 
1153   1158   1154 
68   204   1160 
146   1161   144 
204   389   1160 
146   59   1161 
1162   756   1163 
756   813   1163 
322   1164   1165 
1166   1160   443 
322   1167   1164 
389   443   1160 
1168   814   314 
814   815   314 
34   35   1153 
732   1169   482 
732   115   1169 
1146   118   119 
485   1170   729 
1170   38   729 
1171   1172   112 
1155   36   393 
1172   111   112 
1173   1174   237 
398   1155   393 
393   396   398 
462   230   386 
506   508   581 
452   230   462 
1175   32   1158 
1158   432   1175 
1158   431   432 
388   203   459 
1176   549   601 
459   467   388 
1148   10   1177 
1177   426   1148 
426   425   1148 
132   134   277 
601   644   1176 
1178   172   1179 
1180   87   1131 
1178   107   172 
581   403   506 
22   23   1122 
1131   87   88 
498   403   581 
485   726   484 
532   1181   20 
1166   66   1182 
1181   19   20 
900   1183   1184 
65   66   1166 
900   103   1183 
1175   432   487 
484   726   529 
491   426   1177 
65   1166   402 
230   83   84 
230   452   83 
1166   443   402 
1185   1176   644 
501   401   400 
1186   1187   1188 
1189   1190   277 
1189   139   1190 
1191   670   1192 
403   402   506 
277   1190   1186 
1146   1135   118 
1190   1193   1186 
1194   1195   1196 
1195   1197   1196 
1163   1198   1162 
1163   1199   1198 
117   118   1135 
1200   1201   538 
35   1155   1153 
1200   1202   1201 
545   1203   1204 
1155   35   36 
1203   1205   1204 
1186   1193   1187 
1148   1145   10 
205   1188   1187 
658   1206   608 
10   11   1177 
1206   666   608 
1161   1207   685 
1160   1182   68 
1161   60   1207 
1197   214   1208 
85   1180   1130 
1197   235   216 
627   1209   578 
32   1154   1158 
1209   635   578 
662   1210   603 
1210   80   603 
559   1211   637 
1175   31   32 
1197   216   214 
69   70   203 
70   459   203 
401   501   440 
9   10   1145 
1154   32   33 
67   68   1182 
1180   85   86 
501   439   440 
1212   1211   93 
150   117   1135 
1154   1   34 
33   1   1154 
119   4   1145 
1145   4   9 
559   92   1211 
1166   1182   1160 
548   1203   547 
1130   1180   1131 
1203   545   547 
622   1213   25 
1175   366   31 
366   1175   487 
1213   24   25 
17   1214   626 
17   18   1214 
11   369   1177 
491   1177   369 
398   431   1155 
536   1201   540 
1180   3   87 
536   538   1201 
86   3   1180 
1215   1216   491 
1215   1217   1216 
486   1218   487 
1182   2   67 
486   1219   1218 
1220   1172   1198 
66   2   1182 
1172   1171   1198 
93   1221   1212 
94   1221   93 
489   488   1222 
489   434   493 
1223   670   1191 
1222   434   489 
766   247   246 
246   767   766 
768   247   766 
304   1224   306 
304   303   678 
678   1224   304 
401   1131   88 
401   440   1131 
1174   235   237 
216   235   1174 
282   16   263 
263   283   282 
15   16   282 
1225   1226   1227 
1228   1165   1164 
1226   1225   1114 
259   26   285 
285   284   259 
285   26   27 
1229   1230   384 
384   1230   1231 
1231   390   384 
1232   21   135 
1226   1233   1227 
814   1168   813 
551   1234   1235 
133   1232   135 
20   21   1232 
1185   1205   1176 
336   41   42 
1097   1236   1098 
1237   200   187 
1238   1205   1185 
187   200   193 
187   186   1237 
28   29   148 
1239   221   1240 
1241   44   1239 
44   221   1239 
1242   1202   1243 
1242   1243   1094 
1243   1202   1244 
796   769   768 
54   769   796 
494   13   1245 
494   1245   1246 
1190   141   1193 
139   141   1190 
1216   333   492 
1217   333   1216 
492   491   1216 
1245   13   14 
614   1247   615 
1248   614   1249 
987   1247   614 
642   1088   1127 
622   25   26 
16   17   626 
674   631   1127 
614   1248   987 
825   1250   827 
825   824   1251 
1251   1250   825 
332   1252   335 
135   21   22 
332   328   1253 
1253   1252   332 
1254   1255   1256 
533   278   571 
565   280   530 
930   894   1157 
1256   1255   1257 
1258   1259   1048 
395   1208   214 
214   213   395 
1260   320   692 
159   487   1218 
1261   320   1260 
132   533   249 
486   397   396 
278   533   132 
396   349   486 
477   427   492 
492   335   477 
349   396   484 
483   477   335 
1262   1263   553 
180   368   367 
369   12   13 
1262   553   555 
1262   1264   1263 
370   789   367 
1247   1265   1266 
1259   1267   1048 
987   1265   1247 
1218   1268   159 
149   159   1268 
1219   1268   1218 
637   1269   627 
637   1270   1269 
1212   1270   637 
220   215   1174 
1258   1271   1272 
216   1174   215 
1202   1242   1201 
1201   1242   540 
1203   1176   1205 
1271   1273   1272 
548   1176   1203 
220   1174   1173 
1211   92   93 
1211   1212   637 
60   61   1207 
1274   1275   1276 
1274   1277   1275 
1278   1010   1129 
632   685   1207 
565   1189   280 
1207   61   632 
1189   277   280 
1189   577   139 
1010   965   1129 
349   1279   348 
1280   1281   1278 
1282   345   348 
348   1279   1282 
1280   1047   1281 
300   877   1283 
1283   295   300 
301   877   300 
577   1189   565 
1284   1285   1286 
152   154   106 
106   1178   152 
105   106   154 
1284   1287   1285 
181   1230   1288 
1289   902   1286 
1290   1231   181 
1289   1291   902 
1231   1230   181 
644   601   1213 
1235   1234   1292 
1213   601   24 
1214   584   643 
1293   842   1294 
1293   843   842 
1294   1295   1293 
1094   643   584 
18   584   1214 
1232   532   20 
1232   133   249 
249   532   1232 
224   619   225 
1295   1296   1293 
1297   1298   1299 
179   619   224 
1208   322   1165 
395   322   1208 
1297   1300   1298 
1240   553   1263 
494   1301   1215 
1301   494   1246 
1215   1301   1217 
674   1127   1302 
1302   1127   1088 
1071   674   1302 
1303   1107   1304 
1305   1107   1303 
1149   288   290 
1306   1307   1308 
290   1309   1149 
1307   1310   1308 
352   1206   689 
1311   1206   352 
1312   1144   1313 
1243   264   643 
643   1094   1243 
1244   264   1243 
1220   1198   1314 
1314   1198   1199 
1172   1315   111 
1197   1195   235 
1312   1147   1144 
235   1195   236 
1220   1315   1172 
644   258   1185 
1316   1317   1313 
1318   1319   1320 
1185   258   1238 
1316   1321   1317 
1322   1323   1324 
1322   1325   1323 
110   111   1315 
391   1326   368 
1326   1327   368 
368   209   207 
470   1328   724 
724   471   470 
1329   1330   1324 
1331   1328   470 
1329   1332   1330 
394   213   1326 
395   213   394 
1326   392   394 
353   1333   355 
353   352   689 
1330   1322   1324 
689   1333   353 
1330   1334   1322 
207   206   370 
368   1327   209 
1213   622   644 
1335   784   879 
1336   784   1335 
1337   1338   1339 
1340   1341   1342 
1337   1343   1338 
1342   1341   1344 
684   1345   1088 
683   706   684 
643   626   1214 
1251   1345   684 
278   277   1186 
1186   1188   278 
1339   1346   1036 
1346   1347   1036 
1348   1349   1350 
878   186   876 
1283   877   876 
876   186   1283 
1348   1351   1349 
457   1352   1353 
1353   458   457 
460   1352   457 
1354   1355   1356 
1354   1267   1355 
1357   1358   1356 
1257   1359   718 
1360   719   718 
1357   1361   1358 
1362   1293   1363 
718   1359   1360 
1251   684   706 
253   135   1121 
1121   531   253 
1362   843   1293 
1308   1364   1365 
1308   1310   1364 
1121   135   22 
1366   1367   1368 
1369   829   840 
840   829   831 
1365   1370   1371 
1372   1373   1374 
236   42   1375 
1375   237   236 
1370   1376   1371 
1375   42   43 
1377   1378   1379 
834   1380   835 
1377   1381   1378 
1062   1382   1383 
1384   1380   834 
1062   1063   1382 
981   1102   1383 
1385   41   336 
1188   571   278 
205   571   1188 
40   41   1385 
1168   314   1386 
981   1028   1102 
1386   314   1288 
529   262   1279 
1279   262   1282 
800   1116   697 
800   1117   1116 
1279   349   529 
697   1387   698 
596   1388   772 
1387   1389   698 
772   771   596 
1390   795   1391 
1374   1392   1393 
52   795   1390 
1374   1373   1392 
75   1394   691 
1395   822   1396 
1224   167   306 
822   1052   1396 
1224   678   1397 
1397   167   1224 
1398   651   1399 
651   653   1399 
1400   712   1398 
1400   1401   712 
1157   892   1402 
1157   894   892 
1403   1404   1405 
172   171   1179 
172   107   108 
211   210   1304 
211   359   212 
1304   359   211 
1179   1406   613 
613   1406   614 
1263   220   1173 
1020   1407   975 
977   975   1407 
1020   1022   1407 
1403   1408   1404 
1409   1157   1402 
1409   1410   1157 
1411   1412   954 
1413   1414   1415 
218   220   1263 
1264   218   1263 
1412   713   954 
152   1178   613 
1416   1417   1418 
1179   613   1178 
152   613   615 
222   836   556 
46   836   222 
915   1419   1420 
1417   1421   1418 
1422   704   1423 
1423   704   1360 
1424   1425   1426 
1427   1275   1428 
1426   1425   95 
1427   1041   1275 
1429   1430   800 
1430   1117   800 
1431   1042   1429 
1431   1432   1042 
1399   1055   1433 
1171   112   1434 
1435   592   595 
1399   653   1055 
596   771   595 
936   1436   1437 
936   780   1436 
1415   1234   1413 
1292   1234   1415 
1438   879   201 
1439   1387   1437 
1439   1389   1387 
1119   1307   1440 
1434   112   113 
170   1441   1442 
1119   1310   1307 
786   588   1200 
1200   588   1202 
1200   538   786 
1442   1441   1443 
384   383   1229 
1309   290   1406 
1210   1444   79 
662   1444   1210 
79   80   1210 
183   189   1445 
342   806   1445 
1440   1446   1447 
1445   189   342 
1446   1448   1447 
1445   806   183 
1204   597   490 
1205   597   1204 
490   545   1204 
1122   601   549 
1449   1450   1451 
549   531   1122 
1319   1452   1320 
23   601   1122 
539   584   1181 
1406   290   1249 
1453   1431   1454 
1431   696   1454 
1181   532   539 
1181   584   19 
325   176   175 
177   1455   175 
175   1455   325 
528   195   526 
677   513   526 
526   195   677 
1453   1306   1456 
1209   1457   635 
1306   1458   1456 
1209   627   1269 
1459   1460   1461 
1269   1457   1209 
1462   799   781 
1463   1464   1416 
1464   1465   1416 
1252   266   527 
1253   266   1252 
1463   1364   1118 
527   335   1252 
1466   1467   1468 
1364   1310   1118 
1469   1312   1470 
1312   1471   1470 
1472   1083   1469 
1466   662   686 
686   1467   1466 
201   879   537 
1472   1084   1083 
1473   1045   1474 
765   767   1475 
1475   1476   765 
1477   1476   1475 
383   288   1478 
385   288   383 
1045   1084   1474 
1466   1444   662 
1459   1479   1460 
1480   1481   1472 
1482   1483   1484 
1468   1444   1466 
1483   1485   1484 
153   291   154 
1482   1346   1486 
1315   1137   110 
1346   1487   1486 
1488   1489   1490 
1489   1491   1490 
1480   1492   1481 
1315   1220   1493 
1494   244   381 
1495   1496   1497 
1493   1137   1315 
381   244   49 
1498   1478   1493 
1499   698   1500 
1229   1478   1498 
698   1389   1500 
482   483   1501 
1501   483   527 
1375   1241   237 
43   1241   1375 
852   1380   854 
852   926   835 
835   1380   852 
1499   1446   1454 
1446   1502   1454 
1503   1504   1505 
1503   1506   1504 
323   322   395 
323   392   325 
1505   1337   1156 
1337   1037   1156 
1507   1508   1509 
1467   686   321 
1495   1510   1496 
156   155   231 
1511   1512   1513 
156   496   158 
1422   1514   702 
702   1514   705 
702   704   1422 
797   1515   1516 
1511   1517   1512 
593   1515   797 
475   474   1518 
1519   1120   1513 
1519   1520   1120 
315   1521   184 
1522   1523   1524 
315   314   815 
815   1521   315 
1206   658   689 
1206   1311   666 
190   189   184 
1522   1525   1523 
190   1521   192 
1526   1527   1528 
184   1521   190 
979   1529   980 
1530   1531   1532 
1530   1533   1531 
321   1534   1467 
1535   1317   1536 
1317   1321   1536 
1535   1536   1537 
104   292   1183 
1183   292   1184 
1183   103   104 
1228   753   754 
725   1194   754 
754   1194   1228 
178   176   325 
325   392   178 
325   1455   324 
1167   322   324 
324   1455   1167 
1170   393   37 
1536   1538   1537 
485   393   1170 
37   38   1170 
1539   1271   1540 
1539   1273   1271 
1541   1542   1543 
385   289   288 
1542   1544   1543 
1420   916   915 
1545   1439   1405 
1439   1546   1405 
1547   1500   1545 
1420   7   128 
1149   1478   288 
756   755   813 
756   1162   757 
1547   1448   1500 
1548   1549   1550 
598   597   1238 
1548   1551   1549 
1552   1090   1553 
1552   1554   1090 
1555   1556   1557 
1353   1352   469 
182   181   1288 
1555   1558   1556 
1559   1400   1560 
1559   1401   1400 
1560   1561   1562 
1288   314   182 
469   471   1353 
1561   1563   1562 
1564   816   1565 
116   151   1169 
816   455   1565 
1169   151   482 
1169   115   116 
1451   1566   1449 
915   412   411 
1451   1567   1566 
1568   1419   411 
411   1419   915 
219   215   220 
589   785   788 
1564   1569   1570 
1566   1571   1572 
837   47   243 
1573   1574   1575 
243   242   837 
243   47   48 
219   213   215 
1576   1388   1577 
1578   1579   1580 
1550   1492   1581 
1574   1582   1575 
185   197   162 
1511   1447   1583 
1511   1123   1447 
212   160   162 
1569   1584   1570 
162   197   212 
1577   1388   596 
161   188   185 
161   295   1283 
1283   188   161 
1570   816   1564 
1585   1586   441 
1587   1588   1510 
382   50   51 
1585   1589   199 
441   1589   1585 
1590   572   573 
1587   1591   1588 
1434   1592   1162 
573   1593   1590 
729   727   485 
729   38   39 
1594   1595   1596 
183   808   1290 
1290   181   183 
1595   1597   1596 
1423   1359   1598 
1360   1359   1423 
1598   1422   1423 
141   1599   1193 
140   1599   141 
1333   659   691 
689   659   1333 
1600   1601   1594 
1602   1603   1604 
691   355   1333 
1603   1605   1604 
482   733   732 
114   115   732 
1548   1606   1602 
1607   1608   1609 
1610   1611   1353 
1612   996   995 
1548   1613   1606 
1614   1615   1616 
1353   471   1610 
1617   1527   1618 
541   155   157 
1527   1619   1618 
158   535   157 
1620   1621   1622 
406   284   1623 
1620   1624   1621 
257   284   406 
1625   1379   1626 
1586   493   441 
546   493   1586 
1611   1610   1627 
1628   283   233 
233   283   238 
1625   1629   1379 
142   1159   199 
142   197   140 
1162   1171   1434 
113   1592   1434 
734   793   737 
914   412   915 
914   1325   708 
734   736   1630 
708   412   914 
1631   1632   1633 
1241   1239   237 
1631   1517   1632 
1241   43   44 
1344   166   1634 
1194   1635   1385 
1636   429   1637 
1385   336   1194 
1636   442   429 
1638   1639   1233 
1537   1640   1641 
1537   1538   1640 
1557   1642   1643 
1233   1644   1638 
1557   1645   1642 
1615   1332   1616 
365   1646   363 
1647   1648   1649 
1650   1651   1652 
1647   1653   1648 
417   1377   1654 
1627   1610   1655 
1164   753   1228 
450   753   1164 
1164   1167   450 
919   1656   920 
1657   1658   1659 
1660   1656   919 
377   1661   1662 
377   1376   1661 
1657   1663   1658 
685   144   1161 
1664   1665   1666 
1665   1667   1666 
1664   1532   1668 
59   60   1161 
1669   1670   1671 
926   1340   835 
1672   841   1671 
1671   1670   1672 
1532   1673   1668 
1674   1675   1642 
1675   1676   1642 
302   160   866 
1677   1678   1679 
866   160   212 
1678   1680   1679 
995   997   1551 
365   1681   1646 
1682   1683   1684 
556   223   222 
45   46   222 
485   727   726 
728   529   726 
623   760   338 
338   337   623 
1683   1663   1684 
338   760   342 
155   1685   231 
541   1685   155 
1686   1687   1688 
1689   1690   946 
1687   1691   1688 
1689   1692   1568 
1693   1562   1694 
946   1692   1689 
1695   733   1501 
1562   1563   1694 
1501   733   482 
1501   527   1695 
1693   1696   1697 
1696   1110   1697 
1698   1699   1700 
1701   1702   1703 
1242   1094   539 
539   540   1242 
1699   1704   1700 
1705   1531   1706 
1531   1533   1706 
1707   1708   1709 
1700   1710   1698 
1176   548   549 
989   1711   827 
989   988   1712 
1712   1711   989 
1171   1162   1198 
853   1713   1714 
854   1713   853 
1712   988   1715 
1714   851   853 
1195   1194   336 
336   236   1195 
139   577   1159 
1655   1710   1627 
890   738   600 
1716   1717   1718 
1719   1720   1721 
1720   1722   1721 
1719   1723   1724 
1385   1635   40 
1723   1725   1724 
1670   1726   390 
1727   1609   1728 
1612   1729   996 
1730   1716   1718 
1731   1667   1665 
1669   1726   1670 
1732   1733   1734 
1677   1529   979 
1732   1735   1733 
1736   1737   1673 
1736   1738   1737 
313   474   476 
1739   1740   1741 
979   1742   1731 
623   1685   617 
541   618   617 
617   1685   541 
1743   649   1744 
1745   1708   1707 
391   368   180 
391   392   1326 
352   1746   1311 
1743   1747   649 
1741   1748   1739 
634   195   217 
634   633   677 
677   195   634 
1749   1651   1650 
1443   1441   1270 
1270   1441   1269 
1270   1212   1443 
1750   1751   1752 
1751   1753   1752 
169   340   339 
1196   1197   1165 
1754   340   169 
1196   1228   1194 
1720   1755   1756 
1165   1228   1196 
1720   1757   1755 
593   458   591 
1758   356   1756 
1758   1622   356 
1759   1760   1761 
1762   592   591 
1759   1763   1760 
449   448   265 
1761   1764   1765 
449   753   450 
1764   1766   1765 
269   446   445 
447   755   445 
1708   1414   1709 
1767   1768   1769 
1770   1771   1772 
528   196   195 
1611   458   1353 
1261   1768   1767 
106   107   1178 
1770   1773   1771 
1168   1199   1163 
1163   813   1168 
221   223   1240 
221   44   45 
1774   792   791 
1618   1775   1772 
1219   486   347 
347   345   1219 
347   486   349 
1494   242   244 
48   49   244 
1618   1619   1775 
1776   1777   1752 
1777   1485   1752 
201   200   1438 
1778   1779   1780 
201   537   205 
1781   1782   1783 
1783   1782   1784 
1785   1786   1787 
1788   1787   1786 
1754   169   168 
170   1789   168 
1785   1790   1786 
168   1789   1754 
1780   1791   1792 
1791   1793   1792 
1780   1792   1778 
1792   1794   1778 
748   1795   1796 
99   100   855 
1797   1798   1254 
1797   1799   1800 
1184   901   900 
748   1801   1795 
1305   1802   1803 
673   466   354 
466   472   354 
102   103   900 
1493   1138   1137 
355   1804   673 
109   110   1137 
577   546   1586 
167   169   306 
167   1397   170 
355   1805   1804 
100   101   847 
1217   328   333 
335   492   333 
1806   745   820 
1246   1807   1301 
1246   1628   1807 
1438   1237   1373 
1373   1372   1438 
205   1187   202 
865   1808   832 
193   200   202 
865   870   1808 
1809   1810   1598 
1810   1477   1598 
618   1811   690 
618   541   1811 
202   1187   193 
515   572   310 
194   1812   217 
690   511   687 
56   57   1007 
511   1813   687 
1570   978   816 
225   1812   194 
1369   1814   829 
1369   761   1814 
924   6   737 
320   1815   318 
120   6   924 
320   1261   1815 
973   1414   947 
1414   1708   947 
1816   1806   820 
670   1817   1192 
670   672   1817 
375   1818   1819 
1819   376   375 
97   1818   375 
217   1812   630 
985   1265   987 
985   984   1820 
1821   1608   1822 
1820   1265   985 
1608   1823   1822 
1239   1240   1173 
1173   237   1239 
630   1812   1824 
421   308   177 
421   414   528 
528   308   421 
212   197   198 
199   210   198 
192   228   227 
231   337   227 
409   1825   279 
469   1826   470 
279   407   409 
1826   1331   470 
346   1825   409 
745   1806   1824 
1627   1827   1828 
1829   1830   1831 
707   1832   1650 
1830   824   1831 
708   1832   707 
399   1807   233 
1807   1628   233 
1833   1834   1835 
1746   352   354 
354   472   1746 
1833   1012   1834 
1836   1837   404 
406   1838   407 
404   399   1836 
875   1491   878 
404   1837   331 
1244   588   326 
406   1623   1838 
1635   730   40 
1635   1194   725 
725   730   1635 
1611   1627   1828 
1827   1762   1828 
1839   1415   970 
1839   1292   1415 
1710   1827   1627 
1478   1149   1138 
807   1369   1672 
717   1840   718 
1840   1257   718 
761   1369   807 
1672   808   807 
678   635   1457 
1225   1227   1141 
1227   1143   1141 
1269   1397   1457 
1457   1397   678 
629   628   1841 
1149   171   173 
108   109   173 
94   1425   1221 
1841   628   1842 
1443   1212   1221 
1221   1425   1443 
764   1810   1843 
764   1477   1810 
714   1844   1845 
1442   1789   170 
1442   1443   1424 
714   1846   1844 
1138   1493   1478 
542   1847   586 
113   731   1592 
1848   782   1849 
757   1162   1592 
158   496   495 
782   799   1849 
1849   1850   1848 
1849   1222   1850 
465   988   472 
478   625   495 
174   176   179 
1249   614   1406 
1179   1309   1406 
589   256   255 
255   326   589 
1715   988   465 
848   847   101 
1592   731   757 
621   1851   751 
834   833   837 
1851   1852   751 
1853   1290   808 
1854   1516   1515 
837   1384   834 
1685   337   231 
623   337   1685 
787   1855   562 
1855   1336   562 
1638   1826   1639 
1638   1331   1826 
542   585   1856 
1857   1858   1859 
1478   1229   383 
258   257   317 
1340   926   1341 
1392   1860   1861 
1857   920   1858 
878   1491   1861 
794   768   1862 
1862   1391   794 
1861   1860   878 
592   550   590 
592   1435   550 
272   598   287 
1690   1863   1864 
737   793   925 
1863   410   1864 
272   271   600 
600   598   272 
770   55   56 
317   1238   258 
1689   1863   1690 
171   1149   1309 
1309   1179   171 
1689   1568   1863 
193   1599   1865 
1853   1231   1290 
185   188   1865 
1866   1468   1867 
1865   1599   185 
1853   808   1672 
1865   188   193 
1827   1577   1762 
1827   1710   1576 
1576   1577   1827 
1868   77   78 
611   1869   567 
299   932   301 
1869   1870   567 
302   932   299 
1871   136   138 
1397   1269   1441 
136   1871   1872 
1441   170   1397 
1388   1873   772 
587   588   786 
587   785   589 
514   513   677 
1873   774   772 
514   676   1874 
775   1875   595 
909   301   912 
1875   1435   595 
1876   1877   1878 
1819   917   868 
1877   1644   1878 
1256   1840   1876 
1256   1257   1840 
1380   1879   854 
1384   1879   1380 
973   1880   971 
1876   1878   1256 
971   1880   1820 
1193   1599   1187 
1878   1254   1256 
1187   1599   193 
250   1351   251 
250   810   1630 
1630   1351   250 
346   408   344 
75   1881   1394 
1219   345   344 
344   408   1219 
1391   1862   762 
610   1847   1882 
75   76   1881 
273   1883   1884 
1883   1885   1884 
1348   976   1886 
1348   1887   976 
841   239   1671 
586   1847   610 
239   1669   1671 
525   308   528 
310   308   525 
1888   1889   736 
1888   1890   1889 
1217   405   329 
1891   1892   7 
329   328   1217 
1837   1893   1518 
329   405   331 
319   318   1894 
319   1534   321 
1894   1534   319 
1895   1896   1302 
1892   129   7 
1302   1896   1071 
1590   1593   1825 
1302   1088   1895 
836   833   556 
836   46   47 
342   189   191 
1897   1898   460 
460   798   1897 
339   1899   169 
1392   1373   1860 
1899   306   169 
758   760   688 
1237   878   1860 
1860   1373   1237 
1900   1901   1099 
1902   1475   767 
1099   1567   1097 
1902   1598   1475 
1099   1901   1567 
1903   1904   1905 
1303   433   1305 
1904   874   1905 
1303   1304   1589 
1589   433   1303 
1644   1877   1638 
1906   206   208 
209   1634   208 
1877   1331   1638 
1907   1288   1230 
312   815   447 
1908   1909   1847 
1568   1692   1891 
1230   1229   1907 
1908   945   1909 
1905   1910   1534 
189   183   184 
1905   874   1910 
287   276   275 
1911   1075   1912 
1911   1077   1075 
1498   1314   1907 
1913   1911   1912 
1493   1314   1498 
1907   1229   1498 
802   232   270 
802   801   1836 
1836   232   802 
1913   1874   1911 
968   1817   1914 
968   1915   1817 
1916   1030   1917 
1695   757   733 
1030   1032   1917 
450   1167   307 
289   1249   290 
1918   1919   1916 
1208   1165   1197 
1918   1893   1919 
1916   1917   1918 
433   1589   441 
1257   1809   1359 
1359   1809   1598 
1917   478   1918 
197   185   140 
801   1919   1920 
1919   1893   1920 
226   228   313 
1921   1919   801 
1820   1880   1265 
1921   1922   1919 
1265   1880   1266 
1386   1907   1199 
1923   1924   905 
705   1925   703 
1199   1168   1386 
1288   1907   1386 
987   1248   986 
1923   972   1924 
905   1924   984 
1924   1820   984 
867   1926   868 
140   185   1599 
1327   351   209 
1926   1819   868 
1327   1326   219 
1885   1883   1927 
219   351   1327 
200   1237   1438 
289   385   715 
206   1001   370 
1883   279   1927 
251   1351   1886 
1886   977   251 
1928   1929   1898 
1928   1143   1929 
199   1589   210 
210   1589   1304 
1672   1670   1853 
583   1930   1007 
390   1231   1853 
583   951   1930 
818   819   1931 
1853   1670   390 
213   219   1326 
1006   1930   950 
104   293   292 
294   1184   292 
1931   1932   1933 
1932   1361   1933 
433   435   1305 
1934   1935   1936 
1936   1935   1660 
1660   919   1936 
704   991   1360 
1937   1938   1363 
1939   1940   1941 
568   567   1870 
1870   693   568 
456   458   593 
456   798   460 
1250   1311   1746 
835   555   554 
1818   97   98 
1818   917   1819 
556   833   554 
14   281   1245 
1628   1246   1245 
1745   1707   849 
245   1930   1006 
1942   1943   1944 
1245   281   1628 
1394   1805   355 
355   691   1394 
1797   1878   1799 
148   286   28 
148   149   1623 
1623   286   148 
1797   1254   1878 
769   54   55 
769   247   768 
1006   1514   246 
705   1514   1006 
246   245   1006 
1945   1946   869 
1945   1754   1946 
773   1945   869 
1282   479   343 
343   345   1282 
773   774   1945 
1947   1393   1948 
1796   1128   1714 
490   597   599 
765   1862   768 
1393   1392   1948 
1314   1493   1220 
1651   1949   1950 
1314   1199   1907 
1949   694   1950 
1950   1652   1651 
330   557   1253 
1253   328   330 
261   479   1282 
1950   1870   1652 
952   1951   1925 
1788   1952   870 
952   1895   1951 
1282   262   261 
1953   904   1954 
600   738   599 
1253   557   267 
267   266   1253 
904   984   1954 
1869   1955   1652 
1869   1956   1955 
53   54   796 
768   794   796 
1219   408   1268 
1623   149   1268 
494   1215   369 
1898   1897   1928 
757   1695   675 
1928   1897   143 
294   1880   1957 
472   988   1746 
1958   1935   1959 
1957   1880   973 
944   1690   1882 
1215   491   369 
946   1690   944 
1960   1961   805 
1960   1962   1961 
1962   1707   1709 
553   1240   223 
1660   1935   1958 
223   556   553 
376   1926   1424 
671   728   725 
376   1819   1926 
1367   1963   1964 
1367   1965   1963 
373   1966   371 
1966   1749   371 
1301   405   1217 
1967   1968   1969 
1968   1970   1969 
615   153   152 
57   58   583 
798   138   1897 
1942   1713   854 
583   1007   57 
308   307   177 
260   262   728 
728   671   260 
1695   266   268 
268   675   1695 
192   312   228 
798   1871   138 
890   1971   738 
1260   303   1261 
1971   1848   738 
535   1191   1192 
535   624   1191 
1260   692   679 
679   303   1260 
694   693   1950 
471   1972   1610 
471   887   1972 
1962   1413   1973 
992   1968   1974 
992   1970   1968 
1950   693   1870 
1958   1975   1660 
739   1976   722 
722   1976   1977 
761   806   759 
301   909   880 
880   877   301 
882   1032   1029 
342   760   759 
1223   1978   1032 
759   806   342 
1369   841   1672 
1344   350   1342 
1032   882   1223 
1264   1340   1342 
1342   350   1264 
270   1979   327 
179   789   619 
1244   326   327 
327   1979   1244 
1980   1934   1936 
1980   1903   1934 
827   1250   990 
1981   1982   856 
1981   917   1818 
1818   1982   1981 
1746   988   990 
990   1250   1746 
316   598   1238 
1238   317   316 
287   598   316 
854   1943   1942 
1944   1713   1942 
856   917   1981 
321   692   320 
940   1980   1936 
1936   919   940 
1983   1903   1980 
552   1235   1854 
898   1854   1235 
1902   1422   1598 
1902   767   246 
786   879   784 
552   1854   1515 
58   59   146 
1205   1238   597 
1335   1372   1336 
1335   879   1438 
809   1984   137 
1934   1903   1894 
1438   1372   1335 
1444   1866   79 
1468   1866   1444 
708   1325   1748 
371   1740   372 
137   1984   143 
371   1749   1741 
1726   715   385 
385   390   1726 
1669   715   1726 
1741   1740   371 
790   925   793 
960   962   943 
962   1692   946 
946   943   962 
588   1244   1202 
1311   1985   666 
1630   810   811 
666   706   667 
666   1985   706 
793   734   811 
611   1864   1956 
1384   837   242 
242   1494   1384 
951   147   952 
610   1882   611 
811   734   1630 
1882   1864   611 
1704   845   1700 
381   380   1494 
381   49   50 
1937   1986   1938 
845   850   1700 
1712   1715   1987 
1987   1988   1712 
1989   1990   373 
1987   1715   940 
1991   1990   1989 
1926   1992   1424 
867   1992   1926 
1704   1993   1994 
1699   1995   1704 
827   1711   826 
1995   1993   1704 
1262   555   1340 
1340   1264   1262 
590   1515   593 
1976   1843   1798 
1858   1993   1995 
1283   186   188 
920   1993   1858 
1940   1110   1941 
305   1768   1261 
1995   1859   1858 
1261   303   305 
1971   1996   1997 
306   1768   305 
890   1996   1971 
1254   1843   1255 
951   583   145 
145   147   951 
1997   1848   1971 
764   1843   1976 
303   679   678 
870   1952   828 
804   868   917 
1967   1988   1998 
917   805   804 
1967   1711   1712 
779   868   804 
1712   1988   1967 
1999   1363   1938 
1222   435   434 
1099   1506   2000 
441   493   434 
1099   1098   1506 
1957   947   901 
1184   294   1957 
1957   901   1184 
360   359   1304 
1304   1107   360 
1957   973   947 
78   79   1866 
252   654   570 
1022   585   544 
2001   2002   851 
1814   758   830 
713   715   1669 
294   1266   1880 
1741   1749   1832 
1832   1749   1650 
251   977   655 
830   829   1814 
555   835   1340 
763   1476   764 
761   758   1814 
1125   2003   2001 
763   762   1862 
1862   1476   763 
1494   380   1943 
1344   351   350 
1414   970   1415 
218   1264   350 
2003   2002   2001 
620   789   370 
1856   585   1103 
585   1019   1103 
370   1001   620 
262   529   728 
1425   1424   1443 
1425   94   95 
302   933   932 
912   301   932 
1695   527   266 
1263   1173   1240 
125   736   735 
737   6   735 
735   6   125 
1426   95   96 
1426   376   1424 
96   376   1426 
1103   1019   2004 
293   104   105 
931   2005   1382 
311   446   313 
2006   514   1874 
723   719   994 
2006   573   515 
1257   1255   1809 
515   514   2006 
1762   1577   594 
1874   573   2006 
594   1577   596 
1382   2005   983 
594   592   1762 
994   719   993 
1360   991   993 
993   719   1360 
199   1159   1585 
1585   1159   577 
577   1586   1585 
878   1237   186 
2007   2008   1831 
143   1897   138 
1962   1960   1707 
677   633   646 
1707   1960   849 
225   743   1812 
528   414   196 
2008   1829   1831 
708   1748   1832 
443   506   402 
443   444   506 
1955   2009   1650 
1985   1250   1251 
1311   1250   1985 
1956   2009   1955 
1650   1652   1955 
1251   706   1985 
806   808   183 
1828   458   1611 
1828   1762   591 
586   567   569 
570   654   569 
591   458   1828 
310   572   448 
2010   2002   1081 
1896   952   147 
147   1071   1896 
1895   952   1896 
2011   2012   2013 
2012   2014   2013 
2002   2010   1341 
624   535   158 
281   283   1628 
2002   2003   1081 
281   14   15 
1914   941   776 
1623   284   286 
1391   762   959 
1105   2015   2016 
1107   2015   1105 
27   28   286 
2016   1106   1105 
845   1704   1994 
446   474   313 
1994   846   845 
270   232   234 
1895   1088   1345 
1251   824   1345 
238   1979   234 
1895   1830   1951 
1829   1925   1951 
1951   1830   1829 
776   941   1152 
225   619   621 
621   743   225 
2001   851   1714 
2017   909   911 
1344   1341   2010 
2010   166   1344 
911   2018   2017 
234   1979   270 
2017   2018   2019 
1836   399   232 
2020   2021   570 
1390   382   51 
435   1802   1305 
2011   1750   2022 
2023   2021   2020 
1750   1485   2022 
1412   1411   1846 
1412   714   713 
51   52   1390 
274   276   257 
1568   1891   1419 
274   407   279 
1846   714   1412 
276   317   257 
1845   1248   1249 
1249   289   1845 
2024   2025   1061 
1879   1384   1494 
1879   1943   854 
2024   910   2025 
1494   1943   1879 
1063   1061   2025 
1254   1798   1843 
874   871   1910 
1910   871   1468 
731   113   114 
731   733   757 
283   263   238 
257   259   284 
1872   1871   2026 
543   654   544 
543   586   569 
569   654   543 
177   307   1455 
2026   2027   1872 
1455   307   1167 
724   1328   717 
39   40   730 
725   727   730 
1714   1128   2001 
1869   1652   1870 
616   760   623 
1516   2027   2026 
1869   611   1956 
887   471   724 
688   760   616 
1071   147   144 
144   685   1071 
1841   633   629 
1862   765   1476 
1477   764   1476 
1521   312   192 
815   312   1521 
473   557   1518 
481   479   1590 
481   1825   346 
1518   474   473 
1590   1825   481 
1514   1902   246 
1518   557   566 
1422   1902   1514 
480   572   1590 
331   1837   566 
566   1837   1518 
1590   479   480 
264   1244   1979 
645   633   1841 
1979   238   264 
2028   2029   2030 
795   52   53 
795   794   1391 
1247   1266   153 
153   615   1247 
1022   544   1407 
655   977   1407 
1407   544   655 
2031   952   1925 
2031   705   950 
1832   1748   1741 
365   957   958 
950   952   2031 
450   307   309 
1266   294   291 
291   153   1266 
310   448   309 
311   312   447 
1925   705   2031 
744   740   1134 
970   1414   973 
2032   2033   2034 
744   2035   746 
1134   2035   744 
2036   891   2037 
2036   790   792 
2032   1563   2033 
792   891   2036 
1872   2029   2028 
2038   2039   2040 
872   1904   2041 
874   1904   872 
2041   873   872 
2042   2043   994 
2042   1974   883 
883   2043   2042 
2038   2044   2039 
822   821   1052 
822   1395   838 
1900   1099   2000 
1506   1503   2000 
2045   2046   2040 
2045   2047   2046 
2000   1503   1900 
1924   971   1820 
972   971   1924 
2048   1459   2049 
2048   1479   1459 
2049   2050   2051 
791   810   2052 
2050   1525   2051 
2052   810   812 
551   1235   552 
1801   2053   1795 
1128   1796   1795 
1795   2053   1128 
1992   1442   1424 
1992   867   1789 
2054   2055   1778 
1789   1442   1992 
2056   2057   2058 
888   2057   2056 
957   365   682 
2056   1031   888 
2059   1031   2056 
2060   2061   2062 
1807   399   405 
405   1301   1807 
1846   986   1844 
2061   2063   2062 
747   2064   2065 
1706   2066   2060 
1706   1533   2066 
1248   1845   1844 
2066   2061   2060 
1844   986   1248 
2066   2067   2061 
2068   2064   747 
280   134   253 
253   530   280 
2064   1046   2065 
245   247   2069 
2070   2039   2071 
770   1007   2069 
2039   2044   2071 
2069   247   770 
2072   2073   2070 
2069   1007   245 
2072   1509   2073 
7   1420   2074 
1419   1891   2074 
2074   1420   1419 
2074   1891   7 
2075   1046   2064 
2076   1580   2077 
703   2008   2078 
2076   2079   1580 
2080   2081   2082 
1681   365   958 
921   1857   1988 
920   1857   921 
2080   413   2081 
1912   2083   1913 
2084   2061   2085 
2084   2063   2061 
1913   2083   1593 
787   562   437 
437   562   563 
163   208   1634 
1906   208   163 
2086   2073   2087 
1623   1268   1838 
2073   1509   2087 
408   407   1838 
1732   1764   2088 
1732   1766   1764 
1728   2089   2090 
1838   1268   408 
372   1989   373 
2091   1970   992 
992   2078   2091 
2092   1989   372 
1608   2089   1609 
1866   1867   1868 
2090   2093   2032 
2094   1868   1867 
1866   1868   78 
1754   1789   1946 
867   869   1946 
1946   1789   867 
855   1982   99 
99   1982   98 
550   552   590 
1515   590   552 
1859   1998   1857 
1857   1998   1988 
2093   1563   2032 
2024   1061   1068 
2034   1649   2095 
2024   2096   910 
2034   2097   1649 
2095   2098   2099 
2098   2100   2099 
2101   2102   1939 
1068   2096   2024 
1904   464   2041 
2102   422   1939 
1903   464   1904 
2103   2104   2105 
2103   1781   2104 
2106   803   1961 
2105   2089   1821 
1609   2089   1728 
1961   803   805 
2107   2012   2108 
884   1699   1698 
2107   2014   2012 
1686   2109   2110 
817   2111   453 
1973   1234   2112 
2112   1234   551 
1998   1974   1968 
1968   1967   1998 
1393   1947   2113 
2113   1374   1393 
1815   1767   1959 
1959   318   1815 
1261   1767   1815 
339   2114   1899 
1768   306   1899 
2111   463   453 
1899   2114   1768 
2115   2116   2117 
1608   1821   2089 
2118   2103   2119 
2119   2103   2120 
2116   2121   2117 
838   1395   924 
924   1395   120 
2122   865   832 
2123   865   2122 
2124   2125   2115 
2124   2126   2125 
2113   560   1374 
2127   1684   2128 
1684   1663   2128 
1374   560   1372 
1345   824   1830 
2116   2129   1686 
1830   1895   1345 
1507   1963   1965 
1092   1963   1507 
2130   1452   2131 
2129   2109   1686 
2132   2133   2134 
1885   2083   1884 
1884   2083   2135 
1922   1031   1030 
2136   1717   1716 
1030   1916   1922 
2131   1833   2132 
302   866   2137 
916   1420   2138 
2137   866   361 
2136   1716   1497 
2137   933   302 
1995   884   2139 
883   1859   2139 
2139   884   883 
2139   1859   1995 
2134   2100   2130 
1851   2140   1852 
1851   621   620 
2141   358   2080 
620   2140   1851 
358   413   2080 
2138   1420   128 
918   2142   897 
1833   1013   1012 
897   2142   2143 
1833   2144   1013 
1961   1973   2106 
1962   1973   1961 
1413   1962   1709 
1709   1414   1413 
1287   954   953 
2145   2125   2144 
248   2146   953 
2145   2129   2125 
2147   1782   1744 
953   2146   1287 
951   950   1930 
245   1007   1930 
1782   2118   1744 
2148   2149   2150 
275   279   1883 
2149   2047   2150 
2151   2149   2148 
2151   1096   2149 
1883   273   275 
1947   1587   1730 
2152   2153   2154 
2155   357   1621 
2154   1543   1776 
1543   1544   1776 
1798   1797   2156 
2157   1543   2154 
2156   1797   1800 
2157   2158   1543 
1491   1948   1861 
955   2159   956 
1861   1948   1392 
1495   1497   1716 
2152   2160   2153 
665   2161   2162 
2163   2164   2165 
2163   2126   2164 
2166   2149   2165 
2167   1740   2168 
2166   2047   2149 
2169   2082   2170 
1919   1922   1916 
372   1740   2167 
2171   966   534 
2169   2172   2082 
665   664   2161 
1915   966   2171 
2173   1100   646 
2162   2153   2174 
2123   701   700 
362   2175   297 
700   863   2123 
362   2176   2175 
1101   1100   2173 
2177   2178   1739 
1571   2178   2177 
1591   1948   1489 
1489   1948   1491 
1489   1488   1591 
2179   722   2180 
2180   722   1977 
2058   436   2181 
1259   2182   2183 
2181   436   1597 
2182   2184   2183 
361   957   2137 
2111   2182   1272 
2137   957   933 
1803   2185   2186 
2186   2185   2187 
2111   2184   2182 
2017   2188   880 
2189   1774   695 
695   694   2189 
695   1774   2023 
1808   828   830 
830   832   1808 
870   828   1808 
1588   2190   2191 
2192   2193   2194 
2190   2195   2191 
2196   2193   2192 
2197   2198   1297 
1112   2068   2199 
2068   749   2199 
1075   1074   2135 
2198   1300   1297 
2135   1912   1075 
2200   1648   298 
1097   1451   1236 
2200   2201   1648 
2199   749   1800 
2019   2188   2017 
1567   1451   1097 
2196   357   2155 
1066   1064   1065 
2202   1067   1066 
2203   1011   2204 
2203   1003   1011 
1109   1940   1646 
2205   1067   2202 
1940   422   1646 
1737   1678   1668 
1678   2206   1668 
1285   2207   2208 
2209   900   899 
1222   488   1850 
738   1848   1850 
1850   488   738 
102   900   2209 
959   2210   2211 
2211   2210   1944 
798   797   2026 
1567   2212   1566 
1566   2212   1571 
2026   797   1516 
2207   2213   2208 
960   1023   1072 
1259   2214   1267 
541   534   1811 
517   690   1811 
960   943   1023 
1537   2215   2216 
2215   2217   2216 
1470   2218   2219 
1811   534   517 
1300   2044   1298 
2106   775   803 
2218   2220   2219 
803   775   779 
1839   896   1292 
1839   970   972 
972   896   1839 
2078   992   991 
1561   2221   2033 
991   703   2078 
2221   2097   2033 
2009   707   1650 
1561   2222   2221 
2009   1956   410 
2222   2223   2221 
410   707   2009 
1065   974   1066 
826   2007   1831 
1831   824   826 
1328   1876   1840 
1840   717   1328 
1731   1677   979 
2224   1294   831 
2224   828   1952 
1952   1294   2224 
831   828   2224 
136   2028   809 
1872   2028   136 
1472   2225   1480 
2225   2226   1480 
916   1324   1323 
1325   914   1323 
781   2227   1462 
1323   914   916 
1054   1053   2228 
1054   1361   334 
2229   1299   1298 
848   101   2209 
2209   899   848 
2209   101   102 
2206   1731   1665 
1677   1731   2206 
209   351   1634 
1634   351   1344 
682   933   957 
1065   1021   1020 
781   1559   2227 
1020   975   1065 
1462   2227   2185 
1352   1639   1826 
2227   2187   2185 
1826   469   1352 
2230   2219   1637 
76   2231   1881 
1805   1394   1881 
1881   2231   1805 
2219   2220   1637 
2075   1044   1046 
2232   2233   1607 
846   1975   1769 
1607   2234   2235 
2037   1051   821 
1607   2233   2234 
360   1104   958 
741   740   1824 
2102   1792   423 
741   1812   743 
1824   1812   741 
1969   2236   1711 
1970   2236   1969 
1711   1967   1969 
1994   1975   846 
2102   1794   1792 
2237   1542   1034 
1542   1035   1034 
1614   1680   1738 
2238   1540   1271 
2239   1523   2050 
1523   1525   2050 
1900   2240   2241 
2239   2242   1523 
1271   1258   2238 
2242   1421   1523 
2243   1759   2071 
1759   2244   2071 
2241   2240   2092 
2241   2168   1900 
2245   1556   2246 
1769   1975   1958 
1959   1767   1958 
2245   1645   1556 
1993   1656   1994 
2246   2247   1428 
920   1656   1993 
1191   1978   1223 
624   1978   1191 
2247   1790   1428 
1550   1549   1492 
1549   2248   1492 
1806   2249   628 
1600   2136   1497 
1816   2249   1806 
1092   1509   1553 
1958   1767   1769 
1417   1416   1465 
1502   1440   1307 
958   1104   1681 
1307   1306   1502 
2250   2251   2252 
2253   1095   2254 
2250   2255   2251 
341   2256   1018 
1793   1791   2257 
1018   2256   850 
1791   1073   2257 
1018   1017   341 
1465   2258   1417 
2259   2176   362 
334   1357   362 
2260   2261   1625 
2260   1890   2261 
2037   821   823 
838   925   823 
1945   774   340 
2262   2063   2263 
2263   1965   2262 
2264   1320   2130 
340   1754   1945 
362   1357   2259 
1041   1427   1039 
862   1040   1039 
1039   1427   862 
1970   2007   2236 
826   1711   2236 
2236   2007   826 
2202   2265   2266 
1320   1452   2130 
1066   2265   2202 
2264   2130   2098 
2266   2205   2202 
2267   2268   2269 
2189   1991   2269 
2269   2268   2189 
2270   986   1846 
2130   2100   2098 
2271   2272   2273 
2270   1411   1953 
1475   1598   1477 
240   839   248 
240   239   841 
873   1805   2094 
2272   2133   2273 
1996   716   1997 
430   2274   2275 
2276   1693   1694 
1996   890   889 
889   716   1996 
2277   1796   1714 
2277   1713   2179 
430   1574   1573 
2271   2273   2278 
2179   1796   2277 
2273   2279   2278 
1714   1713   2277 
1718   1596   563 
2043   723   994 
2280   2281   2282 
2043   883   885 
885   723   2043 
2280   124   2281 
1974   2042   992 
2042   994   992 
693   695   2020 
2135   2283   1884 
1884   2283   273 
625   478   1917 
695   2023   2020 
1917   1032   625 
949   505   504 
693   2020   568 
2020   570   568 
509   1009   504 
1846   1411   2270 
928   1033   934 
1507   1509   1092 
928   930   1037 
2210   721   1944 
2243   2044   1300 
420   2284   415 
420   2194   2284 
1300   1763   2243 
2210   959   762 
762   721   2210 
1875   2112   1435 
1875   775   2106 
2106   2112   1875 
357   356   1622 
1972   2285   1655 
2214   1691   2259 
887   2285   1972 
1655   1610   1972 
1520   2197   1464 
1464   2197   1465 
1625   2261   1629 
1464   1463   1520 
2261   2286   1629 
2287   2288   1661 
2287   2239   2288 
2289   1483   2253 
1855   784   1336 
2289   2254   2290 
1855   787   785 
2290   1483   2289 
785   784   1855 
2253   2254   2289 
1573   2274   430 
1305   1803   2015 
2015   1803   2016 
1603   1578   1580 
2015   1107   1305 
1367   1964   1368 
889   271   1079 
913   967   969 
2135   1074   1079 
1578   1603   1602 
941   1914   672 
374   1793   2257 
969   1115   913 
2017   880   909 
2079   1603   1580 
2291   1497   1496 
1510   2292   1496 
941   942   1152 
2293   712   711 
1496   2292   2291 
2222   1400   2223 
711   1004   2293 
1873   340   774 
1873   1388   341 
2222   1561   1560 
1560   1400   2222 
1742   2294   1731 
341   340   1873 
1731   2294   1667 
1982   1818   98 
1571   2295   1572 
1982   855   856 
961   2296   962 
1673   1532   1531 
962   2296   1692 
2211   1943   380 
380   959   2211 
891   792   2267 
1944   1943   2211 
2297   1654   2298 
1531   1705   1673 
1620   1619   1624 
748   747   1801 
1654   2299   2298 
2153   2160   2174 
2298   2299   2300 
1255   1843   1810 
1810   1809   1255 
1468   1467   1910 
2301   2302   1139 
1910   1467   1534 
2267   2269   1402 
2303   1437   1387 
1988   1987   921 
921   1987   940 
2059   882   1029 
1029   1031   2059 
1402   1991   1409 
1468   871   1867 
2304   1366   2262 
1387   697   2303 
1867   871   2094 
1554   1734   1093 
1093   1091   1554 
1093   1734   1095 
2305   2306   1538 
1026   1025   1856 
2307   2306   2305 
2008   1925   1829 
703   1925   2008 
1856   1103   1026 
2113   1718   561 
561   560   2113 
2304   1965   1367 
1367   1366   2304 
561   1718   563 
2262   1965   2304 
1842   819   1841 
1552   1766   1554 
1402   2269   1991 
1841   819   645 
912   931   2025 
2025   931   1063 
2025   910   912 
721   720   1944 
721   762   739 
1068   1060   1064 
713   239   241 
1716   1730   1587 
1508   1507   1965 
1965   2263   1508 
241   954   713 
1587   1495   1716 
423   1793   374 
374   363   423 
2251   1329   2252 
1273   463   1272 
2308   2301   2309 
1076   922   2310 
1729   2301   2308 
2310   1074   1076 
1624   1619   1526 
1997   783   782 
1332   1329   2251 
782   1848   1997 
2311   1352   460 
2311   1898   1639 
2252   2138   2250 
2250   2138   127 
1511   1513   1123 
1639   1352   2311 
460   1898   2311 
1774   791   2052 
812   2023   2052 
2052   2023   1774 
1421   1417   2258 
2122   832   688 
2122   687   2123 
688   687   2122 
2312   1390   1391 
2312   959   382 
1554   1766   1734 
382   1390   2312 
2258   1524   1421 
1391   959   2312 
1980   1715   1983 
1587   1947   1591 
1631   1682   2313 
940   1715   1980 
2313   1682   2314 
2256   1388   1576 
341   1388   2256 
1576   850   2256 
1233   1929   1227 
1227   1929   1143 
1533   2278   2279 
2279   2315   1533 
975   974   1065 
1976   739   764 
1976   1798   1977 
1911   1874   676 
1730   1718   2113 
2113   1947   1730 
2316   1974   1998 
2316   1859   883 
1095   1734   1733 
1733   2254   1095 
883   1974   2316 
676   1077   1911 
1432   1453   1456 
1998   1859   2316 
125   2280   1888 
2055   2054   2317 
1376   2287   1661 
871   873   2094 
1888   2280   1890 
478   475   1918 
2318   2319   1582 
2143   2320   897 
2317   956   2055 
897   2320   898 
1605   2302   995 
2321   2319   2318 
2322   378   2323 
1888   736   125 
899   947   1708 
1708   1745   899 
1660   1975   1656 
378   2324   2323 
1656   1975   1994 
1877   1328   1331 
2324   2325   2323 
1876   1328   1877 
2282   2286   2261 
451   2058   2057 
888   788   2057 
2261   1890   2282 
2326   1573   1702 
2057   788   451 
848   899   1745 
1745   849   848 
2327   1473   2328 
2309   1000   1002 
1003   2308   1002 
1002   2308   2309 
1277   2246   1428 
669   668   886 
896   898   1292 
886   942   669 
2329   2305   1538 
1915   1192   1817 
2030   2305   2329 
672   1914   1817 
898   1235   1292 
2330   1365   1364 
1887   1626   2265 
864   1788   870 
864   863   2331 
1364   1463   2330 
2330   1463   1416 
1842   2249   1932 
1299   2332   2258 
1932   2249   1361 
2333   1488   2019 
1932   1931   1842 
2334   1009   1595 
1462   1802   799 
2229   2332   1299 
1528   1527   2335 
1502   1453   1454 
960   1072   961 
2225   1470   2226 
1885   1593   2083 
1912   2135   2083 
2225   1472   1469 
1469   1470   2225 
905   2336   1923 
1527   2337   2335 
918   972   1923 
2338   1456   1458 
1923   2336   918 
1824   740   745 
2331   1788   864 
1427   1428   1790 
1595   1009   1597 
1595   1594   2334 
1816   1356   1358 
2310   922   923 
1418   2287   2339 
1370   2330   2339 
2339   2287   1370 
1361   2249   1358 
1358   2249   1816 
1336   560   562 
1431   1453   1432 
1431   1429   696 
2339   2330   1418 
1381   2333   2340 
2340   2341   1381 
2340   2333   2019 
465   464   1983 
1983   1715   465 
681   680   983 
681   2005   682 
2342   2121   1688 
2343   463   1273 
1273   2079   2343 
2121   2342   2184 
983   2005   681 
923   1004   2310 
1842   1931   819 
625   1032   1978 
1395   121   120 
1978   624   625 
1887   974   976 
977   1886   976 
1997   716   783 
841   1369   840 
831   839   840 
2344   2345   1632 
1644   1799   1878 
2143   2029   2027 
1871   798   2026 
2184   817   2121 
2134   2130   2131 
2346   2347   1277 
1699   884   1995 
2322   2347   2346 
777   776   1152 
777   1150   780 
1052   2348   1396 
121   1395   1396 
1112   2199   1114 
1112   1111   2068 
1913   573   1874 
2134   2131   2132 
1667   2294   2235 
1593   573   1913 
1024   1908   1856 
2235   2294   1823 
945   1908   1024 
1856   1025   1024 
2266   1379   1378 
1381   2341   1378 
895   2058   509 
563   438   437 
451   787   437 
2344   1583   2345 
812   250   252 
1471   1535   2349 
860   859   1043 
860   1040   862 
2228   939   818 
252   2021   812 
818   1931   2228 
1722   356   358 
358   2141   1722 
535   1192   2171 
1460   2350   1701 
1460   1479   2350 
2138   128   127 
2138   2252   916 
2171   534   535 
2008   2007   2091 
2171   1192   1915 
1655   884   1698 
2078   2008   2091 
1698   1710   1655 
2027   2029   1872 
2007   1970   2091 
2168   2178   2212 
1578   1606   1579 
1779   2055   2159 
2212   2178   1571 
1602   1606   1578 
1696   1693   2276 
1778   2055   1779 
2330   1416   1418 
1849   2351   1222 
799   2351   1849 
2021   252   570 
2159   2055   956 
2021   2023   812 
1350   1626   1887 
983   1383   1382 
1063   931   1382 
1906   1000   999 
1001   206   999 
1547   1583   1448 
1733   2108   2254 
999   206   1906 
935   936   2303 
2247   2352   1790 
937   1914   776 
888   1031   2353 
2247   2246   1558 
1558   2352   2247 
2303   1115   935 
2058   895   2056 
1400   1398   2223 
2056   895   2059 
2352   1558   1296 
1291   2336   903 
2354   1780   1779 
903   2336   905 
903   902   1291 
927   640   639 
639   939   927 
2293   652   651 
1735   2108   1733 
651   1398   2293 
2334   1526   1528 
1223   668   670 
1921   2355   1922 
1921   801   254 
1503   1505   1410 
254   2355   1921 
2353   256   888 
1491   875   1490 
2019   1488   1490 
696   1429   800 
2353   1031   1922 
1953   1286   902 
937   776   778 
1403   2356   1771 
1329   1324   916 
916   2252   1329 
780   936   778 
511   510   1813 
511   690   517 
699   701   1813 
1813   907   699 
436   438   1597 
436   2058   451 
1915   967   966 
517   534   966 
1568   411   1863 
1306   1453   1502 
1863   411   410 
1852   1133   752 
1722   1756   356 
2030   2357   2028 
2334   1528   1008 
2028   2357   809 
2356   1403   1405 
1299   2258   1465 
2356   2358   1771 
2175   1318   2359 
2347   2319   1674 
2140   2360   1852 
2140   620   1001 
1001   2360   2140 
2176   1318   2175 
1538   2306   1640 
1008   1528   949 
1640   2306   1999 
2245   2347   1645 
2245   2246   1277 
1277   2347   2245 
2359   297   2175 
2325   1575   2323 
974   2265   1066 
1008   1009   2334 
1887   2265   974 
1035   2348   1016 
1700   850   1576 
1674   2319   2321 
1015   1016   1052 
1484   2237   1347 
1576   1710   1700 
377   1662   2324 
1347   1482   1484 
844   846   1769 
1769   1017   844 
1043   859   858 
709   1430   858 
858   1430   1043 
2361   2305   2030 
1504   2362   1343 
2307   2305   2361 
1506   2362   1504 
1343   1505   1504 
1909   944   1882 
945   944   1909 
1882   1847   1909 
1276   2338   2363 
1005   1078   2310 
1041   2338   1276 
1308   1365   1458 
716   1078   1005 
2310   1004   1005 
1458   1306   1308 
1312   1469   1147 
1312   1313   1471 
1800   750   2156 
1977   1798   2156 
2156   750   1977 
1786   2352   1952 
1952   1788   1786 
1790   2352   1786 
2179   720   722 
1591   1488   1588 
1662   2325   2324 
2142   2364   2143 
2075   1111   1085 
1085   1082   2075 
1085   1111   1087 
2259   1691   2176 
1854   2320   1516 
1291   2364   2142 
898   2320   1854 
1410   1505   1156 
1966   1949   1651 
1150   2365   780 
373   1949   1966 
2337   2365   1150 
416   415   2195 
416   2333   1381 
747   2065   1801 
2195   2333   416 
1651   1749   1966 
2220   2349   2217 
720   1713   1944 
2230   1637   429 
429   428   2230 
143   2366   1928 
1539   2079   1273 
2179   1713   720 
1928   2366   1143 
1087   1111   1113 
1114   1225   1113 
1113   1225   1087 
1061   1060   1068 
1045   1473   1047 
1016   2348   1052 
1015   1051   934 
1474   1492   2248 
2041   464   466 
466   673   2041 
657   2367   2368 
2368   2369   657 
1139   1540   2370 
1045   1044   1084 
2370   1540   2238 
8   2369   2368 
2337   1150   1151 
1100   1077   676 
676   646   1100 
2331   863   857 
857   859   2331 
1908   542   1856 
1847   542   1908 
503   505   886 
503   895   509 
1125   1124   2003 
1520   1463   1118 
1448   1583   1447 
1123   1440   1447 
1125   2001   1128 
1864   410   1956 
2296   130   129 
1864   1882   1690 
2351   435   1222 
2351   799   1802 
1802   435   2351 
1280   1278   2371 
1894   1903   1905 
1905   1534   1894 
1446   1499   1448 
1446   1440   1502 
1141   1140   1087 
1087   1225   1141 
1117   907   908 
913   1115   908 
1337   1505   1343 
1337   1339   1037 
1334   2372   1322 
1322   2372   1325 
1357   334   1361 
1357   1356   2259 
438   1596   1597 
2364   2361   2030 
563   1596   438 
1291   2361   2364 
913   510   512 
1802   1462   2185 
2185   1803   1802 
2198   2373   1300 
512   967   913 
1953   902   904 
1439   1545   1389 
1439   1437   1546 
905   984   904 
1852   752   751 
743   621   751 
1368   2362   1098 
2374   2338   1458 
2198   2197   1519 
2363   2338   2374 
2375   2192   419 
1098   2362   1506 
1098   1236   1368 
1868   2231   77 
1366   1450   2262 
1284   1411   1287 
1284   1286   1953 
1953   1411   1284 
2094   2231   1868 
2320   2027   1516 
2143   2027   2320 
1804   873   2041 
1805   873   1804 
2041   673   1804 
1900   1503   2240 
1134   740   742 
2240   1503   1410 
1519   2373   2198 
2376   2296   961 
961   1069   2376 
130   2296   2376 
2303   697   1116 
742   752   1134 
1366   1368   1236 
1116   1115   2303 
1236   1450   1366 
2186   1697   2016 
2016   1803   2186 
2217   2377   2220 
1334   1739   2372 
1134   2370   2035 
1748   1325   2372 
2035   2370   2238 
1845   715   714 
2307   1286   1285 
289   715   1845 
2372   1739   1748 
2110   2176   1687 
1738   1680   1737 
965   165   164 
1687   1686   2110 
2293   1398   712 
1236   1451   1450 
164   1080   965 
1368   2378   2362 
1687   2176   1691 
2123   687   701 
1258   1272   2182 
1681   1106   1109 
2362   2378   1343 
701   687   1813 
163   165   1906 
163   1634   166 
930   1156   1037 
2327   2328   2204 
2331   859   861 
2182   1259   1258 
862   1787   861 
1694   2093   2379 
861   1787   2331 
2379   2093   2380 
1152   942   948 
1787   1788   2331 
949   1151   948 
948   1151   1152 
1892   2296   129 
1892   1891   1692 
1692   2296   1892 
1011   1010   2327 
2381   1666   2271 
1487   1339   1338 
2327   2204   1011 
2355   2353   1922 
1330   2295   1334 
2355   254   256 
256   2353   2355 
1126   2053   2371 
1128   2053   1126 
2205   2341   2018 
2018   911   2205 
2271   2234   2272 
2371   1124   1126 
1487   1338   1057 
1057   1056   1487 
1057   1338   1059 
464   1903   1983 
2227   2382   2187 
2173   638   1101 
1520   1519   2197 
1321   809   2357 
2030   2329   2357 
2173   646   645 
2357   2329   1321 
1729   2308   2203 
1559   2382   2227 
2203   2308   1003 
2203   2204   1729 
645   638   2173 
1377   1379   1629 
1629   1654   1377 
896   972   918 
1059   1964   1089 
505   942   886 
968   1914   937 
1089   1091   1059 
1316   809   1321 
1316   1313   2383 
968   967   1915 
551   1435   2112 
1801   2384   2053 
2053   2384   2371 
2271   1666   2234 
2003   1124   1080 
1087   1140   1086 
1147   1082   1086 
2194   420   419 
424   2375   419 
1544   2237   1777 
510   907   1813 
1362   2213   843 
1362   1363   1999 
2178   2168   1740 
2337   1151   2335 
949   1528   2335 
1740   1739   2178 
2335   1151   949 
2375   2385   2192 
1389   1545   1500 
1448   1499   1500 
1234   1973   1413 
1067   2096   1068 
2205   2096   1067 
2167   2241   2092 
2168   2241   2167 
2092   372   2167 
2285   884   1655 
2285   887   885 
885   884   2285 
1952   2352   1295 
1295   1294   1952 
1295   2352   1296 
2386   1046   1047 
2386   1280   2065 
2065   1046   2386 
1095   2253   1056 
1047   1280   2386 
1132   2370   1134 
2384   1280   2371 
1139   2370   1132 
2384   1801   2065 
2065   1280   2384 
2106   1973   2112 
550   1435   551 
1399   1433   2223 
1777   1776   1544 
1274   1276   2363 
2223   1398   1399 
1901   2212   1567 
1901   1900   2168 
2168   2212   1901 
1354   1356   1816 
2177   1739   1334 
2177   2295   1571 
1142   2366   2383 
1334   2295   2177 
1143   2366   1142 
1536   2329   1538 
2383   1140   1142 
1321   2329   1536 
2365   1617   2356 
997   2328   2248 
1287   2146   2207 
2207   2146   2213 
2356   1617   2358 
1783   1941   1696 
1784   1941   1783 
1954   2270   1953 
1954   984   986 
2143   2364   2029 
986   2270   1954 
2029   2364   2030 
926   851   2002 
2002   1341   926 
1092   1089   1963 
2238   1258   1048 
1963   1089   1964 
1144   1140   2383 
2383   1313   1144 
892   891   2267 
2267   1402   892 
2075   1082   1044 
1920   1837   1836 
1893   1837   1920 
1836   801   1920 
1041   1276   1275 
1104   360   1107 
1104   1106   1681 
1277   1428   1275 
2188   1490   875 
875   880   2188 
2019   1490   2188 
2123   863   865 
1274   2346   1277 
746   1354   820 
1430   1429   1043 
820   1354   1816 
1471   1313   1317 
1317   1535   1471 
1371   379   2374 
2374   379   2363 
1705   2387   1736 
1123   1513   1120 
1520   1118   1120 
2388   1964   1059 
2388   1338   1343 
1706   2389   1705 
1059   1338   2388 
2280   125   124 
2280   2282   1890 
1933   1054   2228 
2207   1285   1287 
1361   1054   1933 
2228   1931   1933 
2068   1111   2064 
2064   1111   2075 
2096   2205   911 
911   910   2096 
650   652   927 
927   939   650 
1043   1429   1042 
1432   1040   1042 
1003   964   963 
965   1010   963 
1083   1082   1147 
1147   1469   1083 
2037   891   893 
893   1051   2037 
1078   1074   2310 
1078   716   889 
1935   2390   1959 
1934   2390   1935 
638   640   1101 
750   1800   749 
1336   1372   560 
1021   1060   2004 
1049   1048   1267 
1049   1354   746 
1023   943   945 
1023   1025   1073 
1062   1383   2004 
1267   1354   1049 
2068   747   749 
2004   1060   1062 
1554   1091   1090 
1092   1553   1090 
1037   1339   1036 
1347   1033   1036 
1019   585   1022 
1019   1021   2004 
2391   2240   1410 
2391   1409   2092 
296   298   1653 
2092   2240   2391 
1410   1409   2391 
1653   1053   296 
936   1437   2303 
1017   339   341 
2228   1053   938 
2389   2387   1705 
2392   1139   2302 
1129   1124   2371 
2371   1278   1129 
1540   1139   2392 
2281   2393   2282 
2266   1378   2341 
640   922   1101 
2341   2205   2266 
1296   1363   1293 
938   939   2228 
2059   895   881 
881   882   2059 
1055   1053   1653 
1653   1433   1055 
143   1984   2366 
1929   1639   1898 
1050   2035   2238 
2286   2282   2393 
746   2035   1050 
2238   1048   1050 
123   2393   2281 
809   1316   1984 
2237   1484   1777 
1984   1316   2383 
2334   1594   1601 
1624   1526   1601 
2309   2360   998 
1601   1526   2334 
998   2360   1001 
1010   1278   2327 
998   1000   2309 
1989   1409   1991 
2092   1409   1989 
710   712   1401 
710   783   716 
239   713   1669 
1401   783   710 
1226   1644   1233 
934   1033   1016 
925   790   2036 
1355   2214   2259 
1226   1114   1799 
1267   2214   1355 
2259   1356   1355 
2253   1482   1486 
1487   1056   1486 
1799   1644   1226 
1486   1056   2253 
2293   1004   652 
2181   1009   509 
1597   1009   2181 
509   2058   2181 
1349   1889   1890 
1351   1889   1349 
1890   1350   1349 
781   783   1401 
1370   2287   1376 
1370   1365   2330 
1401   1559   781 
1800   1799   2199 
2199   1799   1114 
1964   2388   2378 
2378   1368   1964 
2378   2388   1343 
2135   1079   2283 
271   273   2283 
2283   1079   271 
374   680   364 
682   365   364 
2307   2361   1289 
1289   1286   2307 
1289   2361   1291 
2366   1984   2383 
1348   1350   1887 
1348   1886   1351 
1949   1990   694 
1347   2237   1034 
373   1990   1949 
1608   1607   1823 
1034   1033   1347 
2390   1934   1894 
982   2257   1028 
2390   318   1959 
374   2257   982 
1136   2301   1139 
1136   1133   2309 
2309   2301   1136 
1894   318   2390 
842   839   831 
843   2213   2146 
2146   248   843 
2036   823   925 
831   1294   842 
2003   1080   1081 
166   2010   1081 
2016   1697   1108 
2373   1763   1300 
442   1574   430 
2394   1763   2373 
2275   428   430 
1108   1106   2016 
1108   1697   1110 
1291   2142   2336 
2336   2142   918 
1233   1639   1929 
1785   1427   1790 
1785   1787   862 
2094   1805   2231 
1777   1484   1485 
1483   1482   2253 
2037   823   2036 
1591   1947   1948 
981   1383   983 
981   982   1028 
279   1825   1927 
1593   1885   1927 
1927   1825   1593 
906   907   1117 
906   1430   709 
964   1000   1906 
1059   1091   1058 
1095   1056   1058 
1117   1430   906 
1774   2189   2268 
2267   792   2268 
2309   1133   2360 
2268   792   1774 
2360   1133   1852 
76   77   2231 
1960   805   856 
856   849   1960 
862   1427   1785 
1223   882   668 
1702   1575   2325 
2114   1017   1769 
2332   2046   2395 
1047   1473   1281 
2327   1278   1281 
1281   1473   2327 
339   1017   2114 
1769   1768   2114 
2359   298   297 
1432   1456   1038 
1842   628   2249 
1376   377   379 
2229   2046   2332 
1038   1040   1432 
379   1371   1376 
2387   2396   1736 
1488   2333   2190 
1991   2189   1990 
2322   2346   378 
2190   1588   1488 
374   982   680 
2180   1796   2179 
1410   1156   1157 
1346   1482   1347 
1346   1339   1487 
2180   1977   750 
2387   1449   2396 
1436   2365   1546 
780   2365   1436 
361   360   958 
2395   2166   2397 
1546   1437   1436 
933   682   2005 
2005   931   933 
1287   1411   954 
2004   1383   1102 
1889   1351   1630 
1630   736   1889 
1102   1103   2004 
894   930   929 
934   1051   929 
1990   2189   694 
165   964   1906 
2190   2333   2195 
2262   1450   2398 
2398   2063   2262 
2079   1539   1603 
1027   2257   1073 
1028   2257   1027 
1119   1440   1123 
1119   1118   1310 
1073   1025   1027 
1465   2197   1297 
1297   1299   1465 
2397   2166   2399 
664   5   122 
1603   1539   1605 
2349   2220   2218 
1470   1471   2218 
2218   1471   2349 
2344   1632   1517 
2344   1511   1583 
2400   1606   2326 
2401   2402   1572 
2401   1738   2402 
1517   1511   2344 
1460   1701   1703 
1703   1461   1460 
1579   1606   2400 
1474   1084   1481 
1481   1492   1474 
1481   1084   1472 
1773   2403   1403 
1070   1779   2159 
1779   1070   2354 
1069   1070   2159 
2403   1408   1403 
2340   2018   2341 
1550   2404   1548 
2019   2018   2340 
665   2162   2300 
2300   2405   665 
1479   2406   2350 
2307   1285   2208 
2208   2306   2307 
2321   2407   1675 
1675   2407   1676 
1675   1674   2321 
1614   2295   1615 
1330   1332   1615 
1615   2295   1330 
2350   2406   2408 
2226   2409   1480 
2369   2410   955 
2323   1575   1582 
1480   2409   1492 
2411   2412   2288 
2288   2412   1661 
2288   2239   2411 
2404   1613   1548 
2413   2367   612 
1459   1461   2411 
2153   2161   2157 
2411   2049   1459 
2153   2162   2161 
2292   2414   2284 
2160   2170   2415 
2284   2414   415 
2284   2194   2292 
1542   1541   1035 
1542   2237   1544 
2416   2373   1519 
2394   2373   2416 
2346   1274   2417 
2417   1274   2363 
2418   2419   1621 
1600   2419   2418 
2180   748   1796 
2180   750   748 
1512   2313   2420 
2420   2313   2314 
1697   2186   2421 
442   1582   1574 
2421   2186   2187 
2422   2413   612 
1757   1724   2423 
2424   1584   1569 
2423   1724   1633 
413   357   2196 
1760   2425   2426 
1763   2425   1760 
2426   1761   1760 
418   2297   424 
418   420   417 
417   2297   418 
2196   2081   413 
2306   2208   2427 
2427   2208   2213 
2410   2376   1069 
663   123   5 
663   665   2405 
1073   1791   2428 
130   2376   2410 
1564   2429   1569 
1569   2429   2424 
2354   1072   2428 
2428   1791   2354 
2428   1072   1073 
2169   2170   1753 
2110   2109   1319 
1319   1318   2110 
2430   2374   1458 
2151   2148   2067 
2067   2431   2151 
1319   2109   1452 
2163   2165   1096 
2163   2144   2126 
2430   1365   1371 
419   2192   2194 
1371   2374   2430 
2160   2415   2432 
2184   2342   2183 
2432   2415   424 
2214   1259   2183 
2183   2342   2214 
2348   1541   2433 
2433   1541   2158 
2434   2087   1508 
2435   2087   2434 
1940   1939   422 
2435   2148   2150 
1940   1109   1110 
2436   1765   1552 
2244   1765   2436 
1999   2306   2427 
2323   1582   2322 
2260   1350   1890 
2260   1625   1626 
1626   1350   2260 
2159   955   1069 
2437   2141   2438 
1549   997   2248 
2438   2141   2172 
2213   1362   2427 
1551   997   1549 
2166   2395   2047 
2166   2165   2399 
2195   2414   2191 
1510   1588   2191 
2191   2414   1510 
1458   1365   2430 
2326   1613   2274 
2274   1573   2326 
2274   1613   2275 
2427   1362   1999 
1404   1547   1545 
2393   663   2405 
2405   2286   2393 
123   663   2393 
1545   1405   1404 
1408   1547   1404 
2403   1632   1408 
2403   1773   1633 
1633   1632   2403 
1824   1806   2439 
2221   1433   2097 
2399   1584   2424 
2440   122   121 
2223   1433   2221 
2234   2233   2272 
121   1396   2440 
2272   2233   2133 
2290   2254   2108 
2226   2230   2409 
1581   1492   2409 
2409   2230   1581 
2014   2438   2441 
1645   1557   1556 
2441   2438   2172 
2389   2442   2387 
628   630   2439 
1558   2246   1556 
2439   1806   628 
2439   630   1824 
2387   2442   1449 
1541   2348   1035 
2275   1581   428 
1096   2165   2149 
428   1581   2230 
1773   1403   1771 
2358   1772   1771 
2443   416   1381 
1784   2147   2101 
2443   1377   417 
2101   2147   1794 
417   416   2443 
1381   1377   2443 
2299   2444   2405 
2107   2108   1735 
1654   2444   2299 
2132   1835   2133 
2405   2300   2299 
1833   1835   2132 
1665   1664   2206 
2145   2144   1833 
1743   1744   2118 
1691   2342   1688 
2121   1686   1688 
1636   2318   442 
1636   1637   2377 
2377   2318   1636 
1743   2119   1747 
1742   576   2445 
2158   1541   1543 
2445   576   2120 
2118   2119   1743 
2446   2424   1525 
1533   2315   2066 
2399   2424   2446 
1296   1555   1937 
1937   1555   1986 
1937   1363   1296 
2066   2315   2067 
1757   1719   1724 
2426   2127   2088 
2318   2377   2321 
2088   2127   1735 
2447   664   122 
2447   2440   2158 
696   698   2448 
122   2440   2447 
2318   1582   442 
2449   2095   2099 
2444   1654   1629 
2444   2286   2405 
1629   2286   2444 
2086   2150   2450 
2416   1512   2394 
2435   2150   2086 
2416   1519   1513 
2067   2148   2085 
1513   1512   2416 
2085   2148   2435 
2404   2275   1613 
1499   1454   2448 
2404   1550   1581 
1581   2275   2404 
2448   698   1499 
2448   1454   696 
2436   2072   2244 
2406   455   2408 
2436   1552   1553 
2119   576   1747 
1553   2072   2436 
2120   576   2119 
1532   1664   2381 
1557   1643   1986 
1616   2451   1680 
574   576   1742 
1759   1761   2244 
1579   1701   2077 
2411   1461   2412 
1662   1661   2412 
2412   1461   1662 
2382   2452   2187 
2382   1559   1560 
1560   2452   2382 
1678   1677   2206 
1678   1737   1680 
2453   1772   1775 
1619   1620   1775 
1759   2243   1763 
1775   1620   2453 
2124   1584   2126 
2124   2115   978 
1680   1614   1616 
2315   2431   2067 
1332   2451   1616 
2279   2431   2315 
1041   1038   2454 
2281   124   123 
415   417   420 
1456   2338   2454 
2379   1781   2276 
2054   2147   2317 
1725   1658   1683 
1794   2147   2054 
1683   1658   1663 
1683   1682   1725 
2226   1470   2219 
2219   2230   2226 
1679   2451   1529 
2098   2095   2201 
2201   2264   2098 
1680   2451   1679 
1529   1677   1679 
1721   2141   2437 
2437   1719   1721 
1722   2141   1721 
131   130   2410 
1069   955   2410 
1070   1072   2354 
2454   1038   1456 
2276   1694   2379 
1452   2145   2131 
961   1072   1070 
2131   2145   1833 
2392   1605   1539 
1539   1540   2392 
1509   1508   2087 
2435   2086   2087 
2302   1605   2392 
2034   2095   2449 
2332   2395   2455 
2455   2258   2332 
2172   2141   2080 
1618   1772   2358 
2233   2456   2133 
2080   2082   2172 
1791   1780   2354 
2375   2415   2385 
2116   1686   2121 
424   2415   2375 
2116   2115   2129 
1755   1770   2453 
2072   1553   1509 
2072   2070   2244 
2399   2165   2164 
2126   1584   2164 
1757   1770   1755 
2164   1584   2399 
2453   1756   1755 
2358   1617   1618 
2232   2456   2233 
131   2410   2369 
1527   1617   2337 
2109   2145   1452 
1527   1526   1619 
2129   2145   2109 
2302   2301   1612 
1612   995   2302 
1612   2301   1729 
2291   2193   2155 
1609   1727   2232 
2232   1607   1609 
2155   2193   2196 
1784   2101   1939 
2359   2264   2200 
2397   2446   2455 
2455   2395   2397 
2399   2446   2397 
1691   2214   2342 
2457   2127   2426 
2200   2264   2201 
2314   2127   2457 
1641   1676   2215 
2215   1537   1641 
2215   1676   2217 
2120   2105   1821 
2394   1512   2420 
2314   2457   2420 
1676   1643   1642 
2420   2457   2394 
1645   1674   1642 
2458   1379   2266 
2458   2265   1626 
1626   1379   2458 
2266   2265   2458 
2200   298   2359 
2067   2085   2061 
1753   2154   1776 
422   363   1646 
2359   1318   1320 
1320   2264   2359 
2276   1781   1783 
1681   1109   1646 
2255   2422   2459 
2229   1298   2038 
2459   2422   612 
2408   2343   2076 
1783   1696   2276 
2076   2343   2079 
2076   2077   2408 
1822   2445   2120 
2363   379   2417 
1823   2445   1822 
2120   1821   1822 
2045   2150   2047 
2045   2040   2450 
2450   2150   2045 
378   2346   2417 
2417   379   378 
2232   2099   2456 
2242   1418   1421 
2456   2099   2100 
2242   2239   2287 
2287   1418   2242 
2084   2263   2063 
2084   2085   2435 
1517   1631   2313 
2356   1405   1546 
1546   2365   2356 
2313   1512   1517 
2201   1649   1648 
1653   298   1648 
1764   1761   2426 
2426   2088   1764 
1485   1483   2022 
2290   2011   2022 
2022   1483   2290 
2381   2278   1530 
1530   1532   2381 
1530   2278   1533 
2102   423   422 
2102   2101   1794 
2349   1535   2216 
2216   1535   1537 
2216   2217   2349 
1701   1579   2400 
2326   1702   2400 
2133   2456   2134 
2400   1702   1701 
2134   2456   2100 
1555   1557   1986 
2350   2077   1701 
1555   1296   1558 
2408   2077   2350 
612   574   980 
1529   2459   980 
2454   2338   1041 
980   2459   612 
2187   2452   2421 
1693   1697   2421 
2381   2271   2278 
2421   2452   1693 
2450   2040   2039 
1750   2011   2460 
2039   2070   2450 
1421   1524   1523 
1773   1770   2423 
2038   1298   2044 
2423   1770   1757 
2317   2147   1744 
2152   2170   2160 
2152   2154   1753 
1753   2170   2152 
2461   2368   2413 
2423   1633   1773 
1332   2462   2451 
1579   2077   1580 
1318   2176   2110 
8   2368   2461 
2449   2099   1727 
2295   1614   2401 
1727   2099   2232 
2014   2441   2013 
2460   2011   2013 
2013   2441   2460 
2401   1572   2295 
2401   1614   1738 
2038   2040   2229 
996   2204   2328 
2328   997   996 
1729   2204   996 
2255   2459   2462 
1624   1601   2418 
2462   2459   1529 
2418   1601   1600 
2418   1621   1624 
1605   995   1604 
2385   2082   2081 
1551   1602   1604 
2385   2081   2192 
1604   995   1551 
2192   2081   2196 
979   574   1742 
2451   2462   1529 
2461   126   8 
1703   1662   1461 
2206   1664   1668 
1705   1736   1673 
1673   1737   1668 
2461   2413   2422 
1617   2365   2337 
1562   1693   2452 
1753   1776   1752 
1485   1750   1752 
2452   1560   1562 
1602   1551   1548 
1725   1631   2463 
1633   1724   2463 
1770   1772   2453 
2463   1631   1633 
2463   1724   1725 
1682   1631   1725 
2073   2086   2450 
2407   2217   1676 
2422   2464   2461 
2450   2070   2073 
2051   2424   2429 
664   2465   2161 
1525   2424   2051 
2429   2049   2051 
2461   2464   126 
2136   1600   1594 
1594   1717   2136 
2396   1566   1572 
1645   2347   1674 
2328   1473   2466 
1474   2248   2466 
2466   1473   1474 
1110   1696   1941 
1784   1939   1941 
2466   2248   2328 
1449   1566   2396 
2389   2060   2062 
2133   1835   2273 
2063   2398   2062 
2273   1835   2279 
2407   2321   2377 
1495   1587   1510 
1938   1640   1999 
1938   1986   1641 
1641   1640   1938 
1717   1594   1596 
1732   1734   1766 
1732   2088   1735 
1596   1718   1717 
2032   2034   2449 
2449   2090   2032 
2455   2446   1522 
1522   1524   2455 
2437   2438   1659 
1522   2446   1525 
1659   2438   2014 
2062   2398   2389 
2433   2440   1396 
1396   2348   2433 
2158   2440   2433 
2377   2217   2407 
2294   2445   1823 
2325   1662   1703 
1742   2445   2294 
1720   1756   1722 
2201   2095   1649 
2297   2298   424 
2297   417   1654 
2104   2379   2380 
1781   2379   2104 
2047   2395   2046 
2229   2040   2046 
2380   2105   2104 
2467   475   1518 
2467   1893   1918 
1918   475   2467 
2464   127   126 
2464   2422   2255 
1518   1893   2467 
2161   2465   2157 
1782   1781   2118 
1782   2147   1784 
2089   2105   2380 
2380   2090   2089 
2434   2084   2435 
2449   1727   1728 
1728   2090   2449 
2434   1508   2263 
2263   2084   2434 
2381   1664   1666 
2126   2144   2125 
2129   2115   2125 
1667   2234   1666 
2250   2464   2255 
1823   1607   2235 
127   2464   2250 
2234   1667   2235 
1723   1658   1725 
2044   2243   2071 
2244   2070   2071 
1723   1719   2437 
2437   1658   1723 
1766   1552   1765 
2244   1761   1765 
978   2115   2117 
2121   817   2117 
1720   1719   1757 
2117   817   978 
1703   1702   2325 
2300   2432   2298 
2292   1510   2414 
2298   2432   424 
2014   2107   1657 
2442   2398   1450 
1657   2107   1663 
1657   1659   2014 
2291   2155   2419 
2012   2011   2290 
2290   2108   2012 
2419   2155   1621 
1794   2054   1778 
2419   1600   2291 
1450   1449   2442 
2389   2398   2442 
2195   415   2414 
1736   2396   2402 
1622   1621   357 
2048   2049   2429 
1735   2127   2128 
1663   2107   2128 
2048   2406   1479 
2128   2107   1735 
454   2343   2408 
2093   2090   2380 
463   2343   454 
2408   455   454 
2429   2406   2048 
2251   2462   1332 
2103   2118   1781 
2103   2105   2120 
2322   1582   2319 
2255   2462   2251 
2460   2169   1751 
2319   2347   2322 
2411   2239   2050 
1751   1750   2460 
1751   2169   1753 
2050   2049   2411 
1647   1433   1653 
1647   1649   2097 
2097   1433   1647 
2402   1738   1736 
2093   1694   1563 
2111   817   2184 
2111   1272   463 
816   453   455 
2425   1763   2394 
2425   2457   2426 
2402   2396   1572 
2394   2457   2425 
2431   2279   1834 
2174   2432   2300 
2300   2162   2174 
2160   2432   2174 
1706   2060   2389 
2163   1096   1013 
1013   2144   2163 
2291   1600   1497 
1563   1561   2033 
2097   2034   2033 
1793   423   1792 
1524   2258   2455 
2317   1744   649 
1637   2220   2377 
1613   2326   1606 
2314   1682   1684 
1684   2127   2314 
1676   1641   1643 
2437   1659   1658 
1643   1641   1986 
1575   1702   1573 
2468   2441   2172 
2468   2169   2460 
2460   2441   2468 
2453   1620   1758 
2324   378   377 
1758   1620   1622 
1758   1756   2453 
2172   2169   2468 
2193   2291   2292 
2292   2194   2193 
575   2367   1747 
612   2367   575 
1747   576   575 
2369   8   131 
2369   955   657 
1096   2151   1014 
1547   1408   2345 
2345   1583   1547 
2431   1012   1014 
1014   2151   2431 
2317   649   648 
2345   1408   1632 
657   956   648 
2367   2413   2368 
648   956   2317 
1747   2367   647 
2157   2154   2153 
647   2367   657 
647   649   1747 
2158   2157   2465 
664   2447   2465 
1565   2406   2429 
2465   2447   2158 
1834   2279   1835 
1570   1584   2124 
2124   978   1570 
455   2406   1565 
2429   1564   1565 
2469   2082   2385 
1834   1012   2431 
2469   2415   2170 
2385   2415   2469 
2170   2082   2469 
