BCnode   BCtype
208   4
outBCNode	outBCNum
1	1
120	1
119	1
118	1
117	1
116	1
115	1
114	1
113	1
112	1
111	1
110	1
109	1
108	1
107	1
106	1
105	1
104	1
103	1
102	1
101	1
100	1
99	1
98	1
97	1
96	1
95	1
94	1
93	1
92	1
91	1
90	1
89	1
88	1
87	1
86	1
85	1
84	1
83	1
82	1
2	1
63	3
62	3
61	3
60	3
59	3
58	3
57	3
56	3
55	3
54	3
53	3
52	3
51	3
50	3
49	3
48	3
47	3
46	3
45	3
44	3
43	3
42	3
41	3
40	3
39	3
38	3
37	3
36	3
35	3
34	3
33	3
32	3
31	3
30	3
29	3
28	3
27	3
26	3
25	3
3	2
159	2
158	2
157	2
156	2
155	2
154	2
153	2
152	2
151	2
150	2
149	2
148	2
147	2
146	2
145	2
144	2
143	2
142	2
141	2
140	2
139	2
138	2
137	2
136	2
135	2
134	2
133	2
132	2
131	2
130	2
129	2
128	2
127	2
126	2
125	2
124	2
123	2
122	2
121	2
4	2
208	3
207	3
206	3
205	3
204	3
203	3
202	3
201	3
200	3
199	3
198	3
197	3
196	3
195	3
194	3
193	3
192	3
191	3
190	3
189	3
188	3
187	3
186	3
185	3
184	3
183	3
182	3
181	3
180	3
179	3
178	3
177	3
176	3
175	3
174	3
173	3
172	3
171	3
170	3
5	4
6	4
7	4
8	4
9	4
10	4
11	4
12	4
13	4
14	4
15	4
16	4
17	4
18	4
19	4
20	4
21	4
22	4
23	4
24	4
64	4
65	4
66	4
67	4
68	4
69	4
70	4
71	4
72	4
73	4
74	4
75	4
76	4
77	4
78	4
79	4
80	4
81	4
160	4
161	4
162	4
163	4
164	4
165	4
166	4
167	4
168	4
169	4
