0	0
0	10
10	10
10	0
3.945	6.2
4	6.145
4.055	6.2
4	6.255
3.945	5.4
4	5.345
4.055	5.4
4	5.455
3.945	4.6
4	4.545
4.055	4.6
4	4.655
3.945	3.8
4	3.745
4.055	3.8
4	3.855
4.04753495130763	6.17233362321913
4.02767193358639	6.15246828330903
4.04753495130763	5.37233362321913
4.02767193358639	5.35246828330903
9.75	10
9.5	10
9.25	10
9	10
8.75	10
8.5	10
8.25	10
8	10
7.75	10
7.5	10
7.25	10
7	10
6.75	10
6.5	10
6.25	10
6	10
5.75	10
5.5	10
5.25	10
5	10
4.75	10
4.5	10
4.25	10
4	10
3.75	10
3.5	10
3.25	10
3	10
2.75	10
2.5	10
2.25	10
2	10
1.75	10
1.5	10
1.25	10
0.999999999999999	10
0.749999999999999	10
0.5	10
0.25	10
4.02766637678087	6.24753495130763
4.04753171669097	6.22767193358639
4.04753495130763	4.57233362321913
4.02767193358639	4.55246828330903
4.02766637678087	5.44753495130763
4.04753171669097	5.42767193358639
4.04753495130763	3.77233362321913
4.0276719335864	3.75246828330904
3.97233362321913	6.15246504869237
3.95246828330904	6.1723280664136
4.02766637678087	4.64753495130763
4.04753171669097	4.62767193358639
3.97233362321913	5.35246504869237
3.95246828330904	5.3723280664136
3.95246504869237	6.22766637678087
3.97232806641361	6.24753171669097
4.02766637678087	3.84753495130763
4.04753171669097	3.82767193358639
0	9.75
0	9.5
0	9.25
0	9
0	8.75
0	8.5
0	8.25
0	8
0	7.75
0	7.5
0	7.25
0	7
0	6.75
0	6.5
0	6.25
0	6
0	5.75
0	5.5
0	5.25
0	5
0	4.75
0	4.5
0	4.25
0	4
0	3.75
0	3.5
0	3.25
0	3
0	2.75
0	2.5
0	2.25
0	2
0	1.75
0	1.5
0	1.25
0	0.999999999999999
0	0.749999999999999
0	0.5
0	0.25
10	0.25
10	0.5
10	0.75
10	1
10	1.25
10	1.5
10	1.75
10	2
10	2.25
10	2.5
10	2.75
10	3
10	3.25
10	3.5
10	3.75
10	4
10	4.25
10	4.5
10	4.75
10	5
10	5.25
10	5.5
10	5.75
10	6
10	6.25
10	6.5
10	6.75
10	7
10	7.25
10	7.5
10	7.75
10	8
10	8.25
10	8.5
10	8.75
10	9
10	9.25
10	9.5
10	9.75
3.97233362321913	4.55246504869237
3.95246828330904	4.5723280664136
3.95246504869237	5.42766637678087
3.97232806641361	5.44753171669097
3.97233362321913	3.75246504869237
3.95246828330903	3.77232806641361
3.95246504869237	4.62766637678087
3.97232806641361	4.64753171669097
3.95246504869237	3.82766637678087
3.97232806641361	3.84753171669097
0.25	0
0.5	0
0.75	0
1	0
1.25	0
1.5	0
1.75	0
2	0
2.25	0
2.5	0
2.75	0
3	0
3.25	0
3.5	0
3.75	0
4	0
4.25	0
4.5	0
4.75	0
5	0
5.25	0
5.5	0
5.75	0
6	0
6.25	0
6.5	0
6.75	0
7	0
7.25	0
7.5	0
7.75	0
8	0
8.25	0
8.5	0
8.75	0
9	0
9.25	0
9.5	0
9.75	0
3.97295460611514	6.28079117275048
4.02675750146894	6.2801502174155
3.94335871878346	6.25684879674436
3.92070162109689	6.226998162827
3.92054443361156	6.17266469340583
3.94328964059009	6.14229856688036
3.97284629716042	6.12015101275181
4.02624845248647	6.12050583810114
4.05637224456944	6.14211150865936
4.0790383997035	6.17249366502637
4.07988917413027	6.22706618332618
4.05669310880445	6.25757932497945
9.62085072153489	0.196200848410458
9.38725483244644	0.232736325287495
9.13021693225997	0.228524526283168
8.8796024946115	0.231646083111642
8.625	0.216506350946109
8.375	0.216506350946109
8.125	0.216506350946109
7.875	0.216506350946109
7.625	0.216506350946109
7.375	0.216506350946109
7.125	0.21650635094611
6.875	0.213301954957016
6.625	0.212834547633943
6.375	0.212834547633943
6.125	0.212834547633943
5.875	0.212834547633943
5.625	0.212834547633943
5.375	0.212815050983239
5.125	0.212815050983239
4.875	0.212815050983239
4.625	0.212815050983239
4.375	0.212843501106969
4.125	0.212843501106969
3.875	0.21284350110697
3.625	0.212843501106969
3.375	0.212815169837302
3.125	0.212815169837301
2.875	0.212815169837301
2.625	0.212815169837301
2.375	0.212834755389905
2.125	0.21650635094611
1.875	0.216506350946109
1.625	0.216506350946109
1.375	0.216506350946109
1.125	0.21650635094611
0.864045840001957	0.218975639305958
0.607864315539977	0.22560898341287
0.373638875291481	0.200561470090368
0.196200848410459	0.379149278465114
0.230876874868955	0.613810671674717
0.227027382170157	0.871069568533983
0.228174825145504	1.12199759701127
0.216506350946111	1.375
0.21650635094611	1.625
0.216506350946109	1.875
0.21650635094611	2.125
0.213003399489132	2.375
0.213003399489132	2.625
0.213003399489132	2.875
0.213003399489132	3.125
0.21303073798869	3.375
0.21303073798869	3.625
0.21303073798869	3.875
0.21303073798869	4.125
0.21303073798869	4.375
0.21303073798869	4.625
0.21303073798869	4.875
0.21303073798869	5.125
0.21303073798869	5.375
0.21303073798869	5.625
0.21303073798869	5.875
0.21303073798869	6.125
0.21303073798869	6.375
0.21303073798869	6.625
0.213003505376995	6.875
0.213003505376993	7.125
0.213003505376994	7.375
0.213003505376994	7.625
0.21650635094611	7.875
0.21650635094611	8.125
0.21650635094611	8.375
0.21650635094611	8.625
0.22655083591491	8.87730661529179
0.223730258207993	9.12899063188456
0.228310063794101	9.38735291349038
0.196200848410456	9.62085072153488
0.371202854997423	9.79965443998737
0.604839470377855	9.77458790472262
0.868275677569156	9.78196208841944
1.125	9.78349364905389
1.375	9.78349364905389
1.625	9.78349364905389
1.875	9.78349364905389
2.125	9.78349364905389
2.375	9.78716545236606
2.625	9.78718494901676
2.875	9.78718494901676
3.125	9.78718494901676
3.375	9.78718494901676
3.625	9.78715649889303
3.875	9.78715649889303
4.125	9.78715649889303
4.375	9.78715649889303
4.625	9.7871848301627
4.875	9.7871848301627
5.125	9.7871848301627
5.375	9.7871848301627
5.625	9.78716524461009
5.875	9.78716524461009
6.125	9.78716524461009
6.375	9.78716524461009
6.625	9.78716524461009
6.875	9.78669804504298
7.125	9.78349364905389
7.375	9.78349364905389
7.625	9.78349364905389
7.875	9.78349364905389
8.125	9.78349364905389
8.375	9.78349364905389
8.625	9.78349364905389
8.875	9.78349364905389
9.1306786918239	9.78256616146227
9.39170894386519	9.77566271894566
9.62085072153489	9.80379915158954
9.79965443998737	9.62879714500258
9.76964677890168	9.39004285420828
9.77269596004309	9.13008564289804
9.77008944343907	8.8782562771179
9.78349364905389	8.625
9.78349364905389	8.375
9.78349364905389	8.125
9.78349364905389	7.875
9.78349364905389	7.625
9.78349364905389	7.375
9.78349364905389	7.125
9.78349364905389	6.875
9.78349364905389	6.625
9.78349364905389	6.375
9.78349364905389	6.125
9.78349364905389	5.875
9.78349364905389	5.625
9.78349364905389	5.375
9.78349364905389	5.125
9.78349364905389	4.875
9.78349364905389	4.625
9.78349364905389	4.375
9.78349364905389	4.125
9.78349364905389	3.875
9.78349364905389	3.625
9.78349364905389	3.375
9.78349364905389	3.125
9.78349364905389	2.875
9.78349364905389	2.625
9.78349364905389	2.375
9.78349364905389	2.125
9.78349364905389	1.875
9.78349364905389	1.625
9.78349364905389	1.375
9.78349364905389	1.125
9.78193644484381	0.863487625010796
9.77594913224455	0.60778124554336
9.79943852990963	0.373638875291482
4.02679220853781	5.4786447235975
3.97300013823461	5.47995070935449
4.05730059372659	5.45709220171765
4.08061951404302	5.42705064376613
4.08029861700002	5.37317081802851
4.05708954296798	5.3427020708567
4.02664612779763	5.32129201811943
3.97303858201972	5.3194059581514
3.9432278118521	5.34225695115981
3.91992818496783	5.37293676518366
3.92075633986562	5.42752290539861
3.94290101350659	5.45730739333862
3.97339382051236	4.67878416289264
4.02711097430455	4.67989693852084
4.05730059372659	4.65709220171765
4.07973879162165	4.62700941664159
4.07902771415391	4.57249014006951
4.05708954296798	4.5427020708567
4.02700121402458	4.52011511408355
3.97320977802795	4.52135045482285
3.94268857483505	4.54289699050712
3.91856667449788	4.57289077805373
3.91908362458553	4.63143558360579
3.94290101350659	4.65730739333862
3.97339382051236	3.87878416289262
4.02714919849763	3.87818769704419
3.94044892704714	3.85499932423567
3.92067989789208	3.82021059764358
3.91665790840225	3.77677183914976
3.94073562470791	3.7447678023996
3.97306957579425	3.72052256395876
4.02697819751146	3.71999320830512
4.05638736460057	3.74218651053564
4.07873351448247	3.77220278480574
4.08083021580485	3.82719290695118
4.05730059372658	3.85709220171764
9.82924682452695	0.170753175473054
9.83421966423476	9.83606104708149
0.170753175473054	0.170753175473055
0.163938952918509	9.83421966423476
3.93555313663825	6.29672063453842
4.00171623576546	6.29982478048536
4.06465002904047	6.29581092810601
3.90632186957415	6.26678734112623
3.9008545715988	6.20210996213654
3.90603344596784	6.13348610614264
3.93566300760183	6.10404236838819
4.00178189400787	6.10306994480713
4.06377754914345	6.10407652689997
4.09335338574835	6.13323037404487
4.09901006454626	6.20168983660866
4.09390548288218	6.26637717081999
9.25867423920328	0.449235107043056
9.00782016315453	0.462304765311378
8.75188775423934	0.442070161522338
8.5	0.433012701892219
8.25	0.433012701892219
8	0.433012701892219
7.75	0.433012701892219
7.5	0.433012701892219
7.25	0.43301270189222
6.99722500284253	0.431403390788591
6.74960146218093	0.426232337199693
6.5	0.425559499109758
6.25	0.425558524449223
6	0.425546042105665
5.75	0.425515387293146
5.49998341373345	0.425505772138365
5.25	0.425495911962675
5	0.425475475180708
4.75	0.425475475180708
4.50002420085274	0.425489623052127
4.25	0.425503893832524
4	0.425503893832524
3.75	0.425504053141199
3.49997590023137	0.425489842008693
3.25	0.425475753209431
3	0.425475753209431
2.75	0.425496260059481
2.50001666191552	0.425506165162203
2.25317955788071	0.431167565981398
2	0.433012701892219
1.75	0.433012701892218
1.5	0.433012701892218
1.24764429771064	0.433578340385183
0.99346967199674	0.434001469164417
0.737168948792831	0.431553867851025
0.447071591054015	0.742850295405762
0.458794956389629	0.996503683157313
0.436914140424503	1.25029158843583
0.433012701892221	1.5
0.433012701892217	1.75
0.433012701892219	2
0.43125272604654	2.25303352584797
0.425890954873513	2.5
0.425872775589141	2.75
0.425872775589141	3
0.425886373020521	3.24997672189047
0.425900087044605	3.5
0.425900087044605	3.75
0.425901482456975	4
0.425901361389918	4.25
0.425901361389918	4.5
0.425901482456975	4.75
0.425901361389918	5
0.425901361389918	5.25
0.425901482456975	5.5
0.425901482456975	5.75
0.425901361389918	6
0.425900229881243	6.25
0.425900229881243	6.5
0.425886569000401	6.750023187964
0.425873024206829	7
0.425873024206829	7.25
0.425891261336359	7.5
0.431252779504271	7.7469665658428
0.43301270189222	8
0.43301270189222	8.25
0.43301270189222	8.5
0.439012384547207	8.74897389526871
0.451885069393874	9.0052095228818
0.439193461976674	9.25511826813994
0.733059314224889	9.56763318850909
0.992479539115656	9.56587607645858
1.25	9.56698729810778
1.5	9.56698729810778
1.75	9.56698729810778
2	9.56698729810778
2.25317973777937	9.56883253895323
2.50001658626655	9.57449422786163
2.75	9.57450408803732
3	9.57452452481929
3.25	9.57452452481929
3.49997579914726	9.57451037694787
3.75	9.57449610616748
4	9.57449610616747
4.25	9.5744959468588
4.50002409976863	9.57451015799131
4.75	9.57452424679057
5	9.57452424679057
5.25	9.57450373994052
5.49998333808448	9.57449383483779
5.75	9.57448417580281
6	9.57445381488529
6.25	9.57444107283758
6.5	9.57444009918862
6.74960163927535	9.57376753215569
6.99722500284253	9.56859660921141
7.25	9.56698729810778
7.5	9.56698729810778
7.75	9.56698729810778
8	9.56698729810778
8.25	9.56698729810778
8.5	9.56698729810778
8.75	9.56698729810778
9.01076716634878	9.56633453746855
9.26533322343755	9.56981507617631
9.55222294023742	9.25758681943735
9.5408348594693	9.0052570826777
9.55906240795484	8.75037629637976
9.56698729810778	8.5
9.56698729810778	8.25
9.56698729810778	8
9.56698729810778	7.75
9.56698729810778	7.5
9.56698729810778	7.25
9.56698729810778	7
9.56698729810778	6.75
9.56698729810778	6.5
9.56698729810778	6.25
9.56698729810778	6
9.56698729810778	5.75
9.56698729810778	5.5
9.56698729810778	5.25
9.56698729810778	5
9.56698729810778	4.75
9.56698729810778	4.5
9.56698729810778	4.25
9.56698729810778	4
9.56698729810778	3.75
9.56698729810778	3.5
9.56698729810778	3.25
9.56698729810778	3
9.56698729810778	2.75
9.56698729810778	2.5
9.56698729810778	2.25
9.56698729810778	2
9.56698729810778	1.75
9.56698729810778	1.5
9.56698729810778	1.25
9.56820285166374	0.994106388365888
9.57037813176206	0.734751283931643
4.0661371694246	5.49351582567264
4.00257031153963	5.49640382258799
3.93586955722156	5.49613206445819
4.09642946162784	5.46495497956056
4.09953639746034	5.39824181532996
4.09590494848535	5.33471755142494
4.06525578642931	5.30545707112512
3.99976271140113	5.29728291520362
3.93372310355249	5.30482291092933
3.90832193295958	5.33197877067292
3.90041515380079	5.39828633201959
3.90640795038618	5.46682639153529
3.93406638138965	4.69386849469326
3.99784813837959	4.69703804431968
4.06429504824615	4.6958048403307
4.09370935922604	4.66644518254093
4.09893849887909	4.60166214101863
4.09343468824482	4.53328998909234
4.06406507403323	4.50396145521858
3.99738160371166	4.50377227673799
3.93377405407213	4.50634916675183
3.9030083790816	4.53509629946707
3.89920648259655	4.60288383502721
3.90331232075052	4.6660570130272
3.99833316369779	3.89774935691925
3.93307652217974	3.89162621296792
4.06617358196956	3.89348197511667
3.90467239002749	3.86209677505781
3.88915247601515	3.79861052970168
3.90292550758685	3.7359886283935
3.93245375239686	3.70864884849751
3.99818834470321	3.70052660264692
4.06437775477957	3.70396780369204
4.09357966232279	3.73338867175575
4.094744841054	3.8010045096039
4.0963584252803	3.86479918311841
0.454449331374027	9.53737659796774
0.458073262868923	0.460652995189007
9.54067264570623	0.462376793576589
9.53884195541124	9.53884195541124
9.13527597402211	0.700419566616249
8.86775632478478	0.656985911460737
8.62000546840699	0.654125458545201
8.375	0.649519052838328
8.125	0.649519052838328
7.875	0.649519052838328
7.625	0.649519052838328
7.375	0.649519052838327
7.12222492840446	0.650154573017484
6.87237956111153	0.644782035099768
6.62422642476685	0.63894523902151
6.37499917094713	0.638210708630121
6.12498938644903	0.638123562863138
5.87497393464732	0.63810217195887
5.62498353171703	0.638083654834206
5.37498332428583	0.638023037641137
5.12498262677024	0.638009732140574
4.875	0.637999419830216
4.62502412848665	0.638003845916852
4.37502423025671	0.638011495153952
4.125	0.638016049511614
3.87500013542012	0.63801612916576
3.62497587098039	0.638011673337376
3.37497597225992	0.638004476882585
3.125	0.638000069266682
2.87501743282485	0.638010416893818
2.6250167517501	0.638023771630737
2.37668025263087	0.644403573986936
2.12496890085541	0.649810226568086
1.875	0.649519052838328
1.625	0.649519052838328
1.3713427551443	0.649355586614116
1.11863465922329	0.650458494293221
0.865163679143845	0.653802283312779
0.693423583882418	0.865718973136946
0.656394319878242	1.13426897970459
0.654226970697549	1.38062035950228
0.649519052838329	1.625
0.649519052838326	1.875
0.649299561800445	2.12633595175099
0.644692002707201	2.37701100005442
0.638636499830538	2.62501547090801
0.63862733208154	2.875
0.638631575212709	3.12497678834475
0.638640426888326	3.37497669155108
0.638644791249442	3.625
0.638645488647816	3.87499881253363
0.638646124491286	4.1250001030255
0.638648324831767	4.375
0.63864838531207	4.6249998969734
0.638648385152999	4.87500010302659
0.638648324831767	5.125
0.638648385285522	5.3749998969734
0.638648445766085	5.625
0.638646139741914	5.87500010302551
0.638645514341489	6.12500096288998
0.638644948834319	6.375
0.638640601417411	6.62502321816054
0.638632140810668	6.87502312179757
0.638627914097025	7.125
0.638637110986183	7.37498447984035
0.644352458955774	7.62262326470943
0.650213215596547	7.87196646870503
0.64951905283833	8.125
0.64951905283833	8.375
0.651351239945799	8.62100005383327
0.652991451928447	8.86659514782135
0.688557332264662	9.13298197657944
0.862689930982414	9.34618892011576
1.11619576944087	9.34941629171288
1.375	9.35048094716167
1.625	9.35048094716167
1.875	9.35048094716167
2.1281798495992	9.34975362738754
2.37749088823496	9.35539608973688
2.62501667571416	9.36197696235886
2.87501737322975	9.36199026785943
3.125	9.36200058016978
3.37497587151335	9.36199615408315
3.62497576974328	9.36198850484605
3.875	9.36198395048838
4.12499986457988	9.36198387083424
4.37502412901961	9.36198832666262
4.62502402774008	9.36199552311741
4.875	9.36199993073332
5.12498256717515	9.36198958310618
5.3749832482499	9.36197622836926
5.62498345658165	9.36191580446987
5.87497418452812	9.36189742316946
6.12498916562036	9.3618760445995
6.37499917180587	9.36178845064449
6.62422674445994	9.36105426311561
6.87237654345451	9.35529007956313
7.12222492840446	9.34984542698252
7.375	9.35048094716167
7.625	9.35048094716167
7.875	9.35048094716167
8.125	9.35048094716167
8.375	9.35048094716167
8.625	9.35048094716167
8.88749386423983	9.35854598668578
9.13407363004368	9.34883887344048
9.29906081699198	9.13301089555369
9.34373249269772	8.86644403300161
9.34517872010716	8.61951091075722
9.35048094716167	8.375
9.35048094716167	8.125
9.35048094716167	7.875
9.35048094716167	7.625
9.35048094716167	7.375
9.35048094716167	7.125
9.35048094716167	6.875
9.35048094716167	6.625
9.35048094716167	6.375
9.35048094716167	6.125
9.35048094716167	5.875
9.35048094716167	5.625
9.35048094716167	5.375
9.35048094716167	5.125
9.35048094716167	4.875
9.35048094716167	4.625
9.35048094716167	4.375
9.35048094716167	4.125
9.35048094716167	3.875
9.35048094716167	3.625
9.35048094716167	3.375
9.35048094716167	3.125
9.35048094716167	2.875
9.35048094716167	2.625
9.35048094716167	2.375
9.35048094716167	2.125
9.35048094716167	1.875
9.35048094716167	1.625
9.35048094716167	1.375
9.35126106303329	1.11960702363403
9.35268512005523	0.872203905676771
0.642622885634047	0.63414330246154
9.35964592267113	9.36847320121811
9.3734722195656	0.647373810639548
0.636215163805483	9.36378483619452
3.87867858715857	6.16744627843265
4.12184141377028	6.23438762743298
3.87808080386472	3.83178928775741
4.12024610078331	3.76583366608151
3.87579546718678	4.56701691389779
3.87616276574792	5.36507757633549
3.8769792803322	4.63409831037738
3.87963098070578	5.43331367860977
4.12062474878026	5.43203004281953
4.12147512734172	4.63407993649296
4.11988401331643	4.56678153975901
4.12201749647951	5.36656043207913
4.12321207774854	3.83316683757247
4.11990412971714	6.16677959639405
3.96740761360256	6.3234960738148
4.03314686608837	3.67854586040143
3.96592843886181	3.67755369662061
4.03391595765573	6.32120338699002
3.87690754598413	3.76505806047457
3.87973999717185	6.2352313448923
4.03247036139327	6.08056779678368
4.03026219030299	5.27592622859351
4.03272878609093	4.47994135356483
3.96617719304313	3.91890427011309
3.96627869618404	4.71905516303898
3.96726406518376	5.52014361621249
4.03477206933776	3.9194901712157
4.03323165630343	4.72052817714812
4.03405535554388	5.51879889522035
3.96594999452395	4.48120568269881
3.96587361817911	5.28501212135122
3.9676279102291	6.08072827815681
3.89108131861331	6.31096444038562
3.92627946671806	6.34318530875173
4.10969298520715	6.31077469385912
4.07496798770977	6.34160035115937
3.85945051468895	6.27627939730158
3.89144929619544	6.08781395740118
3.8591000560102	6.12705522082418
3.92742958377883	6.05895691415931
4.10788057608065	6.0886269064992
4.07161717977433	6.05795988313201
4.14278570908167	6.12190152922619
4.14422781333024	6.27725498270433
4.0736782204306	5.54018682932942
4.10933693443951	5.5092998593274
3.92773738186394	5.54155618456432
3.89178237809479	5.51179507784269
4.14390504944891	5.47648159372163
4.10816201708953	5.28991034303867
4.14200281954884	5.32484313833938
4.06963249296238	5.25865642009382
3.89204011633309	5.28939697285057
3.93130684843838	5.26111464108111
3.85644584422013	5.32486647574931
3.85508724613175	5.47728590952518
3.92677812305239	4.74054604856137
3.88972320468894	4.71124416670232
4.10786835322557	4.71038885374286
4.07263981369812	4.74106372630076
4.14190128736964	4.67499570832918
4.14344743819686	4.52203890314993
4.10777945940779	4.48857387099619
4.07232564835594	4.45852771059656
3.89037524550024	4.49055710445849
3.92639095208936	4.45972150824742
3.85593393109618	4.52555745018124
3.85690658810632	4.67498259215221
3.92677521092631	3.94054492201056
3.8903276985669	3.90969632567285
4.1089942305872	3.90890310992037
4.07367733689552	3.94018718227573
3.85646252644927	3.87402824532312
3.88977804377829	3.6910245756098
3.85758679380375	3.72445984933793
3.92521044204823	3.65649399719821
4.10954497192479	3.68896320970167
4.07469933545948	3.65823659157816
4.14404496354862	3.72264745151331
4.14170354009298	3.87458375834738
8.73055245307154	0.878154153587931
8.49218828844198	0.867874599583677
8.25	0.866025403784437
8	0.866025403784437
7.75	0.866025403784437
7.5	0.866025403784436
7.24562124296415	0.866996102497338
6.9944992734945	0.864067518694782
6.74541102987874	0.857404003686836
6.49898715376278	0.850859945132804
6.24992026212787	0.850510975366343
5.99996349289983	0.850455120515564
5.74996300491233	0.850432387593181
5.49993195203618	0.850352882682198
5.24997167944654	0.850261556813893
4.99998255894253	0.850222641365631
4.75001582177413	0.850218906289021
4.50003067265346	0.850227498772706
4.25001598090114	0.850236205195278
4.00000013532685	0.850235922505172
3.74998422105664	0.850236544294591
3.49996981269011	0.850228110626199
3.24998424427759	0.850219762982027
3.00001750084688	0.850223507877732
2.75002843019222	0.850262676127623
2.50347231690716	0.857343222718832
2.25498741561589	0.863825287889564
2.00066682957086	0.87664891308564
1.75	0.866025403784437
1.49706768221889	0.86199819708999
1.24033250200759	0.867097471030016
0.878814426074529	1.26956924056978
0.872728061596339	1.50718275137751
0.866025403784434	1.75
0.874378465820518	2.00061856863518
0.863980051010714	2.25495901606058
0.858103216227533	2.50392062245005
0.851115992753105	2.75001552793896
0.85111263976365	2.99998478746138
0.851121653218081	3.24996921652874
0.851130782448374	3.49998463662087
0.851130686633429	3.7499988135157
0.851133577548158	3.99999891734651
0.851134804288142	4.24999818133189
0.851135936772715	4.49999989708143
0.851136152801812	4.7500000001352
0.851135939654396	5.00000010278337
0.851135939573785	5.24999989710399
0.85113616921995	5.49999989708121
0.851135044158125	5.75000201151951
0.851133402682947	6.0000010645152
0.851130981192403	6.2500009620957
0.851131117561062	6.50001530383878
0.85112220282085	6.75003036101807
0.851113401474705	7.00001515365657
0.851116762342968	7.2499844226585
0.856329257335126	7.49601011197301
0.863512438625258	7.74467058167033
0.874124854630645	7.9976153591725
0.86602540378444	8.25
0.868170306260537	8.49418685397448
0.877632513906701	8.73052095785271
1.23836419594923	9.12959307852802
1.5	9.13397459621556
1.75	9.13397459621556
2.00174955432557	9.12490355085207
2.25541010698905	9.13551295893656
2.50412108217109	9.14250616697607
2.75002832055346	9.14973844318611
3.00001744105746	9.14977735863437
3.24998417822587	9.14978109371098
3.49996932734653	9.14977250122729
3.74998401909886	9.14976379480472
3.99999986467314	9.14976407749483
4.25001577894336	9.14976345570541
4.50003018730988	9.1497718893738
4.75001575572241	9.14978023701797
4.99998249915312	9.14977649212226
5.24997156980778	9.14973732387237
5.49993204056042	9.14964633602643
5.749963207631	9.14956656612587
5.99996351782556	9.14954399094098
6.24991977134611	9.14948784346335
6.49898760524702	9.14913883276931
6.74525980147333	9.14302210018014
6.9944989199758	9.13592545012788
7.24562115668	9.13300228775978
7.5	9.13397459621556
7.75	9.13397459621556
8	9.13397459621556
8.25	9.13397459621556
8.50259878518623	9.13919078170978
8.75905625489434	9.1356363804772
9.12120820257556	8.73045139338059
9.12764931650782	8.49312536108805
9.13397459621556	8.25
9.13397459621556	8
9.13397459621556	7.75
9.13397459621556	7.5
9.13397459621556	7.25
9.13397459621556	7
9.13397459621556	6.75
9.13397459621556	6.5
9.13397459621556	6.25
9.13397459621556	6
9.13397459621556	5.75
9.13397459621556	5.5
9.13397459621556	5.25
9.13397459621556	5
9.13397459621556	4.75
9.13397459621556	4.5
9.13397459621556	4.25
9.13397459621556	4
9.13397459621556	3.75
9.13397459621556	3.5
9.13397459621556	3.25
9.13397459621556	3
9.13397459621556	2.75
9.13397459621556	2.5
9.13397459621556	2.25
9.13397459621556	2
9.13397459621556	1.75
9.13870495590838	1.49286541365077
9.13360803723254	1.23861227965742
0.964187267453983	9.14120052195226
9.1408228896002	0.975161075836778
9.01736793050492	9.15538878341295
0.979408562895608	0.864441193668919
4.00138347231844	6.34971472100614
4.00090526684058	3.64805180309189
3.84783399046688	3.79874122271231
3.85064412689454	6.20190817135011
3.9995225812877	4.45411138539759
3.99984483504274	6.05788512612496
3.99996814348797	4.74593881776852
4.00048894217977	5.54591603112611
4.00012273748039	3.94600494136687
3.85188223389365	5.39909224749063
3.85060472364123	4.6009806361817
4.14861997860337	4.60003160674755
4.1463233726688	5.39940529405908
4.14632695624931	6.20126296222825
4.14463932251031	3.79958476201175
3.87526857835263	6.36289709457429
3.83808248415503	6.3200462492883
4.11949037321166	6.36238976455555
4.16219301698062	6.32534410349752
3.88417380524159	6.03472065703487
3.83969529499055	6.07514087933357
4.11458605286461	6.0366940318152
4.15931089738069	6.07504454391054
4.11562035890362	5.56234750074234
4.16037747524649	5.52412509408808
3.88427796987601	5.56745090737873
3.83939757912976	5.52637827027232
4.15968829298673	5.27506899995109
4.1145458495108	5.23624980106616
3.83888128901008	5.27500000948803
3.88540675917581	5.2374098875001
3.88456188444162	4.7652522538021
3.83955027763066	4.72537495222468
4.11559945714825	4.76252870054244
4.16036772839921	4.72442982599026
4.1595471310483	4.4752130976338
4.11565560164728	4.43436795907192
3.83810601800776	4.47483155120843
3.88247697709719	4.43483496641078
3.88414595996206	3.96532624543621
3.8389367520202	3.92540801067476
4.15934374616324	3.92401291103901
4.11579752939408	3.96124900173521
3.87506938841292	3.63603425029339
3.83654876666871	3.67891866602862
4.12006029900877	3.63671397847111
4.16199617997286	3.67487960490627
8.6249431366277	1.07347147070949
8.38157729547589	1.09005583235634
8.13432252253031	1.09630065541756
7.875	1.08253175473055
7.625	1.08253175473055
7.37192912304705	1.08457694385649
7.11763339391938	1.08763896813331
6.8649446439656	1.07749611761631
6.6187010851489	1.0687634147645
6.37415643042164	1.06285853623709
6.12489447319041	1.06262275237623
5.87494395840198	1.062586977771
5.62488001994182	1.06253962937285
5.37487431780466	1.06242023594093
5.12494409944319	1.06235782603787
4.87499602210099	1.06225362672256
4.62503053526753	1.06225796058608
4.37503070994629	1.06224783261651
4.12500781838975	1.06225218196219
3.87499270547571	1.06225235881705
3.62496986499669	1.06224827788094
3.37496994809398	1.06225924278757
3.12500404915602	1.06225499121519
2.87505620019029	1.06236143976223
2.62962622144478	1.06885561324242
2.38156050464615	1.07893790836157
2.12980780802473	1.0868469986607
1.87045124984736	1.10150605364461
1.62028229345907	1.09237571238111
1.37544398565081	1.063382174707
1.103579714575	1.10375485326212
1.08253175473056	1.375
1.09360712369166	1.61784789181821
1.10223092815609	1.86910439731625
1.08835039307879	2.13022300853496
1.07718843857565	2.38360125830306
1.07350951803486	2.62954523141101
1.06344585054756	2.87500300583197
1.06345025355893	3.12496934609908
1.06344390234808	3.37496917386485
1.0634483018044	3.62499180643646
1.06344819282654	3.87499641028162
1.0634501599234	4.12499750751018
1.06345420551173	4.37499807742204
1.06345470774188	4.62499976514035
1.06345470877602	4.87500023247991
1.06345456975455	5.12500000001214
1.06345470634589	5.37499970205994
1.06345448410681	5.62500190977973
1.06344954828122	5.87500293206398
1.06344760804028	6.12500306978538
1.06344801155997	6.37500801716037
1.06344368348813	6.62503040297688
1.06345139464417	6.87503023307785
1.06344706284579	7.12499693332735
1.06888800100229	7.36995231795722
1.07571098494202	7.61636835972353
1.08788525803493	7.86678623880088
1.10086606695433	8.12905865321139
1.08891353152926	8.37731681775932
1.07966358598164	8.61840968388599
1.10277866718931	8.89511946245464
1.375	8.91746824526945
1.61916701897165	8.90596732563974
1.87036310336868	8.89851259991234
2.13129765979309	8.90996113470907
2.38432021047589	8.92105660541276
2.63067585695185	8.93042295580222
2.8750559009069	8.93763992496543
3.125003977899	8.93774637327744
3.37496946473247	8.93774203941392
3.62496929005371	8.93775216738348
3.87499218161024	8.93774781803781
4.12500729452429	8.93774764118295
4.37503013500331	8.93775172211906
4.62503005190601	8.93774075721243
4.87499595084398	8.93774500878481
5.12494380012741	8.93764058792432
5.374874593926	8.93757819849485
5.62487994065398	8.93745913978415
5.87494420603655	8.93741177237922
6.12489399175402	8.93737596338792
6.37415637571755	8.93713932365188
6.6191178629642	8.93102309657302
6.86495261966982	8.92246383197563
7.11763333160982	8.91236113076315
7.37153814275189	8.91487872795597
7.625	8.91746824526945
7.875	8.91746824526945
8.134299950226	8.90346722553439
8.37886735091903	8.90962084050993
8.62453569605001	8.93649022733731
8.9008780618459	8.89946999806777
8.91746824526945	8.625
8.9072129839275	8.3829899477356
8.90176807714917	8.13580980050095
8.91746824526945	7.875
8.91746824526945	7.625
8.91746824526945	7.375
8.91746824526945	7.125
8.91746824526945	6.875
8.91746824526945	6.625
8.91746824526945	6.375
8.91746824526945	6.125
8.91746824526945	5.875
8.91746824526945	5.625
8.91746824526945	5.375
8.91746824526945	5.125
8.91746824526945	4.875
8.91746824526945	4.625
8.91746824526945	4.375
8.91746824526945	4.125
8.91746824526945	3.875
8.91746824526945	3.625
8.91746824526945	3.375
8.91746824526945	3.125
8.91746824526945	2.875
8.91746824526945	2.625
8.91746824526945	2.375
8.91746824526945	2.125
8.9021641978208	1.86133228305414
8.90933276331048	1.61481657276544
8.93673999094449	1.36966767598618
8.89561343695216	1.09888935392405
4.17238245138627	6.23971987863588
4.16919524801822	3.76146651069038
3.82618294233612	6.16372891301816
4.16881458420737	5.4372755701626
4.1710644754863	4.63835239566168
3.82527026192388	3.83656036672283
3.82112425365387	5.3605327240462
3.82463354341845	4.56139469627112
4.17049803362107	4.56135552945869
4.16860336947629	5.36227545652426
4.16936058165656	3.83750913056303
3.96340000901588	3.6255365397128
4.03897627839606	6.3633773526881
3.96344741925753	6.37397974130519
4.03867169382248	3.63653921809047
3.82567065712098	4.63905613037057
3.82624821903793	5.43892434858256
4.16836020998983	6.16213109552719
3.83695171385065	6.23941236913468
3.83686530021553	3.7608553240111
4.03614301281976	6.03855009877743
4.02653203142107	5.23801753388594
4.03614301281976	4.43855009877743
3.96387154824279	3.96144830927491
3.96387154824277	4.76144830927496
3.96387154824277	5.56144830927496
4.03659631062962	3.96118946292268
4.03659631062963	5.56118946292274
4.03659631062963	4.76118946292274
3.96342009074062	4.43881251810432
3.96342009074062	6.03881251810432
8.95319434965513	0.862988939267709
9.13794395234792	8.95283373073952
0.85456351123209	8.95359929795789
0.855099903821273	1.0508795279517
3.81638140139842	6.37949575082896
4.17897002911877	6.38349115487833
3.82571084687885	6.01675576545433
4.17356633081568	6.01725517349806
4.17402282760543	5.58281524042594
3.82703712096186	5.58381853044945
4.17345676240434	5.21651486935051
3.82555398940302	5.21696550770575
3.82709193355465	4.7834415085282
4.17378058489267	4.78244533568375
4.17353201848159	4.4172454084557
3.82553748975508	4.41651680809863
3.82633878800629	3.9835442990482
4.17376913206054	3.98241897930327
3.81705863305386	3.61930146762938
4.17904087648794	3.61690066421463
8.51526677031318	1.30869697727175
8.27394752150471	1.32837753335851
8.00795992263027	1.30989497334706
7.75	1.29903810567666
7.49682186411025	1.30336049857228
7.2434032371287	1.30467267145173
6.98595107576635	1.29979322381838
6.73586761801618	1.29021484749124
6.49332502789593	1.28187793499977
6.24932503167593	1.2746173763033
5.99988888247629	1.27453813105664
5.74987185844982	1.27450809593904
5.49977595451637	1.27441928265551
5.24985628751445	1.27431989131526
4.99988173987887	1.27416544334766
4.75001695189767	1.27411677439852
4.50002203956495	1.27411757255605
4.25002294976349	1.27411710271761
4.0000004116432	1.27389405823311
3.74997782705678	1.27411931563952
3.4999791989381	1.27412035413936
3.24998339513114	1.27412004680154
3.00012035293667	1.27416982381668
2.75596710564114	1.27911267612688
2.51038214858336	1.28962652487178
2.24792772123627	1.3087242298674
2.00015296141409	1.30772729355249
1.73009959599482	1.3286466606875
1.31259526582969	1.48012736813847
1.33373963182887	1.72064022961915
1.31838961772327	1.99885941120804
1.30112099932389	2.26180562005474
1.28828565625598	2.51192558431166
1.28283916182097	2.756928138968
1.27564525375299	2.99998243823551
1.2756478919025	3.24997465091413
1.27564932987184	3.49997675617336
1.27544119707589	3.74999420076749
1.27564859928155	3.99999528923595
1.27565078407347	4.24999435860119
1.27544879452137	4.49999849540428
1.27544903669168	4.74999999793321
1.27565317001283	5.00000023424674
1.27544877558242	5.24999973520965
1.27544909640474	5.50000099437202
1.27565122244035	5.75000661041781
1.2756473203912	6.00000464779052
1.27544129265601	6.25000520130546
1.2756493889464	6.50002288346838
1.27564869564471	6.750023772758
1.27564680678616	7.00001726048091
1.28108800646406	7.2428899604176
1.28637567270152	7.48875513445414
1.29458692154409	7.74273108733767
1.31217561455792	8.00188508761904
1.32907274325698	8.27067526612863
1.30603586999911	8.50999441588749
1.7238377330302	8.66771518256777
2.00062021953886	8.6779745991519
2.26268369703752	8.69239335709443
2.51317979347705	8.70843003618796
2.75631739817568	8.71842092100094
3.00012016707146	8.72583227684366
3.24998304808249	8.72588208141809
3.4999779604814	8.7258812832322
3.74997705021661	8.72588175297495
3.9999995883568	8.72610594176689
4.2500221729246	8.72588182514532
4.50002080111192	8.72588078654879
4.75001660484945	8.72588109386196
4.99988136641726	8.72583234065963
5.24985629328257	8.72567806319228
5.49977633637027	8.72557895103887
5.74987192648204	8.72549021918395
5.99988873628294	8.7254602676282
6.24932403602418	8.72538047122776
6.49354343426983	8.71800798326545
6.73604652698021	8.70962467917771
6.98585360635753	8.70008537372134
7.24345655514982	8.69532628164333
7.49762988355939	8.69705929607023
7.75	8.70096189432334
8.00647214080259	8.69125620343287
8.2685566882814	8.67379360484109
8.68746653903601	8.51913450183425
8.66790325468754	8.27818728991415
8.69056950796897	8.00928305770833
8.69517780425884	7.75330448474851
8.69328229180082	7.50372117310939
8.70096189432334	7.25
8.70096189432334	7
8.70096189432334	6.75
8.70096189432334	6.5
8.70096189432334	6.25
8.70096189432334	6
8.70096189432334	5.75
8.70096189432334	5.5
8.70096189432334	5.25
8.70096189432334	5
8.70096189432334	4.75
8.70096189432334	4.5
8.70096189432334	4.25
8.70096189432334	4
8.70096189432334	3.75
8.70096189432334	3.5
8.70096189432334	3.25
8.70096189432334	3
8.70096189432334	2.75
8.69576996779006	2.49184420615492
8.6981846738827	2.24701875137028
8.6918735859082	1.99150671983627
8.67121590170911	1.72636325112514
1.5	1.29903810567666
1.48636159740646	8.6821106857167
8.69422065775281	1.48936608974295
8.5	8.70096189432334
3.80104758919609	6.11545802581756
4.20112242120194	6.28454600171722
3.79717098931301	3.88490387837916
4.20198021924777	3.71570013755971
3.79571669063054	5.31433846681263
3.79558492668249	4.51425522478076
3.79721950339911	4.68355640775454
3.79701158044627	5.48441374695681
4.2003337978406	4.68286822820128
4.20009348669853	5.48365248025018
4.19982914663463	5.31483817476761
4.19941064721902	4.51661958014854
4.19527432803487	3.88356747858209
4.1987575928046	6.11509532247614
3.91510105192629	3.59481105947841
3.91567966427985	6.39965613394637
3.80344032952117	6.27014957813387
3.80004406592047	3.72917942189578
4.0714405555441	6.39559940129608
4.07202729754741	3.6023937789146
4.06205050882842	6.00310395739339
4.06258979406809	4.40313494759225
4.06181886946488	5.20310824541073
4.06250851631012	5.59501376259708
4.0638562638011	3.9951323435769
4.06363707647164	4.79493070347203
3.93825102973431	5.59658686610357
3.93805850264322	4.79628824687821
3.937878167081	3.99615486684344
3.93754243396846	5.21096280898008
3.9384466965655	6.00697475283096
3.93634188320196	4.40467991802185
3.9990824515133	5.99942072684105
3.99961039890262	4.39718766082568
3.99908918409264	5.19812414444289
4.00040051436392	4.80281228007058
4.00040051436392	5.60281228007058
4.00040051436392	4.0028122800705
4.20367673675282	3.79916398615962
4.20437501900155	6.20021463405872
4.20469732042709	5.39973253605107
4.2046045839833	4.59968120832562
3.79221637554697	6.21157841025578
4.01090781020615	6.40825265424444
4.01110399639937	3.59151696137674
8.72370847914037	8.73620194218237
8.7332927890023	1.27010177602411
1.27434678632047	8.72660448312532
1.2762425649834	1.26359759835106
3.79070699278702	3.78912064394263
3.79122728782198	4.60042944652708
3.79122732321801	5.4004336728561
8.13260680119706	1.54227960059165
7.87481568838366	1.52653544473811
7.62228886975072	1.52252227727059
7.3682200130322	1.52581674305144
7.1087373138145	1.52734313003673
6.85163271037582	1.51453202536555
6.60949996953095	1.50744569909684
6.36724505871799	1.49326943358029
6.1245396947342	1.48629593564074
5.87485493693145	1.4862358149406
5.62474872059881	1.48618519024259
5.37473192814904	1.48607266970176
5.12473820806266	1.48595201964162
4.87490811129264	1.48583816982895
4.6249434150591	1.48525987990319
4.37495432451458	1.48522467990668
4.12502096043718	1.48491350339154
3.87504281376422	1.48481001560244
3.62507340586681	1.48494008300926
3.37498103675855	1.48583486974372
3.12509404848693	1.48584579973581
2.88260477960853	1.49025425557342
2.64172665898798	1.49845163841874
2.39956425059206	1.51701006440479
2.12519733174047	1.55467114149581
1.86694621706127	1.54983962273678
1.54714596384223	1.85503845113394
1.52874947189435	2.13062517586609
1.51224120417337	2.39462795452106
1.49905878896523	2.63828385415061
1.49109871231212	2.88082298984369
1.48773729979253	3.12497630639691
1.48724144711305	3.3752374174951
1.48730057120816	3.62516175906688
1.48729831837492	3.87481907326094
1.48743858822145	4.124992973053
1.48730675645213	4.37516751495151
1.487205510855	4.62499904154534
1.48730773415507	4.87482720991613
1.48730752770412	5.12517311251548
1.48720550528767	5.37500009304727
1.48730728120296	5.62483259973069
1.48743858532196	5.87500893477937
1.48729730477592	6.12517943212422
1.4873003045755	6.37483779316306
1.48733577591321	6.62466983097887
1.48773892949174	6.87502211910213
1.49009910572575	7.118759517543
1.4967053588642	7.36075915661086
1.50792167244609	7.60463780107934
1.5245550367647	7.86110501687318
1.533596196031	8.13641727741328
1.86442042281275	8.44730737785178
2.13149670562934	8.44543874647312
2.39751040001463	8.48019529778239
2.63979245913128	8.4924758203996
2.88199731691521	8.50927645399468
3.12509380522538	8.51415722743989
3.37497982832071	8.51416800593178
3.62505196114622	8.51492559459116
3.87497155340695	8.51513612940266
4.12493893118668	8.51530774020166
4.37490898098702	8.51518689080362
4.62496465885067	8.51508382119495
4.87490767954104	8.51415909712012
5.12473816844453	8.5140452496019
5.3747323583437	8.51392482542787
5.62474901419433	8.51381255545247
5.87485496852389	8.51376200061222
6.12453865531377	8.51370076512108
6.36750909399406	8.50680104677476
6.61042430719843	8.49237931092268
6.85203060302488	8.48463408596122
7.10778020423253	8.47250366469913
7.37010319143528	8.47503933019263
7.62237563606645	8.47869659113684
7.87381464351113	8.47440824324223
8.13144636762384	8.46271265763913
8.46857604780687	8.13768340229369
8.48049263784108	7.87629049323087
8.46739683396409	7.63225729866145
8.483069086263	7.37581911832719
8.48445554337723	7.12500000000001
8.48445554337723	6.875
8.48445554337723	6.625
8.48445554337723	6.37499999999999
8.48445554337724	6.125
8.48445554337723	5.87500000000001
8.48445554337723	5.625
8.48445554337723	5.375
8.48445554337723	5.125
8.48445554337723	4.875
8.48445554337723	4.625
8.48445554337724	4.375
8.48445554337723	4.125
8.48445554337723	3.875
8.48445554337723	3.625
8.48445554337723	3.375
8.48445554337724	3.125
8.48445554337723	2.875
8.48552733444419	2.61690425223748
8.47252798851724	2.36300333557264
8.48445554337723	2.125
8.46909378841307	1.863820335892
3.73965308897914	6.26073885248431
3.73806456133606	3.73811157252133
4.0605657098613	6.46048400223761
4.06243460143767	3.53891556180339
4.039801162431	5.93659343205154
4.04068295283477	4.33451148434291
4.04037874392505	5.1398874359727
4.04634629606481	5.6511742423749
4.0458442110305	4.0520922374382
4.04600204933827	4.85189537544395
3.96070594915914	5.66232590055207
3.95966577333789	4.86254487065899
3.95960294696654	4.06255157611934
3.95616261247828	5.15100906765581
3.9535307672046	5.95265519351655
3.95435269432031	4.34789101864939
4.11294280574216	5.17221657702347
4.1159728283645	4.37189254298797
4.11686802729787	4.82680684662457
4.11622882334583	5.62652325945952
4.1158867642698	5.97368650304757
4.11611859784441	4.02669667317446
3.88697885698424	4.02702814672475
3.88460048974367	5.97403560123967
3.88329567253774	5.63257054418986
3.88703753428523	4.82704181793197
3.88290456725204	4.37169831085788
3.88512971258808	5.17517281038938
4.2241447784936	4.73635873612177
4.22488291089161	5.53746328777111
4.22130576490016	3.93621318392671
4.22345340890162	5.26209134581304
4.22319369452681	4.46300962655268
4.22308099027833	6.06174609186487
4.22552113382608	6.33700082653323
4.22534313112088	3.66366042103939
3.86180998590057	6.42613889684399
3.86273918764274	3.57205344660809
3.7755285715452	6.0611998639232
3.77604075482229	3.94002908899765
3.76729705789385	3.67378108018695
3.77427228251338	5.26097404962449
4.1263199407401	6.42686673607143
4.12693389630881	3.57140876481147
3.77768045888773	4.73838314035419
3.77545862801639	4.46295370600828
3.77243669241191	6.32449510323227
3.77690774175815	5.53977631322426
4.22134827985438	6.24284139165201
4.2209718547564	3.75650919293758
3.7708495064485	6.16117695287887
4.21919198148147	4.64185798633981
4.21919190048191	5.44185383262291
1.56899422601713	8.42341870806884
1.57630902939015	1.56824691467909
8.41753104497183	8.4250985826481
8.42262698473526	1.57743674002384
4.21880535115087	5.35749978339398
4.21880532019356	4.55750391023292
4.2189390051146	3.84242581549044
3.77144772706794	3.83943926594395
3.7677465421842	5.36028130843361
3.76768877717115	4.56024611630066
4.21854881418784	6.15694184538857
3.76862390115216	4.64122442527028
3.76810042529989	5.4410953319334
3.96057776486605	6.4289168406764
3.96116709161633	3.57180173238308
3.74066816857028	6.3958505014814
3.79402139201214	6.45239305247322
4.25091026865475	6.40441906346871
4.19558300770792	6.46023891935346
3.81387283591822	5.94107245318215
3.75127031865647	5.99234377982129
4.1885553508111	5.94265345589984
4.24692602809767	5.99266128330221
4.24746516922293	5.60870307197151
4.18615317170457	5.66041857661091
3.81287561851201	5.66095450762174
3.75542352573103	5.61146335414175
4.24634410791917	5.19477091272627
4.18662117570187	5.13991844979798
3.81461914719118	5.13899897451432
3.75952640578206	5.18820522574329
3.81358668269934	4.85893032279057
3.75549755537767	4.81040469520432
4.24492283913745	4.80676699076512
4.18154830479286	4.86576685906281
4.18808156107964	4.34140786609214
4.24496680733928	4.39382129480138
3.76142804679794	4.38900351892095
3.81368575176049	4.33871890342611
3.81295083607608	4.05937707072059
3.75362560795266	4.01148299839686
4.18616946160802	4.0597223165823
4.24552826097815	4.00617239607247
3.74051859233994	3.60253558568088
3.79415843338318	3.54618187491449
4.19598962274789	3.54029751062231
4.25014982287876	3.59602350086135
7.98167612047596	1.75750156204937
7.74431257247196	1.74285560658736
7.49566362140838	1.74547580420038
7.22708676459996	1.75636795499667
6.97274008003929	1.75079379311058
6.71835664766738	1.72787626382672
6.48086951570332	1.71309486490787
6.24084983366758	1.70383733247713
5.99964643208956	1.69758901493714
5.74974399803171	1.69698017529034
5.49968962912013	1.69699703530551
5.24966583139029	1.69684391965901
4.99973286137499	1.69648375725247
4.74982953938686	1.69630768488458
4.49990865097168	1.69620411401201
4.24991809030836	1.69604809416446
4.00013459796782	1.69552680161261
3.75023391183426	1.69534503597115
3.50010671305582	1.69540761166098
3.2519131642232	1.69643699814837
3.00511077925336	1.69811198108545
2.76912285514625	1.70917462249685
2.53514098280363	1.72602003995579
2.28117288708747	1.76114077892599
1.99407780899203	1.81689574252685
1.75641161205051	1.97815954886242
1.73739067556686	2.25730223141781
1.7211658227122	2.51827846044541
1.70906657699856	2.76367861634621
1.70027441107819	3.00444464880608
1.69906402478838	3.25155638656411
1.6985818937347	3.50012168811904
1.69883524182062	3.74999232499993
1.69824600223248	3.99988062454205
1.69722723793743	4.24944739078404
1.6976533670228	4.49967916515647
1.6980276345948	4.74991901570169
1.69816701528007	5.00000303318961
1.69800433597106	5.25006328744008
1.69747742233043	5.50030293386526
1.6969595665846	5.75055603992346
1.69821595241066	6.00011974157678
1.69883430528911	6.2500060709138
1.69887108911855	6.49935529452634
1.69916718315831	6.74835988568915
1.70027728140584	6.99555457277931
1.70540037979051	7.23597007898907
1.71621859499829	7.47587839228681
1.7315487308255	7.73124213130391
1.7558379246582	8.01540465265521
1.99430461282215	8.17757519766267
2.28127262811037	8.23681472751072
2.53474650951151	8.27260313587141
2.76910814184718	8.29087219650688
3.00511162314342	8.30189178465291
3.25191099062127	8.30346596361725
3.50005443642805	8.30429413884133
3.75010599430075	8.30424303102526
3.99996161389049	8.30467494574487
4.24984489099201	8.30470505138421
4.49982753237019	8.30516118380203
4.74980226801411	8.30387779452121
4.99966521607806	8.30354349864971
5.2496143104466	8.30316532251554
5.49958802660404	8.30304199925853
5.74963136020648	8.30285298500029
5.9996449842479	8.3024074640828
6.2411308697044	8.29613091488308
6.4813841418935	8.28755514510915
6.72053398399516	8.2718889319258
6.97319494485241	8.24550803149165
7.2397696671213	8.24486027421188
7.49690816471538	8.25687352523054
7.74235029065574	8.25951038261103
7.9778796057609	8.24095871096369
8.29042559864723	7.99684019815139
8.22708153678266	7.76888950792611
8.26975194964813	7.49439480918735
8.26465102828195	7.24724595962268
8.26794919243112	7
8.26794919243112	6.75
8.26794919243112	6.5
8.26794919243113	6.24999999999999
8.26794919243113	6.00000000000001
8.26794919243112	5.75
8.26794919243112	5.5
8.26794919243112	5.25
8.26794919243112	5
8.26794919243112	4.75
8.26794919243112	4.5
8.26794919243113	4.25
8.26794919243112	4
8.26794919243112	3.75
8.26794919243112	3.5
8.26794919243113	3.24999999999999
8.26794919243113	3
8.27022545741439	2.7476637251775
8.27815470837715	2.49423941944617
8.22750939344242	2.22652174012282
8.29080053513914	2.00319188716116
3.69425087393612	6.32538405741637
3.69364790304818	3.67303019172511
4.12423912723641	6.50662727249079
4.12649311612457	3.492675666542
4.12187987338844	5.89768775741688
4.12205683342683	4.2955694896319
4.11395752689219	5.09615559087321
4.10924354681576	5.70850727098247
4.10915808563815	4.10909621635181
4.10815297581366	4.90872309702437
3.88319916506086	5.70445229623704
3.88411593158498	4.90446805146553
3.88413046198085	4.10406936627401
3.8909488772584	5.09098307997471
3.89089361597677	5.89263846472905
3.89113849989328	4.29046220047994
3.91787775784932	6.47710041161786
3.91751461685764	3.52303263229332
3.72411229937381	6.11628847107063
3.72467301883405	3.88518122862883
3.7199714215109	5.31811162649165
3.72518727589083	4.68377870586959
3.7199912720416	4.51796456387648
3.72487798522645	5.48378187440822
4.27869825058545	6.20027262777346
4.27865843319647	3.7998239013338
4.27694716546076	4.59945979554847
4.27920955424184	5.39909594531573
3.71800046973444	5.40157187042537
3.71777751004129	4.60138543433491
8.22384869550553	1.78449782385336
8.22353974163402	8.21640145572167
1.74392627823645	1.75136468869317
1.74412270272013	8.24161702389733
3.71815069988139	3.80392131309593
3.99244725363805	6.47881056951979
3.99640924104394	3.52046600729583
3.72243703854409	6.19389888624778
4.2626885354637	5.47875758976944
4.26063168626631	4.52068027551665
4.26132885999845	4.67804844808886
4.26241859663278	5.31930976562141
4.26076929326107	3.87890999527048
4.26003461625226	6.11913213098643
4.26392284653789	6.27935707841276
4.26382457363556	3.72073227487905
3.71345047565645	6.48250023029402
3.65283260421918	6.40817539399974
4.28212503294532	6.4932100509577
4.20815253827354	6.55364296472984
3.8015743821002	5.85353362519326
3.72925257995114	5.91274556632794
4.19928724193279	5.85423272059149
4.26938499274504	5.90816425534119
4.2691120281649	5.69467080606947
4.19563110006236	5.75138262615136
3.80002423934269	5.75136894714474
3.72791053013959	5.69101846307614
4.27070753330888	5.10302216029066
4.19537622997145	5.05084382466102
3.80125729833016	5.0449376330458
3.7312973167035	5.10906987015799
3.7289065561665	4.88804176229336
3.79942507507847	4.94579452451612
4.26535606114881	4.8941961648943
4.19134072678018	4.95090089129879
4.19960225973668	4.24831039469295
4.26572774243093	4.30635757990645
3.73146382323418	4.30922124845688
3.80278886472868	4.24720470385165
3.80006029975765	4.14575056373262
3.72683179858958	4.0920583266001
4.19756280959773	4.15318472147308
4.27118114475667	4.094210475427
3.65074492996909	3.59222295685211
3.70975056112525	3.51698515471106
4.20787066981814	3.44509332639963
4.27999266084827	3.50801402168896
7.62224639933392	1.96916777975449
7.37709822363374	1.97567614523869
7.09986465973654	2.01285871984194
6.82907052813066	1.96959745941239
6.58869403006102	1.94617100915711
6.35328000169953	1.92286949240378
6.1189235294275	1.91317397293012
5.87228942026832	1.90984757953649
5.62469802355511	1.90779889528703
5.37449993579503	1.90766192649298
5.12454883425626	1.9072568724617
4.87458008126112	1.90675703462815
4.62476784334514	1.90649423995774
4.37467773823744	1.90632116845012
4.12493827480064	1.9060885829628
3.87552838602427	1.90517319321316
3.62544219593331	1.9044058820325
3.37757445985987	1.90594033538129
3.12857559324846	1.9079057700698
2.89800253599782	1.91868844790958
2.66835990722731	1.93691056818095
2.43828688715781	1.9617549728034
1.94975339624616	2.39508105367684
1.92614692985142	2.65429696891876
1.91646442388654	2.89264576351664
1.91067139524439	3.12803737990051
1.91002771767508	3.37628057660678
1.90912338569317	3.62564249370779
1.90919435034854	3.8751596922328
1.90935455139814	4.1250536621585
1.90770202392344	4.37395633237652
1.90830160395198	4.6243635239476
1.9086041045294	4.87491510079141
1.90872108474305	5.12507476785573
1.90806787327792	5.37560927915383
1.90718776987534	5.62604637281879
1.90919848461651	5.87486638283198
1.90933265915181	6.12483724895079
1.90953982968935	6.37427280895038
1.91023838935239	6.6236825334567
1.91067409674445	6.87195916397743
1.91515275147927	7.10679730651279
1.92339721043331	7.34494152401483
1.92918772375166	7.59610327745218
2.43368797855074	8.02886908572751
2.66909513505577	8.05932062295741
2.89829663584315	8.08131106749389
3.12857597688905	8.09209972338521
3.37753136667644	8.09370907069063
3.62551984211871	8.094307209085
3.8750946717645	8.0947676902103
4.12473609952632	8.09486054901599
4.3749348578104	8.09552021843524
4.62480901200787	8.09366429661799
4.87443037611431	8.09323391825392
5.12434874685364	8.09277726420498
5.37432681990412	8.09236648347351
5.62439133217971	8.0921105361384
5.87467877193783	8.09112928441822
6.11892184836941	8.08682178993029
6.35411209174607	8.07669229601157
6.58954596745917	8.05751872791575
6.83488839505168	8.03651049101455
7.10112397166117	7.98936505847856
7.37561459864483	8.02544251748789
7.61858712813071	8.03878836889007
8.06733132974635	7.59582780754347
8.04193095044101	7.37040642034881
8.04214867894835	7.13033770628838
8.05144284148501	6.875
8.05144284148501	6.625
8.05144284148501	6.37499999999999
8.05144284148503	6.125
8.05144284148501	5.87500000000001
8.05144284148501	5.625
8.05144284148501	5.375
8.05144284148501	5.125
8.05144284148501	4.875
8.05144284148501	4.625
8.05144284148502	4.375
8.05144284148501	4.125
8.05144284148501	3.875
8.051442841485	3.62500000000001
8.05144284148501	3.37499999999999
8.05144284148502	3.125
8.05144284148501	2.87500000000001
8.0542752610811	2.62493668225679
8.07175682270514	2.40444148678721
3.96224026788518	6.55675758249651
3.96270055881599	3.43965704491338
3.64383465037306	6.15921603019565
3.6439855467468	3.84264020807906
3.63612189278965	5.35743000169677
3.63794238575312	4.64574264370225
3.6347972736834	4.55692467085278
3.63419390984054	5.44592980136669
4.33745051364472	6.12706844295283
4.3403449723567	3.87107221806013
4.33700536913135	4.52606563685673
4.33727859759328	4.67080441531506
4.33844943382443	5.32379727859965
4.33933371441724	5.47103007556638
2.18807244112949	2.02848524159801
2.19160208368416	7.9741894269235
3.95519268258426	4.14273624920347
3.95525695636448	4.94286620988342
3.95651309495115	5.74339834174758
4.04443914690639	4.25578690429121
4.04111555411626	5.05813702740637
4.04604889210637	5.8595102167186
7.83393857033088	8.02243119092863
7.84759049897777	1.97781023418091
4.30039049418733	5.54696885478612
4.29292915740033	4.4543493605759
4.29836864232053	4.74494162989308
4.29988151470684	5.2521158875812
4.29761806747303	3.94509543527202
4.29864882906071	6.05262382713847
3.66039198889892	6.24570109204396
3.65960002542297	3.7540722293985
4.04628877847057	6.54099165591595
4.0475579837271	3.45779236527286
4.30075461184585	3.65479030206272
4.29878941540818	6.3457096180354
3.84802161678609	6.49415451280152
3.84791934201624	3.50597204539806
3.7139050050669	5.55654986824612
3.71623157348299	4.75644317724475
3.71496720458492	4.44369336724533
3.71134759809305	5.24377034187064
3.7123053673711	3.95595406518809
3.70908615318938	6.04571395127118
8.05142778427317	2.00738649622183
8.05142778427317	7.99261350377817
3.61188673864253	6.50807242189858
4.31122093834052	6.60378516843504
3.61140458197704	3.4923373195752
4.30876196674999	3.39759030249282
7.50891637319487	2.19988503295698
7.30290747439461	2.21046232085478
6.8993204768526	2.21147371355438
6.67783258201552	2.1782179732817
6.45308366641472	2.14829098339787
6.22533574353098	2.13269314211811
5.99303544765039	2.12452159529201
5.74688386513056	2.12038742134848
5.49942347408123	2.11756323845012
5.24928639011461	2.11744339906694
4.9991273634681	2.11663082517113
4.74917118663756	2.11628832294936
4.49973069579817	2.11527451180115
4.24925156475752	2.11509532793708
4.00104457258349	2.11678262468906
3.75154065265935	2.11465945253856
3.50307529729513	2.11398975715774
3.26006495259095	2.11857810356699
3.02218781834758	2.12604193025829
2.79699097453952	2.14083418296482
2.57780421071114	2.15925549001946
2.34821856432969	2.21294325764829
2.14132613513769	2.55770416420684
2.13024130343183	2.78712793699919
2.12606195969267	3.01924285524991
2.12153498568575	3.25176233773765
2.11967566673836	3.50203401243873
2.11914386947996	3.75040954886489
2.11913903245511	4.00021773025619
2.11977846224414	4.24987684752887
2.11735549860617	4.497600370194
2.11786650236497	4.74945197610236
2.11788326819197	5.0000449327645
2.11777251856157	5.25059052584543
2.11647629395434	5.5023964029329
2.11941750593374	5.75014219527078
2.11906655578825	5.9997094222753
2.11953397154641	6.24936895895895
2.12077352319565	6.49804507930449
2.12153699237393	6.74823285402705
2.12406516531246	6.98007175246877
2.13095151082926	7.20930479965158
2.1447773444354	7.43509386657089
2.34822411374844	7.78705389170602
2.58430813805446	7.82996180822177
2.79800238671945	7.86023202698338
3.02233738937066	7.87450610300966
3.26011803562433	7.88141502387204
3.50245096349295	7.88505872792315
3.75098204820487	7.88636463874543
3.99912257724165	7.88622728620663
4.24951846015291	7.88622230195257
4.49972688263465	7.88471861880484
4.74900949187025	7.88347451193449
4.99853093169622	7.88337099922554
5.24876770644632	7.88274298313055
5.49861657789743	7.88235349065563
5.74659355716019	7.87956301532708
5.99303497706335	7.87547403639841
6.22711292780994	7.86626726517158
6.45589676343829	7.84861493132553
6.6774587813346	7.82702468342217
6.89769123674244	7.79272999193092
7.30521578234404	7.787814176409
7.5046731244047	7.80861546571847
7.84236889783735	7.55479315369529
7.82832173300729	7.27708090597656
7.83493649053889	7.00000000000001
7.8349364905389	6.75
7.83493649053889	6.49999999999999
7.83493649053892	6.24999999999998
7.83493649053892	6.00000000000002
7.83493649053889	5.75000000000001
7.8349364905389	5.49999999999999
7.8349364905389	5.25
7.8349364905389	5
7.8349364905389	4.75
7.83493649053891	4.49999999999999
7.83493649053891	4.25000000000001
7.8349364905389	4
7.8349364905389	3.75000000000001
7.83493649053889	3.49999999999999
7.83493649053891	3.24999999999998
7.83493649053891	3.00000000000001
7.83260689510101	2.7208514883467
7.84078477836636	2.45468755803078
4.02019153739422	6.63572166475402
4.01991246492147	3.36356954575092
3.56900503379294	6.21787426626105
3.56903118300617	3.78418384674338
3.54139470051667	5.40138347883488
3.5424145927069	4.59939754688357
4.39156188842894	6.04216222508358
4.39000774023135	3.95455656042377
4.3900928043329	4.45130749602489
4.38894672678543	4.7472639307508
4.39470777744613	5.24454950449608
4.39151110827854	5.54988413237807
7.73892451438603	7.81670268617744
7.74270701211398	2.18960306526182
4.37873545228859	6.20380389714733
4.37774460043109	3.79392354818261
3.63838311179114	6.07582604349072
3.64126266448965	3.92844858287634
4.34043475147071	3.72511289264911
4.33807300045866	6.27605983311028
3.87962939959028	6.56599443994553
3.6403229073709	4.46876754845579
3.8803900285598	3.43456048196966
3.63942903811041	5.26789466413027
3.6470484797975	5.53121939467937
3.64775859280805	4.73164294840011
3.6005897857306	6.31834894126364
3.59990362980325	3.68255005070744
4.11979238660798	6.59930089799784
4.1193207531823	3.39617785840871
4.33526507041815	5.63313240201813
4.32497484121375	4.38041407276176
4.33255882013704	4.82790375807316
4.33992493116793	5.16117633607637
4.33496963785674	4.0273878742181
4.3325670599009	5.97105892457312
4.33516283834224	3.57535333617993
4.33793989128379	6.42548092400192
3.87561286897565	5.79631458186135
3.87979117758557	4.19182233021269
3.87578613541319	4.9921486204665
4.11947012390303	5.00804827105043
4.12083957288596	5.8072070833159
4.12326632195972	4.20647038551856
4.36409528081398	4.59792223236676
4.36517295810049	5.39477359740929
3.66706783806536	4.01749556137705
3.665670504749	5.98428726893462
3.78363527288719	3.45878825703475
3.78338985394996	6.54031158097979
3.67215153081953	4.81957956154413
3.66971712054435	5.61938054462559
3.66842725821638	5.18317920683033
3.67031700786753	4.38106197723372
3.6975740374439	4.99921462535037
3.70681492847522	4.20009596006869
3.7068150871832	5.80041093572435
7.95637528916344	2.21075951495688
7.95807322505684	7.79255702079391
1.95732172076272	7.86189862676024
1.95887261184406	2.1244694234977
4.27883231054611	5.80245480990711
4.29450906051483	4.19978366655887
4.27773220514853	4.99640976105144
3.97703021009218	5.09104999399455
3.97822542182488	4.28925579484854
3.97497421144064	5.89313914976374
4.02200288090718	4.11077959269304
4.02340280220596	5.70945064859398
4.02200577642741	4.91078147331288
6.76544203397861	2.43370772902928
6.54393214218741	2.38346611762487
6.32091433457448	2.359850173353
6.10108736992435	2.34211385709199
5.8672761817052	2.3354666242953
5.62113814847212	2.32947692811195
5.37422623826789	2.32603240297728
5.12358637278767	2.32541296378556
4.87331008204224	2.32466949415717
4.62230238979592	2.32396588186681
4.37631648453142	2.32864880226199
4.12735492885497	2.32889669609549
3.87835817115523	2.32629085646571
3.63164021775289	2.32417447985342
3.38565383262168	2.32601210437153
3.1464541695092	2.33273627780004
2.9223614802294	2.35140344389087
2.70920149592268	2.36766657638832
2.50600718926646	2.36363145982336
2.35619253525978	2.69602658021799
2.34101313985266	2.91810186124907
2.34254185929468	3.14063989895008
2.33634600371568	3.37960978861039
2.3282963368041	3.62636282286885
2.32738175311218	3.87583679151407
2.3289417858861	4.12518898071371
2.33121737601014	4.37298772285764
2.32529318022432	4.62157412213141
2.32404960851259	4.87462812132758
2.32430872226638	5.12563513537209
2.32455894935302	5.37858829261182
2.32998506159636	5.6268983444614
2.32828022676626	5.87490564271071
2.32778490989596	6.12356940006521
2.33004266444763	6.37228457864944
2.33343031530375	6.61734797154549
2.3350986218795	6.85699995602938
2.33688713150547	7.08352717490471
2.35506160768618	7.30262496294455
2.51325648571387	7.63389049381858
2.70920875244733	7.63233524710694
2.92144893700914	7.65013094428283
3.14672799103124	7.66821821977437
3.38609241746805	7.67319675919301
3.63184668008098	7.67535544837238
3.87666183530304	7.67861568649236
4.12350768498136	7.67975351773547
4.37433780822352	7.67762926557822
4.62334151243614	7.67458312395851
4.87141919370564	7.67499191007713
5.12249363846548	7.67514738609781
5.37268706259228	7.67348200575893
5.62058916292308	7.67046986914298
5.86727558153338	7.66452871968111
6.10304607043386	7.65568903893203
6.32877759919263	7.63951856020732
6.54634620944121	7.61366986203531
6.76113341039799	7.58224749813369
7.61396730810544	7.39260512802126
7.61420481056963	7.14115600128071
7.61843013959278	6.87499999999999
7.61843013959278	6.625
7.61843013959279	6.37499999999996
7.61843013959283	6.125
7.61843013959279	5.87500000000004
7.61843013959278	5.62499999999999
7.6184301395928	5.375
7.61843013959279	5.125
7.61843013959279	4.875
7.61843013959279	4.62499999999999
7.6184301395928	4.375
7.61843013959279	4.12500000000001
7.6184301395928	3.87500000000001
7.61843013959277	3.62500000000002
7.61843013959278	3.37499999999997
7.61843013959282	3.12499999999999
7.60999345926878	2.85342720451161
7.61358238258553	2.60861910282038
4.09907495633767	6.71393893239141
4.09909197392662	3.2801957781171
3.48903988925835	6.30075332109722
3.48804808414911	3.70065237926155
4.43626508580208	5.9453377300626
4.43900512652635	4.04349775548958
4.43378282921896	4.35632330643353
4.4373970329414	4.84754613496021
4.44501676110197	5.13748550813344
4.44337151328002	5.6668999175103
3.5523290186486	5.99326669067154
3.55316054296336	4.00944261128678
3.80513833648451	6.63813463194609
3.56558995936878	4.38724546109239
3.8038540248633	3.361707085763
3.57113720872809	5.19347485326452
3.56524441878561	5.6063808410644
3.57357988735726	4.80621637131787
7.62412081717687	2.38222624412565
7.62386826419264	7.62526752202856
4.43475025170611	3.7160917126883
4.43435152639805	6.28360052542852
4.43403493926596	4.64847308563548
4.43448370663855	5.44332374531245
4.37353815224258	4.12264221118305
4.36287830639789	5.74354137623392
4.36196943361299	5.86911856956214
4.35988346186666	4.93146209273994
4.43543832573987	5.33995561381316
4.34869209367415	4.29294838007676
4.43607011582558	4.54298068752358
4.36542336106478	5.05008346480358
4.21213993203326	6.66204869339962
4.2128678139768	3.33322946696589
4.38492381678094	6.52420522651975
4.37743309562781	3.48314278544707
3.54149613521985	3.59027355195154
3.54209634334679	6.41068699408415
4.38867111155045	6.35464136214931
4.38748565348792	3.65009900416429
4.43059288793819	6.1246600340117
4.42941406232777	3.87399577274719
3.69555998165512	6.58716110062668
3.69472357344809	3.41336302616132
3.62439276881404	5.9002227540043
3.62606738660212	4.10109369818524
3.62286841593069	5.09942803941537
3.62449448887817	4.29921086112035
3.6253762023828	4.90536117105766
3.6214899738824	5.70160819609549
3.55165169481122	6.11481253995532
3.5522622283611	3.88850579449118
3.54637830239555	4.4951692574834
3.54675076907338	5.29889509102546
3.54741341148101	5.50324054577552
3.55136295953508	4.69973776883237
3.91714751028704	6.64805314193836
3.91650864946797	3.35186005888247
2.15154210226353	2.29724835618204
2.14099214915126	7.70549220200161
4.0418028340022	4.1793162509797
4.04179452047246	5.77932648650809
4.04179213310306	4.97932261653348
3.95853610704351	5.82070176392284
3.95853846171232	5.02072794675208
3.95854065065056	4.22073896204238
7.09787554642568	7.72602709960253
7.09783504371867	2.27237638039612
3.58378857881537	6.62991774372581
3.48585210352346	6.52850664421197
4.3288409614025	6.72996466440809
4.43786280786312	6.63543689236892
3.58196242694723	3.37031827398725
3.48720242647875	3.47379712750735
4.43343068038265	3.36747505244291
4.32991772820643	3.26802664099391
7.21563467562727	2.46679361111335
7.21667589640936	7.53626004675281
3.44021887086226	5.34360998648998
3.43884607768768	5.45852272909441
3.44097704834024	4.53792022423509
3.44163574200769	4.65746926877905
6.63247415627962	2.61737083681314
6.41904276053904	2.58303674561991
6.20449278240916	2.56597637758993
5.97477357708636	2.55400022691918
5.74087609838059	2.54272870437224
5.49468557303078	2.53685063391568
5.24711435182341	2.53306371913118
4.99767193839731	2.53114416077062
4.74685847757156	2.53011026121294
4.50374574735838	2.53616031621342
4.26312199908975	2.55359747817722
4.01184534900065	2.55276615057071
3.75797625558192	2.53372046943629
3.51341527617674	2.53296662795391
3.27288692736908	2.54030669366806
3.0522348625451	2.55823073742806
2.82964603479442	2.58567544696756
2.60504820207424	2.60117785405522
2.53315482186903	2.81686004536609
2.57335728353901	3.02331771001812
2.56238269499996	3.25826428168054
2.5417580809138	3.5034211480033
2.53449013060844	3.75221540655363
2.53558380257176	3.99995483520676
2.54179723676013	4.25025209503911
2.53852243772954	4.4981046854929
2.52618366326148	4.74629146208822
2.52554987871457	5.00045639391749
2.52568073643366	5.25429054431554
2.53779836553109	5.50176780988913
2.53923261784228	5.74996038005164
2.5369825868536	5.99819940031202
2.53666967847596	6.24481517694823
2.54259570117517	6.49092967310462
2.5501956444347	6.73598748383356
2.54929569458119	6.96598303590173
2.52748842576558	7.18046323510423
2.60486216431097	7.39534488782623
2.82739321903739	7.41322062279819
3.05405707444248	7.44581711144103
3.27285720231588	7.45905975548671
3.51509500639054	7.46318034144121
3.76121279826582	7.46540321400789
4.0050847396514	7.47299850361486
4.25401708315275	7.47042448397665
4.49952802657746	7.46464143272886
4.74679667152476	7.46467289361253
4.99573823872433	7.4702722817505
5.24409274216296	7.46840401018164
5.49382953173943	7.46326685773948
5.74087960869298	7.45726427885045
5.97446019349908	7.4441737511113
6.20134845033715	7.42357097325216
6.41750730287486	7.40395368572783
6.63404300827377	7.37194161950892
7.38041804193035	7.28947164357301
7.40871305138272	7.02008456245013
7.40193394614346	6.75797880507433
7.40112992702322	6.5039986959661
7.40192378864671	6.24999999999994
7.40192378864672	6.00000000000005
7.40192378864665	5.75000000000002
7.40192378864668	5.49999999999998
7.40192378864669	5.25
7.40192378864669	5
7.40192378864668	4.75
7.40192378864669	4.49999999999998
7.40192378864669	4.25000000000001
7.40192378864669	4
7.40192378864668	3.75000000000003
7.40307171247287	3.49781330035869
7.40415006941307	3.24718517056633
7.41015373076128	2.9925843879734
7.38064317621691	2.71451801742618
4.19918326605038	6.78331666237454
4.20354230476183	3.19388550817067
3.41140209383386	6.40679790760289
3.41064992431922	3.59289740117087
3.51058877177292	5.86213261732143
3.43467252502439	6.05804175873314
3.5157339956129	4.13755154566101
3.4267141076542	3.94680428093302
3.84167515482224	6.74982344442911
3.7054739997312	6.70613846542664
3.49372138533184	4.27279832909226
3.44845895462285	4.41150736130328
3.70406062074622	3.29378066951609
3.84107283502976	3.2545686067296
3.4502984002642	5.22341666185703
3.4971015631683	5.10703059630856
3.48260377585137	5.71841477840716
3.44599752249638	5.57982005309703
3.50035142601874	4.89475160815487
3.45400955249716	4.77947137080493
4.5554763541592	4.59428683191765
4.55565940650629	5.38900026473858
4.49254401577069	3.62662654233168
4.49465822879419	6.37073914127219
4.47626878684667	4.99236858784089
4.48010666019897	5.81171168901501
4.49829879058948	4.15149964862657
4.50005208076165	4.72683037489671
4.5101628115968	5.52893744936935
4.50620245670116	5.25202606110034
4.50592431144059	4.45286581982751
3.97347118016289	3.24994044160636
3.97546999212245	6.74922976599395
3.45135062846783	3.81990098069467
3.45269040676797	6.18225317550134
4.50056878196296	3.95210520163832
4.49609305298636	6.04384436016839
6.96802465864282	2.45554090999146
6.96802249723935	7.54446830796428
7.42382948233205	7.57709491204179
7.42382963772351	2.42290450530043
4.46802226230037	3.79212687936049
4.46844321262395	6.20699059218638
3.5937877576537	5.80020415474466
3.59694995216423	4.20403906821722
3.5671123135032	5.00144206683482
4.42364366374825	4.22871440684732
4.56300440610837	5.12293503954691
4.56887888185763	5.67368642211968
4.52106686809105	6.50627381308099
4.515248525943	3.49612980619201
3.58380246214125	6.77016760243898
3.43980490689358	6.67378273499484
3.33322078639117	6.53572667366137
4.47069203312716	6.79647525061648
4.33150964868569	6.90411977030801
3.57923434299406	3.22431860360074
3.44251373579786	3.32211670760956
3.3322497038972	3.45797496447171
4.4780340992641	3.19692320542412
4.33470123979947	3.10390367098865
3.33615409178537	5.39992831061818
3.3089912646276	5.2784470814679
3.29911493118523	5.51874621437878
3.33676504247135	4.59763660143757
3.30989451199097	4.46485082956599
3.31607404514831	4.72190591891742
6.50958300436659	2.83045244432591
6.28875685845014	2.80122231269385
6.07374590765156	2.78053187959203
5.84505962002023	2.76401731302555
5.60654033050956	2.75302660435798
5.36702057791966	2.74248778540599
5.11969505828783	2.73735835942257
4.87135156490182	2.73544700733726
4.62791527522561	2.75285192185088
4.40136478667274	2.75269404527539
4.1514211035598	2.78950428198814
3.88842411318241	2.74599221826776
3.64214464577741	2.74300074123923
3.39849494741891	2.74054840266573
3.1660938999823	2.76882373394902
2.78250875696799	3.12979773963226
2.7568424508231	3.37573195765992
2.74100333154964	3.63163780748921
2.73919793091583	3.87514168654135
2.75494568960635	4.12928586286781
2.7669058718541	4.37458088898155
2.74879592208169	4.62587489000287
2.72092035579631	4.87443795978641
2.7157597936521	5.1297043810442
2.74646289920566	5.37562431595416
2.76261531116801	5.6262857045631
2.74519118745594	5.873623135487
2.74548717510747	6.12286901146902
2.74746185445205	6.35755894571122
2.76438419943776	6.60286162282191
2.77626690667325	6.86246150968949
3.16614340411685	7.22533310872105
3.40377003778453	7.24489244842634
3.64803114552591	7.25179404721908
3.8882261668985	7.26462429267534
4.14715949686442	7.26861703524946
4.38525347171492	7.25096530907599
4.62065728017288	7.24032746892003
4.87134988452589	7.26452541948512
5.11781857218151	7.26657658053988
5.36589287495404	7.25873945706784
5.60738684237264	7.24853306073728
5.8451623757072	7.23560653694079
6.07286205663974	7.2167051178051
6.28906732466238	7.18972831623074
6.50759231597217	7.15399527924942
7.18407096349375	6.8916216893179
7.18459814886851	6.6348597623154
7.18270599205744	6.38193778476703
7.18541743770066	6.12499999999999
7.18541743770056	5.8750000000001
7.18541743770053	5.62499999999997
7.18541743770059	5.37499999999998
7.18541743770058	5.125
7.18541743770057	4.87500000000001
7.18541743770056	4.62499999999998
7.18541743770059	4.37499999999999
7.18541743770058	4.12500000000001
7.18541743770059	3.87500000000003
7.1849189300271	3.6188588646682
7.19080695161641	3.36813602707022
7.18541743770064	3.12499999999998
3.38450710751144	5.81985645775961
3.31545409523371	6.13111268439722
3.37750793874026	4.17963979045925
3.31452783435945	3.86880446097252
3.90937245013974	6.88494976240183
3.73630203106564	6.8476441489458
3.33037433345982	4.32308071823679
3.74143502978879	3.15223540946126
3.89095274816196	3.11098432988975
3.35038024738452	5.13362612987066
3.42180600821102	5.00118700823541
3.32341416334473	5.6652622656816
3.35664447886125	4.87205611764032
2.96582576933015	2.74735835780707
2.965263379904	7.25164656816021
7.20784906127481	7.12056369861847
7.20817893938434	2.90267205552476
3.35362183685868	6.27523520958173
3.35442081458737	3.7270156416643
4.06032405413468	3.13948240378169
4.06021019139084	6.86114052471379
4.54744476648518	3.84927606073276
4.54844094860606	6.14958654427519
7.10478881721917	2.69099374015801
7.10026985584312	7.32206713526925
4.568132893968	4.05075523012433
4.56341884496291	5.93444459525608
4.55958772228407	4.85621061271683
6.86483497533435	2.66638027259471
6.85204544903862	7.34924284833057
4.54635399847159	6.27914899487579
4.54423035771294	3.7272808936242
4.41784082650023	3.57280203546538
3.43446691189693	5.94034513101516
3.43979697555024	4.06010437351747
4.55804006963677	4.30251282899348
2.75834206378837	7.14834705835714
2.7619158480712	2.84789206930702
4.62259138677785	6.37903794715035
4.61817959441934	4.98694602641839
4.63577465803626	5.79995814292572
3.40569205328476	6.85967609003853
3.24895721562082	6.6811944027503
3.41410654566301	3.13569636400068
3.25493100533619	3.30608794084125
3.17662488140181	5.20600053849947
3.15119389473359	5.60072236396406
3.16606473796684	4.3911964709438
3.18355939008225	4.79732098284941
6.38535900889264	3.04200099677797
6.16382117581581	3.01095888695094
5.9418513389997	2.99290144935281
5.71385613276632	2.972784910332
5.47565256678924	2.96172434467329
5.24293787255717	2.94553751534793
4.99519831642694	2.93949927131997
4.74855133320642	2.94491912561712
3.28246471536408	2.9461904412337
3.01069392786663	3.27251884978224
2.94044927008533	3.52289296731346
2.96401120338793	3.75978981985359
2.93991005683477	4.00075004281724
2.99237885283761	4.2495958918801
2.9623848504926	4.49982037485982
2.96899745492257	4.75617841776571
2.90321988876926	5.00244682701632
2.96168000839811	5.24563728826545
2.9638007486368	5.49971197611972
2.98326899153011	5.75432146415582
2.93985444937134	5.99924661628645
2.96707968638321	6.22953678810851
2.94218851939532	6.45959396653079
3.01327251138031	6.72050993729198
3.26537684885246	7.04486923942556
4.74410183718336	7.04903652277429
4.99423516420608	7.06622229570821
5.24107743853661	7.0569556465963
5.48024737323637	7.04397249790061
5.71664288732114	7.02865560011032
5.9450394407097	7.00882839035445
6.15932729890958	6.98618458242357
6.37428886061315	6.95330787088108
6.9767770856256	6.78913089847233
6.96081213896489	6.5237030709571
6.96669501782761	6.25892810925441
6.96891108675456	6.00000000000013
6.96891108675437	5.75000000000006
6.96891108675446	5.49999999999993
6.96891108675448	5.25
6.96891108675447	5.00000000000001
6.96891108675445	4.75000000000001
6.96891108675447	4.49999999999996
6.96891108675448	4.25000000000001
6.96891108675448	4.00000000000001
6.96787707328931	3.7414843613481
6.96797693744422	3.47541034305584
6.99739975911993	3.22286721039523
3.20892253959994	5.77892346141404
3.19747223829653	6.23835223784973
3.21897842798384	4.21272400556403
3.18935955092622	3.7597414445076
4.67838217579457	3.77677864021656
4.67910571581946	6.21852597564272
3.26028237025854	3.60063810979998
3.25851423808364	6.39884652742071
4.58319781302605	3.33591054938389
4.58214480330844	6.66292141726435
6.72628169343114	7.1216155777574
6.73347134510751	2.86698002515266
4.63052333916257	4.174066701202
4.6433600531197	4.72409955480712
3.25321215086699	5.00143050694343
4.6220071041659	3.61861785519378
4.63788680862252	5.25684480528268
4.63208110333182	5.52999933923287
4.63251236214168	6.06460600303128
4.63156263198388	3.93455570013404
3.29983516705342	4.02990694647279
3.29995626017368	5.96728481105885
3.99880920878057	2.96003015413165
4.03430468695333	7.05680086926134
4.64024592650608	4.44676268770006
6.98893006134833	2.94087073075764
6.97039245095637	7.07843789254559
3.01715584538376	2.98768493852587
3.02057470852828	7.0024587608087
3.75829169563208	2.95231725990931
3.76349875250502	7.04224423517998
4.50557796818541	2.98007703763638
3.52621334517849	7.06082788615504
3.5237477105848	2.9320441647485
4.49068693770839	7.00565173196981
4.18207452510419	6.94057045835963
4.17156230427955	3.02373431347135
3.16356720364537	4.60305308948116
3.16257826561856	5.39638511418108
4.77916411656072	6.37128388520298
6.23818196172142	3.24300915395026
6.03741205669868	3.22763573472149
5.81665320281705	3.19653913970984
5.58004106379281	3.18020302715562
5.33387621304159	3.17826388409051
5.11404935489334	3.14842930298929
4.87851825117506	3.13598366553289
4.87360940720136	6.86501994026816
5.11972260237337	6.86056401949351
5.35634231078651	6.84139387260327
5.58679299735105	6.82295385889145
5.81698480560761	6.8005922539373
6.02794231524052	6.77384603821212
6.23820371898474	6.75699087872839
6.72433615434855	6.66983751406279
6.74447825593949	6.39014461212713
6.7550710438675	6.13417462972462
6.75240473580832	5.87500000000025
6.75240473580824	5.62499999999992
6.7524047358084	5.37499999999995
6.75240473580837	5.12500000000002
6.75240473580835	4.87500000000003
6.75240473580833	4.62499999999996
6.7524047358084	4.37499999999998
6.75240473580837	4.12500000000001
6.75646776171673	3.86134091168382
6.75231851431384	3.6024419441473
6.73589349109228	3.32359220406128
4.78818657134945	3.90714919494601
4.78155570449185	6.07315482622582
4.70463639498034	5.39568322166252
4.70915628844434	5.12461369571511
4.71033746321273	5.66362038801223
4.6920594004297	6.52227658047431
4.73210416032676	4.30693904353905
4.6973258440622	4.85711373546376
4.67812215128867	3.47033396760181
4.71223755773818	4.59313093958771
4.65810988554672	3.14824436884409
4.64369746525599	6.84802501221005
3.1942226751187	6.86082876049896
3.1938783751626	3.13574374089832
4.71602773114936	5.93336888574914
3.1054566388537	6.37872346971351
3.14145209754776	3.45698892666491
3.14197905829066	6.5433491711497
3.0981866593539	3.61886539248475
3.11821225025621	5.91684836759772
4.71878870876362	4.04195443164548
3.13387539014659	6.0817317029214
3.11978969038352	4.08133900087838
3.13422112379261	3.91266930454897
6.57920574933055	6.8976047985574
6.60583636467083	3.0779023986034
3.08911508443846	4.92136595346631
3.0729449510846	5.0826049526987
4.88791571995001	6.51050079756877
6.12632691199182	3.47022958707874
5.90508230421248	3.43129266448119
5.67414476617279	3.40583681107502
5.44393041587446	3.38608334277285
5.18629382069961	3.39308483826347
4.98502321139013	3.33644174847951
4.99863284076344	6.6716891621253
5.231738633761	6.64585780285369
5.45845802624748	6.62295275963164
5.68274330819893	6.59546537344722
5.90420339981808	6.55778170768802
6.12563276760668	6.52029770438725
6.53397507419593	6.50386902969275
6.54245542456413	6.25426827286182
6.54068383301353	6.00518514516485
6.53634439563673	5.75355366331114
6.53589838486222	5.4999999999998
6.53589838486231	5.25
6.53589838486225	5.00000000000004
6.53589838486219	4.75000000000001
6.53589838486226	4.49999999999991
6.52880731192346	4.23882929317749
6.53789278145204	3.99727864133611
6.54409790312527	3.7453591106848
6.54103496473909	3.4988415152334
4.89424054725156	5.93724404809132
4.84690068451773	3.75391267629021
4.89083970786317	4.04640567825072
4.81141408855345	4.74568071846293
4.8005524094032	5.26198049317767
4.75508363301946	5.5258047026484
6.46834544587811	6.7269505205345
6.49433009843179	3.26527932149742
4.76068303993603	4.99696400178718
4.7758906910701	6.6827276249793
4.77077181643955	3.31239432929127
4.83138680088332	4.44315541403657
4.80233648903719	5.78844815642606
4.78047232841705	4.16910985908248
4.79001637562386	3.61530572697925
4.83147517659402	6.22397834297283
5.96554539876564	3.68189877796218
5.7515290785637	3.63688448987946
5.53103991162673	3.61604888250868
5.29787806755078	3.60042146809395
5.33456483083518	6.42240519326042
5.54971791813637	6.39807577847318
5.76668507691634	6.35732495972597
5.97923401323398	6.31054065950716
6.33724453278041	6.13746906010729
6.32195181277945	5.89268727573528
6.32212445762939	5.6323920974777
6.31939203391626	5.37499999999983
6.31939203391619	5.12500000000007
6.3193920339161	4.87500000000008
6.31939203391607	4.6249999999999
6.31482341529295	4.36150171259342
6.30886357027364	4.09725698213859
6.33503758247383	3.87459652054773
4.93549114792533	4.2632490649788
4.9989345777485	5.75363350635683
6.33980987500277	6.3760157855509
6.33985115642967	3.61848594546714
4.96572749284354	6.31933050427326
4.98537163492469	3.8522545995785
5.11414075255219	6.45443559639817
4.96741614841846	6.11599587085428
4.87139768115102	5.43078064405767
4.87005127330168	4.59839547927025
4.8787982304872	5.09962501598677
4.8851929358869	4.90861349602224
4.84719620043606	3.47308491283373
5.01891694971037	3.60657671339269
5.85001572847278	3.87949750810926
5.61886266870623	3.83639531205702
5.41020225643372	3.81771548655801
5.40338804657066	6.1994021594527
5.64269979091588	6.17854919990262
5.85712424270903	6.11882106426935
6.09380838985559	6.0533308079645
6.12101019870151	5.77658558993912
6.10629850081475	5.49962898455081
6.09550704768308	5.24068303153296
6.1004002886881	4.99445122499178
6.10288568296988	4.75000000000001
6.09940489614683	4.48485487898657
6.09657783650124	4.21904218224552
6.084140840142	3.93886256539487
5.09284158745236	5.02008041671443
5.03442791704419	4.48474248537212
5.17511007674731	6.20903531844969
5.08293134521382	4.05802973702604
5.19005778591408	3.81728010482102
5.0989420678151	5.95905352559577
5.00148455824922	5.26579802641772
5.03441011872539	4.74103550022494
6.34808061222702	3.42146325412614
6.33902902402934	6.57645757922405
6.17944399594166	3.71904356333477
6.17882869357866	6.27731830684612
5.20215229649897	4.28939809826312
5.22342763832738	5.74042909009714
5.70241532751673	4.02530234173916
5.69607750059331	5.93526959977406
5.90929986652481	5.86617047748153
5.89989664432277	5.6019475159368
5.87678462274028	5.3629288168356
5.87693429921186	5.10456621875914
5.88448310056857	4.86745886655522
5.8866355325379	4.62103482118687
5.88207244152213	4.37033646507406
5.88637933202408	4.12499999999994
5.24381197081762	4.56327823723654
5.50768010481378	6.00713128621309
5.50279188663805	4.02992478432073
5.31043125586759	5.968685342418
5.08566974049161	5.51144755709985
5.3488383081409	5.51395769607423
5.63316503629963	5.49587397731129
5.65705253094557	5.20134468545131
5.65812919480206	4.98495492022303
5.67543564080759	4.74247040904359
5.66652114365404	4.50315334889301
5.48807725970077	5.76143731952933
5.29117148921633	4.03789820113866
5.22007470759557	5.26733765456421
5.2633929528827	4.82178639063027
5.64849438342733	4.24862877839111
5.48458261085127	4.85146945425654
5.43332663778567	4.41491143215763
5.45268095641459	4.64830690188229
5.45242450385257	5.30862388968522
5.72295012544541	5.72375699157792
5.39449569755677	5.06607816369651
5.4192967108011	4.20559029028147
2.33575666355414	7.51588098849918
2.33575218885212	2.48412125510526
4.30870997407618	2.92566167075439
4.26583170345879	7.09576238930456
4.42568582857213	6.43808131886467
4.87366315082573	5.61027018718128
3.61031793531564	6.91508164629632
6.81334137758168	3.09497134437198
6.79021813973254	6.9040401475639
3.61243331281887	3.08234355085297
3.98469963709115	5.25003444195617
