BCnode   BCtype
116      4
outBCNode	outBCNum
1529  4
1006  4
1525  4
997   4
1521  4
984   4
1517  4
969   4
1509  4
949   4
1507  4
952   4
1510  4
958   4
1512  4
961   4
1513  4
1025  4
1536  4
1036  4
1540  4
1048  4
1544  4
1058  4
1440  4
766   4
1445  4
776   4
1448  4
785   4
1451  4
807   4
1459  4
831   4
1467  4
852   4
1474  4
874   4
1482  4
1157  4
1484  4
878   4
1453  4
789   4
1443  4
762   4
1438  4
1165  4
5     1
14    1
27    1
1167  1
1170  1
1177  1
1178  1
8     2
10    2
155   2
1171  2
1172  2
1174  2
1176  2
3     3
1168  3
19    3
1181  3
41    3
1189  3
57    3
1195  3
71    3
1201  3
90    3
1209  3
120   3
1221  3
128   3
1225  3
132   3
1227  3
136   3
1229  3
140   3
1231  3
144   3
1233  3
148   3
1173  3
7     3
16    3
1180  3
24    3
1184  3
50    3
1193  3
62    3
1198  3
76    3
1204  3
95    3
1212  3
125   3
124   3
207   3
1252  3
200   3
1248  3
189   3
1247  3
186   3
1241  3
166   3
1239  3
162   3
1175  3
11    3