1.16705	0.510743
0.455294	0.510743
0.71176	0
0.455294	1.31085
0	0.800107
14.2403	0.799947
14.2403	0
15	0.799947
14.2408	3.99989
15	3.99989
14.2408	4.8
0.45511	3.48979
0.45511	4.28974
0	4.00005
1.16728	4.28974
0.712172	4.8
2.24099	0.379273
1.68654	0.379273
1.97797	0
1.43007	0.890016
1.42931	3.91137
1.68637	4.42164
2.24073	4.42164
1.9787	4.8
0.468049	2.00041
0.468049	2.80036
0	2.40016
0.923159	3.09004
0.923343	1.71105
1.27048	2.79371
1.25754	3.48314
1.77662	3.61504
1.77774	1.18701
1.25825	1.31848
1.27101	2.00805
1.78491	2.00867
1.45001	2.40124
1.78439	2.79434
3.13722	0.306232
2.69895	0.306232
2.97069	0
2.40752	0.685505
2.65741	1.02184
2.19945	1.09488
2.02762	1.52335
2.20662	1.91654
2.40587	4.11703
2.6982	4.49539
3.13641	4.49539
2.97127	4.8
2.02552	3.28036
2.19729	3.70859
2.65476	3.78234
2.20505	2.88788
3.90636	0.265504
3.54308	0.265504
3.77224	0
3.27134	0.571736
3.2686	4.23281
3.54166	4.53742
3.9049	4.53742
3.77271	4.8
2.7988	3.53066
3.00737	3.9391
3.41263	3.98113
3.41545	0.826294
3.00959	0.867022
2.80152	1.2764
4.59872	0.207343
4.27649	0.207343
4.45773	0
4.04734	0.472847
4.04616	4.3341
4.27721	4.59667
4.59942	4.59667
4.45816	4.8
2.52918	1.77304
2.28647	2.25836
2.60824	2.40388
2.28568	2.54738
2.52682	3.0334
2.82547	2.88758
2.74484	3.22808
3.09745	3.38484
3.10068	1.42548
2.74849	1.5803
2.82834	1.92213
5.20551	0.216565
4.89364	0.216565
5.09183	0
4.7124	0.423908
4.72101	4.38067
4.90196	4.58399
5.21384	4.58399
5.09225	4.8
3.41025	3.74224
3.67148	4.03595
3.89216	3.90089
3.89454	4.13979
4.26685	4.19904
3.29179	3.22383
3.34574	3.52641
3.60459	3.58123
4.3688	3.99916
4.52043	4.19347
4.82296	4.18079
4.26632	0.611149
3.89618	0.66931
3.89271	0.911347
3.67374	0.773044
3.41199	1.06833
3.60683	1.23298
3.34854	1.28623
3.29551	1.59013
4.81305	0.630271
4.51813	0.621049
4.36697	0.817512
5.91135	0.232494
5.58031	0.232494
5.73475	0
5.38212	0.449059
5.33955	4.38341
5.52984	4.59941
5.8609	4.59941
5.73519	4.8
6.62996	0.249896
6.24861	0.249896
6.44714	0
6.09417	0.48239
7.55326	0.357414
7.08581	0.357414
7.29595	0
6.88727	0.607309
8.68516	0.417606
8.08749	0.417606
8.36107	0
7.87735	0.775019
10.0853	0.621785
9.3427	0.621785
9.70132	0
9.06912	1.03939
11.6297	0.668491
10.8705	0.668491
11.2031	0
10.5119	1.29028
13.0285	0.494457
12.2693	0.494457
12.7214	0
11.9368	1.16295
14.3018	1.48971
13.5421	0.689759
13.09	1.18422
14.5032	2.78182
14.5032	1.98187
15	2.39984
13.8051	1.87169
13.5148	4.06725
14.274	3.26715
13.7773	2.84918
12.1932	4.21346
12.9524	4.21346
12.7224	4.8
12.9856	3.48071
10.7778	4.25481
11.537	4.25481
11.2041	4.8
11.7669	3.66827
13.3571	2.30303
13.1557	1.81086
12.6421	1.61556
13.1279	2.78836
12.5654	2.93456
12.0024	1.78959
11.3609	3.18354
12.017	3.14218
12.1593	2.44983
11.4541	1.99722
11.0379	2.58407
10.881	1.92384
10.0957	1.87713
10.7878	3.11016
10.1219	4.25691
10.4549	3.71172
10.1319	3.11225
9.37931	4.25691
9.70226	4.8
8.13603	4.27625
8.73379	4.27625
8.36187	4.8
9.15347	3.73316
8.89882	3.1884
9.54434	3.16905
9.87724	2.56749
9.50818	1.93393
9.02902	2.19565
9.2475	1.50529
8.58996	1.30111
7.14264	4.45734
7.61017	4.45734
7.29658	4.8
7.98209	3.93359
8.34878	1.66483
8.1704	1.19893
7.63617	1.13874
6.38545	4.51201
6.76685	4.51201
6.44765	4.8
7.08044	4.16935
5.90333	4.33056
6.10867	4.53114
6.42788	4.24315
8.364	3.16953
8.75487	2.60542
8.49419	2.17678
8.07463	2.0746
7.61034	3.75336
8.1362	3.57227
7.99224	2.9893
6.85604	3.89917
7.23183	3.84451
7.38593	3.48319
6.26478	4.03999
6.54155	4.02085
6.69294	3.69601
5.76179	4.18288
6.00956	4.11461
6.12324	3.89231
5.21895	4.21166
5.53495	4.22709
5.64118	4.01114
4.82665	3.99915
5.02723	4.18634
5.22263	4.03002
7.55835	1.5022
7.2653	1.07829
6.96037	1.20909
7.03819	0.845629
6.58234	0.738111
7.84614	2.36091
7.70073	1.84896
7.32986	1.7885
7.60123	3.1215
7.82903	2.71876
7.45512	2.49311
7.22272	3.21265
6.42011	0.969666
6.2692	0.731347
5.93194	0.713945
5.87953	0.918722
5.7045	0.669764
5.50417	0.786482
5.55658	0.581706
5.18178	0.565777
5.18929	0.749229
5.01482	0.616582
4.82055	0.813723
6.43815	3.57587
6.75264	3.45419
6.69415	3.16971
6.94894	3.28985
7.16423	2.92816
6.91679	2.74203
7.19058	2.66483
7.20769	2.30698
6.90126	2.19686
7.1658	2.02514
7.02343	1.67838
6.71839	1.65958
6.88245	1.42295
6.65533	1.19029
6.34219	1.18353
5.93106	3.75747
6.18627	3.68285
6.24597	3.44102
5.49378	3.88229
5.72062	3.83809
5.78365	3.62862
5.13113	3.882
5.32284	3.90732
5.40227	3.73427
4.75322	3.86434
4.95749	3.86989
5.05769	3.74719
4.21185	3.87153
4.46543	3.86596
4.44792	3.691
4.60487	3.81863
4.73571	3.68938
3.81857	3.68703
4.04163	3.79087
4.13826	3.65767
3.75406	3.47121
2.87207	2.26121
2.87129	2.55023
3.08931	2.74491
3.09138	2.06847
3.32192	2.65001
3.27611	2.98735
3.52441	3.12893
3.52809	1.68987
3.28023	1.82913
3.32397	2.16822
3.56317	2.17162
3.37432	2.41097
3.56112	2.65341
3.72389	3.03684
3.73957	3.27332
3.95354	3.37912
3.73202	2.58116
3.67962	2.8202
3.89478	2.96459
4.12265	3.29768
4.13715	3.49557
4.30737	3.57623
4.44681	3.5289
3.96835	2.83709
4.01261	3.05373
4.17587	3.02432
4.10231	3.15182
4.28591	3.26826
5.45973	0.962834
5.31181	0.874776
5.14485	0.925581
5.89805	1.08694
5.67061	1.04276
5.47825	1.13105
6.35099	1.40018
6.11577	1.17955
5.90685	1.30359
6.62249	1.85457
6.48151	1.59914
6.25509	1.59516
6.70004	2.3704
6.65815	2.08856
6.42128	2.02811
6.67487	2.88128
6.70121	2.61795
6.45811	2.50965
6.47857	3.04562
6.08342	3.33499
6.3353	3.22802
6.31602	2.93959
5.61207	3.56062
5.82252	3.48
5.77003	3.33249
5.94161	3.4005
6.03094	3.18749
5.28794	3.61838
5.45888	3.59335
5.49774	3.44473
4.97773	3.63945
5.15137	3.65156
5.20797	3.51064
4.69812	3.54961
4.84646	3.59532
4.94014	3.49968
4.44752	3.40706
4.58807	3.52183
4.69883	3.42777
4.37842	3.17286
4.39877	3.31872
4.54003	3.31165
5.08242	1.06512
4.9599	0.939568
4.75813	0.953258
4.73787	1.12792
4.59853	1.00208
4.44032	1.12821
4.46058	0.953547
4.20876	0.943647
4.13389	1.16195
4.04028	1.02591
3.81784	1.12964
3.75439	1.34754
3.95294	1.44549
3.74192	1.54883
3.72664	1.78782
3.8963	1.86672
3.68248	2.00776
3.73283	2.25051
4.29994	1.24208
4.13145	1.32435
4.11898	1.52563
4.43789	1.29061
3.92249	2.25655
3.80319	2.42041
3.92168	2.5872
4.07666	2.55112
4.00549	2.71187
4.12332	2.80101
4.27775	1.55711
4.09924	1.67826
4.174	1.81121
4.01523	1.77973
3.97107	1.99967
4.12095	2.04491
4.00202	2.13189
4.07238	2.30178
4.61259	3.22367
4.66133	3.312
4.77138	3.33978
4.80956	3.24734
4.84705	3.3631
4.93687	3.31963
4.89869	3.41207
5.02995	3.45621
5.06665	3.35216
5.10809	3.43977
5.24466	3.40659
5.22111	3.30784
5.32098	3.37871
5.3859	3.26226
5.40946	3.36101
5.56266	3.32827
5.57138	3.19024
5.65966	3.27396
5.77876	3.19446
4.95025	3.22387
5.00188	3.27283
5.08002	3.25639
5.09141	3.1755
5.15617	3.25483
5.23249	3.22695
4.81021	3.17573
4.88588	3.19906
4.95089	3.15226
4.5609	3.1639
4.68221	3.16425
4.70318	3.0846
4.75487	3.14437
4.83119	3.09609
4.37209	3.07502
4.48495	3.12548
4.55457	3.06605
4.1968	2.90557
4.28649	3.00366
4.39302	2.95628
4.23394	2.78036
4.23733	2.31166
4.1578	2.43632
4.24161	2.561
4.36131	2.56623
4.28017	2.68103
4.35365	2.78559
4.44847	2.77368
4.40225	2.87301
4.48784	2.94436
4.58225	2.91567
4.57303	2.99894
4.64898	3.03736
4.72164	3.01749
4.2938	1.83186
4.20979	1.93334
4.24074	2.06555
4.35304	2.08072
4.2642	2.19228
4.34962	2.32682
4.37727	1.49886
4.35753	1.65149
4.4707	1.6834
4.37118	1.74165
4.40697	1.86378
4.58124	1.30675
4.44085	1.42062
4.52062	1.515
4.84743	1.19932
4.68783	1.24814
4.6908	1.37815
5.16355	1.18216
4.9786	1.19614
4.92856	1.31636
5.53139	1.26201
5.32051	1.18208
5.21669	1.31311
5.98363	1.44255
5.76591	1.34994
5.71087	1.48248
5.6341	1.34352
5.47636	1.39454
6.20533	1.76112
6.07481	1.56216
5.93386	1.60851
6.28321	2.16419
6.24755	1.93021
6.06727	1.8972
6.25351	2.60878
6.25233	2.36122
6.07861	2.26332
6.13524	2.96168
6.27851	2.77929
6.07273	2.63086
5.88414	3.11955
6.02595	3.05404
5.98844	2.89374
5.77377	3.06102
5.84381	2.85629
5.9531	2.76393
5.9281	2.59341
5.64863	3.01902
5.75401	2.9441
5.71866	2.81429
5.47409	3.14028
5.5711	3.08597
5.55134	2.96905
5.31026	3.20242
5.39874	3.18471
5.39845	3.08044
5.24533	3.1494
5.77294	2.60463
5.89257	2.47157
5.78819	2.34385
5.94334	2.33263
5.97422	2.1356
5.83127	2.06532
5.96653	1.99601
5.92432	1.82692
5.77392	1.80634
5.87465	1.70754
5.78347	1.58793
5.65166	1.58151
4.62638	1.55221
4.5628	1.63045
4.57645	1.72062
4.77695	1.41998
4.67036	1.47859
4.71253	1.59404
4.98602	1.40001
4.85485	1.40319
4.83441	1.50363
5.29395	1.38099
5.13699	1.38107
5.1416	1.48595
5.06434	1.41807
4.99063	1.5049
5.46859	1.50889
5.36588	1.42738
5.28618	1.49534
5.60424	1.68162
5.53164	1.57616
5.42116	1.609
5.70397	1.88647
5.6543	1.76709
5.53428	1.76174
5.73661	2.12721
5.72892	1.98762
5.6093	1.94836
5.67573	2.37332
5.7265	2.23439
5.62415	2.15668
5.27292	1.57985
5.20099	1.53346
5.12834	1.57046
5.38798	1.69193
5.32492	1.62466
5.23973	1.66278
5.48934	1.83242
5.43927	1.74696
5.34304	1.76261
5.54774	2.00645
5.52278	1.9053
5.42777	1.89051
5.54347	2.19563
5.55358	2.08846
5.46706	2.0454
5.59044	2.79925
5.68024	2.71144
5.64472	2.58959
5.5404	2.57517
5.6331	2.46836
5.57141	2.3589
5.47905	2.37282
5.52168	2.27778
5.45112	2.20955
5.45836	2.95037
5.53589	2.88342
5.49747	2.78057
5.3237	3.05033
5.39906	3.0059
5.38361	2.92026
5.18482	3.11628
5.26259	3.09175
5.26319	3.01721
5.04826	3.12366
5.1244	3.12209
5.14167	3.06444
4.93183	3.09001
4.99619	3.11482
5.02919	3.06141
4.83123	3.04045
4.88657	3.07182
4.93187	3.03438
4.73634	2.96589
4.79054	3.01312
4.84593	2.98886
4.56316	2.85348
4.64834	2.90806
4.68366	2.86485
4.70276	2.92705
4.77166	2.92268
4.48767	2.69867
4.53627	2.78609
4.60236	2.77848
4.42426	2.48924
4.46281	2.60927
4.55062	2.62169
4.45344	2.27824
4.42658	2.39762
4.52808	2.44066
5.41067	2.79507
5.46523	2.7109
5.40263	2.65441
5.48943	2.63991
5.4778	2.51868
5.38337	2.51299
5.43434	2.44826
5.38462	2.36713
5.32055	2.90687
5.37986	2.85133
5.34762	2.78167
5.20608	3.0145
5.26719	2.97308
5.22944	2.93789
5.28655	2.94061
5.2828	2.87168
5.10186	3.02889
5.16228	3.02309
5.16628	2.97896
5.00598	3.02007
5.05805	3.0289
5.07866	2.98755
4.92253	2.99184
4.96778	3.01003
4.99664	2.97753
4.84877	2.94846
4.88945	2.97579
4.92536	2.95145
4.78625	2.88551
4.81984	2.92435
4.86336	2.91129
5.13808	2.94833
5.18188	2.93974
5.20124	2.90727
5.05577	2.96003
5.09958	2.96002
5.11518	2.92081
4.98416	2.94705
5.02237	2.95708
5.04329	2.92955
4.92079	2.92045
4.95387	2.93649
4.97959	2.91604
4.86977	2.88195
4.8987	2.90606
4.9272	2.89111
5.18455	2.87293
5.2321	2.87109
5.2661	2.83735
5.23842	2.79146
5.28911	2.79205
5.31993	2.73578
5.28061	2.67714
5.33912	2.66676
5.36331	2.59577
5.31985	2.52535
4.87961	1.57731
4.80171	1.5941
4.75773	1.66772
5.01732	1.57369
4.939	1.55563
4.9063	1.6461
5.12631	1.64601
5.06692	1.5985
5.01529	1.64924
5.21773	1.73473
5.16573	1.68992
5.10431	1.71796
5.32207	1.82037
5.27077	1.76534
5.19676	1.79249
5.39348	1.94272
5.36004	1.86984
5.28777	1.87257
5.41263	2.08537
5.40678	2.00337
5.33904	1.9827
5.38217	2.23161
5.40396	2.14946
5.34368	2.10743
5.30851	2.36943
5.35322	2.29399
5.30606	2.2339
5.0136	1.71393
4.964	1.68912
4.90462	1.71079
5.09523	1.76602
5.05581	1.7221
5.00452	1.76198
5.20025	1.83682
5.14721	1.80621
5.11077	1.84348
5.10728	1.79915
5.05878	1.80329
5.27539	1.91563
5.23742	1.86615
5.18787	1.87987
5.30396	2.01887
5.29065	1.95823
5.2403	1.9518
5.29468	2.13064
5.30335	2.06655
5.25495	2.04208
5.24889	2.24169
5.27785	2.17931
5.23751	2.13843
5.03534	1.83668
5.02329	1.80354
4.98109	1.79537
4.96623	1.84055
4.94746	1.79899
4.90479	1.81069
4.91965	1.7655
4.86195	1.72249
4.8271	1.77545
4.81207	1.72074
4.72289	1.72068
4.7132	1.79612
4.65885	1.7431
4.56676	1.79605
4.58911	1.87326
4.50671	1.85078
4.42932	1.94099
4.49916	1.99638
4.39942	2.00938
4.42287	2.13611
4.51231	2.1257
4.46592	2.19704
4.54288	2.26783
4.89544	1.84899
4.86763	1.8155
4.81776	1.81375
4.8089	1.86215
4.76838	1.8221
4.70434	1.84451
4.71195	1.90526
4.65677	1.87928
4.59672	1.93401
4.63675	1.99453
4.56909	1.98851
4.53919	2.0569
4.58224	2.11783
4.93827	2.86311
4.96036	2.87749
4.99836	2.90654
4.96807	2.89598
5.00818	2.87033
5.0016	2.88499
4.99342	2.87181
5.01313	2.90506
4.91811	2.8614
4.95127	2.84779
4.94081	2.83733
4.95959	2.84041
5.03379	2.88697
5.03056	2.90851
5.06396	2.91146
5.01479	2.8552
5.02247	2.8665
5.0399	2.86996
5.07556	2.884
5.08829	2.90504
5.12679	2.89335
5.04663	2.85261
5.05796	2.87307
5.0823	2.86665
5.05709	2.84215
5.04041	2.84041
5.12196	2.8598
5.14885	2.87556
5.17971	2.83938
5.07634	2.84043
5.09395	2.85136
5.116	2.83358
5.06874	2.82686
5.07257	2.81257
5.0552	2.81479
4.92004	2.83245
4.92974	2.8237
4.92591	2.80941
4.9448	2.81479
4.90704	2.84777
4.84568	2.85941
4.88102	2.85418
4.88295	2.82523
4.76057	2.8516
4.80875	2.85327
4.82	2.8255
4.66269	2.81329
4.71711	2.83228
4.7396	2.80004
4.6358	2.7459
5.07261	2.79208
5.08803	2.80465
5.10757	2.79093
5.10753	2.81141
5.13554	2.81985
5.06878	2.77779
5.0552	2.78521
5.15309	2.78633
5.16157	2.80849
5.19727	2.80586
5.22028	2.76057
5.18688	2.74323
5.22803	2.72883
5.20742	2.68402
5.24082	2.70136
5.26001	2.63234
5.12584	2.77713
5.15187	2.76577
5.13675	2.73918
5.16401	2.74838
5.17176	2.71664
5.10635	2.77037
5.06727	2.76061
5.08656	2.76698
5.10483	2.75318
5.09384	2.73064
5.11363	2.73403
5.12576	2.71664
5.04299	2.73952
5.05345	2.74998
5.04041	2.75959
5.07123	2.73916
5.08003	2.72001
5.19712	2.62163
5.23692	2.59742
5.19895	2.54543
5.26184	2.55614
5.28189	2.47336
5.19417	2.45115
5.25218	2.42036
5.22078	2.34721
5.16185	2.33838
5.21817	2.28745
5.18996	2.23286
5.16539	2.68658
5.17818	2.65912
5.15509	2.6242
5.14251	2.69173
5.11939	2.68659
5.01164	2.72818
5.02592	2.73201
5.01479	2.7448
5.04035	2.72102
5.04204	2.69475
5.05911	2.70226
5.08172	2.69374
5.09848	2.66883
5.14049	2.54863
5.16542	2.50735
5.1357	2.45435
5.10934	2.63259
5.12829	2.59511
5.09475	2.55702
5.07168	2.63974
5.01647	2.69328
5.03523	2.67452
5.01115	2.64652
5.03673	2.64798
5.04759	2.61174
4.99241	2.72627
5.00404	2.7116
4.99724	2.69137
4.97812	2.7301
4.98521	2.7448
4.91164	2.79853
4.92858	2.78912
4.93241	2.77483
4.9448	2.78521
4.86363	2.80734
4.88965	2.80093
4.89232	2.78064
4.80142	2.79859
4.83835	2.80473
4.84504	2.78044
4.73225	2.75257
4.77572	2.77189
4.79407	2.75113
4.631	2.69661
4.69134	2.73142
4.72746	2.70328
4.59529	2.55396
4.62015	2.64336
4.67568	2.62888
4.61563	2.38838
4.61332	2.48001
4.68285	2.50168
4.61964	2.23065
4.60716	2.31186
4.6924	2.3512
4.64661	2.09747
4.61973	2.16627
4.68401	2.21029
4.70034	1.98601
4.67272	2.04051
4.7102	2.08895
4.75903	1.90962
4.71145	1.94439
4.74742	1.99037
4.84724	1.88583
4.79787	1.89418
4.79737	1.93331
4.92558	1.87729
4.88842	1.8821
4.87739	1.91413
4.98493	1.86501
4.9513	1.86863
4.94428	1.90174
5.04993	1.86274
5.01444	1.86299
4.99951	1.89107
5.11798	1.87157
5.07805	1.86452
5.05715	1.89083
5.18891	1.91057
5.15174	1.88123
5.11902	1.90227
5.21751	1.98111
5.20225	1.93851
5.16612	1.93988
5.21995	2.06323
5.22057	2.01555
5.18251	2.00226
5.19637	2.14848
5.2132	2.09981
5.17881	2.07328
5.14339	2.23169
5.17411	2.18594
5.1498	2.14732
5.14861	1.959
5.13527	1.93106
5.10151	1.9214
5.05285	1.94152
5.05692	1.92156
5.08119	1.91257
5.0288	1.91978
5.07585	1.94491
5.05158	1.9539
5.06204	1.96436
5.04041	1.95959
5.00006	1.93007
5.01435	1.9339
5.01479	1.9448
5.01458	1.90317
4.98506	1.90519
4.98577	1.9339
4.97071	1.9218
4.94499	1.93045
4.98521	1.9448
4.93782	1.96205
4.94828	1.95159
4.95959	1.95959
4.92185	1.93153
4.90216	1.95544
4.89887	1.9343
4.85769	1.93803
5.08132	1.97143
5.06878	1.9785
5.07261	1.99279
5.0552	1.98521
5.10291	1.96788
5.09617	1.95374
5.15518	1.98548
5.12433	1.97666
5.10948	1.99436
5.15823	2.01992
5.1479	2.08305
5.15465	2.04647
5.12732	2.02969
5.10501	2.03986
5.10859	2.01331
5.08718	2.00453
5.07172	2.01174
5.06789	2.02603
5.0552	2.01479
4.84892	1.97148
4.82743	1.95131
4.78859	1.96675
4.77748	2.00837
5.11844	2.14807
5.14069	2.11061
5.11653	2.0838
5.08962	2.08662
5.09683	2.05906
5.0781	2.04268
5.0597	2.04523
5.04924	2.05569
5.04041	2.04041
5.08772	2.11018
5.06802	2.08544
5.05364	2.09752
5.05553	2.07396
5.03487	2.06777
5.02537	2.0874
5.01908	2.06912
5.00479	2.07295
5.01479	2.0552
5.09769	2.16939
5.08858	2.13269
5.06698	2.1315
5.11688	2.26639
5.10103	2.21947
5.06235	2.22911
5.08886	2.19441
5.059	2.17903
4.82033	2.01863
4.77915	2.04224
4.79659	2.08295
4.75374	2.07269
4.72764	2.12965
4.78345	2.15867
4.73991	2.17493
4.73982	2.2393
4.92784	1.99323
4.93167	1.97895
4.9448	1.98521
4.91898	1.96957
4.896	1.97233
4.89225	1.99883
4.87543	1.98469
4.84517	1.99797
4.84684	2.03184
4.92937	2.01306
4.91436	2.00629
4.89378	2.01865
4.9332	2.02735
4.9448	2.01479
4.90024	2.04482
4.87814	2.03736
4.8533	2.05801
4.86419	2.09229
4.83289	2.08678
4.80748	2.11723
4.81975	2.1625
4.94381	2.04687
4.9265	2.04563
4.91085	2.06434
4.95427	2.05732
4.95959	2.04041
4.92085	2.09109
4.89459	2.09028
4.87418	2.11904
4.97312	2.06667
4.95596	2.0745
4.96167	2.09831
4.94282	2.08897
4.92655	2.1149
4.9874	2.07049
4.98521	2.0552
4.99219	2.08629
4.89591	2.15191
4.86551	2.15393
4.84148	2.19537
4.94901	2.13891
4.92704	2.14103
4.91837	2.17592
5.10778	2.36393
5.10517	2.30417
5.06281	2.29194
5.06541	2.47013
5.09416	2.41393
5.03749	2.37972
5.04767	2.11748
5.03518	2.106
5.01939	2.10736
5.04852	2.13999
5.02881	2.18863
5.03764	2.16361
5.01833	2.14959
5.00782	2.12654
4.99801	2.10793
4.98062	2.10548
4.99695	2.15016
4.96748	2.11995
4.96797	2.14608
4.97848	2.16912
5.04265	2.57155
5.05486	2.52507
5.01332	2.48466
5.0077	2.57979
5.01236	2.28465
5.02407	2.24687
5.0119	2.22181
4.99054	2.20639
4.96156	2.2023
4.93044	2.21319
4.9263	2.25264
4.88311	2.22626
4.83734	2.23483
4.84353	2.29976
4.80189	2.26887
4.746	2.30424
4.75447	2.38077
4.9947	2.33713
4.95596	2.29205
4.90864	2.30512
4.87318	2.33917
4.98108	2.38712
4.91372	2.39487
4.84861	2.3895
4.79501	2.43647
4.95651	2.43746
4.94595	2.4924
4.8384	2.48662
4.74427	2.47788
4.72624	2.55184
4.94838	2.53811
4.89157	2.49092
4.84082	2.53234
4.77458	2.5773
4.71316	2.6011
4.72402	2.65434
4.76494	2.67549
4.87287	2.5688
4.81971	2.5645
4.80663	2.61376
4.97127	2.56925
4.91688	2.56778
4.89577	2.59994
4.97621	2.60945
4.98678	2.66655
4.98828	2.64002
4.95184	2.62948
4.97436	2.68487
4.84247	2.63624
4.79734	2.64904
4.80078	2.69797
4.83648	2.70178
4.80407	2.72824
4.82977	2.75494
4.85504	2.75754
4.86317	2.73984
4.87845	2.76534
4.90044	2.76294
4.86165	2.68931
4.86494	2.71957
4.88835	2.72737
4.92213	2.62751
4.87812	2.62853
4.86883	2.66381
4.9342	2.65807
4.8973	2.6816
4.9072	2.7456
4.92107	2.76091
4.93917	2.7575
4.90897	2.72534
4.94962	2.74704
4.95959	2.75959
4.93557	2.72547
4.95737	2.72894
4.96406	2.70853
4.91671	2.70724
4.95361	2.68371
4.9239	2.68173
4.97913	2.86798
4.98521	2.8552
5.09744	1.94136
0	0
1.42352	0
0.910588	1.02149
0	1.60021
15	0
15	1.59989
13.4806	0
15	4.8
13.4816	4.8
15	3.19979
0	4.8
0	3.20011
0.910219	3.77947
1.42434	4.8
2.53242	0
1.94956	0.758545
1.9484	4.04327
2.53306	4.8
0.936099	2.40061
1.60485	3.18681
1.60591	1.61548
1.96392	2.40186
3.40896	0
2.86548	0.612465
2.44933	1.43122
2.86334	4.19078
3.40947	4.8
2.44619	3.3739
4.13551	0
3.6772	0.531007
3.67386	4.27485
4.13595	4.8
3.1514	3.68742
3.1537	1.12158
4.77996	0
4.41748	0.414686
4.41847	4.39335
4.78037	4.8
2.60903	2.11486
2.60745	2.6929
3.0435	3.08225
3.04765	1.72939
5.40371	0
5.00731	0.43313
5.02354	4.36799
5.40413	4.8
3.6691	3.79706
4.11522	4.00472
3.54009	3.3654
4.62238	3.99359
4.11515	0.807612
3.67028	1.01508
3.54338	1.45088
4.61878	0.827412
6.06579	0
5.75692	0.464988
5.65555	4.39883
6.06625	4.8
6.8285	0
6.43143	0.499791
7.76341	0
7.34312	0.714828
8.95874	0
8.41157	0.835211
10.4439	0
9.72666	1.24357
11.9623	0
11.2971	1.33698
12.5764	0.988915
13.6036	1.37952
14.0065	2.36386
13.548	3.33451
11.9633	4.8
12.4231	3.62692
10.4449	4.8
11.1107	3.70962
12.7077	2.2422
11.611	2.65745
10.4648	2.51069
9.799	3.71382
8.95963	4.8
7.76411	4.8
8.50795	3.7525
9.28969	2.62429
8.76834	1.76701
6.82905	4.8
7.45623	4.11468
7.92922	1.56265
6.70465	4.22401
6.1511	4.26229
8.22004	2.58656
7.76444	3.39204
7.00742	3.57433
6.37845	3.8177
5.86802	3.96693
5.41435	4.05534
5.03092	4.0047
7.18748	1.44175
6.73325	0.976431
7.47223	2.13526
7.43801	2.85096
6.10697	0.962902
5.65209	0.874541
5.35625	0.698424
5.02233	0.800033
6.49785	3.33405
6.89045	3.00536
6.94314	2.4787
6.85937	1.91501
6.57741	1.40415
5.9941	3.548
5.57321	3.70924
5.23133	3.7593
4.88405	3.73509
4.30848	3.73833
4.58736	3.64368
3.96804	3.57701
3.13512	2.40756
3.50873	2.89245
3.51281	1.92887
3.61352	2.41437
3.93905	3.18124
3.85052	2.74795
4.30626	3.41412
4.08618	2.92623
4.26556	3.12241
5.26737	1.05113
5.68913	1.21098
6.12457	1.3962
6.38562	1.79412
6.45694	2.2621
6.45929	2.7572
6.17275	3.12198
5.65093	3.41199
5.88913	3.25299
5.34454	3.47746
5.0714	3.54382
4.80887	3.45555
4.58878	3.39999
4.49128	3.22332
4.89747	1.0791
4.57828	1.17674
4.30237	1.07968
3.9654	1.24421
3.94047	1.64677
3.85214	2.08666
4.2975	1.40448
3.99285	2.42645
4.16047	2.6758
4.25801	1.70974
4.08999	1.91269
4.15191	2.17712
4.73389	3.22402
4.88523	3.27066
4.98851	3.36859
5.14479	3.33572
5.29742	3.27996
5.47438	3.24455
5.66839	3.13593
5.01526	3.17707
5.16755	3.17393
4.88653	3.12745
4.63052	3.10448
4.77584	3.06472
4.47862	3.02763
4.30742	2.88492
4.32276	2.44619
4.39987	2.68626
4.49707	2.86109
4.66744	2.97025
4.32958	1.95399
4.37649	2.20745
4.45704	1.59323
4.48435	1.77356
4.5842	1.43676
4.79739	1.31954
5.05973	1.31318
5.37365	1.31303
5.84268	1.4889
5.57907	1.47605
6.02505	1.72811
6.10948	2.06629
6.04773	2.46035
6.09773	2.80138
5.87915	2.9861
5.80846	2.72648
5.62886	2.9021
5.47381	3.036
5.3231	3.12487
5.73741	2.48278
5.83896	2.20492
5.82358	1.92572
5.72426	1.68696
4.66855	1.66767
4.75651	1.52042
4.9123	1.48684
5.21425	1.44895
5.06895	1.52296
5.35811	1.54173
5.48421	1.67627
5.58435	1.84721
5.63426	2.04951
5.61404	2.26385
5.18773	1.61797
5.29174	1.70758
5.39433	1.81764
5.46122	1.96339
5.47291	2.1274
5.55203	2.6964
5.52878	2.45394
5.42932	2.2917
5.44291	2.86473
5.3243	2.9758
5.20208	3.05863
5.08126	3.07024
4.97712	3.05257
4.88662	3.01619
4.80525	2.96152
4.62924	2.84586
4.73808	2.88384
4.57547	2.71109
4.52576	2.53229
4.53039	2.34904
5.37843	2.7254
5.42683	2.58341
5.33991	2.44257
5.3168	2.83794
5.21008	2.97037
5.24879	2.90542
5.12247	2.98754
5.03485	2.98756
4.95844	2.9675
4.89229	2.9354
4.83443	2.88718
5.15368	2.90911
5.07669	2.9325
5.00989	2.9266
4.9493	2.90549
4.90511	2.87672
5.21541	2.83676
5.26143	2.74617
5.2998	2.60812
4.84692	1.66778
4.96569	1.62443
5.06489	1.67404
5.14372	1.76188
5.2498	1.82309
5.32574	1.92205
5.35235	2.04334
5.33501	2.17152
5.27711	2.29628
4.96232	1.75381
5.04673	1.77015
5.1507	1.85054
5.07083	1.83643
5.22504	1.9092
5.25557	1.9944
5.25434	2.08975
5.22068	2.18711
4.99986	1.83693
4.9326	1.84418
4.87698	1.7772
4.77723	1.7737
4.64916	1.81853
4.52906	1.92799
4.46926	2.06477
4.55536	2.18662
4.85828	1.8538
4.75952	1.8705
4.66437	1.94003
4.60913	2.04903
4.97143	2.84949
4.98684	2.88647
5	2.85715
5.01636	2.88351
4.93112	2.84608
4.95051	2.82858
5.05123	2.89042
5.02858	2.84949
5.0999	2.87758
5.06469	2.85572
5.04949	2.82857
5.14402	2.84201
5.08799	2.82514
5.05715	2.8
4.90897	2.81882
4.94285	2.8
4.85693	2.83164
4.78307	2.81936
4.69614	2.78072
5.08808	2.78417
5.12706	2.79769
5.04949	2.77142
5.17913	2.77497
5.19464	2.71149
5.22021	2.65655
5.12462	2.75657
5.14888	2.72179
5.08504	2.74979
5.10264	2.71149
5.02857	2.75051
5.05742	2.72853
5.17403	2.58671
5.22388	2.50416
5.16445	2.39814
5.15924	2.27861
5.13614	2.66168
5	2.74285
5.02327	2.71352
5.06081	2.67598
5.10696	2.51055
5.08254	2.6035
5.00966	2.67305
5.01265	2.61999
4.98481	2.70969
4.97142	2.75051
4.91431	2.77824
4.95051	2.77143
4.87032	2.78304
4.81977	2.77783
4.76837	2.72443
4.68654	2.68213
4.66483	2.57563
4.70087	2.42773
4.68392	2.27467
4.6841	2.14591
4.7363	2.03199
4.75853	1.94874
4.83621	1.91787
4.91856	1.91039
4.97	1.89309
5.02903	1.88905
5.08526	1.89261
5.15277	1.91193
5.17946	1.96782
5.18557	2.0367
5.17206	2.10986
5.12755	2.18477
5.11776	1.95018
5.07712	1.93254
5.02857	1.95051
5.07458	1.95729
5.04949	1.97142
5	1.94285
5.00012	1.9173
4.97142	1.95051
4.95051	1.97143
4.92514	1.95267
4.87918	1.9582
5.08806	1.98557
5.05715	2
5.1309	2.00314
5.12374	2.05624
5.08629	2.02348
5.04949	2.02857
4.81866	1.98476
5.10932	2.11136
5.06991	2.06189
5.02858	2.04949
5.06613	2.10899
5.04115	2.08604
5.00958	2.08875
5	2.05715
5.06783	2.15401
5.07452	2.25416
5.05017	2.20405
4.822	2.0525
4.77118	2.1134
4.79571	2.20394
4.94285	2
4.91283	1.98647
4.87168	2.01118
4.91589	2.02611
4.95051	2.02858
4.88459	2.06353
4.84378	2.12106
4.93711	2.06515
4.97143	2.04949
4.90458	2.11703
4.97481	2.08384
4.94852	2.11278
4.88725	2.1868
4.9495	2.16503
5.0511	2.32972
5.02387	2.42972
5.02921	2.12597
5.00745	2.17321
4.98644	2.12712
5.00276	2.53959
4.97362	2.23957
4.87898	2.26571
4.80807	2.3338
4.93829	2.34453
4.88914	2.4452
4.78766	2.52804
4.89399	2.53664
4.7615	2.62656
4.85175	2.60096
4.93978	2.59891
4.96391	2.66005
4.83318	2.67152
4.83977	2.73204
4.88658	2.74763
4.89012	2.7071
4.90448	2.6561
4.92782	2.74357
4.94331	2.70737