1	2	3
4	5	2
6	7	8
9	10	11
12	13	14
15	16	13
17	18	19
20	1	18
21	22	15
23	24	22
25	26	27
28	12	26
29	25	4
30	31	28
32	21	31
33	34	20
35	29	34
36	37	35
38	30	37
39	40	41
42	17	40
43	44	42
45	33	44
46	36	45
47	48	23
49	50	48
51	52	32
53	47	52
54	51	38
55	56	57
58	39	56
59	60	49
61	62	60
63	64	53
65	59	64
66	67	58
68	43	67
69	70	71
72	55	70
73	74	61
75	76	74
77	78	46
79	80	78
81	54	80
82	83	81
84	63	83
85	86	68
87	77	86
88	89	90
91	69	89
92	93	75
94	95	93
96	97	65
98	99	97
100	73	99
101	102	84
103	96	102
104	105	100
106	92	105
107	108	72
109	110	108
111	66	110
112	113	111
114	85	113
115	116	91
117	107	116
118	119	120
121	88	119
122	123	94
124	125	123
126	127	128
129	118	127
130	131	132
133	126	131
134	135	136
137	130	135
138	139	140
141	134	139
142	143	144
145	138	143
146	147	148
149	142	147
150	151	6
152	146	151
153	154	155
156	150	154
157	158	9
159	153	158
160	161	162
163	157	161
164	165	166
167	160	165
168	169	156
170	152	169
171	168	159
163	172	171
173	149	170
174	175	167
176	172	175
177	173	176
178	179	177
180	145	179
181	178	174
182	183	164
184	181	183
185	182	186
187	188	189
190	185	188
191	192	190
193	184	192
194	180	193
195	196	194
197	141	196
198	199	200
201	187	199
202	203	197
204	137	203
205	206	207
208	198	206
209	210	124
211	205	210
212	213	191
214	195	213
215	202	214
216	217	201
218	212	217
219	220	208
221	216	220
222	223	211
224	219	223
225	226	209
227	222	226
228	229	122
230	225	229
231	232	106
233	228	232
234	235	204
236	237	235
238	133	237
239	240	215
241	234	240
242	243	218
244	239	243
245	242	221
246	247	238
248	129	247
249	250	248
251	252	250
253	121	252
254	255	253
256	115	255
257	258	224
259	260	258
261	245	260
262	263	261
264	244	263
265	266	264
267	241	266
268	269	267
270	236	269
271	246	270
272	273	227
274	257	273
275	276	230
277	272	276
278	279	233
280	275	279
281	282	231
283	278	282
284	285	104
286	287	285
288	281	287
289	290	98
291	284	290
292	289	103
293	294	79
295	82	294
296	293	87
297	298	295
299	101	298
300	301	114
302	296	301
303	304	302
305	297	304
306	307	299
308	292	307
309	310	305
311	306	310
312	313	308
314	291	313
315	286	314
316	317	311
318	319	317
320	312	319
321	322	251
323	254	322
324	325	249
326	321	325
327	328	271
329	324	328
330	331	268
332	327	331
333	334	265
335	330	334
336	337	262
338	333	337
339	336	259
340	341	274
342	339	341
343	344	277
345	346	344
347	340	346
348	349	280
350	343	349
351	352	283
353	348	352
354	355	288
356	351	355
357	358	315
359	354	358
360	361	320
362	357	361
363	364	323
365	256	364
366	367	365
368	369	367
370	117	369
371	372	370
373	109	372
374	112	373
375	376	374
377	300	376
378	379	377
380	303	379
381	382	371
383	375	382
384	381	368
385	386	380
387	309	386
388	389	387
390	316	389
391	392	383
393	394	392
395	378	394
396	397	395
398	385	397
399	400	362
401	359	400
402	403	401
404	405	403
406	356	405
407	408	406
409	353	408
410	411	409
412	413	411
414	350	413
415	416	414
417	345	416
418	419	404
420	407	419
421	422	420
423	410	422
424	425	402
426	418	425
427	428	399
429	430	428
431	424	430
432	433	360
434	427	433
435	436	318
437	432	436
438	435	390
439	440	398
441	388	440
442	443	441
444	438	443
445	446	444
447	437	446
448	449	447
450	434	449
451	429	450
452	453	393
454	396	453
455	456	454
457	439	456
458	459	391
460	461	459
462	452	461
463	464	384
465	458	464
466	467	366
468	463	467
469	470	363
471	466	470
472	473	326
474	469	473
475	476	329
477	478	476
479	472	478
480	481	332
482	475	481
483	484	335
485	480	484
486	487	338
488	483	487
489	490	342
491	486	490
492	493	347
494	489	493
495	492	417
496	497	494
498	491	497
499	500	495
501	496	500
502	503	415
504	499	503
505	506	412
507	502	506
508	505	423
509	510	498
511	512	510
513	488	512
514	515	513
516	485	515
517	518	516
519	482	518
520	477	519
521	522	465
523	460	522
524	525	468
526	521	525
527	528	471
529	524	528
530	531	474
532	533	531
534	527	533
535	536	479
537	530	536
538	539	520
540	535	539
541	542	517
543	538	542
544	545	514
546	541	545
547	548	511
549	544	548
550	551	537
552	532	551
553	554	540
555	550	554
556	557	543
558	553	557
559	560	546
561	556	560
562	563	549
564	559	563
565	566	501
567	509	566
568	569	567
570	547	569
571	572	570
573	562	572
574	575	504
576	565	575
577	578	507
579	574	578
580	581	508
582	577	581
583	584	421
585	580	584
586	587	426
588	583	587
589	590	431
591	586	590
592	593	451
594	589	593
595	596	448
597	598	596
599	592	598
600	601	445
602	595	601
603	604	442
605	600	604
606	607	457
608	603	607
609	610	576
611	612	610
613	568	612
614	615	613
616	571	615
617	618	579
619	609	618
620	621	582
622	623	621
624	617	623
625	626	585
627	620	626
628	629	588
630	625	629
631	632	591
633	628	632
634	635	594
636	631	635
637	638	599
639	634	638
640	641	627
642	622	641
643	644	630
645	640	644
646	647	633
648	643	647
649	650	636
651	646	650
652	653	639
654	649	653
655	656	642
657	624	656
658	659	657
660	619	659
661	662	660
663	611	662
664	614	663
665	666	529
667	526	666
668	669	534
670	665	669
671	672	552
673	668	672
674	675	555
676	671	675
677	678	558
679	674	678
680	681	561
682	677	681
683	684	564
685	680	684
686	687	573
688	683	687
689	690	616
691	686	690
692	693	673
694	670	693
695	696	676
697	692	696
698	699	679
700	701	699
702	695	701
703	704	682
705	698	704
706	707	685
708	703	707
709	710	688
711	706	710
712	713	691
714	709	713
715	716	702
717	697	716
718	719	717
720	721	719
722	694	721
723	724	722
725	667	724
726	727	725
728	523	727
729	730	728
731	462	730
732	733	731
734	455	733
735	736	734
737	606	736
738	739	720
740	723	739
741	742	740
743	726	742
744	745	743
746	729	745
747	748	746
749	732	748
750	735	749
751	752	654
753	651	754
755	756	757
758	753	756
759	760	751
761	762	760
763	764	758
765	648	764
766	767	755
768	763	767
769	770	765
771	645	770
772	773	768
774	769	773
775	772	776
777	778	771
779	655	778
780	781	774
782	777	781
783	780	775
784	783	785
786	787	761
788	789	787
790	786	759
791	792	652
793	790	792
794	795	637
796	791	795
797	798	597
799	794	798
800	797	602
801	802	784
803	804	802
805	782	804
806	801	807
808	809	805
810	779	809
811	658	810
812	813	811
814	815	813
816	661	815
817	818	808
819	820	818
821	812	820
822	817	803
823	824	806
825	822	824
826	827	825
828	819	827
829	830	831
832	823	830
833	826	832
834	835	816
836	837	835
838	664	837
839	840	838
841	689	840
842	843	841
844	712	843
845	846	814
847	834	846
848	845	821
849	848	828
850	851	852
853	829	851
854	855	853
856	833	855
857	849	856
858	859	836
860	839	859
861	862	847
863	858	862
864	861	857
865	866	854
867	868	866
869	864	868
870	871	850
872	865	871
873	870	874
875	876	788
877	878	876
879	880	793
881	875	880
882	883	796
884	879	883
885	886	799
887	882	886
888	889	800
890	885	889
891	892	605
893	888	892
894	895	608
896	891	895
897	898	737
899	894	898
900	901	750
902	897	901
903	904	747
905	900	904
906	907	744
908	903	907
909	910	741
911	906	910
912	913	738
914	909	913
915	916	718
917	912	916
918	919	715
920	915	919
921	922	700
923	918	922
924	925	705
926	921	925
927	928	708
929	924	928
930	931	711
932	927	931
933	934	714
935	930	934
936	937	844
938	933	937
939	940	929
941	926	940
942	943	944
945	923	943
946	947	942
948	949	947
950	951	952
953	945	951
954	920	953
955	956	954
957	917	956
950	958	955
959	960	961
962	957	960
963	964	962
965	914	964
966	967	948
968	969	967
970	966	971
972	973	939
974	970	973
975	972	932
976	977	935
978	975	977
979	980	978
981	974	980
982	968	981
983	984	982
985	986	965
987	911	986
988	908	987
989	990	938
991	976	990
992	993	991
994	979	993
995	983	994
996	997	995
998	999	992
1000	1001	999
1002	996	1001
1003	1004	1002
1005	1006	1004
1007	1008	989
1009	998	1008
1010	1011	936
1012	1013	1011
1014	1007	1013
1015	1016	988
1017	1018	1016
1019	905	1018
1020	1021	1019
1022	902	1021
1023	1024	1025
1026	959	1024
1027	963	1026
1028	1029	1027
1030	985	1029
1031	1015	1030
1032	1033	1023
1034	1028	1033
1035	1032	1036
1037	1038	1034
1039	1031	1038
1040	1041	1039
1042	1017	1041
1043	1020	1042
1044	1045	1035
1046	1037	1045
1047	1044	1048
1049	1050	1046
1051	1040	1050
1052	1053	1047
1054	1055	1053
1056	1049	1055
1057	1052	1058
1059	1057	1005
1060	1061	1051
1062	1043	1061
1063	1064	1056
1065	1060	1064
1066	1067	842
1068	1010	1067
1069	1070	860
1071	1066	1070
1072	1073	1000
1074	1003	1073
1075	1072	1009
1076	1077	1014
1078	1075	1077
1079	1080	1074
1081	1059	1080
1082	1079	1078
1083	1054	1081
1084	1063	1083
1085	1084	1082
1086	1087	863
1088	1069	1087
1089	1086	869
1090	1091	1068
1092	1012	1091
1093	1076	1092
1094	1085	1093
1095	1065	1094
1096	1097	1095
1098	1062	1097
1099	1100	1098
1101	1022	1100
1102	899	1101
1103	1104	1090
1105	1096	1104
1106	1099	1105
1107	1103	1071
1108	1109	1106
1110	1102	1109
1111	1108	1107
1112	1111	1088
1113	1114	1110
1115	896	1114
1116	1117	1112
1118	1113	1117
1119	1120	1115
1121	893	1120
1122	890	1121
1123	1124	1118
1125	1119	1124
1126	1127	1116
1128	1123	1127
1129	1126	1089
1130	1131	867
1132	1129	1131
1133	1130	872
1134	1135	1125
1136	1122	1135
1137	1138	1136
1139	887	1138
1140	884	1139
1141	1142	1140
1143	881	1142
1144	1145	1137
1146	1141	1145
1147	1148	1128
1149	1134	1148
1150	1147	1132
1151	1144	1149
1152	1153	1143
1154	877	1153
1155	1152	1146
1156	1157	1154
1158	1159	1156
1160	873	1159
1161	1158	1155
1162	1133	1160
1163	1150	1162
1161	1151	1163
757	1164	1165
1164	754	752
971	946	1166
1166	944	941
1167	3	2
1168	1	3
1169	2	1
1167	2	5
1169	4	2
1170	5	4
1171	8	7
1172	6	8
1173	7	6
1174	11	10
1175	9	11
1176	10	9
1177	14	13
1178	12	14
1179	13	12
1177	13	16
1179	15	13
1180	16	15
1168	19	18
1181	17	19
1182	18	17
1168	18	1
1182	20	18
1169	1	20
1180	15	22
1179	21	15
1183	22	21
1180	22	24
1183	23	22
1184	24	23
1178	27	26
1170	25	27
1185	26	25
1178	26	12
1185	28	26
1179	12	28
1170	4	25
1169	29	4
1185	25	29
1179	28	31
1185	30	28
1186	31	30
1179	31	21
1186	32	31
1183	21	32
1169	20	34
1182	33	20
1187	34	33
1169	34	29
1187	35	34
1185	29	35
1185	35	37
1187	36	35
1188	37	36
1185	37	30
1188	38	37
1186	30	38
1181	41	40
1189	39	41
1190	40	39
1181	40	17
1190	42	40
1182	17	42
1182	42	44
1190	43	42
1191	44	43
1182	44	33
1191	45	44
1187	33	45
1187	45	36
1191	46	45
1188	36	46
1184	23	48
1183	47	23
1192	48	47
1184	48	50
1192	49	48
1193	50	49
1183	32	52
1186	51	32
1194	52	51
1183	52	47
1194	53	52
1192	47	53
1186	38	51
1188	54	38
1194	51	54
1189	57	56
1195	55	57
1196	56	55
1189	56	39
1196	58	56
1190	39	58
1193	49	60
1192	59	49
1197	60	59
1193	60	62
1197	61	60
1198	62	61
1192	53	64
1194	63	53
1199	64	63
1192	64	59
1199	65	64
1197	59	65
1190	58	67
1196	66	58
1200	67	66
1190	67	43
1200	68	67
1191	43	68
1195	71	70
1201	69	71
1202	70	69
1195	70	55
1202	72	70
1196	55	72
1198	61	74
1197	73	61
1203	74	73
1198	74	76
1203	75	74
1204	76	75
1188	46	78
1191	77	46
1205	78	77
1188	78	80
1205	79	78
1206	80	79
1188	80	54
1206	81	80
1194	54	81
1194	81	83
1206	82	81
1207	83	82
1194	83	63
1207	84	83
1199	63	84
1191	68	86
1200	85	68
1208	86	85
1191	86	77
1208	87	86
1205	77	87
1201	90	89
1209	88	90
1210	89	88
1201	89	69
1210	91	89
1202	69	91
1204	75	93
1203	92	75
1211	93	92
1204	93	95
1211	94	93
1212	95	94
1197	65	97
1199	96	65
1213	97	96
1197	97	99
1213	98	97
1214	99	98
1197	99	73
1214	100	99
1203	73	100
1199	84	102
1207	101	84
1215	102	101
1199	102	96
1215	103	102
1213	96	103
1203	100	105
1214	104	100
1216	105	104
1203	105	92
1216	106	105
1211	92	106
1196	72	108
1202	107	72
1217	108	107
1196	108	110
1217	109	108
1218	110	109
1196	110	66
1218	111	110
1200	66	111
1200	111	113
1218	112	111
1219	113	112
1200	113	85
1219	114	113
1208	85	114
1202	91	116
1210	115	91
1220	116	115
1202	116	107
1220	117	116
1217	107	117
1209	120	119
1221	118	120
1222	119	118
1209	119	88
1222	121	119
1210	88	121
1212	94	123
1211	122	94
1223	123	122
1212	123	125
1223	124	123
1224	125	124
1221	128	127
1225	126	128
1226	127	126
1221	127	118
1226	129	127
1222	118	129
1225	132	131
1227	130	132
1228	131	130
1225	131	126
1228	133	131
1226	126	133
1227	136	135
1229	134	136
1230	135	134
1227	135	130
1230	137	135
1228	130	137
1229	140	139
1231	138	140
1232	139	138
1229	139	134
1232	141	139
1230	134	141
1231	144	143
1233	142	144
1234	143	142
1231	143	138
1234	145	143
1232	138	145
1233	148	147
1173	146	148
1235	147	146
1233	147	142
1235	149	147
1234	142	149
1173	6	151
1172	150	6
1236	151	150
1173	151	146
1236	152	151
1235	146	152
1172	155	154
1176	153	155
1237	154	153
1172	154	150
1237	156	154
1236	150	156
1176	9	158
1175	157	9
1238	158	157
1176	158	153
1238	159	158
1237	153	159
1175	162	161
1239	160	162
1240	161	160
1175	161	157
1240	163	161
1238	157	163
1239	166	165
1241	164	166
1242	165	164
1239	165	160
1242	167	165
1240	160	167
1236	156	169
1237	168	156
1243	169	168
1236	169	152
1243	170	169
1235	152	170
1237	159	168
1238	171	159
1243	168	171
1243	171	172
1238	163	171
1240	172	163
1235	170	149
1243	173	170
1234	149	173
1240	167	175
1242	174	167
1244	175	174
1240	175	172
1244	176	175
1243	172	176
1243	176	173
1244	177	176
1234	173	177
1234	177	179
1244	178	177
1245	179	178
1234	179	145
1245	180	179
1232	145	180
1244	174	178
1242	181	174
1245	178	181
1242	164	183
1241	182	164
1246	183	182
1242	183	181
1246	184	183
1245	181	184
1241	186	182
1247	185	186
1246	182	185
1247	189	188
1248	187	189
1249	188	187
1247	188	185
1249	190	188
1246	185	190
1246	190	192
1249	191	190
1250	192	191
1246	192	184
1250	193	192
1245	184	193
1245	193	180
1250	194	193
1232	180	194
1232	194	196
1250	195	194
1251	196	195
1232	196	141
1251	197	196
1230	141	197
1248	200	199
1252	198	200
1253	199	198
1248	199	187
1253	201	199
1249	187	201
1230	197	203
1251	202	197
1254	203	202
1230	203	137
1254	204	203
1228	137	204
1252	207	206
1224	205	207
1255	206	205
1252	206	198
1255	208	206
1253	198	208
1224	124	210
1223	209	124
1256	210	209
1224	210	205
1256	211	210
1255	205	211
1250	191	213
1249	212	191
1257	213	212
1250	213	195
1257	214	213
1251	195	214
1251	214	202
1257	215	214
1254	202	215
1249	201	217
1253	216	201
1258	217	216
1249	217	212
1258	218	217
1257	212	218
1253	208	220
1255	219	208
1259	220	219
1253	220	216
1259	221	220
1258	216	221
1255	211	223
1256	222	211
1260	223	222
1255	223	219
1260	224	223
1259	219	224
1256	209	226
1223	225	209
1261	226	225
1256	226	222
1261	227	226
1260	222	227
1223	122	229
1211	228	122
1262	229	228
1223	229	225
1262	230	229
1261	225	230
1211	106	232
1216	231	106
1263	232	231
1211	232	228
1263	233	232
1262	228	233
1228	204	235
1254	234	204
1264	235	234
1228	235	237
1264	236	235
1265	237	236
1228	237	133
1265	238	237
1226	133	238
1254	215	240
1257	239	215
1266	240	239
1254	240	234
1266	241	240
1264	234	241
1257	218	243
1258	242	218
1267	243	242
1257	243	239
1267	244	243
1266	239	244
1258	221	242
1259	245	221
1267	242	245
1226	238	247
1265	246	238
1268	247	246
1226	247	129
1268	248	247
1222	129	248
1222	248	250
1268	249	248
1269	250	249
1222	250	252
1269	251	250
1270	252	251
1222	252	121
1270	253	252
1210	121	253
1210	253	255
1270	254	253
1271	255	254
1210	255	115
1271	256	255
1220	115	256
1259	224	258
1260	257	224
1272	258	257
1259	258	260
1272	259	258
1273	260	259
1259	260	245
1273	261	260
1267	245	261
1267	261	263
1273	262	261
1274	263	262
1267	263	244
1274	264	263
1266	244	264
1266	264	266
1274	265	264
1275	266	265
1266	266	241
1275	267	266
1264	241	267
1264	267	269
1275	268	267
1276	269	268
1264	269	236
1276	270	269
1265	236	270
1265	270	246
1276	271	270
1268	246	271
1260	227	273
1261	272	227
1277	273	272
1260	273	257
1277	274	273
1272	257	274
1261	230	276
1262	275	230
1278	276	275
1261	276	272
1278	277	276
1277	272	277
1262	233	279
1263	278	233
1279	279	278
1262	279	275
1279	280	279
1278	275	280
1263	231	282
1216	281	231
1280	282	281
1263	282	278
1280	283	282
1279	278	283
1216	104	285
1214	284	104
1281	285	284
1216	285	287
1281	286	285
1282	287	286
1216	287	281
1282	288	287
1280	281	288
1214	98	290
1213	289	98
1283	290	289
1214	290	284
1283	291	290
1281	284	291
1213	103	289
1215	292	103
1283	289	292
1206	79	294
1205	293	79
1284	294	293
1206	294	82
1284	295	294
1207	82	295
1205	87	293
1208	296	87
1284	293	296
1207	295	298
1284	297	295
1285	298	297
1207	298	101
1285	299	298
1215	101	299
1208	114	301
1219	300	114
1286	301	300
1208	301	296
1286	302	301
1284	296	302
1284	302	304
1286	303	302
1287	304	303
1284	304	297
1287	305	304
1285	297	305
1215	299	307
1285	306	299
1288	307	306
1215	307	292
1288	308	307
1283	292	308
1285	305	310
1287	309	305
1289	310	309
1285	310	306
1289	311	310
1288	306	311
1283	308	313
1288	312	308
1290	313	312
1283	313	291
1290	314	313
1281	291	314
1281	314	286
1290	315	314
1282	286	315
1288	311	317
1289	316	311
1291	317	316
1288	317	319
1291	318	317
1292	319	318
1288	319	312
1292	320	319
1290	312	320
1270	251	322
1269	321	251
1293	322	321
1270	322	254
1293	323	322
1271	254	323
1269	249	325
1268	324	249
1294	325	324
1269	325	321
1294	326	325
1293	321	326
1268	271	328
1276	327	271
1295	328	327
1268	328	324
1295	329	328
1294	324	329
1276	268	331
1275	330	268
1296	331	330
1276	331	327
1296	332	331
1295	327	332
1275	265	334
1274	333	265
1297	334	333
1275	334	330
1297	335	334
1296	330	335
1274	262	337
1273	336	262
1298	337	336
1274	337	333
1298	338	337
1297	333	338
1273	259	336
1272	339	259
1298	336	339
1272	274	341
1277	340	274
1299	341	340
1272	341	339
1299	342	341
1298	339	342
1277	277	344
1278	343	277
1300	344	343
1277	344	346
1300	345	344
1301	346	345
1277	346	340
1301	347	346
1299	340	347
1278	280	349
1279	348	280
1302	349	348
1278	349	343
1302	350	349
1300	343	350
1279	283	352
1280	351	283
1303	352	351
1279	352	348
1303	353	352
1302	348	353
1280	288	355
1282	354	288
1304	355	354
1280	355	351
1304	356	355
1303	351	356
1282	315	358
1290	357	315
1305	358	357
1282	358	354
1305	359	358
1304	354	359
1290	320	361
1292	360	320
1306	361	360
1290	361	357
1306	362	361
1305	357	362
1271	323	364
1293	363	323
1307	364	363
1271	364	256
1307	365	364
1220	256	365
1220	365	367
1307	366	365
1308	367	366
1220	367	369
1308	368	367
1309	369	368
1220	369	117
1309	370	369
1217	117	370
1217	370	372
1309	371	370
1310	372	371
1217	372	109
1310	373	372
1218	109	373
1218	373	112
1310	374	373
1219	112	374
1219	374	376
1310	375	374
1311	376	375
1219	376	300
1311	377	376
1286	300	377
1286	377	379
1311	378	377
1312	379	378
1286	379	303
1312	380	379
1287	303	380
1310	371	382
1309	381	371
1313	382	381
1310	382	375
1313	383	382
1311	375	383
1309	368	381
1308	384	368
1313	381	384
1287	380	386
1312	385	380
1314	386	385
1287	386	309
1314	387	386
1289	309	387
1289	387	389
1314	388	387
1315	389	388
1289	389	316
1315	390	389
1291	316	390
1311	383	392
1313	391	383
1316	392	391
1311	392	394
1316	393	392
1317	394	393
1311	394	378
1317	395	394
1312	378	395
1312	395	397
1317	396	395
1318	397	396
1312	397	385
1318	398	397
1314	385	398
1305	362	400
1306	399	362
1319	400	399
1305	400	359
1319	401	400
1304	359	401
1304	401	403
1319	402	401
1320	403	402
1304	403	405
1320	404	403
1321	405	404
1304	405	356
1321	406	405
1303	356	406
1303	406	408
1321	407	406
1322	408	407
1303	408	353
1322	409	408
1302	353	409
1302	409	411
1322	410	409
1323	411	410
1302	411	413
1323	412	411
1324	413	412
1302	413	350
1324	414	413
1300	350	414
1300	414	416
1324	415	414
1325	416	415
1300	416	345
1325	417	416
1301	345	417
1321	404	419
1320	418	404
1326	419	418
1321	419	407
1326	420	419
1322	407	420
1322	420	422
1326	421	420
1327	422	421
1322	422	410
1327	423	422
1323	410	423
1320	402	425
1319	424	402
1328	425	424
1320	425	418
1328	426	425
1326	418	426
1319	399	428
1306	427	399
1329	428	427
1319	428	430
1329	429	428
1330	430	429
1319	430	424
1330	431	430
1328	424	431
1306	360	433
1292	432	360
1331	433	432
1306	433	427
1331	434	433
1329	427	434
1292	318	436
1291	435	318
1332	436	435
1292	436	432
1332	437	436
1331	432	437
1291	390	435
1315	438	390
1332	435	438
1314	398	440
1318	439	398
1333	440	439
1314	440	388
1333	441	440
1315	388	441
1315	441	443
1333	442	441
1334	443	442
1315	443	438
1334	444	443
1332	438	444
1332	444	446
1334	445	444
1335	446	445
1332	446	437
1335	447	446
1331	437	447
1331	447	449
1335	448	447
1336	449	448
1331	449	434
1336	450	449
1329	434	450
1329	450	429
1336	451	450
1330	429	451
1317	393	453
1316	452	393
1337	453	452
1317	453	396
1337	454	453
1318	396	454
1318	454	456
1337	455	454
1338	456	455
1318	456	439
1338	457	456
1333	439	457
1316	391	459
1313	458	391
1339	459	458
1316	459	461
1339	460	459
1340	461	460
1316	461	452
1340	462	461
1337	452	462
1313	384	464
1308	463	384
1341	464	463
1313	464	458
1341	465	464
1339	458	465
1308	366	467
1307	466	366
1342	467	466
1308	467	463
1342	468	467
1341	463	468
1307	363	470
1293	469	363
1343	470	469
1307	470	466
1343	471	470
1342	466	471
1293	326	473
1294	472	326
1344	473	472
1293	473	469
1344	474	473
1343	469	474
1294	329	476
1295	475	329
1345	476	475
1294	476	478
1345	477	476
1346	478	477
1294	478	472
1346	479	478
1344	472	479
1295	332	481
1296	480	332
1347	481	480
1295	481	475
1347	482	481
1345	475	482
1296	335	484
1297	483	335
1348	484	483
1296	484	480
1348	485	484
1347	480	485
1297	338	487
1298	486	338
1349	487	486
1297	487	483
1349	488	487
1348	483	488
1298	342	490
1299	489	342
1350	490	489
1298	490	486
1350	491	490
1349	486	491
1299	347	493
1301	492	347
1351	493	492
1299	493	489
1351	494	493
1350	489	494
1301	417	492
1325	495	417
1351	492	495
1350	494	497
1351	496	494
1352	497	496
1350	497	491
1352	498	497
1349	491	498
1351	495	500
1325	499	495
1353	500	499
1351	500	496
1353	501	500
1352	496	501
1325	415	503
1324	502	415
1354	503	502
1325	503	499
1354	504	503
1353	499	504
1324	412	506
1323	505	412
1355	506	505
1324	506	502
1355	507	506
1354	502	507
1323	423	505
1327	508	423
1355	505	508
1349	498	510
1352	509	498
1356	510	509
1349	510	512
1356	511	510
1357	512	511
1349	512	488
1357	513	512
1348	488	513
1348	513	515
1357	514	513
1358	515	514
1348	515	485
1358	516	515
1347	485	516
1347	516	518
1358	517	516
1359	518	517
1347	518	482
1359	519	518
1345	482	519
1345	519	477
1359	520	519
1346	477	520
1339	465	522
1341	521	465
1360	522	521
1339	522	460
1360	523	522
1340	460	523
1341	468	525
1342	524	468
1361	525	524
1341	525	521
1361	526	525
1360	521	526
1342	471	528
1343	527	471
1362	528	527
1342	528	524
1362	529	528
1361	524	529
1343	474	531
1344	530	474
1363	531	530
1343	531	533
1363	532	531
1364	533	532
1343	533	527
1364	534	533
1362	527	534
1344	479	536
1346	535	479
1365	536	535
1344	536	530
1365	537	536
1363	530	537
1346	520	539
1359	538	520
1366	539	538
1346	539	535
1366	540	539
1365	535	540
1359	517	542
1358	541	517
1367	542	541
1359	542	538
1367	543	542
1366	538	543
1358	514	545
1357	544	514
1368	545	544
1358	545	541
1368	546	545
1367	541	546
1357	511	548
1356	547	511
1369	548	547
1357	548	544
1369	549	548
1368	544	549
1363	537	551
1365	550	537
1370	551	550
1363	551	532
1370	552	551
1364	532	552
1365	540	554
1366	553	540
1371	554	553
1365	554	550
1371	555	554
1370	550	555
1366	543	557
1367	556	543
1372	557	556
1366	557	553
1372	558	557
1371	553	558
1367	546	560
1368	559	546
1373	560	559
1367	560	556
1373	561	560
1372	556	561
1368	549	563
1369	562	549
1374	563	562
1368	563	559
1374	564	563
1373	559	564
1352	501	566
1353	565	501
1375	566	565
1352	566	509
1375	567	566
1356	509	567
1356	567	569
1375	568	567
1376	569	568
1356	569	547
1376	570	569
1369	547	570
1369	570	572
1376	571	570
1377	572	571
1369	572	562
1377	573	572
1374	562	573
1353	504	575
1354	574	504
1378	575	574
1353	575	565
1378	576	575
1375	565	576
1354	507	578
1355	577	507
1379	578	577
1354	578	574
1379	579	578
1378	574	579
1355	508	581
1327	580	508
1380	581	580
1355	581	577
1380	582	581
1379	577	582
1327	421	584
1326	583	421
1381	584	583
1327	584	580
1381	585	584
1380	580	585
1326	426	587
1328	586	426
1382	587	586
1326	587	583
1382	588	587
1381	583	588
1328	431	590
1330	589	431
1383	590	589
1328	590	586
1383	591	590
1382	586	591
1330	451	593
1336	592	451
1384	593	592
1330	593	589
1384	594	593
1383	589	594
1336	448	596
1335	595	448
1385	596	595
1336	596	598
1385	597	596
1386	598	597
1336	598	592
1386	599	598
1384	592	599
1335	445	601
1334	600	445
1387	601	600
1335	601	595
1387	602	601
1385	595	602
1334	442	604
1333	603	442
1388	604	603
1334	604	600
1388	605	604
1387	600	605
1333	457	607
1338	606	457
1389	607	606
1333	607	603
1389	608	607
1388	603	608
1375	576	610
1378	609	576
1390	610	609
1375	610	612
1390	611	610
1391	612	611
1375	612	568
1391	613	612
1376	568	613
1376	613	615
1391	614	613
1392	615	614
1376	615	571
1392	616	615
1377	571	616
1378	579	618
1379	617	579
1393	618	617
1378	618	609
1393	619	618
1390	609	619
1379	582	621
1380	620	582
1394	621	620
1379	621	623
1394	622	621
1395	623	622
1379	623	617
1395	624	623
1393	617	624
1380	585	626
1381	625	585
1396	626	625
1380	626	620
1396	627	626
1394	620	627
1381	588	629
1382	628	588
1397	629	628
1381	629	625
1397	630	629
1396	625	630
1382	591	632
1383	631	591
1398	632	631
1382	632	628
1398	633	632
1397	628	633
1383	594	635
1384	634	594
1399	635	634
1383	635	631
1399	636	635
1398	631	636
1384	599	638
1386	637	599
1400	638	637
1384	638	634
1400	639	638
1399	634	639
1394	627	641
1396	640	627
1401	641	640
1394	641	622
1401	642	641
1395	622	642
1396	630	644
1397	643	630
1402	644	643
1396	644	640
1402	645	644
1401	640	645
1397	633	647
1398	646	633
1403	647	646
1397	647	643
1403	648	647
1402	643	648
1398	636	650
1399	649	636
1404	650	649
1398	650	646
1404	651	650
1403	646	651
1399	639	653
1400	652	639
1405	653	652
1399	653	649
1405	654	653
1404	649	654
1395	642	656
1401	655	642
1406	656	655
1395	656	624
1406	657	656
1393	624	657
1393	657	659
1406	658	657
1407	659	658
1393	659	619
1407	660	659
1390	619	660
1390	660	662
1407	661	660
1408	662	661
1390	662	611
1408	663	662
1391	611	663
1391	663	614
1408	664	663
1392	614	664
1361	529	666
1362	665	529
1409	666	665
1361	666	526
1409	667	666
1360	526	667
1362	534	669
1364	668	534
1410	669	668
1362	669	665
1410	670	669
1409	665	670
1364	552	672
1370	671	552
1411	672	671
1364	672	668
1411	673	672
1410	668	673
1370	555	675
1371	674	555
1412	675	674
1370	675	671
1412	676	675
1411	671	676
1371	558	678
1372	677	558
1413	678	677
1371	678	674
1413	679	678
1412	674	679
1372	561	681
1373	680	561
1414	681	680
1372	681	677
1414	682	681
1413	677	682
1373	564	684
1374	683	564
1415	684	683
1373	684	680
1415	685	684
1414	680	685
1374	573	687
1377	686	573
1416	687	686
1374	687	683
1416	688	687
1415	683	688
1377	616	690
1392	689	616
1417	690	689
1377	690	686
1417	691	690
1416	686	691
1410	673	693
1411	692	673
1418	693	692
1410	693	670
1418	694	693
1409	670	694
1411	676	696
1412	695	676
1419	696	695
1411	696	692
1419	697	696
1418	692	697
1412	679	699
1413	698	679
1420	699	698
1412	699	701
1420	700	699
1421	701	700
1412	701	695
1421	702	701
1419	695	702
1413	682	704
1414	703	682
1422	704	703
1413	704	698
1422	705	704
1420	698	705
1414	685	707
1415	706	685
1423	707	706
1414	707	703
1423	708	707
1422	703	708
1415	688	710
1416	709	688
1424	710	709
1415	710	706
1424	711	710
1423	706	711
1416	691	713
1417	712	691
1425	713	712
1416	713	709
1425	714	713
1424	709	714
1419	702	716
1421	715	702
1426	716	715
1419	716	697
1426	717	716
1418	697	717
1418	717	719
1426	718	717
1427	719	718
1418	719	721
1427	720	719
1428	721	720
1418	721	694
1428	722	721
1409	694	722
1409	722	724
1428	723	722
1429	724	723
1409	724	667
1429	725	724
1360	667	725
1360	725	727
1429	726	725
1430	727	726
1360	727	523
1430	728	727
1340	523	728
1340	728	730
1430	729	728
1431	730	729
1340	730	462
1431	731	730
1337	462	731
1337	731	733
1431	732	731
1432	733	732
1337	733	455
1432	734	733
1338	455	734
1338	734	736
1432	735	734
1433	736	735
1338	736	606
1433	737	736
1389	606	737
1428	720	739
1427	738	720
1434	739	738
1428	739	723
1434	740	739
1429	723	740
1429	740	742
1434	741	740
1435	742	741
1429	742	726
1435	743	742
1430	726	743
1430	743	745
1435	744	743
1436	745	744
1430	745	729
1436	746	745
1431	729	746
1431	746	748
1436	747	746
1437	748	747
1431	748	732
1437	749	748
1432	732	749
1432	749	735
1437	750	749
1433	735	750
1404	654	752
1405	751	654
1438	752	751
1404	754	651
1439	753	754
1403	651	753
1439	757	756
1440	755	757
1441	756	755
1439	756	753
1441	758	756
1403	753	758
1438	751	760
1405	759	751
1442	760	759
1438	760	762
1442	761	760
1443	762	761
1403	758	764
1441	763	758
1444	764	763
1403	764	648
1444	765	764
1402	648	765
1441	755	767
1440	766	755
1445	767	766
1441	767	763
1445	768	767
1444	763	768
1402	765	770
1444	769	765
1446	770	769
1402	770	645
1446	771	770
1401	645	771
1444	768	773
1445	772	768
1447	773	772
1444	773	769
1447	774	773
1446	769	774
1445	776	772
1448	775	776
1447	772	775
1401	771	778
1446	777	771
1449	778	777
1401	778	655
1449	779	778
1406	655	779
1446	774	781
1447	780	774
1450	781	780
1446	781	777
1450	782	781
1449	777	782
1447	775	780
1448	783	775
1450	780	783
1448	785	783
1451	784	785
1450	783	784
1443	761	787
1442	786	761
1452	787	786
1443	787	789
1452	788	787
1453	789	788
1442	759	786
1405	790	759
1452	786	790
1405	652	792
1400	791	652
1454	792	791
1405	792	790
1454	793	792
1452	790	793
1400	637	795
1386	794	637
1455	795	794
1400	795	791
1455	796	795
1454	791	796
1386	597	798
1385	797	597
1456	798	797
1386	798	794
1456	799	798
1455	794	799
1385	602	797
1387	800	602
1456	797	800
1450	784	802
1451	801	784
1457	802	801
1450	802	804
1457	803	802
1458	804	803
1450	804	782
1458	805	804
1449	782	805
1451	807	801
1459	806	807
1457	801	806
1449	805	809
1458	808	805
1460	809	808
1449	809	779
1460	810	809
1406	779	810
1406	810	658
1460	811	810
1407	658	811
1407	811	813
1460	812	811
1461	813	812
1407	813	815
1461	814	813
1462	815	814
1407	815	661
1462	816	815
1408	661	816
1460	808	818
1458	817	808
1463	818	817
1460	818	820
1463	819	818
1464	820	819
1460	820	812
1464	821	820
1461	812	821
1458	803	817
1457	822	803
1463	817	822
1457	806	824
1459	823	806
1465	824	823
1457	824	822
1465	825	824
1463	822	825
1463	825	827
1465	826	825
1466	827	826
1463	827	819
1466	828	827
1464	819	828
1459	831	830
1467	829	831
1468	830	829
1459	830	823
1468	832	830
1465	823	832
1465	832	826
1468	833	832
1466	826	833
1408	816	835
1462	834	816
1469	835	834
1408	835	837
1469	836	835
1470	837	836
1408	837	664
1470	838	837
1392	664	838
1392	838	840
1470	839	838
1471	840	839
1392	840	689
1471	841	840
1417	689	841
1417	841	843
1471	842	841
1472	843	842
1417	843	712
1472	844	843
1425	712	844
1462	814	846
1461	845	814
1473	846	845
1462	846	834
1473	847	846
1469	834	847
1461	821	845
1464	848	821
1473	845	848
1464	828	848
1466	849	828
1473	848	849
1467	852	851
1474	850	852
1475	851	850
1467	851	829
1475	853	851
1468	829	853
1468	853	855
1475	854	853
1476	855	854
1468	855	833
1476	856	855
1466	833	856
1466	856	849
1476	857	856
1473	849	857
1470	836	859
1469	858	836
1477	859	858
1470	859	839
1477	860	859
1471	839	860
1469	847	862
1473	861	847
1478	862	861
1469	862	858
1478	863	862
1477	858	863
1473	857	861
1476	864	857
1478	861	864
1476	854	866
1475	865	854
1479	866	865
1476	866	868
1479	867	866
1480	868	867
1476	868	864
1480	869	868
1478	864	869
1475	850	871
1474	870	850
1481	871	870
1475	871	865
1481	872	871
1479	865	872
1474	874	870
1482	873	874
1481	870	873
1453	788	876
1452	875	788
1483	876	875
1453	876	878
1483	877	876
1484	878	877
1452	793	880
1454	879	793
1485	880	879
1452	880	875
1485	881	880
1483	875	881
1454	796	883
1455	882	796
1486	883	882
1454	883	879
1486	884	883
1485	879	884
1455	799	886
1456	885	799
1487	886	885
1455	886	882
1487	887	886
1486	882	887
1456	800	889
1387	888	800
1488	889	888
1456	889	885
1488	890	889
1487	885	890
1387	605	892
1388	891	605
1489	892	891
1387	892	888
1489	893	892
1488	888	893
1388	608	895
1389	894	608
1490	895	894
1388	895	891
1490	896	895
1489	891	896
1389	737	898
1433	897	737
1491	898	897
1389	898	894
1491	899	898
1490	894	899
1433	750	901
1437	900	750
1492	901	900
1433	901	897
1492	902	901
1491	897	902
1437	747	904
1436	903	747
1493	904	903
1437	904	900
1493	905	904
1492	900	905
1436	744	907
1435	906	744
1494	907	906
1436	907	903
1494	908	907
1493	903	908
1435	741	910
1434	909	741
1495	910	909
1435	910	906
1495	911	910
1494	906	911
1434	738	913
1427	912	738
1496	913	912
1434	913	909
1496	914	913
1495	909	914
1427	718	916
1426	915	718
1497	916	915
1427	916	912
1497	917	916
1496	912	917
1426	715	919
1421	918	715
1498	919	918
1426	919	915
1498	920	919
1497	915	920
1421	700	922
1420	921	700
1499	922	921
1421	922	918
1499	923	922
1498	918	923
1420	705	925
1422	924	705
1500	925	924
1420	925	921
1500	926	925
1499	921	926
1422	708	928
1423	927	708
1501	928	927
1422	928	924
1501	929	928
1500	924	929
1423	711	931
1424	930	711
1502	931	930
1423	931	927
1502	932	931
1501	927	932
1424	714	934
1425	933	714
1503	934	933
1424	934	930
1503	935	934
1502	930	935
1425	844	937
1472	936	844
1504	937	936
1425	937	933
1504	938	937
1503	933	938
1500	929	940
1501	939	929
1505	940	939
1500	940	926
1505	941	940
1499	926	941
1499	944	943
1506	942	944
1507	943	942
1499	943	923
1507	945	943
1498	923	945
1507	942	947
1506	946	942
1508	947	946
1507	947	949
1508	948	947
1509	949	948
1507	952	951
1510	950	952
1511	951	950
1507	951	945
1511	953	951
1498	945	953
1498	953	920
1511	954	953
1497	920	954
1497	954	956
1511	955	954
1512	956	955
1497	956	917
1512	957	956
1496	917	957
1512	955	958
1511	950	955
1510	958	950
1512	961	960
1513	959	961
1514	960	959
1512	960	957
1514	962	960
1496	957	962
1496	962	964
1514	963	962
1515	964	963
1496	964	914
1515	965	964
1495	914	965
1509	948	967
1508	966	948
1516	967	966
1509	967	969
1516	968	967
1517	969	968
1508	971	966
1505	970	971
1516	966	970
1505	939	973
1501	972	939
1518	973	972
1505	973	970
1518	974	973
1516	970	974
1501	932	972
1502	975	932
1518	972	975
1502	935	977
1503	976	935
1519	977	976
1502	977	975
1519	978	977
1518	975	978
1518	978	980
1519	979	978
1520	980	979
1518	980	974
1520	981	980
1516	974	981
1516	981	968
1520	982	981
1517	968	982
1517	982	984
1520	983	982
1521	984	983
1495	965	986
1515	985	965
1522	986	985
1495	986	911
1522	987	986
1494	911	987
1494	987	908
1522	988	987
1493	908	988
1503	938	990
1504	989	938
1523	990	989
1503	990	976
1523	991	990
1519	976	991
1519	991	993
1523	992	991
1524	993	992
1519	993	979
1524	994	993
1520	979	994
1520	994	983
1524	995	994
1521	983	995
1521	995	997
1524	996	995
1525	997	996
1524	992	999
1523	998	992
1526	999	998
1524	999	1001
1526	1000	999
1527	1001	1000
1524	1001	996
1527	1002	1001
1525	996	1002
1525	1002	1004
1527	1003	1002
1528	1004	1003
1525	1004	1006
1528	1005	1004
1529	1006	1005
1523	989	1008
1504	1007	989
1530	1008	1007
1523	1008	998
1530	1009	1008
1526	998	1009
1504	936	1011
1472	1010	936
1531	1011	1010
1504	1011	1013
1531	1012	1011
1532	1013	1012
1504	1013	1007
1532	1014	1013
1530	1007	1014
1493	988	1016
1522	1015	988
1533	1016	1015
1493	1016	1018
1533	1017	1016
1534	1018	1017
1493	1018	905
1534	1019	1018
1492	905	1019
1492	1019	1021
1534	1020	1019
1535	1021	1020
1492	1021	902
1535	1022	1021
1491	902	1022
1513	1025	1024
1536	1023	1025
1537	1024	1023
1513	1024	959
1537	1026	1024
1514	959	1026
1514	1026	963
1537	1027	1026
1515	963	1027
1515	1027	1029
1537	1028	1027
1538	1029	1028
1515	1029	985
1538	1030	1029
1522	985	1030
1522	1030	1015
1538	1031	1030
1533	1015	1031
1537	1023	1033
1536	1032	1023
1539	1033	1032
1537	1033	1028
1539	1034	1033
1538	1028	1034
1536	1036	1032
1540	1035	1036
1539	1032	1035
1538	1034	1038
1539	1037	1034
1541	1038	1037
1538	1038	1031
1541	1039	1038
1533	1031	1039
1533	1039	1041
1541	1040	1039
1542	1041	1040
1533	1041	1017
1542	1042	1041
1534	1017	1042
1534	1042	1020
1542	1043	1042
1535	1020	1043
1539	1035	1045
1540	1044	1035
1543	1045	1044
1539	1045	1037
1543	1046	1045
1541	1037	1046
1540	1048	1044
1544	1047	1048
1543	1044	1047
1541	1046	1050
1543	1049	1046
1545	1050	1049
1541	1050	1040
1545	1051	1050
1542	1040	1051
1543	1047	1053
1544	1052	1047
1546	1053	1052
1543	1053	1055
1546	1054	1053
1547	1055	1054
1543	1055	1049
1547	1056	1055
1545	1049	1056
1544	1058	1052
1529	1057	1058
1546	1052	1057
1529	1005	1057
1528	1059	1005
1546	1057	1059
1542	1051	1061
1545	1060	1051
1548	1061	1060
1542	1061	1043
1548	1062	1061
1535	1043	1062
1545	1056	1064
1547	1063	1056
1549	1064	1063
1545	1064	1060
1549	1065	1064
1548	1060	1065
1472	842	1067
1471	1066	842
1550	1067	1066
1472	1067	1010
1550	1068	1067
1531	1010	1068
1471	860	1070
1477	1069	860
1551	1070	1069
1471	1070	1066
1551	1071	1070
1550	1066	1071
1527	1000	1073
1526	1072	1000
1552	1073	1072
1527	1073	1003
1552	1074	1073
1528	1003	1074
1526	1009	1072
1530	1075	1009
1552	1072	1075
1530	1014	1077
1532	1076	1014
1553	1077	1076
1530	1077	1075
1553	1078	1077
1552	1075	1078
1528	1074	1080
1552	1079	1074
1554	1080	1079
1528	1080	1059
1554	1081	1080
1546	1059	1081
1552	1078	1079
1553	1082	1078
1554	1079	1082
1546	1081	1054
1554	1083	1081
1547	1054	1083
1547	1083	1063
1554	1084	1083
1549	1063	1084
1554	1082	1084
1553	1085	1082
1549	1084	1085
1477	863	1087
1478	1086	863
1555	1087	1086
1477	1087	1069
1555	1088	1087
1551	1069	1088
1478	869	1086
1480	1089	869
1555	1086	1089
1531	1068	1091
1550	1090	1068
1556	1091	1090
1531	1091	1012
1556	1092	1091
1532	1012	1092
1532	1092	1076
1556	1093	1092
1553	1076	1093
1553	1093	1085
1556	1094	1093
1549	1085	1094
1549	1094	1065
1556	1095	1094
1548	1065	1095
1548	1095	1097
1556	1096	1095
1557	1097	1096
1548	1097	1062
1557	1098	1097
1535	1062	1098
1535	1098	1100
1557	1099	1098
1558	1100	1099
1535	1100	1022
1558	1101	1100
1491	1022	1101
1491	1101	899
1558	1102	1101
1490	899	1102
1556	1090	1104
1550	1103	1090
1559	1104	1103
1556	1104	1096
1559	1105	1104
1557	1096	1105
1557	1105	1099
1559	1106	1105
1558	1099	1106
1550	1071	1103
1551	1107	1071
1559	1103	1107
1558	1106	1109
1559	1108	1106
1560	1109	1108
1558	1109	1102
1560	1110	1109
1490	1102	1110
1559	1107	1108
1551	1111	1107
1560	1108	1111
1551	1088	1111
1555	1112	1088
1560	1111	1112
1490	1110	1114
1560	1113	1110
1561	1114	1113
1490	1114	896
1561	1115	1114
1489	896	1115
1560	1112	1117
1555	1116	1112
1562	1117	1116
1560	1117	1113
1562	1118	1117
1561	1113	1118
1489	1115	1120
1561	1119	1115
1563	1120	1119
1489	1120	893
1563	1121	1120
1488	893	1121
1488	1121	890
1563	1122	1121
1487	890	1122
1561	1118	1124
1562	1123	1118
1564	1124	1123
1561	1124	1119
1564	1125	1124
1563	1119	1125
1562	1116	1127
1555	1126	1116
1565	1127	1126
1562	1127	1123
1565	1128	1127
1564	1123	1128
1555	1089	1126
1480	1129	1089
1565	1126	1129
1480	867	1131
1479	1130	867
1566	1131	1130
1480	1131	1129
1566	1132	1131
1565	1129	1132
1479	872	1130
1481	1133	872
1566	1130	1133
1563	1125	1135
1564	1134	1125
1567	1135	1134
1563	1135	1122
1567	1136	1135
1487	1122	1136
1487	1136	1138
1567	1137	1136
1568	1138	1137
1487	1138	887
1568	1139	1138
1486	887	1139
1486	1139	884
1568	1140	1139
1485	884	1140
1485	1140	1142
1568	1141	1140
1569	1142	1141
1485	1142	881
1569	1143	1142
1483	881	1143
1568	1137	1145
1567	1144	1137
1570	1145	1144
1568	1145	1141
1570	1146	1145
1569	1141	1146
1564	1128	1148
1565	1147	1128
1571	1148	1147
1564	1148	1134
1571	1149	1148
1567	1134	1149
1565	1132	1147
1566	1150	1132
1571	1147	1150
1567	1149	1144
1571	1151	1149
1570	1144	1151
1483	1143	1153
1569	1152	1143
1572	1153	1152
1483	1153	877
1572	1154	1153
1484	877	1154
1569	1146	1152
1570	1155	1146
1572	1152	1155
1484	1154	1157
1572	1156	1154
1482	1157	1156
1482	1156	1159
1572	1158	1156
1573	1159	1158
1482	1159	873
1573	1160	1159
1481	873	1160
1572	1155	1158
1570	1161	1155
1573	1158	1161
1481	1160	1133
1573	1162	1160
1566	1133	1162
1566	1162	1150
1573	1163	1162
1571	1150	1163
1571	1163	1151
1573	1161	1163
1570	1151	1161
1438	1165	1164
1440	757	1165
1439	1164	757
1404	752	754
1438	1164	752
1439	754	1164
1506	1166	946
1505	971	1166
1508	946	971
1499	941	944
1505	1166	941
1506	944	1166