0	0
0	10
10	10
10	0
3.945	8
4	7.945
4.055	8
4	8.055
3.945	6.8
4	6.745
4.055	6.8
4	6.855
3.945	5.6
4	5.545
4.055	5.6
4	5.655
3.945	4.4
4	4.345
4.055	4.4
4	4.455
3.945	3.2
4	3.145
4.055	3.2
4	3.255
3.945	2
4	1.945
4.055	2
4	2.055
4.04753495130763	6.77233362321913
4.02767193358639	6.75246828330903
4.04753495130763	7.97233362321913
4.02767193358639	7.95246828330903
4.04753495130763	5.57233362321913
4.02767193358639	5.55246828330903
9.75	10
9.5	10
9.25	10
9	10
8.75	10
8.5	10
8.25	10
8	10
7.75	10
7.5	10
7.25	10
7	10
6.75	10
6.5	10
6.25	10
6	10
5.75	10
5.5	10
5.25	10
5	10
4.75	10
4.5	10
4.25	10
4	10
3.75	10
3.5	10
3.25	10
3	10
2.75	10
2.5	10
2.25	10
2	10
1.75	10
1.5	10
1.25	10
0.999999999999999	10
0.749999999999999	10
0.5	10
0.25	10
4.04753495130763	4.37233362321913
4.02767193358639	4.35246828330903
4.02766637678087	5.64753495130763
4.04753171669097	5.62767193358639
3.97233362321913	6.75246504869237
3.95246828330904	6.7723280664136
4.02766637678087	8.04753495130763
4.04753171669097	8.02767193358639
4.02766637678087	6.84753495130763
4.04753171669097	6.82767193358639
4.04753495130763	3.17233362321913
4.0276719335864	3.15246828330904
3.97233362321913	7.95246504869237
3.95246828330904	7.9723280664136
4.02766637678087	4.44753495130763
4.04753171669097	4.42767193358639
3.97233362321913	5.55246504869237
3.95246828330904	5.5723280664136
4.04753495130763	1.97233362321913
4.0276719335864	1.95246828330904
4.02766637678087	3.24753495130763
4.04753171669097	3.22767193358639
10	0.25
10	0.5
10	0.75
10	1
10	1.25
10	1.5
10	1.75
10	2
10	2.25
10	2.5
10	2.75
10	3
10	3.25
10	3.5
10	3.75
10	4
10	4.25
10	4.5
10	4.75
10	5
10	5.25
10	5.5
10	5.75
10	6
10	6.25
10	6.5
10	6.75
10	7
10	7.25
10	7.5
10	7.75
10	8
10	8.25
10	8.5
10	8.75
10	9
10	9.25
10	9.5
10	9.75
3.97233362321913	4.35246504869237
3.95246828330904	4.3723280664136
3.95246504869237	8.02766637678087
3.97232806641361	8.04753171669097
3.95246504869237	5.62766637678087
3.97232806641361	5.64753171669097
4.02766637678087	2.04753495130763
4.04753171669097	2.02767193358639
3.97233362321913	1.95246504869237
3.95246828330903	1.97232806641361
3.97233362321913	3.15246504869237
3.95246828330903	3.17232806641361
3.95246504869237	6.82766637678087
3.97232806641361	6.84753171669097
0	9.75
0	9.5
0	9.25
0	9
0	8.75
0	8.5
0	8.25
0	8
0	7.75
0	7.5
0	7.25
0	7
0	6.75
0	6.5
0	6.25
0	6
0	5.75
0	5.5
0	5.25
0	5
0	4.75
0	4.5
0	4.25
0	4
0	3.75
0	3.5
0	3.25
0	3
0	2.75
0	2.5
0	2.25
0	2
0	1.75
0	1.5
0	1.25
0	0.999999999999999
0	0.749999999999999
0	0.5
0	0.25
3.95246504869237	4.42766637678087
3.97232806641361	4.44753171669097
3.95246504869237	3.22766637678087
3.97232806641361	3.24753171669097
3.95246504869237	2.02766637678087
3.97232806641361	2.04753171669097
0.25	0
0.5	0
0.75	0
1	0
1.25	0
1.5	0
1.75	0
2	0
2.25	0
2.5	0
2.75	0
3	0
3.25	0
3.5	0
3.75	0
4	0
4.25	0
4.5	0
4.75	0
5	0
5.25	0
5.5	0
5.75	0
6	0
6.25	0
6.5	0
6.75	0
7	0
7.25	0
7.5	0
7.75	0
8	0
8.25	0
8.5	0
8.75	0
9	0
9.25	0
9.5	0
9.75	0
4.07948318715567	6.8273692820314
4.07947169043014	6.76987531515277
4.05719873400089	6.85797361720511
4.02714878412017	6.8798598747806
3.9704917291907	6.87862522584524
3.94234351624687	6.85703987769355
3.92007667129639	6.82905409672619
3.91975760167813	6.77075574186035
3.94211968731716	6.74304619866501
3.97044875247655	6.72118652393465
4.02686252575564	6.72023204714704
4.05687135270367	6.74052667241892
9.62636112470852	0.200561470090369
9.38946734249361	0.228918934152868
9.12993525420989	0.223212584473616
8.87775396811591	0.22314702449097
8.625	0.216506350946109
8.375	0.216506350946109
8.125	0.21650635094611
7.875	0.216506350946109
7.625	0.21650635094611
7.375	0.216506350946109
7.125	0.21650635094611
6.875	0.212986452081005
6.625	0.212213252485792
6.375	0.212213252485793
6.125	0.206374960072421
5.875	0.206374960072421
5.625	0.206374960072421
5.375	0.206374960072421
5.125	0.206134237726816
4.875	0.206134237726815
4.625	0.206030018287297
4.375	0.206030018287297
4.125	0.206090539412971
3.875	0.206090539412971
3.625	0.206030717648703
3.375	0.206030717648703
3.125	0.206135282176866
2.875	0.206135282176866
2.625	0.206374960072421
2.375	0.206374960072421
2.125	0.210997465524958
1.875	0.216506350946109
1.625	0.216506350946109
1.375	0.216506350946109
1.12313957252853	0.226428618744636
0.869201365665411	0.227838667345332
0.606506376357155	0.232544355479796
0.379149278465114	0.196200848410457
0.200561470090368	0.37363887529148
0.231013184582113	0.606391023184737
0.219567498574447	0.867199837085389
0.21650635094611	1.125
0.21650635094611	1.375
0.21650635094611	1.625
0.216506350946108	1.875
0.213030737988691	2.125
0.213030737988691	2.375
0.213003399489132	2.625
0.21303073798869	2.875
0.21303073798869	3.125
0.21303073798869	3.375
0.21303073798869	3.625
0.21303073798869	3.875
0.21303073798869	4.125
0.21303073798869	4.375
0.21303073798869	4.625
0.21303073798869	4.875
0.21303073798869	5.125
0.21303073798869	5.375
0.21303073798869	5.625
0.21303073798869	5.875
0.21303073798869	6.125
0.21303073798869	6.375
0.21303073798869	6.625
0.21303073798869	6.875
0.21303073798869	7.125
0.213003505376992	7.375
0.21303073798869	7.625
0.21303073798869	7.875
0.21650635094611	8.125
0.21650635094611	8.375
0.216506350946111	8.625
0.216506350946111	8.875
0.222312130471893	9.13005173494612
0.222095710712391	9.38416587165852
0.200561470090369	9.62636112470852
0.379149278465112	9.80379915158954
0.606506376357151	9.7674556445202
0.866318793482146	9.7797291936719
1.125	9.78349364905389
1.375	9.78349364905389
1.625	9.78349364905389
1.875	9.78349364905389
2.125	9.78900253447504
2.375	9.79362503992758
2.625	9.79362503992758
2.875	9.79386576227319
3.125	9.79386576227319
3.375	9.7939699817127
3.625	9.7939699817127
3.875	9.79390946058703
4.125	9.79390946058703
4.375	9.7939692823513
4.625	9.7939692823513
4.875	9.79386471782313
5.125	9.79386471782313
5.375	9.79362503992758
5.625	9.79362503992758
5.875	9.79362503992758
6.125	9.79362503992758
6.375	9.78778674751421
6.625	9.78778674751421
6.875	9.787013547919
7.125	9.78349364905389
7.375	9.78349364905389
7.625	9.78349364905389
7.875	9.78349364905389
8.125	9.78349364905389
8.375	9.78349364905389
8.625	9.78349364905389
8.875	9.78349364905389
9.13534444659936	9.78250955679458
9.39349362364285	9.7674556445202
9.62085072153489	9.80379915158954
9.79943852990963	9.62636112470852
9.76898681541789	9.39360897681526
9.77564883905189	9.13244810697307
9.77963677954968	8.87566668645542
9.78349364905389	8.625
9.78349364905389	8.375
9.78349364905389	8.125
9.78349364905389	7.875
9.78349364905389	7.625
9.78349364905389	7.375
9.78349364905389	7.125
9.78349364905389	6.875
9.78349364905389	6.625
9.78349364905389	6.375
9.78349364905389	6.125
9.78349364905389	5.875
9.78349364905389	5.625
9.78349364905389	5.375
9.78349364905389	5.125
9.78349364905389	4.875
9.78349364905389	4.625
9.78349364905389	4.375
9.78349364905389	4.125
9.78349364905389	3.875
9.78349364905389	3.625
9.78349364905389	3.375
9.78349364905389	3.125
9.78349364905389	2.875
9.78349364905389	2.625
9.78349364905389	2.375
9.78349364905389	2.125
9.78349364905389	1.875
9.78349364905389	1.625
9.78349364905389	1.375
9.78349364905389	1.125
9.78198930405373	0.871319744441586
9.77416590605089	0.614502162261634
9.80379915158954	0.379149278465113
4.02973375027829	5.67870239769696
3.97308143038563	5.6781840662666
4.05853880002992	5.65696557531718
4.08114975643588	5.6271596647537
4.07954138992822	5.5701176503195
4.05685502999766	5.54080576639003
4.02685993341589	5.52023369968057
3.97044577810618	5.52118647227032
3.94213445389281	5.5430244201299
3.91977920176614	5.57070591018622
3.91999391165597	5.62905116263706
3.94272213775335	5.65715813817814
4.08156162290535	8.02733704958574
4.07977848248676	7.96989683169216
4.05736360173678	7.94173820889145
4.02920418288693	7.92089377753137
3.97109310515213	7.92027132214045
3.94311512347963	7.94032344947362
3.92407292196425	7.96846941468242
3.91828550924123	8.02691194876532
3.94012454037252	8.05784627585626
3.97000505079664	8.08011598059964
4.0276023037557	8.07972061978597
4.05853544244133	8.05767877433085
4.02715036747569	4.47983684906795
3.97049387794312	4.47862283355018
3.94068352306357	4.45698469414804
3.91975855771826	4.42718028386631
3.92028581591774	4.3703446476158
3.9427250284099	4.34239717779314
3.97093451585	4.3205463997028
4.02919620260999	4.3208932968119
4.05831985928934	4.34217119717363
4.07902537235585	4.37248913609131
4.07953018386652	4.42971023721526
4.05702045722034	4.45911655721417
4.02971131702874	3.27866257389045
3.97307809233653	3.27818050889441
4.05766345837536	3.25778620036654
4.07630591325366	3.23079293368893
4.07906229808214	3.17229408214059
4.05696254640371	3.14192141076111
4.02686357581212	3.12022086992692
3.97044914837729	3.12118907484261
3.94214351215908	3.1430989259362
3.91983764738246	3.17113853232354
3.91997454670774	3.22945428086274
3.94275137168214	3.25721635428888
3.97308258559997	2.07818549441212
4.02974741980137	2.0787171755607
4.05733130752681	2.05712284841866
4.07715634216123	2.0301979377367
4.07954389253027	1.97208435895285
4.05770405691419	1.94129179992544
4.02727879230647	1.91818327665836
3.9699275040858	1.91991407721899
3.94152230319746	1.94211370867872
3.91991952466286	1.97061970690216
3.92094987489256	2.02931586790498
3.94298908061455	2.05723019560632
9.82924682452695	0.170753175473054
9.82924682452695	9.82924682452695
0.170753175473056	0.170753175473055
0.170753175473055	9.82924682452695
4.09934896557517	6.79791311423594
4.09569142509963	6.86699706381999
4.09498736541872	6.73178226741862
4.06576122210163	6.89709513891884
3.99781317642958	6.89681542479285
3.93359108496833	6.89517825367918
3.90295659908467	6.86642104011982
3.90039599160765	6.79862084145088
3.90292183376458	6.73413882421331
3.93334203437805	6.70488995390807
3.99801251198353	6.70154820881092
4.06420468411252	6.70359512423281
9.2609739320277	0.447356178885007
9.00831506724464	0.452841091919698
8.75071561627779	0.442455846024258
8.5	0.433012701892219
8.25	0.43301270189222
8	0.43301270189222
7.75	0.433012701892219
7.5	0.433012701892218
7.25	0.433012701892219
6.99695179900292	0.431244169908012
6.74934181616696	0.425411601381904
6.5	0.424168666214388
6.24504996398534	0.421258310201131
6	0.412055446279492
5.75	0.411922916003631
5.5	0.411652654190656
5.24980233427477	0.411538537881913
5.00033584560189	0.41158398876038
4.75064336956198	0.408039274229494
4.50002504438764	0.408442570143195
4.25007833543671	0.407614764406717
4.00010815805576	0.408098436053473
3.74999239717273	0.406099023846306
3.4999840035508	0.408428834354272
3.25038002999207	0.408141933909562
3.00058248037898	0.411594945356657
2.75019680964041	0.41154067734685
2.5	0.411711204543673
2.25389245794633	0.41920288964712
2.00477037157975	0.43023724125004
1.75	0.433012701892219
1.5	0.433012701892219
1.2541116787213	0.435778362838651
1.00067249275012	0.45130213890477
0.744177964712137	0.441352299160195
0.433906958433318	0.73069975503273
0.435095661577203	0.994070628604321
0.43301270189222	1.25
0.43301270189222	1.5
0.433012701892219	1.75
0.431266527436374	2.00300985277944
0.425900210920899	2.25
0.425886502326581	2.50002327812366
0.425886345322008	2.7499767218935
0.425900048528923	3
0.425900229881242	3.25
0.425900229881242	3.5
0.425900229881242	3.75
0.425900125085109	4
0.425900125085109	4.25
0.425900248722741	4.5
0.425900248722741	4.75
0.425900106123706	5
0.425900106123706	5.25
0.425900106123706	5.5
0.425900267446504	5.75
0.425900267446504	6
0.425900087044605	6.25
0.425900087044605	6.5
0.425900087044603	6.75
0.42590019184059	7
0.425886541734192	7.25002318796103
0.425886412331984	7.49997681205306
0.425900067846713	7.75
0.431266527436374	7.99699014722055
0.43301270189222	8.25
0.433012701892221	8.5
0.439478553276223	8.7485610336245
0.454359050154894	9.00339163246189
0.441505224549594	9.25663770011229
0.726959171592529	9.56281255842037
0.991165227755663	9.56537110848761
1.25	9.56698729810778
1.5	9.56698729810778
1.75	9.56698729810778
2.00477037157975	9.56976275874996
2.25389244824388	9.58079763509238
2.5	9.58828987497989
2.75019766623207	9.58846093573875
3.0002342593785	9.58869402246915
3.24972076157009	9.59346518885193
3.49976336132269	9.59470722321864
3.74995313794401	9.59215294460634
4.00003910972261	9.59378655495815
4.24997365923378	9.59225513720729
4.49996034892025	9.59110072937357
4.74961797641152	9.591425305867
4.99942281933117	9.58842851276184
5.24980319092026	9.58845990746787
5.5	9.58834628611877
5.75	9.58807616370087
6	9.58794364973393
6.24504995753471	9.57874141357821
6.5	9.57583105522216
6.74934181607347	9.57458836839024
6.99695179900292	9.56875583009199
7.25	9.56698729810778
7.5	9.56698729810778
7.75	9.56698729810778
8	9.56698729810778
8.25	9.56698729810778
8.5	9.56698729810778
8.75	9.56698729810778
9.00533038471743	9.56526421284171
9.27425152644708	9.57187095318851
9.55486161464638	9.25822353706945
9.55505525085506	8.99999452370377
9.56388750400055	8.74546453650537
9.56698729810778	8.5
9.56698729810778	8.25
9.56698729810778	8
9.56698729810778	7.75
9.56698729810778	7.5
9.56698729810778	7.25
9.56698729810778	7
9.56698729810778	6.75
9.56698729810778	6.5
9.56698729810778	6.25
9.56698729810778	6
9.56698729810778	5.75
9.56698729810778	5.5
9.56698729810778	5.25
9.56698729810778	5
9.56698729810778	4.75
9.56698729810778	4.5
9.56698729810778	4.25
9.56698729810778	4
9.56698729810778	3.75
9.56698729810778	3.5
9.56698729810778	3.25
9.56698729810778	3
9.56698729810778	2.75
9.56698729810778	2.5
9.56698729810778	2.25
9.56698729810778	2
9.56698729810778	1.75
9.56698729810778	1.5
9.56698729810778	1.25
9.56698729810778	1
9.5669049787882	0.740139688852248
4.06805513730476	5.69524705117728
4.00197893718041	5.69775582397216
3.93454938757838	5.69305300726143
4.09855592784703	5.66622920442088
4.09990233700325	5.59802579628996
4.09559344739477	5.53203281584621
4.06552557653281	5.50264636968827
3.99800560568743	5.50155579794667
3.93327434828965	5.50482509173218
3.90258823141839	5.53429356825196
3.90031904989281	5.598579120141
3.90429724866589	5.66441540948945
4.10074983072918	7.99806607340824
4.09829750701915	8.06723074717349
4.09576606121997	7.9317563190212
4.06654115712479	7.9028084315013
4.00123821861736	7.90372820767401
3.93433358122875	7.90237449939064
3.90521158669871	7.93101193233064
3.89972681462833	7.99665645003278
3.9019407075825	8.06592118602469
3.93072094336659	8.09710551116442
3.99837466722563	8.10030080016825
4.06744485058938	8.09525713226922
3.99780664541068	4.49677614222147
4.06577762797376	4.49683750579587
3.93347331271781	4.49516407569949
3.90304763965154	4.46582509448711
3.90047778882217	4.39828284939871
3.90393951852077	4.33302579209399
3.93401999027339	4.30338374369252
4.0012382372713	4.30371816276765
4.06573063458059	4.30409349912407
4.09590251150489	4.33316227178559
4.09892312628127	4.40166294924261
4.09584885079014	4.46783124328231
4.06738236844961	3.29558018028251
4.001957504564	3.29774179993842
3.93444430918228	3.29465966047011
4.09663478927936	3.2675622810324
4.09949959943383	3.20214320786539
4.095669454146	3.13296393973972
4.06611961806403	3.10352307109106
3.99800723048592	3.10154947853048
3.9331320004243	3.10485967946017
3.90253399634135	3.13404671569466
3.90027543697504	3.20164939671967
3.90372314612176	3.26578902095183
3.93425811217278	2.09522884124631
4.00198035766809	2.09776358178908
4.06767347144043	2.09576642459425
4.09781284720823	2.06756494982624
4.09961338100924	2.00158250382343
4.09848175576744	1.93108650693641
4.06818785199493	1.90118903634999
3.99800697070329	1.8990511252052
3.93137666243283	1.90321263574389
3.90284639064479	1.93279685277459
3.90126624174712	1.99965273330736
3.90445713322663	2.06687422254105
0.449659794792516	9.53829964914869
9.54062430849539	0.459595709392023
9.53988723637333	9.53881855580782
0.463243434650319	0.461154766312479
9.13668833276301	0.696323385040858
8.86808398837621	0.656889187834453
8.62117265085956	0.657691732676127
8.375	0.649519052838328
8.125	0.649519052838331
7.875	0.649519052838328
7.625	0.649519052838327
7.375	0.649519052838327
7.12195170044511	0.650216563576572
6.86807671859539	0.643568331095286
6.62361516830278	0.636579196655753
6.37010076931385	0.635076892188974
6.11996906764228	0.627414573047328
5.87489148864877	0.616680808254487
5.62343942823394	0.61656920321137
5.37434599132286	0.615548986350532
5.12483307971781	0.614998015998814
4.87505458299672	0.61298119193899
4.62513353769835	0.609725143457074
4.37501798420458	0.609334178033905
4.12506988622306	0.608303270231861
3.87509469173944	0.609009997047506
3.62542422263118	0.608608072458214
3.37603709734761	0.610506131016375
3.12599765532296	0.610930866748219
2.87619137699268	0.615080846243669
2.62523779583232	0.616139867007506
2.38318861026163	0.620524010569307
2.13864142807259	0.634911839577061
1.88236925415012	0.645167069896434
1.625	0.649519052838328
1.38525526926951	0.657061767667935
1.14550504567338	0.651188200449395
0.870551358171552	0.692746570956161
0.652874250064543	0.861558738023883
0.648914443790893	1.11763456244199
0.64951905283833	1.375
0.649519052838329	1.625
0.650207868531685	1.87800994767783
0.643505321363066	2.13117450221906
0.638640586492747	2.37502330383756
0.638634729616317	2.6250001336433
0.638640131845801	2.87497670077138
0.638644575323767	3.12499984567321
0.638644665960339	3.375
0.638644665960339	3.625
0.638644715147763	3.87500008917922
0.638644662565719	4.125
0.638644724303038	4.37499989478708
0.638644786067745	4.625
0.638644714549361	4.87500012134866
0.638644636361446	5.125
0.638644636361446	5.375
0.638644716951898	5.62499986271783
0.638644797507308	5.875
0.638644706989878	6.12500015351807
0.638644531766118	6.375
0.638644531766117	6.625
0.638644584141009	6.87499991082094
0.638640300384852	7.12502320897632
0.6386351312313	7.37500011014806
0.638640438657086	7.62497678641425
0.643505248736773	7.86882537330659
0.650207868531691	8.12199005232217
0.649519052838331	8.375
0.662407647342086	8.62191946415409
0.664801215054235	8.86389823288793
0.691943171437349	9.13385341432816
0.862689930982413	9.34618892011576
1.11679764117868	9.35189714301877
1.375	9.35048094716167
1.625	9.35048094716167
1.88186585332934	9.35429837705032
2.13341424296235	9.36386959745662
2.38318898158254	9.37947961161529
2.62523865773829	9.38386447950346
2.87585319567145	9.38479079828165
3.12544505701962	9.38738102789486
3.37543985310376	9.39229607058162
3.62539115759022	9.39355926105565
3.87495952080216	9.39091657417875
4.12471887354075	9.39179365907566
4.37451419497253	9.39018798736134
4.62427767172833	9.38849236203749
4.87423109336918	9.38673204806202
5.12434846648537	9.3847350972763
5.37412892857738	9.38432772539636
5.62338672705879	9.38341884703873
5.87489150058763	9.38331561132657
6.11449350618475	9.3694692967156
6.3701007566903	9.36492217270088
6.62361537602115	9.3634200131216
6.86807674481978	9.35643165349336
7.12195170044511	9.34978343642343
7.375	9.35048094716167
7.625	9.35048094716167
7.875	9.35048094716167
8.125	9.35048094716167
8.375	9.35048094716167
8.625	9.35048094716167
8.88341227248705	9.35025415655442
9.14058664131199	9.34705568398524
9.31165657905586	9.12645734575053
9.34980845964045	8.85430226332071
9.34423319744294	8.61493139466289
9.35048094716167	8.375
9.35048094716167	8.125
9.35048094716167	7.875
9.35048094716167	7.625
9.35048094716167	7.375
9.35048094716167	7.125
9.35048094716167	6.875
9.35048094716167	6.625
9.35048094716167	6.375
9.35048094716167	6.125
9.35048094716167	5.875
9.35048094716167	5.625
9.35048094716167	5.375
9.35048094716167	5.125
9.35048094716167	4.875
9.35048094716167	4.625
9.35048094716167	4.375
9.35048094716167	4.125
9.35048094716167	3.875
9.35048094716167	3.625
9.35048094716167	3.375
9.35048094716167	3.125
9.35048094716167	2.875
9.35048094716167	2.625
9.35048094716167	2.375
9.35048094716167	2.125
9.35048094716167	1.875
9.35048094716167	1.625
9.35048094716167	1.375
9.35418410519934	1.11557545840392
9.34526643406125	0.866050214345225
4.11462553546124	8.11408743585645
3.88475547472309	8.11412143818178
4.11711695104296	1.88444070206044
3.88740224756928	1.88714843726715
0.63453685027826	0.638529165032592
9.36251311179377	9.36542013330259
9.36904653110989	0.640337514578825
0.636215163805484	9.36378483619452
4.12302350699865	6.83328058864857
4.12236464775455	3.16686249609767
3.87785605958368	1.96615138507414
4.12175316314031	7.96387967468199
3.87475576900021	8.03329239343175
4.12253782406675	2.03581368243389
4.12564462898863	5.63398760748635
4.12290747324205	4.43594132556815
3.87590746680171	4.36465885051837
3.87674234606051	6.764835329361
3.87515180395527	5.56547854816373
4.12235419839803	4.36537478927751
4.12311685223526	5.56416576241056
3.87544010805111	3.1660687172259
4.12154768498899	3.23661898849737
3.87602534069533	5.63393414457875
3.87627319900394	3.23476108059173
3.87623257490017	4.43363206259711
3.87744732882433	6.83321897494385
4.12171956854499	6.76297067310576
4.12293342198624	8.03411615204572
3.96715056110955	2.12103710414256
3.96790795286311	3.31835671380429
3.96597441364589	4.52130763170894
3.96791927778256	5.71836411008484
3.96581207992835	6.92145334144057
4.12153863878135	1.96558094843148
3.96578725010486	3.07838334090689
3.9674046652653	4.27840628600416
3.96575908945093	5.47834815292198
3.96578108229811	6.67838961401394
3.96740580633734	7.87830883233295
3.9626772475304	8.12327901890832
4.03499080324435	1.87643939357555
3.87958523907325	7.96124625920179
4.03620099568007	8.12261739003561
3.96307218618508	1.87719622085578
3.87928711115148	2.03557113528953
4.03357431413706	6.67900255759269
4.03344153833977	5.47864106890194
4.03450700453293	4.27921755077422
4.0345296926752	3.07981266605296
4.03577655913439	7.87796356464264
4.03552597178353	3.32033333850243
4.03389697553499	4.52020003484403
4.03695477383559	5.72106873190997
4.03551451608093	2.1206244204198
4.03370989135375	6.92151038554826
4.10881856267256	6.91214602209539
4.14259586640635	6.87537499194244
4.14020701174369	6.72338576669281
4.10900929976597	6.68907184532164
4.07326459629526	6.94477693563366
3.88972963677524	6.91045171125675
3.9258674389589	6.94369893574378
3.85470393955333	6.87673164908059
3.8891594192933	6.6899343106711
3.85456718795284	6.72332744752574
3.92581923994623	6.65730097892889
4.07399901754029	6.66080030115473
4.11195153143159	5.71061251902074
4.07685087908275	5.74251985697834
3.92707815710242	5.74215523117774
3.89052472416066	5.70971344698712
4.14680027368427	5.67581901797803
4.14306502254278	5.52342318583594
4.10883180375968	5.48830813728127
4.07320946146139	5.45500802988863
3.92549242936307	5.45680227561286
3.88863604344754	5.48974879373516
3.85350993816879	5.52453727371984
3.85766442242473	5.67407905413249
4.10983593679066	7.88790967478259
4.14270381929128	7.92321090910221
4.07514178025056	7.85589758961977
3.89037349667504	7.88842394961317
3.92637477655797	7.85634458009485
3.85678017266028	7.92237983167364
4.11013417599203	4.51238246874807
4.07449756450555	4.54366790968836
3.92621128416383	4.54338627052446
3.89020251551136	4.51007179150196
3.85767174748006	4.47406573702396
3.88997354589753	4.28922447825774
3.85445370252361	4.32392668182044
3.92677714500449	4.25662378508116
4.07493184924896	4.26019609537228
4.11002809903283	4.2890265941247
4.1449204987748	4.32288478869556
4.14477080534251	4.47823453774546
4.07611344206627	3.34349775752274
4.11198876717138	3.31214461726411
3.89036446790034	3.31003858456179
3.92707360421409	3.34150615430395
4.14468324168043	3.27873575587304
4.11000176992728	3.0879763712472
4.14286178342873	3.124654483725
4.07519150316389	3.05747198726222
3.92558035046609	3.05683190611946
3.88851286714167	3.0892113149369
3.85408324977611	3.12478997205318
3.85771150691336	3.27410514922074
3.88960247896793	2.11098103774062
3.92764478722668	2.14140779536615
4.11270108599485	2.11161645580555
4.07557399800194	2.14392695124519
4.14788716908301	2.07674600119876
3.85960702351485	2.07581462850001
8.736058595982	0.885093832847776
8.49774700697354	0.878460071851656
8.25181037400603	0.871615745554911
8.00461045739465	0.873464914563269
7.75	0.866025403784436
7.5	0.866025403784436
7.24907700064586	0.867957773067399
6.98929260022796	0.865382618869515
6.73973933485808	0.853666879890627
6.49560293622428	0.847615227572047
6.24058006886427	0.842303149803715
5.98870352878258	0.833604600054792
5.74243359983316	0.823490132015786
5.49652884974159	0.820354873948943
5.24919680423378	0.819081666832275
4.99943376926325	0.818253578279099
4.74918401797452	0.814165031452838
4.49945872232127	0.808534124201881
4.25001885222018	0.807312081850003
4.0005757539427	0.805355785623609
3.75017219500567	0.807146319161656
3.50237787362821	0.80886055955052
3.25318682279379	0.812216142163261
3.00344138593727	0.817421526551302
2.75345085964808	0.821392183805436
2.50795705792848	0.825030695840778
2.26299660733132	0.841628201691099
2.01543023877552	0.855784605548082
1.76279216437269	0.865176345785182
1.50837467882962	0.871872280867901
1.26420810514518	0.884466695880838
0.868501005436756	1.23243802272711
0.872448318928794	1.49373795272299
0.867933505379074	1.75091128149434
0.865532329232363	2.00355822052269
0.85436581991065	2.25735405308789
0.851121135941484	2.50001669715973
0.851120652558043	2.74998382524442
0.851130576296189	2.99998449682497
0.851130616308144	3.24999984580064
0.85113064499666	3.5
0.851130679259295	3.75000000278307
0.851130538659926	4.00000008928138
0.851130541377303	4.24999989492029
0.8511307761587	4.49999989489701
0.851130772885021	4.75000012146093
0.851130492397561	5.00000012712966
0.851130466155185	5.25
0.851130491637074	5.49999986286157
0.851130810477387	5.74999986289135
0.85113080703097	6.00000015369375
0.851130402532091	6.25000022568936
0.851130331053247	6.5
0.851130347630971	6.74999991089477
0.851130862536183	7.00001520055366
0.85112115469304	7.25001605340625
0.851121065348611	7.4999839369033
0.85436559754179	7.74264586250586
0.866005529843038	7.99647980260435
0.872685396587402	8.24882367599116
0.873155619315019	8.49751076528294
0.890132529412618	8.74780001123786
1.23401589762261	9.13009140131852
1.50115788243712	9.13283045986059
1.76015557698436	9.13326043804729
2.0077031027061	9.13613534597784
2.26345058832505	9.1579760056088
2.50795825422418	9.17497501462028
2.753337017528	9.17864718562768
3.00221276535083	9.18230845813654
3.25126633876137	9.18697725574004
3.50049031688348	9.19403185861063
3.74994685197589	9.19572488346018
3.99926160475707	9.19438862210008
4.24934444799359	9.19192191811893
4.49830756161571	9.18953282537539
4.74838065546009	9.18555340978279
4.99900630525988	9.1818040132429
5.24854774253511	9.18054753432557
5.49646578246113	9.17964537016662
5.74247245127951	9.17653708125558
5.98250142534466	9.16543330487491
6.23852620719241	9.15522096229425
6.49560315129207	9.15238313173781
6.73974012674466	9.14633280381448
6.98929262636586	9.13461738692001
7.24907700064585	9.1320422269326
7.5	9.13397459621556
7.75	9.13397459621556
8.0051226179828	9.12718235954896
8.25282201831174	9.13109148215011
8.50534705249142	9.14054611203673
8.7681512437148	9.13667524907734
9.11500737064121	8.73534153298672
9.12637300588063	8.49514609534299
9.12828212185591	8.25141031283156
9.12561306676935	8.00502441807278
9.13397459621556	7.75
9.13397459621556	7.5
9.13397459621556	7.25
9.13397459621556	7
9.13397459621556	6.75
9.13397459621556	6.5
9.13397459621556	6.25
9.13397459621556	6
9.13397459621556	5.75
9.13397459621556	5.5
9.13397459621556	5.25
9.13397459621556	5
9.13397459621556	4.75
9.13397459621556	4.5
9.13397459621556	4.25
9.13397459621556	4
9.13397459621556	3.75
9.13397459621556	3.5
9.13397459621556	3.25
9.13397459621556	3
9.13397459621556	2.75
9.13397459621556	2.5
9.13397459621556	2.25
9.12632506417403	1.9929188309583
9.13126501376375	1.74559141587416
9.14039760987755	1.49233813918885
9.13778681713924	1.23452174492257
9.15080656180731	0.971492872862835
9.03902198802784	9.1421012738648
0.969822062912307	9.15187932394316
0.85406182213129	0.964412756946032
3.85297922844272	8.07740956794258
3.85985025404968	1.92460097463536
4.1503287219783	1.92210042249824
4.14414052882176	8.07666609748299
4.07818606673998	8.14323909180099
4.07997357052555	1.85519059343301
3.92223031902305	8.14355397104537
3.92184417513308	1.85672958255853
3.99940088535167	1.84885718608054
4.00014306439458	8.15172686078474
3.84667950837712	7.99806363034189
3.85250891792023	2.00084320682218
4.15056283314061	2.00019621010316
4.14824617548915	7.99952023993126
3.85009287913501	3.20047278094483
3.85378472296654	6.79963318359275
3.84891971848498	5.59960555553333
3.84975029679401	4.39926397142561
4.15268926861213	3.20116604038698
4.15261473199407	6.79842121709776
4.00057442920806	7.85092855750042
4.00063538907887	3.05090773113359
4.00042175368689	6.94921760435895
4.00097689253397	2.14927166882676
4.00065516870812	6.65090169831856
4.00060574511121	5.45091259375982
4.00065550335489	4.25090154867182
4.00089604381353	5.74925879032264
4.00113952564618	4.54705108801676
4.00084353127502	3.34923750965661
4.1514276828146	5.59922221558349
4.1473981807971	4.40075043015187
4.12511319132845	8.16878104546175
4.17034236021535	8.12628140471183
3.87469264864808	8.1736940548722
3.83343207438786	8.13144923337328
4.12614522821384	1.82851991881128
4.17230096031979	1.87239756832894
3.872409152838	1.83052833848189
3.83632740159197	1.87226265892695
4.11835683111467	6.9661645876729
4.16125616893715	6.92686420990252
4.16147556709868	6.67859744123119
4.11900091645957	6.63713089102468
3.87721987910193	6.96366310186527
3.83607487152772	6.92555432083519
3.87666883394068	6.63652543192667
3.83633156208961	6.67671846273529
4.11949830475786	5.76312963386594
4.16210902630496	5.72424118144892
3.8795003795248	5.76171843331381
3.83873613685189	5.72428548986984
4.16202120569191	5.47272833574595
4.11907144163301	5.43543091040172
3.87646915585472	5.43595863619893
3.83478777934909	5.47524872247772
4.12085799863494	7.83528455018624
4.16282362344544	7.87620759915774
3.8754203124828	7.83639219639944
3.8357735813486	7.87753092320523
4.1623478825835	4.52668981681492
4.11837653558647	4.56350030608675
3.87917094857327	4.56199887574968
3.83884136462593	4.52412494604417
3.83530624173822	4.27495955663588
3.87690309282407	4.23599806097834
4.11948765050299	4.23602775065719
4.16289108767281	4.27338667452464
4.12263453644573	3.36487904071521
4.16565075499405	3.32422215538526
3.87962554933259	3.36171979994354
3.83882664737468	3.32419760086169
4.11983842788748	3.03647652728845
4.16023740010306	3.07509268338821
3.87623568980367	3.03607692120025
3.83767241701019	3.07697460210654
3.87618738072389	2.16253576917648
3.83780088646859	2.12147500568922
4.1213098623388	2.16383701482955
4.16673363908997	2.12378767384606
8.6350975124802	1.08148463484298
8.38365870074393	1.09086880002591
8.13432252253031	1.09630065541756
7.87897841463966	1.0881519671733
7.625	1.08253175473054
7.37620949913181	1.08397497599013
7.11680925310505	1.08455138520398
6.85436704781805	1.07570369139188
6.61238056045547	1.06407399404763
6.35999539626884	1.05852686946203
6.10699833543043	1.04932875371224
5.86086762071853	1.03753241061954
5.61647808322188	1.02576375433358
5.37114784886336	1.02320313565794
5.1242862300382	1.02228572358452
4.87276966723066	1.01915993992611
4.62294858358545	1.01240880634484
4.37443316213575	1.00454475807217
4.12583999352187	1.00153523042705
3.87844375645706	1.00090380229904
3.62969471173491	1.00426953763884
3.38179407052886	1.00913363121741
3.13050863407801	1.01775820758655
2.88289113497206	1.02536213291826
2.6357856337742	1.03299458999271
2.39285189785497	1.04661855858115
2.13989046001357	1.06488402550207
1.8740709576118	1.0838735818155
1.62621817219579	1.08547820356111
1.375	1.08253175473055
1.10084747762568	1.1014138965142
1.08090650017877	1.37420105707562
1.09921885697921	1.62285416092367
1.09322755993937	1.87361865649836
1.08028095102091	2.13046245301971
1.06542948617388	2.38152923633725
1.06344955616267	2.6250006718007
1.06344146138355	2.87497573318986
1.06344802493757	3.12499213733395
1.06344643360052	3.37499989853623
1.06344644888587	3.62499997229354
1.06346283071181	3.87500016544729
1.06344642305467	4.12499998979307
1.06344656239844	4.37499969551735
1.06344670226024	4.62500001095918
1.06346326106274	4.87500036252185
1.06346266757094	5.12500008585324
1.06344635922595	5.37499990978993
1.06344654589581	5.62499959209699
1.06344673442913	5.87500001121947
1.06346325015418	6.12500053324472
1.0634461395344	6.37500017354908
1.06344612654706	6.62499994136853
1.06344803751489	6.87500711845755
1.06344188476439	7.12502387146872
1.06345027803034	7.37500007104624
1.06542896704367	7.61847116808079
1.07971007377997	7.86903645041533
1.09629596299271	8.12609827668138
1.09930443488897	8.3764172156611
1.0807618800191	8.62401816429435
1.1047935684814	8.89913655336811
1.38916480829381	8.92195110386397
1.63393031187211	8.90623296047504
1.88948191549752	8.90218236272283
2.14366615432561	8.93191478615351
2.39500839036229	8.95469225980867
2.63639705163343	8.9672380385466
2.87965987477116	8.97642860865361
3.12835209902666	8.98130727279263
3.37729177850808	8.99028817070857
3.62523981166413	8.99894397754433
3.87332037489685	9.00038027309979
4.12227217354801	8.9974257090378
4.37097675253223	8.99334602896603
4.62041745395713	8.98957771309346
4.87211196901918	8.98142751629773
5.12428606359439	8.97769405455605
5.37146832537564	8.97684672119473
5.6167098358782	8.97435080598653
5.85291218594655	8.96525582966951
6.10591648052005	8.95020394581315
6.35895672425285	8.9407072747163
6.61238222654517	8.93592471597698
6.85436772316069	8.92429654660383
7.11479826318218	8.91649846934243
7.37620949913181	8.91602502400986
7.625	8.91746824526945
7.87880757274339	8.91269306024307
8.13450990493355	8.90372295130256
8.37930523283715	8.91063593636368
8.62521522750656	8.93907433039162
8.90139930930768	8.90052752529084
8.91746824526945	8.625
8.90723811021569	8.38302560659041
8.90176807714917	8.13580980050095
8.91140561318215	7.87997419123701
8.91746824526945	7.625
8.91746824526945	7.375
8.91746824526945	7.125
8.91746824526945	6.875
8.91746824526945	6.625
8.91746824526945	6.375
8.91746824526945	6.125
8.91746824526945	5.875
8.91746824526945	5.625
8.91746824526945	5.375
8.91746824526945	5.125
8.91746824526945	4.875
8.91746824526945	4.625
8.91746824526945	4.375
8.91746824526945	4.125
8.91746824526945	3.875
8.91746824526945	3.625
8.91746824526945	3.375
8.91746824526945	3.125
8.91746824526945	2.875
8.91746824526945	2.625
8.91746824526945	2.375
8.9118059060036	2.11917570493038
8.90231387703848	1.86130030819027
8.9130744886117	1.61586197069812
8.93917663494541	1.36954171966421
8.90257117773786	1.09665002054891
3.82264495363869	1.9628041331348
3.82169054268625	8.03552004217718
4.17502121163759	6.83599945472247
4.17382151885355	4.44044550529509
4.17838350154628	5.63948098393515
4.17536185604341	3.16530012339536
3.82204616630315	4.36124551049931
3.9649490028272	3.37151729867047
3.96526525124713	4.57334177243176
3.96552254110513	5.7726013772108
3.96477406899934	2.1727889415295
3.96392503051786	6.97629080837657
3.82822895385149	6.76139501824557
3.82166616976643	5.56118391633427
3.82367452775077	3.16162967324988
4.16652731517631	8.03936159158131
4.17461817646973	5.56031598537406
4.1742415682697	4.3603492366832
3.82466393946772	5.63946708258505
3.96504463401242	4.22739875327557
3.96411476814327	5.42725766298873
3.96464202593636	6.62739091934737
3.96484844670205	3.02693396685514
3.96472960681427	7.82687218090712
3.82510543408563	3.23975589073576
3.82503354730829	4.43924769630277
3.82660453310088	6.83988742888631
4.16621337048321	1.96010129139526
4.16554054933257	2.03977584586227
4.1652674272353	7.95951534854521
4.16426502308439	3.24061248214855
4.16485749771905	6.7598369577756
4.03825833225634	4.23721440185271
4.03738327664186	5.43666364056102
4.03790503446097	6.63698941997269
4.03764897007885	7.83645917104391
4.03968269933507	3.0381731834767
4.03974314007394	3.36243721520644
4.03796717650068	4.56198920877333
4.03937979460212	5.7620871465668
4.03996003961335	2.16374104383268
4.03782417064382	6.96426837127361
3.83643738228503	7.95926259385347
4.03903628351585	1.83437520618846
3.96098161623276	8.16562012785634
3.83773916552947	2.0408004174711
4.0395089505	8.16530849088664
3.9605108477565	1.83469667403069
1.04997773590764	0.857158707852139
8.95797606911934	0.860492865350761
9.14594833114052	8.94967114683409
0.863760929322888	8.961884020929
4.19560081183094	8.19690033659348
3.8095783197397	8.19875558632364
4.19475931077867	1.80185426083057
3.79792523838426	1.81517994409217
4.1771812628103	6.98718087001908
4.17916100491205	6.61812264975255
3.81889490973236	6.98446638749001
3.81861653689157	6.61683165093326
4.17811986843232	5.78597022593947
3.81903392291645	5.78484630588642
4.17754631678231	5.41382486932255
3.81722020689247	5.41562641486422
4.18089015660456	7.81496711482094
3.81300506948107	7.81958843456324
4.17734591156768	4.58678285113707
3.81885088606926	4.5844543335104
3.81819819143342	4.21654747434426
4.17753213118012	4.21276462224157
4.17979885812328	3.38178251364979
3.81957427620972	3.38437594517868
4.1775210081838	3.01426485758986
3.81722728141267	3.01600295496891
3.81646237229008	2.17923815994589
4.18229337358553	2.18448331133923
8.51554243469961	1.3086565540115
8.27394752150471	1.32837753335851
8.00765817041858	1.31225084055167
7.75	1.29903810567665
7.50185703788567	1.29912978502686
7.23749088224726	1.30093109861569
6.9825241601026	1.30104778736509
6.72748709119083	1.29091888372
6.47703281380917	1.2792926791358
6.22628968312388	1.27050621828183
5.97813052633672	1.25301903195107
5.73209114212888	1.24029184473599
5.49112544044879	1.22880140454342
5.24467647205671	1.22582274937274
4.99575717477088	1.2229718139755
4.7445269704989	1.21744834192891
4.49608932950902	1.20730295337965
4.25105331830418	1.19330349921346
4.00584360325463	1.19026564749939
3.75554052069681	1.19858644160522
3.51015627054604	1.1983435984534
3.26227170065368	1.21387528902709
3.01445091952465	1.22525598369707
2.76411843088162	1.2341686922053
2.52261860793225	1.24947873221649
2.27534854352694	1.27033691682727
2.01497584293881	1.2955748395405
1.73585102357892	1.32219518138815
1.49792815854941	1.30990254587731
1.33472629846456	1.74557973806208
1.31356279720646	2.00426350380456
1.29175932903333	2.26049464884106
1.2775506670663	2.50499799167433
1.27563646822256	2.74999507373651
1.27564009623864	2.99997836460478
1.27544115902465	3.24999736730838
1.27564073610047	3.49999992244104
1.27564897861368	3.74998616435826
1.27564834321869	4.00001400403695
1.2754395033948	4.24999972449545
1.27543982794972	4.49999973463942
1.27564933886564	4.74998613202247
1.27565659905245	5.00000072792883
1.2756481937975	5.25001383994231
1.27543941524965	5.49999959265247
1.27543989098111	5.74999964178733
1.27564940317715	5.99998625408318
1.2756483553305	6.25001487647797
1.27563977450353	6.50000006848214
1.27544078494035	6.75000190950698
1.27564097336894	7.00002071696968
1.27563778398915	7.25000484665364
1.27755059616245	7.49500366719928
1.28999611457224	7.73939350776076
1.31069531830881	7.99286347585419
1.3355583650008	8.25727580870982
1.31860188621706	8.50163348615001
1.74653010230681	8.66674871486133
2.01500421889902	8.69882292697391
2.27791666387692	8.72749469575962
2.52241841209307	8.74849603536114
2.7645726360514	8.76772356515072
3.00755253501433	8.7766247251185
3.25642513297516	8.78593656532825
3.50338217691356	8.79798337042917
3.74722822223069	8.80917861377396
3.99342722715902	8.80871842276598
4.24191522914382	8.80109083931629
4.48951534780463	8.79619440272935
4.74405999525973	8.78326894980311
4.99575454998876	8.77699833816764
5.24537012933522	8.77435955863968
5.4926556922224	8.77152454046005
5.73065812037177	8.75980155248976
5.97013466401311	8.74560901361593
6.22273415681302	8.73088151495891
6.4752617547393	8.72065446790138
6.72712995521503	8.70888819100649
6.9823866948405	8.69806829576102
7.23716921397247	8.69632256098677
7.50185703788567	8.70087021497313
7.75	8.70096189432334
8.00651968893004	8.69131471334861
8.2685566882814	8.67379360484109
8.68476152200337	8.52044273843836
8.66790325468754	8.27818728991415
8.68849882652855	8.01277095712253
8.69673535904469	7.75561064929756
8.69771920478362	7.50675472322072
8.70096189432334	7.25
8.70096189432334	7
8.70096189432334	6.75
8.70096189432334	6.5
8.70096189432334	6.25
8.70096189432334	6
8.70096189432334	5.75
8.70096189432334	5.5
8.70096189432334	5.25
8.70096189432334	5
8.70096189432334	4.75
8.70096189432334	4.5
8.70096189432334	4.25
8.70096189432334	4
8.70096189432334	3.75
8.70096189432334	3.5
8.70096189432334	3.25
8.70096189432334	3
8.70096189432334	2.75
8.69609396234696	2.4915283294767
8.69806602461975	2.24659549317354
8.6907488597087	1.98952041915007
8.67121590170911	1.72636325112514
1.31476648506391	1.49061192713684
1.50711162439259	8.68038140287891
8.69422065775281	1.48936608974295
8.5	8.70096189432334
4.07082124216805	8.2046764109374
4.06957519590788	1.79520084612124
3.92935767414663	1.79671383013233
3.92954593174685	8.20461544056874
3.81296073600872	1.9203150104691
3.80073902037422	8.08591078505491
4.20354536651485	8.07048162351243
4.20564349248919	1.92723557229721
4.19801552886456	6.88517511495187
4.19835467933402	3.11538113220662
4.20902361997515	5.68509787854086
4.20319604001589	4.48630951360593
4.20426692895965	4.31270680099915
4.19963896861215	5.51347571730777
3.79103703352277	4.31314270393959
3.796343134182	6.72005190101961
3.79018827710103	5.51404264788932
3.79847241417863	5.68637885168289
3.79869959730448	3.28630187059763
3.79860280060515	4.48613995808688
3.79117013984438	3.11556362045581
3.79826669468588	6.88202056605677
4.19897505534206	7.92547836038877
4.07024059425013	6.60433085239721
4.06980021822555	4.20418939149482
4.06927255803917	5.4059503092873
4.07126162346835	3.39498427631985
4.07094399966624	5.7932036501394
4.07028641731509	4.59341684326324
4.0730926599028	3.00715889237455
4.06852981908656	6.99522381742116
4.06944803683193	7.80536098013119
4.07223032182912	2.19529538089451
3.91923301565578	7.00351219941019
3.91695930157784	2.19791476938887
3.91981681165043	3.39928778655663
3.91982301902471	4.60304219428125
3.91890098412623	2.99742393728589
3.91889066713282	5.80238215388455
3.91933404216444	7.79941714490974
3.92001976673062	6.59798845698539
3.91754303402902	5.39635672005156
3.92039850984314	4.19801948821185
4.19740342723103	3.27592686918396
4.20279962443046	2.07210366521757
4.19551003527944	6.72784893097575
4.01021027624154	7.7962057302514
4.01357637091285	2.99611970130302
4.01333057229198	2.20512899304575
4.01001541305199	7.0047272548231
4.0110914600034	4.19671783342699
4.01035636204719	5.39636690287627
4.01106369923858	6.59674207023246
4.01502385439533	5.80521535389762
4.01293474941922	4.60506637851299
4.01404160534118	3.40546254330252
3.80226418620567	7.9232753857277
3.80404094062006	2.07346221442602
4.21418838870315	7.99688333782487
4.21675295922682	2.00137515322073
4.20564221772683	4.40082417030521
4.21177995425847	5.60112807428884
3.99871150364558	1.78936046659556
4.00047065538605	8.21451525777989
3.79182575766269	3.20133896174156
3.80686154832512	6.80123604748463
3.79013076768351	5.60108711211528
3.79223402881517	4.40042789791615
3.7879642954211	2.00893119136957
3.79329549440642	7.98497515933853
4.20831438426795	6.78652873840445
4.2088631778172	3.2136515851206
8.72483616184679	8.73767995283318
8.73822426294331	1.26851808954887
1.27955340002102	8.72598254699414
1.27333950237817	1.27584498272835
8.13270719674558	1.54223414942978
7.8750090192951	1.52643436090672
7.61995883331163	1.52434469777394
7.35943687992774	1.52841541291607
7.10116736372099	1.53274330392305
6.84390513314582	1.51899130953991
6.59057427628328	1.51336897212244
6.34404560759713	1.49634193261923
6.09282080345795	1.47546177636739
5.84751760986992	1.45583747431085
5.60303381691576	1.44232333617425
5.36543401959373	1.43200579638243
5.11457105901963	1.42840017427704
4.86519425959481	1.42425373425576
4.61227702843768	1.410842063949
4.37014344865114	1.38992818369536
4.13360207304386	1.3677221825896
3.88815758642973	1.39332326505687
3.63501898501144	1.37812354909551
3.40793325941758	1.39676265919671
3.15225797450527	1.42473425005154
2.90300125798151	1.43497482722473
2.65782745626468	1.44755701238547
2.41431424563756	1.47372376191984
2.15513640951788	1.4991712303424
1.89778140512005	1.52815081416642
1.55947164864171	1.88185589676925
1.51858727167507	2.14586485989993
1.50616619708411	2.3901962330933
1.49049768295595	2.6291677975497
1.48742163824005	2.87498364555153
1.48729589295482	3.12515635715955
1.48729462284437	3.37482960188519
1.48771954504526	3.62498605090117
1.48772734099298	3.87500062315251
1.48729612677486	4.12518376354189
1.48719320738408	4.37499945466483
1.48729677683525	4.6248154660909
1.487730629121	4.87498727144148
1.48772952716883	5.12501441381104
1.4872959206945	5.37518356357305
1.48719318809345	5.62499921426871
1.48729693218677	5.87481547968661
1.48772801359972	6.12500145408445
1.48771826804035	6.3750147519994
1.48729389357276	6.62516953478986
1.48729613409459	6.87484176218671
1.48742341773222	7.12501548382212
1.49049921259528	7.37083420753563
1.50228867986046	7.61127819364056
1.51768876449628	7.85471686662641
1.55946257126722	8.11894877241052
1.90740969062151	8.4619677920111
2.17237521037727	8.49959339778528
2.41550706843967	8.52580767671489
2.65994614207586	8.55409809620302
2.89792585684678	8.56849223108519
3.1386332504186	8.58098954625214
3.38819134785347	8.59735829801256
3.62411319357161	8.61796087578217
3.86394287353721	8.63207077832842
4.10448837555533	8.61718581608277
4.35680702450559	8.61694347809228
4.60409847085737	8.59501787543914
4.86168349644951	8.57656205816812
5.11774156412296	8.57281984982221
5.36431850403998	8.56676336114976
5.60243814092988	8.55654564525453
5.84323935961436	8.54234470854758
6.08088762713	8.52245247482142
6.33749653708442	8.50436532250105
6.59207380742368	8.4967209147567
6.85058767932705	8.47515610251593
7.10351050919663	8.46636805964112
7.36033898488556	8.46947210714341
7.62037192109656	8.47590870031444
7.87147936313641	8.47006598642776
8.13123552517026	8.45435886565932
8.46869158803952	8.13771643213837
8.48445554337723	7.875
8.47348868171696	7.63605858049822
8.48812918908626	7.3828424947769
8.48445554337723	7.12500000000001
8.48445554337723	6.875
8.48445554337723	6.625
8.48445554337723	6.37499999999999
8.48445554337724	6.125
8.48445554337723	5.87500000000001
8.48445554337723	5.625
8.48445554337723	5.375
8.48445554337723	5.125
8.48445554337723	4.875
8.48445554337723	4.625
8.48445554337723	4.375
8.48445554337723	4.125
8.48445554337723	3.875
8.48445554337723	3.625
8.48445554337723	3.375
8.48445554337724	3.125
8.48445554337723	2.875
8.48630043786786	2.61656180020087
8.472548167696	2.36313047594708
8.48445554337723	2.125
8.4691669009487	1.86381523414553
4.04789125090591	8.27662253803707
4.04495376392216	1.72470840498939
3.95435783598595	1.72612199499446
3.95439761635902	8.27591982218198
4.27268796406378	8.06072017426532
4.27573226618614	1.93769456077676
4.26509442341639	7.93147137802138
4.0614560968539	3.45649963809859
4.06118068636424	5.855095775607
4.06150894506991	4.65411713491074
4.05797839596645	7.05611689984127
4.06142533614499	2.2558307778945
4.2622266099926	3.26069391669966
4.26995679565204	2.06701096549431
4.26235951021463	6.73896167216883
3.72888626922319	7.93885309326946
3.72735760720313	2.0621452155408
4.12286150060941	5.37410083823122
4.12294484675661	4.17291145237183
4.12262096723485	4.62625308348863
4.12256825124492	5.82614133104286
4.12365017086335	6.57406456696894
4.12514226769687	3.42632086693657
4.22511943351176	6.93819346568346
4.22201996558141	3.06270026237616
4.12164980663291	7.02805680914657
4.12390886989091	2.97427043195476
4.12474230233196	2.22690163503536
4.12245605192415	7.77442726036003
4.22738005008681	5.73838642201919
4.22494284887104	4.26075293877867
4.22542154841191	4.53927941549777
3.86760485190863	7.02370913890616
3.86828909670144	3.4238812659413
3.86601214219159	2.9750077903977
3.86783084053506	6.57648094619522
4.22420817775033	5.46043003892733
3.86775341179907	4.62377087860834
3.86776538955692	5.82371567131078
3.86692872695919	5.37426837225399
3.86820386548682	4.17654785593059
3.86726283937209	2.22302540500784
3.86565621438383	7.77629178101474
4.22924058053411	3.32802371123252
4.22782983611807	6.67246028325622
3.76880668973898	4.26008510487199
3.77161574388433	3.06233000793747
3.77532667487284	5.73908954378793
3.77516413649679	6.93796802532701
3.76891953594512	5.46050736624861
3.77626256185004	4.53721942690039
3.77447743815266	6.66479675466651
3.77543988137045	3.33838299249636
3.86820738610469	1.75714913923871
3.87046891604228	8.24886988492633
4.13078430145116	8.24832411198807
4.12756374130785	1.75076867392409
4.23037890502072	7.86726159423458
4.23241996072966	2.13153137739366
3.76937712936055	1.88558255047161
3.77464613907987	8.14272203728699
4.24440184429614	8.1344019133939
4.2445714905673	1.86500329907175
3.76738175341407	7.8735997327124
3.76793286840315	2.1275128458812
1.59863478357888	8.41235502746291
1.59880028780667	1.58199416005566
3.76446922393814	1.9473303890119
3.77703918656755	8.03951425115273
4.22339808836433	6.83974222270291
4.2222799289097	3.16004463860969
3.76614411060356	4.35782063159978
3.76418436576679	5.55693860502912
3.76402638841861	6.77001717160349
3.76866036414508	3.15976291182732
8.42262698473527	1.57743674002385
8.41767924493583	8.42518542592778
3.76984003689388	5.64243919733248
3.76995437091651	4.44214868085416
3.77010917273122	3.24259911384746
3.76971434763251	6.83328850673365
4.23195169025585	5.64164531503427
4.22641498597156	4.44200438798158
4.22674360273846	4.35910981496938
4.22814939264778	5.558117625091
3.96464942849461	3.42451681795134
3.96529207229474	4.62500666004911
3.96432690077375	5.8231624407896
3.96309059685006	7.0277311924449
3.9629121549128	2.22262772183777
3.96390065130429	6.57725235360497
3.96388934470064	5.37821946944585
3.96388453119137	2.97622489545043
3.964121560858	4.17780558523685
3.96407674673666	7.77409484055846
4.28634267407236	8.21707219773839
4.21843175007786	8.28642736259147
3.72395572439983	8.21001688678307
3.77800273870775	8.2926076078269
4.28493538357961	1.78482989659115
4.21595109020163	1.7084959775205
3.7775576060406	1.71567221641452
3.7124692096341	1.77740872991931
4.18952743332024	7.06097516131667
4.24935711352296	7.00614818700352
4.19149802307797	6.54286459685983
4.25317441759999	6.60007825917454
3.75007898375355	7.00834677121751
3.79793027450126	7.0566773055698
3.74906122949605	6.59238341464044
3.80256703348445	6.54685386001869
4.24929471711596	5.80915113405982
4.19001493944752	5.86117166605336
3.74957472790325	5.80850448960801
3.79914497513363	5.85616250699527
4.24913220552357	5.39070557804623
4.19078241724352	5.34064473475291
3.74781168997011	5.39229255829243
3.801767523869	5.34833360274111
4.1934165531236	7.73957070098103
4.25810837896072	7.7946772797449
3.73384419373729	7.80220238841262
3.79634625109771	7.74949526796263
4.24665189264946	4.61121003598791
4.19020381621627	4.6617147568652
3.79839405923711	4.65521764445861
3.7488283774353	4.60776021827109
3.80300095884194	4.14950313141907
3.74865889214367	4.1941165714179
4.24558732316236	4.19127815614515
4.18951395648747	4.13985286159391
4.25389750404111	3.39961476843053
4.19247566759235	3.45698310396054
3.74991340998971	3.40741933636032
3.80168313870942	3.45518886480484
4.18930733047861	2.94333485372806
4.24959068482803	2.99469818395618
3.79829810550049	2.94571084936946
3.74585196494955	2.99225528356791
3.73768549805837	2.19868866880463
3.79822385809188	2.24925442525938
4.26081183253748	2.20463966596215
4.19488365653378	2.26110378048755
3.99757562225542	7.72873201387267
3.99613571557325	2.92853446387126
3.99751543350075	4.12934818299937
3.99596476320691	5.32936458807026
3.99748402919964	6.52934837575405
7.97905413591868	1.76355931598261
7.73780828686746	1.75142891924595
7.49514305663217	1.74638622864803
7.22241922914393	1.76137041010724
6.96803655249798	1.76836712657514
6.70454952250135	1.74526947314382
6.44594467821478	1.74355680220713
6.2133622594412	1.70291791160699
5.95265969193201	1.67462089638158
5.70652323968372	1.65745815094548
5.47515451806171	1.64487937293683
5.23405610552074	1.63629683904614
4.99044351522468	1.6283626185687
4.72664865083954	1.62827080272016
4.47335443992336	1.59365103527813
4.25175319570523	1.54666750403584
3.74833486355856	1.55905403644528
3.5415004075039	1.54092695707195
3.30974038893595	1.63192634634555
3.04201933552984	1.63235262043142
2.79933708241596	1.64996447076264
2.56034648024655	1.67619811907507
2.32370139502411	1.70028018035827
2.0769729534446	1.73268637106492
1.76206326672519	2.0394677387144
1.73545915190284	2.28047784892167
1.71901271276528	2.51952816961938
1.70706723322547	2.75843412242252
1.69897195787016	3.00017636531926
1.69858306608395	3.24999405436263
1.69911944362337	3.49954837617727
1.69932005225754	3.74998673902703
1.6991261587696	4.00045693074967
1.69882018747553	4.25017877425926
1.69882147656501	4.49981974438139
1.69912771706602	4.7495343840711
1.69932696071467	5.00000177520359
1.6991255877401	5.25046576736114
1.69882012949113	5.50017839591618
1.69882151165835	5.74981948317466
1.69912806592535	5.99954384393229
1.69931874763567	6.2500163510734
1.69911739289144	6.50045113088589
1.69858264328474	6.75000375242419
1.69897395098787	6.99982095773165
1.7001082827299	7.24528287948371
1.71404573704307	7.48075243300154
1.72854307238892	7.71883878333738
1.75755253671104	7.96718899512717
2.07178302533074	8.2708728337732
2.32404131981585	8.29927975285372
2.56310554667527	8.32713787443866
2.79194423251797	8.35520831894361
3.0280527312395	8.37400818709078
3.28715454216331	8.39346866303552
3.52479744114541	8.43208246362321
3.75557424977975	8.44438820256026
4.25187785705118	8.44652503948896
4.47136261698339	8.41994692197488
4.72849102266903	8.37949022863516
4.98837562400775	8.37389237865181
5.2343441405493	8.36348272825285
5.47547838024424	8.3540286492401
5.70594244000051	8.34148704507798
5.94159419702896	8.32397120283041
6.18781832763844	8.28351097970926
6.43929774945464	8.26573342326865
6.70456163955749	8.25933157424856
6.96817834341388	8.23795611212773
7.2228987473347	8.23483569686972
7.49395856874548	8.25174925356
7.73688343986245	8.25086528244994
7.97832736224718	8.24044104928658
8.29107343859597	7.9968880395639
8.22987902017679	7.77564962645753
8.2806148911533	7.50246358497134
8.26794919243113	7.25000000000001
8.26794919243112	7
8.26794919243112	6.75
8.26794919243112	6.5
8.26794919243113	6.24999999999999
8.26794919243113	6.00000000000001
8.26794919243112	5.75
8.26794919243112	5.5
8.26794919243112	5.25
8.26794919243112	5
8.26794919243112	4.75
8.26794919243112	4.5
8.26794919243113	4.25
8.26794919243112	4
8.26794919243112	3.75
8.26794919243112	3.5
8.26794919243113	3.24999999999999
8.26794919243113	3
8.26794919243112	2.75
8.27904679358944	2.49540359482309
8.23123185852129	2.2217332053079
8.29101012477937	2.00370568173761
4.12829464851533	8.33956872603106
4.11823612020294	1.65132421259931
3.87230457505151	1.66331732663055
3.8815233298828	8.3465638955132
4.34037505086258	8.13522483205702
4.33476624401383	1.86729528424011
4.31754089859099	7.86080290301056
4.12238745060959	3.50200939632984
4.12140604520921	5.90370981066748
4.12217295394787	4.70380439163542
4.12093730377006	7.10408610697449
4.12241309274051	2.30337049493803
4.30833485189997	3.32975375530297
4.32073369931608	2.13802633545125
4.30575847095456	6.67238211277193
3.67952888720104	7.87911564564413
3.68248698717478	2.13078181695343
4.28046467093396	5.68124501823821
4.27544937602463	4.3182488340464
4.27724403472235	4.48242056958339
3.92129898028438	7.07197818681024
3.92247849656473	3.47284538769268
3.92354588675138	2.93151415345807
3.92369494522754	6.53196816648044
4.27337434073439	5.51689040718255
3.92236419160542	4.67279337810464
3.92237456764873	5.87216574426706
3.92279518818431	5.32819205949731
3.92372016958697	4.1320593563386
3.92148760267532	2.26745347139892
3.9234151780156	7.73107092372908
3.71838940430367	4.31751433255443
3.71928768861432	3.11801632565498
3.72391882792927	5.68314024254014
3.72202870367604	6.88349600233945
3.71787109229014	5.51737894947724
3.7238661944091	4.4831703308722
3.71621299714394	6.71899428971433
3.72403710229934	3.28347238156733
3.69050169777182	1.90811333149165
3.67101833827007	8.07661425427401
3.71847587174997	4.40056508172973
3.71837030753797	5.6014182197584
3.7017313361562	6.80109527162343
3.71959786577322	3.20096593064661
4.27859210077615	5.59818884822312
4.27333272413474	4.40069868425109
8.22376649516396	8.21637208432731
8.22400051804397	1.78451115880799
3.7000423854256	1.98669954867329
4.27695149504881	6.80964563682743
4.27687738270498	3.18741431749724
3.72545014981365	8.01295901523443
4.0584251971553	7.74691829547455
1.81561858713832	1.78737719295028
1.81896443064145	8.21706234038927
4.06204202442798	2.94603754059808
3.99568172606446	7.07425997201981
3.99726909050524	2.27122525497241
3.99673016885503	3.47156614881799
3.99856459306913	4.67169740538247
3.99804620170066	5.87096210091769
4.06147239354469	6.54527466584163
4.06088238411007	4.14480139645991
4.05904402188755	5.34712957705933
4.26446993419597	6.87848733593888
4.26035283407437	3.11865359091842
4.00761308396431	8.3637388826853
3.9921185898493	1.63795077105191
3.62806016221745	8.17306308705895
3.61629185956965	1.82080639713506
4.2741220349305	7.09218501627202
4.19647137417078	7.14974214463238
4.27530348604357	6.50915123150787
4.33979098576182	6.58123078301776
3.72322556089735	7.08761459700363
3.72764596335904	6.51674631656998
4.27271801491256	5.89138593279796
4.19861263447524	5.95036351901925
3.72498504780151	5.88554230942984
4.27277284846876	5.31151511592897
3.72623788283394	5.3159079224453
4.27972351937604	7.70248069513776
4.35877488324565	7.77248145932894
3.64573849036073	7.78390277832452
3.71919899488727	7.71369414742017
4.27347926965018	4.69155322548515
4.19978743408015	4.7506179917959
3.72227383038996	4.68497982359777
3.72711025384459	4.11685593793687
4.27192136026096	4.11285773205588
4.34440327848676	3.41721875143277
4.27659212727573	3.48751436072914
4.19894892265903	3.54473398810792
3.72501164533684	3.48479229246528
4.27309635869258	2.90884640072677
3.72038026404363	2.91412516433407
3.71610593295769	2.28739797727494
3.64302258431447	2.22004171216238
4.36090577881887	2.22625832700287
4.28276076818451	2.29803768168982
4.19818317421884	2.35325847867628
3.96422480167621	7.65622058787947
4.04527279509497	7.67367386992855
3.96794561708995	2.8562716898693
4.04585351006323	2.87280910509734
4.04618555845217	4.07299021377827
3.9670670436111	4.05867027842733
4.04658990278372	5.27253346459815
3.96779877873268	5.25407801842829
4.04617291343302	6.47322444152238
3.96706399833179	6.45867811642981
7.61152344681472	1.98109699198752
7.36791038118258	1.98407495205031
7.09676636883132	2.01748811768652
6.81959936155713	1.97847519200331
6.55513456861876	1.96468839008076
6.30144974833338	1.98351590534692
6.04581029835584	1.89095251600267
5.8052173939802	1.87558453473792
5.57522645483668	1.86064995618715
5.34920596586716	1.8484313692401
5.10698034641506	1.83766459491374
4.88866734076398	1.82165503409274
4.54729939932323	1.76278495422978
3.42489691263605	1.85751105021807
3.16771766288168	1.82497537882402
2.93506377241291	1.844831075752
2.70162423449265	1.87016275078524
2.4755409511281	1.90416792774138
2.25897601710224	1.92994221158336
1.94883808980916	2.41515750807269
1.93424120017727	2.64895693059914
1.9174847882105	2.88130885833324
1.90982955655586	3.12541375505691
1.90987585326812	3.37431765127622
1.91033626214588	3.6245984469472
1.91034374189288	3.87538526717657
1.9100159415261	4.1255764323229
1.90985509558677	4.37499816958714
1.91001587411192	4.62441825126048
1.91034701596042	4.87460013659864
1.91034598275337	5.1254035114647
1.91001430657389	5.3755802357878
1.90985471530034	5.62499777113146
1.9100174350633	5.8744225938194
1.91034388998498	6.12461937401554
1.91033459334352	6.37540348303201
1.9098748214757	6.62567963257942
1.90982991410049	6.8745817688664
1.91013968372821	7.12157869784284
1.92571503828506	7.3525679676312
1.94030777616489	7.58285296604951
2.24404084922097	8.07328958858333
2.47417295024304	8.09528240399387
2.70281430927887	8.13004608143848
2.93978046477037	8.15863119924847
3.19495124785555	8.18815001301181
3.45433442285875	8.20397772057329
4.55377230209436	8.24065382480802
4.88851286084224	8.18280357745339
5.10980044063767	8.16230737116542
5.34947527145001	8.14984198144796
5.57413705331112	8.13782781928792
5.79920965764163	8.12793850721835
6.02597540326885	8.11326539986584
6.28996223585078	8.02762934712293
6.55711053701956	8.04520810907106
6.82818943218052	8.02868300876635
7.09629429230202	7.96870437629754
7.37004822087485	8.01363229109842
7.61254834136297	8.02469073363351
8.07432457980992	7.59760487739449
8.05144284148503	7.37500000000001
8.04815186701685	7.1342110006247
8.05144284148501	6.875
8.05144284148501	6.625
8.05144284148501	6.37499999999999
8.05144284148503	6.125
8.05144284148501	5.87500000000001
8.05144284148501	5.625
8.05144284148501	5.375
8.05144284148501	5.125
8.05144284148501	4.875
8.05144284148501	4.625
8.05144284148502	4.375
8.05144284148501	4.125
8.05144284148501	3.875
8.05144284148501	3.62500000000001
8.05144284148501	3.37499999999999
8.05144284148502	3.125
8.04782587575141	2.86498978935009
8.05144284148501	2.625
8.07340614223957	2.39936544896421
4.36200756053377	5.63940061580551
4.36455457226775	4.35681473784094
4.3607651215865	4.44166864872918
3.96406761811798	7.15012488823869
3.96747056486242	3.54662165114607
4.36459918574498	5.55558480417505
3.96683463500017	4.74819941256831
3.96604874338266	5.95035643931698
3.96507019547414	2.34727516944768
3.63248383947572	4.35825139870113
3.63546664744767	3.15733110069211
3.63558512438784	5.64451884476942
3.63570723329845	6.84487196418267
3.63085634545595	5.55533259365689
3.63398433422011	4.44443612154681
3.62792844051817	6.75410933510336
3.63180133478201	3.24497332650881
4.34041897527049	6.8606847371603
4.33466919600993	3.14036103038071
7.83736815674664	8.02076851838629
7.83944308540243	1.98518027598061
4.40757453518356	1.76510615164057
4.41199839079453	8.24141593627857
1.9523685297764	7.80869396729175
1.95872128135437	2.1895206289694
4.30160279243233	3.06011287303523
4.30171118786949	6.94096267257894
4.04442559727764	7.13257336568295
4.04649599279778	3.53261942382279
4.04473013164376	5.93154204233964
4.04629614192405	4.73279649681712
4.04554285099219	2.33200518032095
4.1212214762612	7.70013432963491
4.12205622503	2.90110267541455
4.35013717955392	6.76032853494084
4.35100874166565	3.23644423817471
4.1221653675685	6.50004184371293
4.12192644081685	4.09882508583921
4.12281843293999	5.29995278139584
3.63492749762029	8.29992949684195
3.70985327287362	3.35532966432678
3.71294830652207	4.55618824418108
3.71261402420037	6.95715712385158
3.71086578271895	6.6454639221288
3.71299535550874	5.75617633972623
3.70944178806966	5.4454300421271
3.70804749567251	3.04621050363113
3.70783413263413	4.24565948376138
2.00386552136704	1.9559546326057
1.98026842330809	8.05266862597902
4.28684517176032	4.24744282454631
4.28641208931481	5.44552570539632
3.85315092141587	2.9145073842644
3.85660839238474	6.5157223964615
3.85703447823077	5.31151891382997
3.85738784082005	4.11533570955396
3.85531558347816	7.71497034458699
4.28959897285679	5.75305169586568
3.85425452332923	7.08755314669744
3.85612606651376	3.48908393077652
3.85436233600727	4.68746335317114
3.85437185467995	5.88746787350529
4.28772892702533	4.5548904435681
3.85533975334148	2.28730046693713
4.32870380893833	8.32186141118596
4.325475440236	1.6887565760737
3.65443401465677	1.69069193148681
3.95226407980727	8.47593562976526
4.04485011898254	1.525135956636
3.90645473424843	1.56017939201765
4.09875851827055	8.44467583097272
3.64069772934929	7.97381973577719
3.63040023682466	2.04744836980063
8.05142778427318	2.00738649622183
8.05142778427317	7.99261350377817
3.59587290060083	1.94080491528301
3.58402071004233	8.07620025898172
4.2900116777092	7.19384623231926
4.37726570916244	6.4776727490234
4.29420483864095	5.99587095472476
4.38777521894015	7.65992424301609
3.62007550321003	7.67036075112393
4.29632508995771	4.79418885541511
4.37718875266511	3.51859948110818
4.29233778530584	3.58702492254301
3.62207702313101	2.32701256785146
4.3891776953546	2.33839675460374
4.29208479998492	2.40811095010501
4.019586951156	7.58788185620713
4.10959358137207	7.61485339033925
4.02107011859514	2.78869943212703
4.11216283705673	2.81535179383255
4.11315401141671	4.01334152935547
4.02397994247547	3.98644089742372
4.02335602849633	5.18849852829697
4.11696267167174	5.21103734655103
4.11170558833521	6.41309345873329
4.02344646225308	6.38688348327023
7.51870537301494	2.19615684705316
7.30272753342487	2.2198284145171
6.89060680992764	2.23057768230235
6.68548531391795	2.15982536152942
6.4715799008417	2.21119258932268
6.24400710403473	2.26219167660175
5.88733254647896	2.08958991566387
5.67065573877112	2.07657010852627
5.4401956312083	2.06180954292254
5.20029118564212	2.05461702176913
4.97519129176982	2.04581399316774
3.06842717092219	2.0370885046032
2.84360704091237	2.06508458726253
2.62215697907521	2.09715295096141
2.37803673557751	2.15059708749085
2.16201380942922	2.5352747279249
2.14512748813534	2.76511303969469
2.12763020764219	3.00439611058761
2.12045478741055	3.24982653068207
2.12085120087199	3.49907036880808
2.12168634105365	3.74998555363197
2.12091806042676	4.00075695888152
2.12059358200864	4.2504231491552
2.12059145819062	4.49957241960665
2.12091666883409	4.74923026385651
2.12169324557383	5.00000269469359
2.12091652006879	5.2507712610715
2.12059189902776	5.50042379382552
2.12059318525805	5.74957275399238
2.12091817819686	5.9992460151544
2.12168410140791	6.25001926314054
2.12085043583099	6.50092870998688
2.12045532376992	6.75016869809049
2.12038966902576	6.99781635542482
2.13749749350474	7.23409158894427
2.1487769268568	7.4658252725794
2.37139004426158	7.84657123378341
2.62055738754774	7.90452825984841
2.84514057840505	7.93350468443997
3.07620503393138	7.96896370177621
3.30011924000142	8.01067225876382
4.98450568294103	7.95340104442753
5.21969130360832	7.94150920694061
5.44648824285236	7.93123758107061
5.66565177084301	7.92095368901943
5.87064048653697	7.90481458039366
6.23199998692428	7.75803119262408
6.46538102872041	7.79321407932478
6.682210923672	7.85279959244813
6.88708199524588	7.76849976038067
7.30227722540387	7.77598139969704
7.51074028302336	7.80339937176171
7.84237337561652	7.55367953750716
7.834625250531	7.28167867153444
7.82974966714848	7.01306304591921
7.8297736538091	6.75640795899087
7.83493649053889	6.49999999999999
7.83493649053892	6.24999999999998
7.83493649053892	6.00000000000002
7.83493649053889	5.75000000000001
7.8349364905389	5.49999999999999
7.8349364905389	5.25
7.8349364905389	5
7.8349364905389	4.75
7.8349364905389	4.49999999999999
7.83493649053891	4.25000000000001
7.8349364905389	4
7.8349364905389	3.75000000000001
7.83493649053889	3.49999999999999
7.83048352683652	3.24381013090601
7.83043404881644	2.98845617087558
7.83448582348683	2.72433833055541
7.844599990017	2.45150706141038
4.4546951648639	5.59817924889817
4.45295029139352	4.39824800810729
4.01809024022604	7.21721691200526
4.02184741331424	3.6200540071596
4.01848483287867	4.82057061463112
4.02244721106464	6.02107554176943
4.02169996762361	2.41829040995797
3.54256772344976	4.40011869429989
3.54276781583547	3.19900258545307
3.54132939352498	5.59775680183575
3.53959597685373	6.79828258977606
4.39505783521087	6.93470875543691
4.42719721899767	6.8371149292331
4.39242235415909	3.06241309172309
4.42697484791607	3.1573482134648
2.17089980528218	7.68829332981772
2.1858945613069	2.30602163663546
7.74478064746306	7.81527836110963
7.74455991700353	2.20036444195775
3.88541988223765	7.64978746578732
3.88698063305363	4.05114649777337
3.88712742700694	5.24387782189436
3.88709260532524	6.45087177718814
3.88707992624151	2.84384747017391
3.88724401363408	3.55478734562644
3.88500582227557	4.75587940754
3.88501686056441	5.95588205692251
3.88487646834355	7.1559036263336
3.88770785321089	2.35463878408358
4.36124272750585	4.52683826577586
4.36207910258466	5.72704109689564
4.36058749133584	5.47235367680251
4.36027362603954	4.27443245873476
3.63617707300955	6.66916746808577
3.63649107231903	4.26920527544641
3.6364666021382	5.46922086802893
3.63611810420038	3.0693154826111
3.63890695839837	3.32951631176196
3.63928529639265	5.72842353246729
3.63925357745948	4.52840962841098
3.64085474097754	6.93324793603263
4.19992048056757	5.25456705369042
4.19802700014494	4.05425118322275
4.1968767439464	2.85335383008847
4.19655081255812	6.45385446529347
4.39665259236665	6.66098759311306
4.40154793252109	3.33428399723499
4.19549246584312	7.64966608393013
4.10954994561326	2.39183848906187
3.57403666403045	2.13253259143043
4.44994844091635	8.11334143878081
4.33885968661217	2.97813826481665
4.44445794609195	1.89189539774075
4.34232084210832	7.02154620399426
3.57459716162496	7.87639405546029
4.11069368313918	7.19080621398059
4.11349890721352	3.59295485740184
4.11244205793816	5.99404596010655
4.11298042130882	4.79340515098749
4.32893030213578	5.38328459778516
4.33043020494567	4.18564906705351
4.33051926297404	4.62090081194025
4.33100598224615	5.81918960285415
3.67002059383605	7.02011843776804
3.66555049519854	2.98185897271794
3.6698194693836	5.81834949377607
3.66851572360219	4.61844396160644
3.66985688389492	3.41785922061358
3.66830788005793	4.18518027891348
3.66977641137591	5.38207296321072
3.66898388161863	6.58211390268676
3.79561282681869	2.86458846652761
3.79507857199912	7.13877849491046
3.79984931895143	4.06680564910987
3.79773615158697	5.26574974324827
3.80086096382752	6.46657184011477
3.79753056765751	5.93490186779547
3.79622289321048	4.73547024152491
3.79842728292266	3.53626920175802
3.79644394333213	2.33381283747883
3.79926988822427	7.66787693623154
4.43458464555402	2.13674605761586
7.96320370032128	7.79189533919123
7.96049556413463	2.20502880632484
4.43221144221365	7.86571711565799
4.70159806555634	8.17487856544131
4.70062898017179	1.82854195979567
3.6262884535266	7.11076140607332
3.70282770662036	7.18307329133494
3.71694652447734	6.42059108223289
3.62936452484617	6.487424749042
3.62835865048743	5.90696157600467
3.71213577901434	5.97985851688425
4.37079870994572	5.29112796509471
4.29526902788131	5.20667164519451
3.62996512656844	5.29225723057319
3.71224400674447	5.22098924792624
3.70375131430513	4.77518326321128
3.62065287733138	4.70717002798483
3.71469649376769	4.02032607821823
3.63272674356508	4.09032060065655
4.2919919137614	4.0166022220599
4.37128431868342	4.09396884966731
3.62579937802685	3.50704506948396
3.70719160180383	3.57628123257537
4.28629111615683	2.80712669115849
4.37302493688406	2.87633819073718
3.61860710040768	2.89296230341338
3.69898211606837	2.81853682745032
4.40955631384725	3.64215349910192
4.40648807778791	2.46804672164491
4.08926277516848	7.50734243895551
4.18927943556448	7.53942681477753
4.08984886877449	2.71570326340048
4.19298208662501	2.74633780446521
4.19839575245946	3.94871176284758
4.09748650540319	3.90804083942642
4.10233241140322	5.10873070085178
4.20522648058304	5.14235963862374
4.09636486405031	6.30905161416285
4.20250735615458	6.33858207313604
6.38774845164704	2.44752506975505
5.76121472863632	2.29947458870553
5.53928865265872	2.27454976880826
5.30047071613991	2.26117220020273
5.06623497975265	2.26830962730426
2.98862910241107	2.2567148287754
2.76036904574149	2.29112328235464
2.55533449161695	2.29131484689051
2.38936754801638	2.650372649236
2.37773920211132	2.42060266348604
2.35602876866126	2.8875348572769
2.33695265411529	3.13074423910448
2.3308488252925	3.37411414075019
2.32853416924279	3.62383810395812
2.32873805733996	3.8760067710986
2.32813834456301	4.12585957851043
2.32770745366786	4.37519575555816
2.32813695792061	4.62413119951059
2.32858550481028	4.87397458554162
2.32807118555419	5.12602741166273
2.32813892988524	5.37586718801661
2.32870952378785	5.62460500735176
2.32813882673286	5.87413943953627
2.32874022840149	6.1239990691231
2.32853162267199	6.37616263802529
2.33084719586546	6.62588191826357
2.34831349782115	6.87065736172302
2.3419083265011	7.11074379797491
2.37989386700106	7.34258968198573
2.37124003501821	7.57795883845953
2.55124780032708	7.69251932300057
2.7575183994524	7.70101755834543
2.99217384573122	7.7526089141054
3.23200496982141	7.78161875356623
5.07175193819364	7.7260209690567
5.31271654539329	7.72453949936154
5.55625917992109	7.71371456498011
5.76278805736623	7.68923011791513
6.37888735229968	7.5696923050724
7.61863696203749	7.39335086197791
7.61007711303781	7.15109901579191
7.60232854815905	6.89045662726296
7.6117686388661	6.63262269739099
7.61843013959279	6.37499999999996
7.61843013959283	6.125
7.61843013959279	5.87500000000004
7.61843013959278	5.62499999999999
7.6184301395928	5.375
7.61843013959279	5.125
7.61843013959279	4.875
7.61843013959279	4.62499999999999
7.6184301395928	4.375
7.61843013959279	4.12500000000001
7.6184301395928	3.87500000000001
7.61843013959277	3.62500000000001
7.61106675083217	3.36411949374456
7.60265374892224	3.10330155412497
7.61071801767571	2.84954758507421
7.61824218559616	2.607561892662
4.08916252394781	7.29496318191204
4.09812231461741	3.69768892047552
4.0960463296714	4.90146545053061
4.09873319495632	6.10104742368449
4.09199342237603	2.50029262530985
4.45328326615918	7.02963668002261
4.5051017630882	6.91909209476868
4.50437439824722	3.07421423726631
4.44833527522971	2.96648965498508
3.81934244909238	7.57233684173597
3.81768390113799	3.96190038783246
3.81172670235102	5.16761163375152
3.81845924534375	6.36237695192801
3.80565714998492	2.75740484492715
3.81073707287679	3.63738891990898
3.81014825254341	4.83918568744192
3.81881173088847	6.03857730445112
3.80214531698044	7.24111909391948
3.82083889948134	2.42795810374893
4.42383596729989	4.60652912098413
4.42680785070851	5.80683661715284
4.42340835735426	5.39141846360429
4.42708344159477	4.19010369331963
3.56831389403559	6.58353283768719
3.5733767659576	4.18803401155772
3.5709796936908	5.38931321746389
3.56467133439033	2.98870666558113
3.57067828370535	3.40811146390399
3.5732860696656	5.81097244669572
3.57044890701999	4.61195608879029
3.57247954779582	7.0133905595568
7.62642748643951	2.38633570623094
7.62777048333202	7.6252494042102
4.45308322933842	3.43039228015973
4.45262119068764	6.56778577920025
4.19852953748226	3.65626822971555
3.52733442502466	2.24513742071681
4.19327960019939	7.26025586233911
4.20377226262003	6.06636352295836
3.53222624578804	7.75833469066975
4.58561111716743	8.06150334194637
4.58271329429615	1.94461319978261
4.20187151867916	4.86213337697762
4.19436678095846	2.46992991027173
4.48681708479324	2.25093451244803
3.29458009469481	2.01304385197218
4.48652421517251	7.74879678341583
4.28893312580009	7.59360275433859
4.2935846082929	6.40118373179655
4.37654497056925	7.12129925247326
3.71624592121078	7.60771978406933
3.71627943921632	2.38951213239709
4.76639082309817	7.9941294537731
4.76405876201437	2.00783918624861
4.37216489368836	5.91010773783506
4.37407899669993	4.70962006203581
3.54783001026427	4.29582708620432
3.54805236301434	5.49659313235216
3.54569401841242	6.69518249069198
3.55137874143873	5.69769814562198
3.55047522626038	4.49950975789504
3.54738660680243	3.30329404865073
3.54736178256954	3.09657639654446
4.44646388660951	4.49632808550294
4.44753597101219	5.69688046044202
3.54806473754515	6.90406512206085
4.44651047292291	5.50067420212842
4.44682813706439	4.30086856525202
3.9228600763071	7.23405452740401
3.92872601492481	6.3702241941164
3.92502965442294	5.16856487829984
3.92906532805649	3.96974664102117
3.92324337912927	2.43183975971922
3.92239843119057	3.63549609027464
3.921548846996	4.83676022369157
3.92452482219882	6.0361413704402
3.92203606117706	2.76567131245602
3.921201140246	7.57057806873052
4.44599649799146	3.25103561513775
4.44022193425907	6.74363610836095
3.49881139072704	2.02518722493624
6.68471034710744	2.42145893999618
6.67450779411579	7.59906703769146
7.09561421340351	7.70509848972701
7.09869422784143	2.29949805861838
4.40242480495588	7.24293284632439
4.29341508964759	7.32524367771868
4.40875946484749	6.34984900306695
4.50428679410801	6.45248539306839
4.40573261499061	6.02841105916906
4.40417712149515	7.5300042814674
4.51946493248993	7.6040946630311
3.60521034052589	7.53855427449712
3.50086570475289	7.62082277100588
4.41229993429062	4.83017222174974
3.48926357043027	2.37294518970601
3.61360382415484	2.44480566949792
4.55481739418485	5.65745537977742
4.55245459199808	5.53669606927204
4.5546853630097	4.4579118936675
4.55254386108902	4.33649126789323
3.44347574108754	4.4623184392168
3.44199288435419	4.33593541201041
3.4481295243688	3.25961028418747
3.44818821192667	3.12966173215574
3.44470479202595	5.66278157815645
3.44042162391791	5.53756961533102
3.44126004692131	6.8601739552757
3.44003142940103	6.73030572323885
3.5921831792029	7.22973505664005
3.50936643495392	7.12309517112158
3.69207144060551	7.28462478991249
3.70721662052463	6.32290054426656
3.60302792812002	6.36993515458239
3.50214862755962	6.48064744136494
3.59673439564424	6.02629136565173
3.51372395943138	5.91810399643361
3.69899117076521	6.07645060346501
4.48584014625921	5.28399606713841
4.40967712923611	5.16286744209022
4.3088592359059	5.07370505385234
3.59818963519328	5.16927744699098
3.50568405955291	5.28840372589563
3.70119304754216	5.11834240295052
3.69550898012195	4.87510138777125
3.58638927696909	4.83062735127018
3.50137854239755	4.71788144341939
3.70442565347734	3.91797183246709
3.60313444684995	3.96363529596093
3.51561657065487	4.07993526929439
4.40961067459093	3.97570257668024
4.30467809099149	3.90399633548043
4.49269401032067	4.08749276709106
3.59042231359989	3.62666003997731
3.50037233843503	3.51827004531581
3.69573671115546	3.67430227191637
4.29113097537985	2.68098168312449
4.39645145001898	2.75329293670663
4.49907624417426	2.84508066831391
3.56996031573686	2.7894272095366
3.48588204932505	2.88711601827943
3.66967756963701	2.70862558997244
4.28588142590069	7.47156421438663
4.30690151318518	6.26978462833823
6.52031461207771	2.63982427860878
5.62602450279347	2.52189179197512
5.42065330578443	2.44577355183561
5.20107064642065	2.48916982591007
2.9074703148996	2.48034534725654
2.59299523044478	2.76918144690509
2.54784782674765	3.01473779476735
2.54723567835771	3.2532055044687
2.53602243870227	3.50743394665046
2.52983846821867	3.75223203841676
2.53467717435185	4.00142820285216
2.5395333360681	4.25310772940736
2.54105372203236	4.50078119737837
2.53459873443813	4.74868263181195
2.53436134932281	5.00042141341383
2.53964290210928	5.25178848615603
2.54172268915177	5.49921804861936
2.53884638706849	5.74787575060589
2.53467623727352	5.99857285120304
2.53366624634287	6.24741267820563
2.53604836738597	6.49698454042593
2.55020051308867	6.74501912890431
2.57891972593961	6.99818541254492
2.58432565951986	7.21977246920624
2.89766523328566	7.52909385848507
3.13617592589154	7.57705060501686
5.2024070833006	7.49720509437769
5.43101853880794	7.54138576838775
5.62666163019866	7.46726006007214
6.51672774906062	7.35985291409625
7.39497659982143	7.31216879675139
7.37507691585873	7.04839716373995
7.38258915477222	6.77540189001318
7.39656002552623	6.51100193246986
7.40192378864671	6.24999999999994
7.40192378864672	6.00000000000005
7.40192378864665	5.75000000000002
7.40192378864668	5.49999999999998
7.40192378864669	5.25
7.40192378864669	5
7.40192378864668	4.75
7.40192378864669	4.49999999999998
7.40192378864669	4.25000000000001
7.40192378864669	4
7.40192378864668	3.75000000000003
7.39630958960726	3.48925804383587
7.38394480627741	3.22368031821459
7.37507886971719	2.95160307727546
7.39762398283438	2.69230948804679
4.58775657631953	7.0251754279089
4.50638185263571	7.14883279573941
4.58768527795264	2.96464645568435
3.72725435010801	7.48959337157635
3.88969644468345	3.86879290422572
3.88067148779879	5.07410536324676
3.88964988862992	6.26877889765149
3.88224985460424	2.67421487138154
3.87465901445207	3.75085093354569
3.87242713756908	4.95481042702714
3.87534074814319	6.15080156398933
3.87558598338899	7.31904617607471
3.73377033162932	2.50446044763344
3.86507646331845	2.54190807020764
4.4866471664469	4.70674120815095
4.53439277653683	4.58359899808798
4.48796912725745	5.91122739552053
4.53788293724889	5.78599253427396
4.53424732455765	5.41014419292656
4.53730566408671	4.21147669279823
3.44511869340745	6.60133670690088
3.45881838723391	4.20873402300711
3.4493668346493	5.40823013137749
3.44428765278615	3.01089007032659
3.44846374021688	3.38887000752125
3.45931619957922	5.79020620136402
3.45155636855294	4.59030413325691
3.45822248891756	6.99154815181259
6.12041485029993	7.51466684493409
6.11570100101825	2.4850304148897
7.23246171763517	2.49096902112699
7.21981261450802	7.5066386858744
3.21974020160874	2.22551118719356
4.530027385557	6.79284428584859
4.5372980969131	3.19960492454058
4.51723986326584	3.32534973202779
4.51152045983009	6.67098531616488
3.98836789150361	2.50128011859795
3.98712913528422	7.31163251452454
3.98834298514956	3.71126827395934
3.99208812266245	6.1128257715412
3.98499596876021	4.9163399684681
4.49912593424552	3.54592135159416
4.46811370564241	2.02027907849639
4.46588567964779	7.98669402057984
4.3079602301767	3.7006123113335
4.51392204492649	2.39029513509786
3.98739832593077	7.49657300137635
3.98992798812009	2.69291204407056
4.29384264002922	2.53749941276286
3.99515742064679	6.29401520269383
3.99597638137537	3.89217986360818
3.98886829489012	5.09673126979722
3.41281291554353	7.86291957040605
6.96699845163123	7.48324363292398
6.96688245280855	2.51695387789523
4.80603604809315	2.24494818183286
4.80531518379424	7.75009425646059
7.42666908590328	7.57669794986029
7.43400809627658	2.43746473225428
3.41176008962006	2.14281953273437
4.59699194243312	2.12576831611851
4.59995662003215	7.87726691331671
2.62497540369117	7.47092741065493
2.64436553171253	2.53480208387664
4.1912344308625	6.20534935000163
4.18600636574892	5.00347902027637
4.19250785650628	3.80065312706975
4.1762976169024	2.61081646160341
4.17471925221607	7.4019356059935
4.53794012760587	3.68012929997225
4.54636866119497	2.53755385278688
4.54253129681627	7.29534822624256
4.54878618683536	6.31102478559975
4.545032872207	6.03704498697989
4.5461404572099	7.45648071426889
3.46228089318208	7.46885766707302
4.55067048430882	4.84645043977938
3.47987631802738	2.5059832242414
4.67548641187567	5.59368193061129
4.66878412832118	5.74070196503256
4.66321800749709	5.44544322157425
4.66324806831415	4.541004460952
4.67695731361409	4.39422985402081
4.66588599922454	4.24780823242876
3.33839841033324	4.39502826037922
3.30778114161716	4.52577588294425
3.31932225717944	4.26066944114534
3.30770735968143	3.33062786768935
3.34432190865883	3.19754630596753
3.31138042955442	3.06985009053797
3.31705969199697	5.74492840269944
3.33777155465445	5.60728872049656
3.31187979494174	5.47491077511401
3.33884357500991	6.79803877241262
3.32402061542675	6.93278392160758
3.30866855718728	6.66229364172705
3.43058103011715	7.28814117289321
3.36486940571844	7.10219861245875
3.46266623438093	6.32978963707939
3.47595945616617	6.07266665585236
4.5511233930858	5.14814344495782
3.46476538653559	5.13406699430259
3.45844332261514	4.8688725978763
3.47156220979949	3.92921581661924
4.55516993007152	3.96395381182991
3.45727356993602	3.67279887641955
4.53594021874761	2.6984516557977
4.65086437524709	2.81229038285447
3.40784965412114	2.76394864980564
3.31302880430786	2.89958329589574
2.78627638325812	3.13171395024707
2.74965100161808	3.385979298727
2.73246468873462	3.63293114886796
2.72402547430728	3.88202041314139
2.75149543621105	4.13492512365836
2.75386546326269	4.38253125006891
2.74822386480066	4.62140434750806
2.74074434886259	4.86922009507803
2.7399512785234	5.12567006981122
2.76506593517699	5.37736741336801
2.75272125174348	5.62327583707606
2.74998588941705	5.8668860030047
2.73760095068427	6.11839260330688
2.73810100932697	6.36937290581198
2.74980185349838	6.61255887205811
2.77013941748361	6.85577795060409
3.07242486014992	7.37405113280294
7.14581808772873	6.92582253759254
7.16901879178427	6.64672644697233
7.19303066773323	6.38137147562414
7.19505629996994	6.12149805324499
7.18541743770056	5.8750000000001
7.18541743770053	5.62499999999997
7.18541743770059	5.37499999999998
7.18541743770058	5.125
7.18541743770057	4.87500000000001
7.18541743770056	4.62499999999998
7.18541743770059	4.37499999999999
7.18541743770058	4.12500000000001
7.19321712288091	3.87718011794088
7.18587072225782	3.6166274580819
7.16949812179357	3.35102344987083
7.14703041322008	3.07362785889468
4.66906058746948	7.17283678307065
4.62303828482016	4.69060912314805
4.62959572887754	5.89051141928527
4.64177365215116	6.71375333460099
4.65839878711789	3.28377524601934
3.32339452638468	7.58912464298792
5.87310923685565	7.46865257025719
5.8463671230265	2.51797605154801
2.73481342005736	2.91515849423274
2.81274993428132	7.10968634261634
6.25656450082028	7.32617055784629
6.26253177253121	2.66941418564704
4.5962559376924	6.5735008150843
4.05543034230486	2.60709263414032
4.63391537218076	3.11424135176984
4.63797949197322	6.8759936146635
3.13397113921433	2.44129318696472
4.58659224016612	3.43395072799976
2.82637077891783	7.32519219869406
2.86712067951803	2.7153591634963
4.06976215724701	3.8015615937257
4.06311718736641	5.00850309262237
4.06458869584395	6.2066932958498
4.04989887021536	7.40145894025397
4.41125727038256	2.61106943930867
4.61242091699167	7.6973827466289
4.92602645801262	2.50597723821141
4.93251206872979	7.49141843873417
6.73359233345592	7.36535029161344
6.73294409340649	2.63534998579016
4.41185983039592	7.38773366233764
3.39263720756174	2.28269407089715
4.61590580895943	2.29700792173282
3.61003426760287	7.38160284192994
3.63369743919534	2.58081176115593
3.7796743198729	3.8416683418644
3.77062762943862	5.0429101133707
3.7774084555246	6.24321225687703
3.95085198089907	7.39964552015965
3.95731612538184	5.00977329391039
3.96224837467081	6.20627183338554
3.95948652267751	3.80406913672175
3.95553637009536	2.60175287665494
3.48938003335394	8.00796490537879
3.76974678124037	2.62892377463175
4.43700462901872	3.81281093161798
3.77502130060295	6.14277110348602
3.77501955580501	4.9427798744245
3.77499785283565	3.74279105600227
5.9885021927468	7.70196162277339
5.99030498548426	2.29672491062897
3.76695181385777	7.37824243946681
3.61482495531227	4.9981762425618
3.61668222121567	3.79789867153898
3.62269809306975	6.20115660312637
7.13572143180714	2.78137343792411
7.13486585890999	7.22147599833903
4.45089522475795	6.18556663296799
4.45055782630183	4.99630732272292
5.41651843767136	7.30558262598778
5.41439345056177	2.68882706583295
6.65341506827833	2.88109972889306
6.40672372777735	2.86838958797324
6.66786508573581	7.12085353151654
6.40273814595933	7.13279996680498
4.7373325543045	6.00716593266474
4.71691674193344	4.82324180905064
4.81973931030056	5.66859336128738
4.81652685273177	5.49884823975031
4.79438636520808	5.83662604797374
4.81447992480404	4.48036606054766
4.78091127697316	4.64983226118872
4.8138394703472	4.30855116701061
3.16377670174009	3.00200507016672
3.2017140573148	7.01790461883697
3.22805620368144	7.22670056094656
4.63273822432182	4.99297132282254
3.25733656825341	2.74055499892249
2.965214130623	3.30320878595564
2.94102655751289	3.51813677867945
2.92305452671134	3.75898075769537
2.92803562456269	4.00222319167065
2.96281652613994	4.26558761638869
2.96649715736198	4.49632750869522
2.97593195947077	4.73518193400463
2.91044145567805	4.9905353827589
2.98798376259282	5.25444662390666
2.96886080999337	5.50398666340495
2.96936403641572	5.73927764390139
2.94456465793039	5.9905680044157
2.93250201880195	6.24238540115306
2.94748431997741	6.48810490421487
2.96384939764369	6.71543421454015
6.95207931825154	6.75289340557187
6.92753635705268	7.00994940356194
6.9767022703391	6.48918227183711
6.9835571176838	6.23644748386923
6.9730439341045	5.99441460743246
6.96891108675437	5.75000000000006
6.96891108675446	5.49999999999993
6.96891108675448	5.25
6.96891108675447	5.00000000000001
6.96891108675445	4.75000000000001
6.96891108675447	4.49999999999996
6.96891108675448	4.25000000000001
6.976799184048	4.01004113813364
6.98092671558959	3.76033685639328
6.96932394047661	3.50122032113774
6.9458710538645	3.2431325288019
6.92513542628691	2.99241767927146
4.77781835260809	6.59737509354896
4.78724246401914	6.80913558755077
4.78891300925457	3.15087553098201
4.7318835298733	3.45448274394757
4.73816732304751	2.97086310943632
4.75145418189215	7.00978782826077
5.98701228783877	7.27602583181556
5.9968695003602	2.71208668902167
3.094472251991	2.63073825977769
4.66089190629044	6.44090445845894
5.13247308756532	7.29183684483285
5.12295977506099	2.70892643756067
4.6454774395696	6.15853165868871
5.71083206529398	2.76235820901892
5.69810454742187	7.22770862729672
4.64148638556463	3.57379058786164
4.69621333345688	2.43698666082876
3.27125165564942	7.41604401791618
4.59460251232336	3.82113616032183
4.71045129477172	2.62953630855506
4.69268254486459	7.55590147663377
3.33818459262422	4.71102297519706
3.32801797577545	3.51885238447073
3.3420476471174	5.30006273068503
3.37277515977972	5.90860719109873
3.32767463488757	6.47558118461883
3.36915248021238	4.09352643618293
4.71286637074518	7.36173527226673
4.63352754128523	4.09407224021015
4.62125329978352	5.29789038967674
3.32237543867468	2.41324098095232
2.9468747452196	2.92990033554173
3.40332540094137	7.72351141990468
3.17558658021199	5.61778088572786
3.17275146628487	4.38570356925189
6.89965322869836	2.76506682677967
6.88763524557029	7.23911220685043
3.18191850441932	6.80716473886726
3.18741079577445	3.19793485362642
3.29496179741923	6.27669891097491
3.29252851451745	6.06647750176225
3.30390872612963	5.11242297169655
3.28507956188169	4.9224271493114
3.30182164122493	3.93098460217998
3.28996204523917	3.72409274500997
5.50037194977487	7.08308203732154
5.28417314088969	7.07812807252303
5.50071628604407	2.95167514622787
5.26936431208017	2.90693581440322
4.82294538653324	4.9866592156438
4.98771545785633	5.5733209549257
4.97292284682278	5.76769006564468
4.96298421507072	4.59553766607915
4.98438115661581	4.39778656868514
3.12911995716129	3.62269239135767
3.10958074446968	3.87078844695543
3.106178895633	4.89764796334959
3.13212493659491	5.08466067181324
3.11606189359863	6.11576981549668
3.13228450101161	6.36571161732239
6.76508148194105	6.59334546955225
6.7786838698078	6.34704595792026
6.76149072933266	6.10914887218988
6.75148942753354	5.87143740131694
6.75240473580824	5.62499999999992
6.7524047358084	5.37499999999995
6.75240473580837	5.12500000000002
6.75240473580835	4.87500000000003
6.75240473580833	4.62499999999996
6.7524047358084	4.37499999999998
6.75068545911893	4.1286625895705
6.76220399807826	3.89130027719068
6.77896092933988	3.65151786700106
6.75190365034312	3.39828038052413
4.92842915839371	6.95258559878118
4.91127336288091	3.02651134640952
5.89367123492292	7.0190875705336
5.91777370642719	2.95982670131114
4.81931108807682	3.60109184858434
6.50552668626594	6.90138328996429
6.49860122885548	3.10764412013795
4.73327317696406	3.9324217819805
6.14943397609398	7.09889772734
6.15698287752427	2.88256579565589
4.72108423792215	5.15886053302267
4.79720415164793	4.12538029016327
4.78536725400746	5.32858614009803
6.71617481858131	3.16091545360217
6.72686252340562	6.84358353367005
3.15363629484929	6.59331837661301
3.14534192754773	3.41109318751117
3.42994419953038	6.19339234936214
3.41630296417737	4.99945443540908
3.4253587902981	3.80482567595849
3.16081208698868	5.40826110862216
3.15698138466566	4.59837648584911
3.32236599474934	2.59365849189564
4.71210676185976	3.73797307366337
3.17625618560134	5.8544355127856
3.16489054885441	4.14551979759625
4.88371994760267	7.1977471571476
4.87621045024469	2.79100616230831
4.81595432408382	3.31412782326047
4.74854885980086	6.29050760912961
5.41106549656722	6.82323463733765
5.35652255714641	3.17249175245986
5.1719874949949	5.67447866210924
5.16905204251142	4.51609637262958
6.53879179619518	6.23676364729692
6.52272431442985	5.99915133287747
6.535898384862	5.75000000000015
6.53589838486222	5.4999999999998
6.53589838486231	5.25
6.53589838486225	5.00000000000004
6.53589838486219	4.75000000000001
6.53589838486226	4.49999999999991
6.53589838486229	4.25000000000002
6.51603516227701	4.00030794183158
6.53314991789561	3.76126385049297
6.08190845627482	6.84620437372781
6.09420793637309	3.14941266450873
4.94503380182313	3.9934340300373
4.8642523341137	6.14390685869551
4.93231447326725	3.44210407036965
4.972876205328	3.2370936127373
4.97460669398745	4.19862944294306
6.29035440567002	6.94035358076497
6.29908299130031	3.05902275043585
4.94136407349235	5.96221300079919
4.89857739357418	3.79189208097993
4.82800304262337	6.42938781226846
4.97538827521679	5.37236692314285
4.90824962974362	4.79423169317782
4.91792654707314	5.17310152100336
5.07352237130655	7.0742796885498
6.5150926596324	3.35457047949085
6.52867397887587	6.65910446745256
4.97301278527672	6.72392331194044
5.66799999748977	6.94338826656451
5.70689943153845	3.01863406606936
5.63376189527197	6.65257611201786
6.30800461256435	6.14905328754437
6.30803680514101	5.88247744604849
6.31939203391582	5.62499999999978
6.31939203391626	5.37499999999982
6.31939203391619	5.12500000000007
6.31610158327413	4.87371431514013
6.31939203391607	4.6249999999999
6.31939203391622	4.37499999999994
6.30246332467742	4.11868039793738
6.29900043797452	3.85287210424402
5.11702527835992	3.84143953526757
5.15571468909883	4.06697395111799
5.11022559067996	6.1440915927092
5.17329648212575	3.38519882900851
5.17018434222425	5.19792007960457
5.12339233217215	4.74340794380745
5.03618624936629	4.97444886173503
5.14140964863347	5.89414345597368
5.86317533966099	6.73740842408656
5.85571478452026	3.24031021197791
5.17566505895838	4.29068402053886
5.14641195277326	6.87333519640458
5.18053886035122	5.45233162589739
5.0467909896334	3.62357647560084
5.57885281096571	3.20396320201288
4.95237411190782	6.30493682503556
6.30527170337745	3.28315130062872
6.31275946498791	6.72451137150457
5.13796553002326	3.12399528900706
5.39367280524957	6.5302031628721
5.39816657470675	5.57143587804937
5.3775358373911	5.79428408118631
5.38956112534016	4.40544200275655
5.38351760299977	4.67269358421943
5.85185919301284	6.45363611481899
6.06339123683478	6.01389355894905
6.08426565540895	5.75056728337037
6.09412307474433	5.49563512398412
6.0958516911444	5.24733386810505
6.09581716597686	4.99849009391643
6.09475867584244	4.74805756433323
6.08665622082773	4.49718663547193
6.08559521682259	4.24945371473591
6.06517479604317	3.98858035543657
5.35882356114829	3.90693273546143
5.3849464952651	4.15762412687189
5.35749506475918	6.02195907842312
5.40123711543979	5.34028230030666
5.67584592342368	3.46481444085181
4.988365159975	6.52579790915743
5.18785659619988	6.64498944568632
5.43070847680262	3.45356440104211
5.28465490752621	3.65570664419342
6.09327769602075	3.41120102765219
6.08813254215665	6.57966704423533
6.34353061398334	6.44039149565892
6.33139504343068	3.56737122947527
5.26399811702725	4.93372227488822
5.16825619007756	6.39955242056321
5.61809656459703	5.70432909548836
5.63065519654792	5.46950250990864
5.60333543799181	5.93646272467991
5.61455638460712	4.26760112862504
5.61696968842632	4.51676998082464
5.83838763447128	5.86253381000651
5.85638363744807	5.60841902200439
5.86710298637885	5.36281367303089
5.87144868833611	5.12336371842709
5.87622933869632	4.87174751894591
5.86441213208985	4.62284384542782
5.85182987771974	4.38113257967341
5.84149525914586	4.13273102811022
5.59784692203697	4.01345673896814
5.60577172501318	6.36274334371726
5.36072922846641	6.27206875057848
6.05028824615546	3.7078107907556
5.56646057221333	3.73455822768395
6.07141748500406	6.29832444041054
5.89085592113986	3.49445405745117
5.66987298107781	5.00000000000054
5.54690097278178	6.15417544890298
5.80632422805444	3.88696872719758
5.79464176681544	3.67540950330715
5.65575409866453	4.73628980757774
5.64442943297036	5.23408413749396
5.80288953164418	6.15238773772693
2.14642252793805	7.89562349285631
2.15907074530483	2.107096506734
3.11436140751368	2.82505533268783
5.43356440024837	5.10366627775552
3.71796894592252	1.84659287367661
3.70887058139949	8.13883612779127
5.06157738009328	2.91124242929708
3.01119709191503	3.10957371366413
3.52605331356195	2.66420063833887
3.04377480571325	7.17760860414053
5.48900887314961	4.88374223109659
4.34768365840241	7.94306801269138
4.35685872667797	2.05651729663085
3.19010598212973	5.24305753690505
3.18447021708797	4.7624851782263
4.30631630347653	3.80248136953487
4.29522781437669	2.00497557829762
4.29049385636719	7.99228845642578
6.58504647955216	6.4500458739869
6.59008646957884	3.54586304589487
6.09506081139458	2.09661711081768
6.07812426384055	7.9003496073446
3.50798937153949	1.70851670858767
3.73869017887162	8.08103169725011
4.36073034654833	1.96123220774326
4.35921242129264	8.03625849209054
3.86016779529239	7.46253549621192
4.30930662937674	6.1268170823991
2.99906249358372	6.93604337846069
4.31039983909489	4.92743973614061
