BCnode   BCtype
306        4
outBCNode	outBCNum
1	1
300	1
299	1
298	1
297	1
296	1
295	1
294	1
293	1
292	1
291	1
290	1
289	1
288	1
287	1
286	1
285	1
284	1
283	1
282	1
281	1
280	1
279	1
278	1
277	1
276	1
275	1
274	1
273	1
272	1
271	1
270	1
269	1
268	1
267	1
266	1
265	1
264	1
263	1
262	1
261	1
260	1
259	1
258	1
257	1
256	1
255	1
254	1
253	1
252	1
2	1
165	3
164	3
163	3
162	3
161	3
160	3
159	3
158	3
157	3
156	3
155	3
154	3
153	3
152	3
151	3
150	3
149	3
148	3
147	3
146	3
145	3
144	3
143	3
142	3
141	3
140	3
139	3
138	3
137	3
136	3
135	3
134	3
133	3
132	3
131	3
130	3
129	3
128	3
127	3
126	3
125	3
124	3
123	3
122	3
121	3
120	3
119	3
118	3
117	3
116	3
115	3
114	3
113	3
112	3
111	3
110	3
109	3
108	3
107	3
106	3
105	3
104	3
103	3
102	3
101	3
100	3
3	2
93	2
92	2
91	2
90	2
89	2
88	2
87	2
86	2
85	2
84	2
83	2
82	2
81	2
80	2
79	2
78	2
77	2
76	2
75	2
74	2
73	2
72	2
71	2
70	2
69	2
68	2
67	2
66	2
65	2
64	2
63	2
62	2
61	2
60	2
59	2
58	2
57	2
56	2
55	2
54	2
53	2
52	2
51	2
50	2
49	2
48	2
47	2
46	2
45	2
4	2
231	3
230	3
229	3
228	3
227	3
226	3
225	3
224	3
223	3
222	3
221	3
220	3
219	3
218	3
217	3
216	3
215	3
214	3
213	3
212	3
211	3
210	3
209	3
208	3
207	3
206	3
205	3
204	3
203	3
202	3
201	3
200	3
199	3
198	3
197	3
196	3
195	3
194	3
193	3
192	3
191	3
190	3
189	3
188	3
187	3
186	3
185	3
184	3
183	3
182	3
181	3
180	3
179	3
178	3
177	3
176	3
175	3
174	3
173	3
172	3
171	3
170	3
169	3
168	3
167	3
166	3
5	4
6	4
7	4
8	4
9	4
10	4
11	4
12	4
13	4
14	4
15	4
16	4
17	4
18	4
19	4
20	4
21	4
22	4
23	4
24	4
25	4
26	4
27	4
28	4
29	4
30	4
31	4
32	4
33	4
34	4
35	4
36	4
37	4
38	4
39	4
40	4
41	4
42	4
43	4
44	4
94	4
95	4
96	4
97	4
98	4
99	4
232	4
233	4
234	4
235	4
236	4
237	4
238	4
239	4
240	4
241	4
242	4
243	4
244	4
245	4
246	4
247	4
248	4
249	4
250	4
251	4
301	4
302	4
303	4
304	4
305	4
306	4
