BCnode   BCtype
208   4
outBCNode	outBCNum
1	1
161	1
160	1
159	1
158	1
157	1
156	1
155	1
154	1
153	1
152	1
151	1
150	1
149	1
148	1
147	1
146	1
145	1
144	1
143	1
142	1
141	1
140	1
139	1
138	1
137	1
136	1
135	1
134	1
133	1
132	1
131	1
130	1
129	1
128	1
127	1
126	1
125	1
124	1
123	1
2	1
63	3
62	3
61	3
60	3
59	3
58	3
57	3
56	3
55	3
54	3
53	3
52	3
51	3
50	3
49	3
48	3
47	3
46	3
45	3
44	3
43	3
42	3
41	3
40	3
39	3
38	3
37	3
36	3
35	3
34	3
33	3
32	3
31	3
30	3
29	3
28	3
27	3
26	3
25	3
3	2
118	2
117	2
116	2
115	2
114	2
113	2
112	2
111	2
110	2
109	2
108	2
107	2
106	2
105	2
104	2
103	2
102	2
101	2
100	2
99	2
98	2
97	2
96	2
95	2
94	2
93	2
92	2
91	2
90	2
89	2
88	2
87	2
86	2
85	2
84	2
83	2
82	2
81	2
80	2
4	2
208	3
207	3
206	3
205	3
204	3
203	3
202	3
201	3
200	3
199	3
198	3
197	3
196	3
195	3
194	3
193	3
192	3
191	3
190	3
189	3
188	3
187	3
186	3
185	3
184	3
183	3
182	3
181	3
180	3
179	3
178	3
177	3
176	3
175	3
174	3
173	3
172	3
171	3
170	3
5	4
6	4
7	4
8	4
9	4
10	4
11	4
12	4
13	4
14	4
15	4
16	4
17	4
18	4
19	4
20	4
21	4
22	4
23	4
24	4
64	4
65	4
66	4
67	4
68	4
69	4
70	4
71	4
72	4
73	4
74	4
75	4
76	4
77	4
78	4
79	4
119	4
120	4
121	4
122	4
162	4
163	4
164	4
165	4
166	4
167	4
168	4
169	4
