0	0
0	10
10	10
10	0
3.945	6.8
4	6.745
4.055	6.8
4	6.855
3.945	5.6
4	5.545
4.055	5.6
4	5.655
3.945	4.4
4	4.345
4.055	4.4
4	4.455
3.945	3.2
4	3.145
4.055	3.2
4	3.255
4.04753495130763	6.77233362321913
4.02767193358639	6.75246828330903
4.04753495130763	5.57233362321913
4.02767193358639	5.55246828330903
9.75	10
9.5	10
9.25	10
9	10
8.75	10
8.5	10
8.25	10
8	10
7.75	10
7.5	10
7.25	10
7	10
6.75	10
6.5	10
6.25	10
6	10
5.75	10
5.5	10
5.25	10
5	10
4.75	10
4.5	10
4.25	10
4	10
3.75	10
3.5	10
3.25	10
3	10
2.75	10
2.5	10
2.25	10
2	10
1.75	10
1.5	10
1.25	10
0.999999999999999	10
0.749999999999999	10
0.5	10
0.25	10
4.04753495130763	4.37233362321913
4.02767193358639	4.35246828330903
4.02766637678087	6.84753495130763
4.04753171669097	6.82767193358639
4.02766637678087	5.64753495130763
4.04753171669097	5.62767193358639
3.97233362321913	6.75246504869237
3.95246828330904	6.7723280664136
4.04753495130763	3.17233362321913
4.0276719335864	3.15246828330904
4.02766637678087	4.44753495130763
4.04753171669097	4.42767193358639
3.97233362321913	5.55246504869237
3.95246828330904	5.5723280664136
4.02766637678087	3.24753495130763
4.04753171669097	3.22767193358639
10	0.25
10	0.5
10	0.75
10	1
10	1.25
10	1.5
10	1.75
10	2
10	2.25
10	2.5
10	2.75
10	3
10	3.25
10	3.5
10	3.75
10	4
10	4.25
10	4.5
10	4.75
10	5
10	5.25
10	5.5
10	5.75
10	6
10	6.25
10	6.5
10	6.75
10	7
10	7.25
10	7.5
10	7.75
10	8
10	8.25
10	8.5
10	8.75
10	9
10	9.25
10	9.5
10	9.75
3.95246504869237	6.82766637678087
3.97232806641361	6.84753171669097
3.97233362321913	4.35246504869237
3.95246828330904	4.3723280664136
0	9.75
0	9.5
0	9.25
0	9
0	8.75
0	8.5
0	8.25
0	8
0	7.75
0	7.5
0	7.25
0	7
0	6.75
0	6.5
0	6.25
0	6
0	5.75
0	5.5
0	5.25
0	5
0	4.75
0	4.5
0	4.25
0	4
0	3.75
0	3.5
0	3.25
0	3
0	2.75
0	2.5
0	2.25
0	2
0	1.75
0	1.5
0	1.25
0	0.999999999999999
0	0.749999999999999
0	0.5
0	0.25
3.97233362321913	3.15246504869237
3.95246828330903	3.17232806641361
3.95246504869237	5.62766637678087
3.97232806641361	5.64753171669097
3.95246504869237	4.42766637678087
3.97232806641361	4.44753171669097
3.95246504869237	3.22766637678087
3.97232806641361	3.24753171669097
0.25	0
0.5	0
0.75	0
1	0
1.25	0
1.5	0
1.75	0
2	0
2.25	0
2.5	0
2.75	0
3	0
3.25	0
3.5	0
3.75	0
4	0
4.25	0
4.5	0
4.75	0
5	0
5.25	0
5.5	0
5.75	0
6	0
6.25	0
6.5	0
6.75	0
7	0
7.25	0
7.5	0
7.75	0
8	0
8.25	0
8.5	0
8.75	0
9	0
9.25	0
9.5	0
9.75	0
4.08165638745953	6.82728093858508
4.07760808093199	6.77021844417673
4.05856866590917	6.85797295736607
4.02682200060561	6.87920661280724
3.97030650714306	6.87745117945279
3.94076497397093	6.85757149986885
3.91954249289609	6.82737612304062
3.92074161291677	6.77061962073758
3.94291416458585	6.74285427620164
3.97324174407354	6.72207860580585
4.03080625965826	6.72396130623506
4.05809758786598	6.74223924371177
9.62085072153489	0.196200848410457
9.38780926280751	0.228474210518972
9.13076219847666	0.224921328920413
8.87881538913686	0.227772193090376
8.62636313450645	0.219484307187722
8.375	0.216506350946109
8.125	0.21650635094611
7.875	0.21650635094611
7.625	0.216506350946109
7.375	0.216506350946109
7.125	0.216506350946109
6.875	0.212986452081005
6.625	0.212213252485792
6.375	0.212213252485792
6.125	0.212132771029829
5.875	0.21213277102983
5.625	0.21213277102983
5.375	0.212132771029829
5.125	0.212105074249776
4.875	0.212105074249776
4.625	0.212105074249776
4.375	0.212137385582122
4.125	0.212137385582121
3.875	0.212137385582121
3.625	0.212137385582122
3.375	0.212105248654571
3.125	0.212105248654572
2.875	0.212105248654571
2.625	0.212133060450106
2.375	0.212133060450106
2.125	0.212237249732902
1.875	0.216506350946109
1.625	0.216506350946109
1.375	0.216506350946109
1.125	0.216506350946109
0.867402730760629	0.219061885692173
0.607996954387291	0.225986688915656
0.379149278465112	0.196200848410457
0.200561470090369	0.373638875291482
0.228643378694535	0.609829931059169
0.223913323916479	0.870517689571153
0.226927343783485	1.12191245740687
0.218521089965181	1.37445374808099
0.21650635094611	1.625
0.216506350946109	1.875
0.213003399489133	2.125
0.213003399489132	2.375
0.213003399489132	2.625
0.21303073798869	2.875
0.21303073798869	3.125
0.21303073798869	3.375
0.21303073798869	3.625
0.21303073798869	3.875
0.21303073798869	4.125
0.21303073798869	4.375
0.21303073798869	4.625
0.21303073798869	4.875
0.21303073798869	5.125
0.21303073798869	5.375
0.21303073798869	5.625
0.21303073798869	5.875
0.21303073798869	6.125
0.21303073798869	6.375
0.21303073798869	6.625
0.21303073798869	6.875
0.21303073798869	7.125
0.213003505376993	7.375
0.213003505376993	7.625
0.213003505376993	7.875
0.21650635094611	8.125
0.21650635094611	8.375
0.21650635094611	8.625
0.216506350946109	8.875
0.217934045460233	9.1342054717632
0.225854052706863	9.39332579457152
0.200561470090368	9.62636112470852
0.379149278465113	9.80379915158954
0.612192970619437	9.77152183956494
0.86923674453535	9.77506694767229
1.1211729103441	9.77222354816608
1.37363466785048	9.78052134737329
1.625	9.78349364905389
1.875	9.78349364905389
2.125	9.78776281460094
2.375	9.78786722897017
2.625	9.78786722897017
2.875	9.78789492575022
3.125	9.78789492575022
3.375	9.78789492575022
3.625	9.78786261441788
3.875	9.78786261441788
4.125	9.78786261441788
4.375	9.78786261441788
4.625	9.78789475134543
4.875	9.78789475134543
5.125	9.78789475134543
5.375	9.78786693954989
5.625	9.78786693954989
5.875	9.78786693954989
6.125	9.78786693954989
6.375	9.78778674751421
6.625	9.78778674751421
6.875	9.787013547919
7.125	9.78349364905389
7.375	9.78349364905389
7.625	9.78349364905389
7.875	9.78349364905389
8.125	9.78349364905389
8.375	9.78349364905389
8.625	9.78349364905389
8.87867534000915	9.77660567952574
9.13013233406463	9.77689808017543
9.38641265551794	9.77487444011397
9.62085072153489	9.80379915158954
9.79965443998737	9.62879714500258
9.77302534332054	9.39714911747572
9.78187139822172	9.13610416362428
9.78349364905389	8.875
9.78349364905389	8.625
9.78349364905389	8.375
9.78349364905389	8.125
9.78349364905389	7.875
9.78349364905389	7.625
9.78349364905389	7.375
9.78349364905389	7.125
9.78349364905389	6.875
9.78349364905389	6.625
9.78349364905389	6.375
9.78349364905389	6.125
9.78349364905389	5.875
9.78349364905389	5.625
9.78349364905389	5.375
9.78349364905389	5.125
9.78349364905389	4.875
9.78349364905389	4.625
9.78349364905389	4.375
9.78349364905389	4.125
9.78349364905389	3.875
9.78349364905389	3.625
9.78349364905389	3.375
9.78349364905389	3.125
9.78349364905389	2.875
9.78349364905389	2.625
9.78349364905389	2.375
9.78349364905389	2.125
9.78349364905389	1.875
9.78349364905389	1.625
9.78349364905389	1.375
9.78349364905389	1.125
9.78199818154716	0.865828830380531
9.77414594729314	0.606674205428476
9.79943852990963	0.373638875291481
4.02978111221028	5.67845553116002
3.97301755987584	5.67918741626912
4.05914068520208	5.65676066414449
4.08160857812515	5.62722932548117
4.07934729834784	5.57019971649718
4.05845405011384	5.54214737065204
4.03068648913142	5.5232392440023
3.97309168039999	5.51961843930326
3.94242347153385	5.5411068392171
3.92029452456351	5.57030660484722
3.92128151823562	5.6270390411748
3.94233538118889	5.65810243043078
4.02945625942773	4.47845961818838
3.9732460739297	4.47822714848948
4.05846069367112	4.45705812379006
4.08151773088415	4.42734678513038
4.07979492435631	4.3701161449393
4.057332348045	4.34179779079958
4.02699977277128	4.32004850736671
3.97047400465841	4.32293550922788
3.9409147094241	4.34296997212424
3.91965423553034	4.37291422154617
3.9211658847005	4.42939720111451
3.94268517271343	4.457838422486
3.97011999349276	3.27819763390562
4.02685316516794	3.27778934107179
3.94057622900015	3.25704961833095
3.91915465819934	3.22681386052606
3.92187278460194	3.17004785459308
3.94279464569332	3.14300282902115
3.9702239317116	3.12239130494265
4.02727133071583	3.11882519364362
4.05863931496924	3.14088965134707
4.07930709662027	3.17257206910127
4.07626116685075	3.23095675303462
4.05702389042342	3.25883370328611
9.82924682452695	0.170753175473054
0.170753175473055	0.170753175473055
0.170753175473055	9.82924682452694
9.83421966423476	9.83606104708149
4.09895793562962	6.86711593972248
4.10083136469406	6.79685519276169
4.09610297110903	6.73274461699082
4.06633621797008	6.89604012502469
3.99725385383361	6.89966014743134
3.93318796084147	6.89620586743335
3.90237019844594	6.8673597813915
3.89989927662899	6.79731074825455
3.90300517039876	6.7332942786637
3.93423792557596	6.70453063282462
4.00239726238016	6.70203572999549
4.06650365173737	6.70424409132606
9.25994376557316	0.444033936119874
9.00883733842432	0.452410476906512
8.75137797152204	0.441387797669005
8.5	0.433012701892219
8.25	0.43301270189222
8	0.433012701892221
7.75	0.43301270189222
7.5	0.433012701892219
7.25	0.433012701892219
6.99695179900292	0.431244169908011
6.74934181616696	0.425411601381904
6.5	0.424168666214388
6.2499317670916	0.424125279452878
6	0.424084483852291
5.75	0.42408431716657
5.5	0.424023952943643
5.24997652516053	0.424010335881851
5	0.423996300265111
4.75	0.423965054113256
4.5000273818964	0.423981082271968
4.25	0.423997313259167
4	0.423997313259167
3.75	0.423997294486059
3.49997276590345	0.42398115112758
3.25	0.423965209458259
3	0.423996809592125
2.75002357235998	0.4240109034249
2.5	0.424024577109375
2.25008836496863	0.424215044957306
2.00369693452865	0.430865527240073
1.75	0.433012701892219
1.5	0.433012701892219
1.24220178591305	0.433843073503359
0.981201470454933	0.438186596406775
0.73153225322001	0.435598363462866
0.437899814269897	0.743985524106165
0.452305437024759	0.997796850643065
0.440704222746838	1.25244450665123
0.433012701892221	1.5
0.433012701892219	1.75
0.431252726046537	2.00303352584797
0.425872737073603	2.25
0.425872737073603	2.5
0.425886345322008	2.7499767218935
0.425900048528923	3
0.425900229881242	3.25
0.425900229881242	3.5
0.425900229881242	3.75
0.425900125085109	4
0.425900125085109	4.25
0.425900248722741	4.5
0.425900248722741	4.75
0.425900106123705	5
0.425900106123704	5.25
0.425900106123704	5.5
0.425900267446504	5.75
0.425900267446504	6
0.425900087044603	6.25
0.425900087044603	6.5
0.425900087044603	6.75
0.425900191840591	7
0.425886541734192	7.25002318796103
0.425872986166317	7.5
0.425872986166317	7.75
0.431252779504271	7.9969665658428
0.43301270189222	8.25
0.43301270189222	8.5
0.433012701892219	8.75
0.433700852854624	9.00625245157456
0.43206199089754	9.26404094430299
0.740059722059744	9.55595036683197
0.991158514967375	9.54754613921523
1.24861229109962	9.55864601105461
1.5	9.56698729810778
1.75	9.56698729810778
2.00025776848804	9.57012455193373
2.25008855585981	9.5757851535203
2.5	9.57597604705636
2.75002347483947	9.57598966411815
3	9.57600369973489
3.25	9.57603494588674
3.4999726181036	9.57601891772803
3.75	9.57600268674083
4	9.57600268674083
4.25	9.57600270551394
4.50002723409654	9.57601884887242
4.75	9.57603479054174
5	9.57600319040787
5.24997642764002	9.5759890965751
5.5	9.57597542289062
5.75	9.57591511368129
6	9.57591494773481
6.24993201237585	9.57587429870455
6.5	9.57583105522216
6.74934181607347	9.57458836839024
6.99695179900292	9.56875583009199
7.25	9.56698729810778
7.5	9.56698729810778
7.75	9.56698729810778
8	9.56698729810778
8.25	9.56698729810778
8.5	9.56698729810778
8.75142232068746	9.56429942944972
9.0078253072467	9.55098814637488
9.25800915878093	9.55757123170975
9.5676331885091	9.26694068577511
9.56654040609484	9.00835413056452
9.56702498840572	8.75352379054014
9.56698729810778	8.5
9.56698729810778	8.25
9.56698729810778	8
9.56698729810778	7.75
9.56698729810778	7.5
9.56698729810778	7.25
9.56698729810778	7
9.56698729810778	6.75
9.56698729810778	6.5
9.56698729810778	6.25
9.56698729810778	6
9.56698729810778	5.75
9.56698729810778	5.5
9.56698729810778	5.25
9.56698729810778	5
9.56698729810778	4.75
9.56698729810778	4.5
9.56698729810778	4.25
9.56698729810778	4
9.56698729810778	3.75
9.56698729810778	3.5
9.56698729810778	3.25
9.56698729810778	3
9.56698729810778	2.75
9.56698729810778	2.5
9.56698729810778	2.25
9.56698729810778	2
9.56698729810778	1.75
9.56698729810778	1.5
9.56698729810778	1.25
9.56620062031923	0.993796717211336
9.56793800910246	0.735959055697009
4.06799112477492	5.6950327107226
4.00242020245186	5.69581401281284
3.93443488347512	5.69673703247052
4.09805348733072	5.66563538105346
4.10069617104708	5.5969034656644
4.0973614865648	5.53233552352102
4.06658738897519	5.50410332971418
4.00226951746777	5.50091190480008
3.93422466594484	5.50292781939553
3.90329687976868	5.53274383885406
3.900994218327	5.59831401322628
3.90544046547435	5.66594333784854
4.06728627017018	4.49514594263668
4.00194565210065	4.49709050728171
3.93458143438132	4.49453562007113
4.09790675747129	4.46547137346195
4.10012910256992	4.39798528812952
4.09669195864841	4.3323874621262
4.06501434980081	4.30458611028196
3.99697046079831	4.30100156825789
3.93293345184221	4.30446990740425
3.90252606374803	4.33383570790376
3.90031495278111	4.4029776911867
3.9036707720955	4.46687943926211
3.99846103799465	3.29677246367598
3.93268574671955	3.29533164712519
4.06528116044361	3.29449251457741
3.90377996169401	3.26496469033022
3.89936567163951	3.19665503280855
3.90273863783188	3.13218695759902
3.93300927830734	3.10424405599737
3.99687218311131	3.09974130438773
4.06692801128116	3.10233262186972
4.09600849163099	3.13338909097393
4.09986668926441	3.20223467478124
4.09602139354565	3.26798705292251
9.53884195541124	0.461158044588756
9.53686201097143	9.54546045388843
0.461158044588755	9.53884195541124
0.449976720153442	0.458324194453888
9.14249657750416	0.685750593819046
8.8695209021658	0.655170710631216
8.62138236274016	0.656323132124044
8.375	0.649519052838328
8.125	0.649519052838331
7.875	0.649519052838331
7.625	0.649519052838328
7.375	0.649519052838328
7.12195170044511	0.650216563576571
6.86807671859539	0.643568331095285
6.62361516830277	0.636579196655753
6.37492913216633	0.635970861075339
6.1249313115892	0.635907872195283
5.87499985885243	0.635781552711794
5.62494888412506	0.635751861230673
5.374976732747	0.635716923834532
5.12497638042086	0.635626431977942
4.87497355004365	0.635606387716023
4.62502726011556	0.635595647690261
4.37502742783025	0.635596576476148
4.125	0.63560183301537
3.8749999841101	0.635601823628849
3.624972720226	0.635596586181333
3.37497288697444	0.635596361289842
3.12502674967735	0.63560730726059
2.87502371766053	0.635627545297577
2.62502336401949	0.635718748727917
2.37520558898896	0.635900244942873
2.12743739498182	0.644350588540477
1.87869710992602	0.650363347472865
1.62201770938776	0.648310884692591
1.36660802040584	0.648164199491734
1.10787433742456	0.650127655347015
0.849177629884474	0.66520058671294
0.689549767489742	0.869245942140307
0.659107388342264	1.13964760401887
0.65823939201642	1.38232394732175
0.64951905283833	1.625
0.651820415680802	1.87617383862019
0.646757732309293	2.1263711903454
0.63862860368155	2.375
0.638632858049216	2.62497677906839
0.6386401318458	2.87497670077138
0.638644575323766	3.12499984567321
0.638644665960338	3.375
0.638644665960338	3.625
0.638644715147764	3.87500008917922
0.638644662565719	4.125
0.638644724303039	4.37499989478708
0.638644786067745	4.625
0.638644714549361	4.87500012134866
0.638644636361446	5.125
0.638644636361446	5.375
0.638644716951897	5.62499986271783
0.638644797507307	5.875
0.638644706989875	6.12500015351807
0.638644531766117	6.375
0.638644531766117	6.625
0.63864458414101	6.87499991082094
0.638640300384852	7.12502320897632
0.638633424173034	7.37502313103733
0.638629186267528	7.625
0.646051294854082	7.874888226988
0.64807591163668	8.12484425158232
0.649930727462175	8.37621965731534
0.648768435487815	8.62930118539993
0.647769039627266	8.88178424305984
0.654733565938751	9.13394978565478
0.857487954986349	9.31419592797162
1.13047010306526	9.34477307486533
1.37894510542484	9.34228624291893
1.625	9.35048094716167
1.87519788621608	9.34905533370435
2.12553723413111	9.35552964149524
2.37463410346762	9.36109377026697
2.62502326730758	9.36428207407784
2.87502361957914	9.36437356802206
3.12502644995635	9.36439361228398
3.37497273988444	9.36440435230974
3.62497257216974	9.36440342352385
3.875	9.36439816698463
4.1250000158899	9.36439817637115
4.375027279774	9.36440341381866
4.62502711302556	9.36440363871016
4.87497325032265	9.36439269273941
5.12497628233947	9.36437245470242
5.37497663603506	9.36428224883107
5.62494893065697	9.36424732201177
5.87499985947826	9.36421765822289
6.12493155836403	9.3640909494177
6.37492937603069	9.36402816146132
6.62361537602115	9.3634200131216
6.86807674481978	9.35643165349336
7.12195170044511	9.34978343642343
7.375	9.35048094716167
7.625	9.35048094716167
7.875	9.35048094716167
8.125	9.35048094716167
8.375	9.35048094716167
8.6230853399462	9.34862158834224
8.87075921937959	9.35074118284113
9.13689501325793	9.30721747572731
9.34618892011576	9.13731006901759
9.35218336519276	8.88354358438933
9.35023499893825	8.62930378972041
9.35048094716167	8.375
9.35048094716167	8.125
9.35048094716167	7.875
9.35048094716167	7.625
9.35048094716167	7.375
9.35048094716167	7.125
9.35048094716167	6.875
9.35048094716167	6.625
9.35048094716167	6.375
9.35048094716167	6.125
9.35048094716167	5.875
9.35048094716167	5.625
9.35048094716167	5.375
9.35048094716167	5.125
9.35048094716167	4.875
9.35048094716167	4.625
9.35048094716167	4.375
9.35048094716167	4.125
9.35048094716167	3.875
9.35048094716167	3.625
9.35048094716167	3.375
9.35048094716167	3.125
9.35048094716167	2.875
9.35048094716167	2.625
9.35048094716167	2.375
9.35048094716167	2.125
9.35048094716167	1.875
9.35048094716167	1.625
9.35048094716167	1.375
9.35373721218602	1.11448937126836
9.34526643406125	0.866050214345224
9.36461234859077	0.642696128143761
0.630632280603279	0.633992720712917
0.635387651409233	9.35730387185624
9.36907174172957	9.36372034756896
4.1269016529608	6.8336854690616
4.12358494711322	3.16656374409724
4.12610922171642	5.63336397194408
4.12598209085213	4.4331720171131
3.87594418045101	4.36564060788188
3.87584545513083	6.76549878402301
3.87583234490402	5.5649525767241
4.12414898940707	4.36421564269607
4.1244649765619	5.56406505539598
4.12146455662854	3.23728554810026
3.87748203516071	5.63423724643311
3.87552756247862	3.23319707263922
3.87771297908	4.4341754243228
3.9646711030841	6.92073252294922
4.0332058698867	3.07845792185828
4.12132668060181	6.7637193827203
3.87713503098812	3.16334185812377
3.96535149326761	3.31887545034212
3.96575536636566	4.52327160682258
3.96684487137512	5.72219527095638
3.87786476641712	6.83500185282242
3.96548626863322	4.27851189539409
3.96723005463982	5.47700166358079
3.9673840169044	6.67880468964505
3.96257082892553	3.07883743776992
4.03371734325475	6.92074710351484
4.03591499038376	5.48010131442802
4.03583915939947	6.68001429990916
4.03434245879928	4.27974302653732
4.03532884186447	3.31822826248918
4.03455118613479	4.51873041730132
4.03689227757756	5.7196603957957
4.14795817546276	6.87626323447345
4.11285202029195	6.91266019762306
4.11265595443049	6.68681151781628
4.14279601810704	6.72227230156993
4.07597658912088	6.9419874347599
3.92420909149666	6.94221423575905
3.8880221518806	6.91211204777804
3.85453052423734	6.87720863241306
3.85475643066365	6.72465586950857
3.88892681222333	6.68878273819248
3.92651837154079	6.65712867168967
4.0771324575602	6.65732076131261
4.11257931581144	5.7102560400977
4.07686319164192	5.74052135953745
3.92632636819598	5.74463538496273
3.88964170106583	5.71211656551862
4.1467086614256	5.67507239100523
4.14572388557664	5.52268670624908
4.11196729107699	5.48804957762669
4.07693458983	5.45882766012814
3.88869310682501	5.488117053564
3.92633752542965	5.4560157384783
3.854049505677	5.5238258602499
3.85608401386041	5.67622082676273
4.07542905034915	4.54208995938101
4.11180472031253	4.51009505936707
3.88944355220586	4.511691509423
3.92550423137516	4.54348879136559
4.14736872202341	4.47472821154467
4.11018543829198	4.28929986881638
4.14461491857074	4.32331963844948
4.07410597971083	4.2618801603367
3.88857468489761	4.28863394844851
3.92570234825258	4.25677858503371
3.85517938636905	4.32419477124841
3.85670052647572	4.47608046225
3.88870523148207	3.31114057985131
3.92509433275718	3.34286140692394
4.11029230527949	3.31135758832733
4.07457049607694	3.34122923571823
3.85772463867147	3.27384909214555
3.85404726677494	3.12238241400066
3.88740447442141	3.08796408443922
3.92378436560867	3.05847572849169
4.11224499909999	3.0859176646688
4.07456450340732	3.05669118205091
4.144546310257	3.1249542062335
4.14318961417141	3.27802714249064
8.73590147734895	0.884835754378799
8.49494337969459	0.873173888334374
8.25082289867803	0.870930064744151
8.0040099308317	0.873127137506924
7.75	0.866025403784439
7.5	0.866025403784437
7.24656866366274	0.866289493975371
6.99305071130078	0.862658424229536
6.7441481319758	0.855533537729944
6.49875533611516	0.847547324797339
6.24987697071572	0.847288964247554
5.9998587706021	0.847184500210081
5.74994927525223	0.847118184430866
5.49993327004511	0.847077421545471
5.24990007773493	0.846958526424364
4.99995803187346	0.846818380891128
4.7499913318832	0.846756170413973
4.50002812846572	0.846756804476478
4.25001815338634	0.846762770865684
3.99999998412679	0.846762531124368
3.74998192881989	0.846762683877414
3.49997261364718	0.846757098310191
3.25000906550692	0.846756900455476
3.00004233076982	0.846820077066838
2.75010062162314	0.846961505030219
2.50026804785822	0.847190510881411
2.25522881405689	0.856470761597909
2.00242643071557	0.866015556905283
1.750956629595	0.867194345438651
1.49309988905921	0.859212943715832
1.23027780244338	0.863644289324611
0.884255741101503	1.26431403773995
0.871263849891456	1.50625653814165
0.874653299647456	1.75036705893509
0.873172738534562	2.00258967790016
0.859416639795621	2.25139824550723
0.851113832413146	2.49998477327336
0.851122072186126	2.74997055761049
0.851130427775367	2.99998449682761
0.851130616308143	3.24999984580064
0.851130644996659	3.5
0.851130679259295	3.75000000278307
0.851130538659927	4.00000008928139
0.851130541377304	4.24999989492029
0.8511307761587	4.49999989489701
0.85113077288502	4.75000012146093
0.85113049239756	5.00000012712966
0.851130466155183	5.25
0.851130491637073	5.49999986286156
0.851130810477387	5.74999986289134
0.85113080703097	6.00000015369376
0.851130402532088	6.25000022568936
0.851130331053245	6.5
0.851130347630973	6.74999991089477
0.851130717680824	7.00001520055118
0.851122624684558	7.25002901439709
0.85111460048601	7.50001516778847
0.859711976343393	7.74892238209116
0.869238441149557	8.00317573932316
0.871507441642298	8.25142902349431
0.863636861286847	8.50321137335836
0.862842156131836	8.76665010523266
1.26400048443249	9.11496658349814
1.50616051928866	9.1283815999588
1.74947383588834	9.12699638292128
2.00001140061723	9.12711494790984
2.2498086791223	9.14115237054043
2.50026865731384	9.15281035166749
2.75010076965659	9.1530397329377
3.00004196812653	9.15318161910887
3.2500086681168	9.15324382958602
3.49997187153428	9.15324319552352
3.74998184661366	9.15323722913431
4.0000000158732	9.15323746887563
4.25001807118011	9.15323731612258
4.50002738635282	9.15324290168981
4.74999093449308	9.15324309954452
4.99995766923018	9.15317992293316
5.24990022193908	9.15304022901755
5.49993325380031	9.15292094002043
5.74994932213835	9.15288021556318
5.99985856478029	9.15281368616605
6.24987738569723	9.1527091634876
6.49875571907383	9.15245104354544
6.74392058540421	9.14508337834765
6.9930632765152	9.1372205916288
7.24703473723752	9.13370555755191
7.5	9.13397459621556
7.75	9.13397459621556
8.00644613032655	9.12470439841685
8.25249184074302	9.12866054346766
8.50114931899592	9.12771979027482
8.74209120220164	9.12778088279634
9.13297307775516	8.76534778968165
9.13375953377885	8.50538580917358
9.12864856131625	8.25349982208868
9.12491206853136	8.00428184111548
9.13397459621556	7.75
9.13397459621556	7.5
9.13397459621556	7.25
9.13397459621556	7
9.13397459621556	6.75
9.13397459621556	6.5
9.13397459621556	6.25
9.13397459621556	6
9.13397459621556	5.75
9.13397459621556	5.5
9.13397459621556	5.25
9.13397459621556	5
9.13397459621556	4.75
9.13397459621556	4.5
9.13397459621556	4.25
9.13397459621556	4
9.13397459621556	3.75
9.13397459621556	3.5
9.13397459621556	3.25
9.13397459621556	3
9.13397459621556	2.75
9.13397459621556	2.5
9.13397459621556	2.25
9.1238675301729	1.99299963515592
9.12904493869964	1.7463236627478
9.13299424000203	1.49186983068772
9.13128723524949	1.23714077704394
0.965220361161968	0.852436284295438
9.15187932394316	9.03017793708769
9.15080656180731	0.971492872862835
0.849193438192691	9.02850712713717
4.00003072490211	6.94523255126282
3.99881783841484	3.04968518276325
3.84592985884632	6.80137536943282
3.84826385523128	3.19936411468917
3.8499688309665	5.5994497309888
3.85233579958301	4.40000964399369
4.15337319535401	3.2012746918471
4.15076812029424	6.79803058066931
4.0008778569037	6.65087718721155
4.00085214870826	5.45088172373339
4.00025832184946	4.25101264602911
4.00093763580761	5.74634005702816
3.99854880625134	4.54334695229665
3.9996032227249	3.34141292362019
4.15188754620244	5.59863167823404
4.15191950989767	4.39885400339754
4.1672210549091	6.92857632092182
4.12092343190878	6.96740054437659
4.16228524268209	6.67745905541537
4.12356964730809	6.63537406183691
3.87949065352197	6.96680175199052
3.83507828459097	6.9244687389442
3.83671816990429	6.6748984117545
3.87735305312141	6.63690816189893
4.16460283251761	5.72473402898374
4.12056394261247	5.76204334099387
3.8773930395946	5.76506431556479
3.83748119865907	5.72622435227369
4.1637085512313	5.47287793932582
4.12062759312736	5.4364931699171
3.83533388050113	5.47462766933481
3.877014331102	5.43658638549796
4.1195259920797	4.56242094191679
4.16362715886746	4.52317207555598
3.83782324273524	4.52579161775368
3.87699343136523	4.56433242625224
4.11900871647332	4.23745733841358
4.161543702839	4.2746136018708
3.87719943803337	4.23674756560665
3.83662437672591	4.27468853691077
3.83669149753799	3.32622694666811
3.87636916906292	3.36454699740625
4.12005817024536	3.3628753051757
4.16235304296367	3.32311292254919
3.83341220446457	3.07545230463058
3.87920435038198	3.03526941230647
4.16500413799178	3.07175639463544
4.11947320526625	3.03174267769799
8.625	1.08253175473055
8.38100384320069	1.09119849273805
8.13380973105459	1.09591877429615
7.87899572151897	1.08816263498488
7.625	1.08253175473055
7.37185952572183	1.08436672205974
7.11685457240361	1.08284820365391
6.86251085835055	1.07567978070202
6.61687154780069	1.06663841943312
6.37409700256963	1.05852585554012
6.12477963776166	1.0584082578064
5.8748479900423	1.05830998579069
5.62490687195001	1.05809182785999
5.37481634128227	1.05801470769694
5.12481078173855	1.05782212606544
4.87485108986285	1.05623045969265
4.6249063062552	1.05583027168871
4.37500937772031	1.05574513605583
4.12518998973484	1.05454469212124
3.87518336442642	1.05455774789271
3.62521812231203	1.05455610320239
3.37511212759071	1.05567825183501
3.12512510800894	1.05622513222422
2.87519083413744	1.05782876293518
2.62537778175561	1.05811588040796
2.38191438479049	1.06690431749176
2.13727152339022	1.07635830340119
1.87712549764911	1.09224062630557
1.62917345655759	1.09017547047192
1.36738217965905	1.06186291027615
1.09222113334935	1.10108396553072
1.08253175473055	1.375
1.1041356967689	1.62463146963521
1.10376807234811	1.86858260024224
1.08451368389696	2.12753361138747
1.07011831523371	2.3804155152609
1.06345339100885	2.62497066666071
1.06344355023253	2.87497043147009
1.06344798248752	3.12499201120875
1.06344646536851	3.37499989853623
1.06344648065384	3.62499997229353
1.06346283071181	3.87500016544729
1.06344642305466	4.12499998979307
1.06344656239844	4.37499969551735
1.06344670226024	4.62500001095919
1.06346326106274	4.87500036252185
1.06346266757094	5.12500008585324
1.06344635922595	5.37499990978993
1.0634465458958	5.62499959209699
1.06344673442913	5.87500001121946
1.06346325015417	6.12500053324473
1.06344617198071	6.37500017354909
1.06344615899342	6.62499994136853
1.06344799757588	6.87500724147001
1.06344396854131	7.12502898022676
1.06345452193025	7.37502890677226
1.07023488717418	7.61978209557447
1.08445639345104	7.87227982214866
1.10024995651051	8.12571349263933
1.09417035819854	8.37734604010251
1.06873323551844	8.6247841098042
1.10057354927046	8.89780037210626
1.375	8.91746824526945
1.62038030519236	8.90211598355966
1.86505544230085	8.90158156953416
2.12635670998682	8.91678907108332
2.37824690797553	8.93048683107348
2.62537847797891	8.94188517530158
2.87519111329181	8.94217356594358
3.12511890574585	8.9437494173156
3.3750946946366	8.94424854343446
3.62501069887259	8.94434696413635
3.87508280793077	8.94649043716128
4.12529251312559	8.9479970494448
4.37498802308232	8.944270370889
4.62487238395296	8.94421728696109
4.87481970860934	8.94380937443783
5.12481105313105	8.94217504230284
5.37481607256354	8.94198332319273
5.62490691962075	8.94190600673685
5.87484772966067	8.94168694562979
6.1247796924256	8.94158845088478
6.37409760423824	8.94147107591778
6.61718534269634	8.93362395216407
6.86249700748556	8.92418016377645
7.12002399820984	8.91705852208119
7.3718405650695	8.91506009377552
7.625	8.91746824526945
7.88081985848909	8.91052840053072
8.13863188795348	8.89982643804625
8.38189045019205	8.90716885825776
8.63077167835906	8.91586988148549
8.89896949321011	8.89515295292803
8.9232674602119	8.62537021636488
8.91025768449783	8.37926297556355
8.90119614737002	8.13384959579973
8.91148278731251	7.87807446718369
8.91186387876537	7.62709749074394
8.91116595479082	7.37785424371103
8.91746824526945	7.125
8.91746824526945	6.875
8.91746824526945	6.625
8.91746824526945	6.375
8.91746824526945	6.125
8.91746824526945	5.875
8.91746824526945	5.625
8.91746824526945	5.375
8.91746824526945	5.125
8.91746824526945	4.875
8.91746824526945	4.625
8.91746824526945	4.375
8.91746824526945	4.125
8.91746824526945	3.875
8.91746824526945	3.625
8.91746824526945	3.375
8.91746824526945	3.125
8.91746824526945	2.875
8.91232632502368	2.62279336138644
8.91123220084739	2.37287673340754
8.90848151183913	2.12050494850816
8.89711684970499	1.86230310571084
8.91039940524431	1.61975827728616
8.92047997265717	1.3724001726056
8.89926097364165	1.10196587284439
4.17860627893195	6.83603918654388
4.17837542993816	3.16413156492536
4.17928955044288	4.43715453365014
4.17904645797555	5.63854715696785
3.82624043653569	4.36184000672908
3.96356366724891	3.37022595317111
3.96350910918915	4.57260974644952
3.96486732003977	5.77366115127154
3.82212221752528	5.56108037521354
3.82047178494884	6.76336179064983
4.17685903685239	5.55933811138664
4.17642774445787	4.35933371207607
3.8258136061748	5.63938479760212
3.96475825491959	4.2273046607561
3.96479005575054	5.42619452335235
3.96549330251002	6.62635805213448
3.82653216019746	4.4392241477134
3.96432704518086	6.96385664655258
4.03500661670687	3.03592451020966
3.82449117325044	3.23669117100615
3.83377603180155	6.83950281052456
3.83266089392986	3.16061367244422
4.16472675745303	3.24016921398737
3.96319120584041	3.03678476197096
4.03634383676032	6.96340996358837
4.16449921018587	6.75972194665068
4.03837649715155	4.23872254252557
4.03889204981616	5.43857284360845
4.03941707819799	6.63811915035398
4.03889523464473	3.35788883961964
4.03946934163649	4.55915144517517
4.03873609448827	5.7605004501749
8.95818272336903	0.861101939617792
0.858006669061255	1.04478242216012
8.9610335713731	9.14417274154958
1.04176831049233	9.13881810835465
4.18156317182067	6.98984855498857
4.18078839119085	6.61794054393147
3.81775740208041	6.98577538284759
3.81972037181506	6.61755822175205
4.17927785692159	5.78500872606405
3.8206569893603	5.78397612457694
4.17704949161073	5.41387723504858
3.81980332658404	5.41769170555808
4.17878446865106	4.58633526221598
3.82096091488811	4.58365597622376
4.17682562675259	4.21393343966004
3.82085494690386	4.2174388770187
3.8164794341786	3.38740128245411
4.1777319195158	3.3820852929016
3.81769165835573	3.01526465529528
4.17981417058133	3.00748527001494
8.5131650697802	1.30981857007694
8.27214899483306	1.32790656285236
8.0089722275115	1.3124314108304
7.75243299359788	1.3041118758963
7.49554781291555	1.3024926007883
7.2418752944786	1.30405265860974
6.98275838971573	1.29948204561692
6.73619896082023	1.29010808893424
6.49104298782484	1.27964600040188
6.24626532747606	1.27078833302485
5.99956922425364	1.26752733647224
5.74969206756764	1.26721717312208
5.49982204201912	1.26589593580115
5.25020930786336	1.26312023283948
4.99969256255903	1.26372650666193
4.74974122018775	1.26299879915514
4.49983952918771	1.26257553567814
4.2502723805413	1.26230752502801
4.0006163049371	1.26175676610109
3.75058165230566	1.26184270307985
3.50069883627948	1.26227689519198
3.25082722115225	1.26323402602672
3.00309802424704	1.2646115048565
2.75253208613165	1.26792625088982
2.51000727513461	1.27658883092527
2.26546265999631	1.2890844817295
2.01258608188999	1.30695961000701
1.75252499947531	1.33139028619699
1.31605163846005	1.49972557385779
1.34743483146161	1.74195711002372
1.31721793476934	2.00527197387906
1.29828688740821	2.25955024429271
1.28198654495966	2.50711866365617
1.27565191984631	2.74997890205997
1.27565152610356	2.99997745946399
1.27544115314415	3.24999724131199
1.27564076781865	3.49999992244105
1.27564899438807	3.74998619132217
1.27564834321869	4.00001400403695
1.2754395033948	4.24999972449544
1.27543982794972	4.49999973463942
1.27564933886564	4.74998613202247
1.27565659905245	5.00000072792883
1.2756481937975	5.25001383994231
1.27543941524965	5.49999959265247
1.27543989098112	5.74999964178733
1.27564940317715	5.99998625408318
1.2756483714417	6.25001484893832
1.27563980689899	6.5000000684821
1.27544078019475	6.75000203239319
1.27565221724238	7.00002153049604
1.27565316951464	7.25001998561468
1.28199593625282	7.49309679741283
1.29658631836931	7.74245935419423
1.32111207466156	8.00055036056631
1.33504997817553	8.25473156597125
1.49703704523926	8.67528478995834
1.72273293153158	8.66407159316953
2.00235289344479	8.68129179215248
2.26156504327499	8.70664440143288
2.50933958574024	8.72185890511303
2.7525330164908	8.73207602848895
3.00241699177211	8.73752688662864
3.25058818408848	8.73834633254264
3.50065742550477	8.73879043030206
3.75039463172436	8.73885540117922
4.00033610950694	8.74097760618836
4.25026235232359	8.7388100940884
4.49980482965368	8.73766887021831
4.74959698290615	8.73679102868431
4.99947604465303	8.73570681627204
5.24950744870828	8.73493409551014
5.4995007025218	8.73499265289742
5.74964592748507	8.73286548463959
5.99956952676536	8.73228874886951
6.24593890515604	8.72936057789947
6.49020161737712	8.72349202966609
6.7401369274873	8.70283197924393
6.98280330670787	8.69949142851324
7.2307501797772	8.69445448909296
7.49437926431278	8.69738056802215
7.75258668284448	8.69565111732792
8.01238290071728	8.68559749285235
8.27804057235505	8.66803616996285
8.51897420233056	8.68515876897613
8.67309952014595	8.27008542233474
8.68970354034737	8.00643182365963
8.69137716715161	7.75197942992163
8.68773646411952	7.50509690716314
8.69859216264772	7.25150874942328
8.70096189432334	7
8.70096189432334	6.75
8.70096189432334	6.5
8.70096189432334	6.24999999999999
8.70096189432335	6
8.70096189432334	5.75
8.70096189432334	5.5
8.70096189432334	5.25
8.70096189432334	5
8.70096189432334	4.75
8.70096189432334	4.5
8.70096189432334	4.25
8.70096189432334	4
8.70096189432334	3.74999999999999
8.70096189432335	3.5
8.70096189432335	3.25
8.70096189432334	3
8.69759527142746	2.74871998716836
8.68844810394227	2.49626849011019
8.6886020523652	2.24859955018564
8.68767426297093	1.99271977488552
8.66892610537449	1.72519214706595
1.50263391213936	1.30726764643154
1.3078276014557	8.50740190716196
8.69473427128484	1.48834431007074
8.69378256216307	8.50412145061477
4.2101644335279	6.885718091388
4.20370777912773	3.11365556159394
3.93373954582212	6.99950670734116
3.93250577461175	3.00197826630107
4.06519923647868	2.99914788512951
4.06725897719485	6.99834358388809
3.80142294319931	3.12761646744709
3.80178646084891	6.87542296109106
4.20543918082138	5.68407620417866
4.20881170219203	4.48264100929127
4.20405918104364	4.31366866092062
4.20611416268927	5.51254799367224
3.7949793093487	4.31439778035653
3.79173470564003	5.51345214156537
3.79759564219227	5.68669443030191
3.79775372484604	6.7144406570401
3.799102510136	4.48480006880853
3.80133168705099	3.28444046389895
4.07302200680164	6.60609442290407
4.07090030475679	4.20800604171724
4.07402638999875	5.4071360047445
4.07208086359847	3.39313466869236
4.07424567722027	5.79222325365546
4.07155902638377	4.59470819731073
3.91749033224386	3.40174082623129
3.91772366809423	4.6002649835056
3.91816803457593	5.80519203970535
3.92032777103279	6.59986525631871
3.91792736560518	5.39783811260185
3.91812914678151	4.19896271094956
4.19670272638035	3.27622187089658
4.19746080394325	6.7240252252382
4.01316399994213	4.19639710843211
4.01188733894277	5.3969211523144
4.01395637957011	6.59627445083483
4.01236225857656	5.80500421137253
4.01013970212301	4.60401086409977
4.00943633266688	3.39998923759294
4.21193861569135	4.39772039232479
4.21186734869913	5.59790129970634
3.79109643101782	6.81322180821418
3.79025563707827	3.1884112153097
3.99805538010502	2.99421333039267
4.00141587387633	7.00677446344911
3.79178629083803	5.59891623501956
3.79295445334821	4.4002910591905
4.21016781359234	6.78619323827453
4.21046700152799	3.21533411108911
8.73314420328237	8.72431326419041
8.72783246349328	1.27578916958428
1.26941180417875	1.2658312346903
1.26717419365758	8.7268224040177
8.13953621040946	1.54558097712824
7.87721605870103	1.52504549291238
7.6193799497014	1.51803089534294
7.360981908934	1.52218475408774
7.10468325000273	1.52561678617944
6.8543687846088	1.51729310356681
6.60750363698218	1.50260131779224
6.36372600144435	1.48956270290111
6.12101031977987	1.47923050665573
5.87298588620136	1.47629221649585
5.62438231321854	1.47479776476756
5.37446695796408	1.47350687608964
5.12511675858545	1.46968862675735
4.87451535301833	1.46983770826681
4.62453033988063	1.46867435389165
4.3749592525804	1.46914282027922
4.12591564476867	1.46811489653048
3.87708136787132	1.46648374478669
3.62670445662475	1.46758798039674
3.37683568092343	1.46939710837902
3.12750305188945	1.47062093318129
2.88077971617236	1.47758132979614
2.63622460719725	1.48575471338443
2.39859553875877	1.49776091654411
2.15251966336075	1.51544694864943
1.88849556498458	1.5398632002928
1.55851211436978	1.87704446263531
1.5300957194782	2.14350684128133
1.51113844984715	2.39316202438688
1.49331334792585	2.63393077120802
1.48774693730525	2.87497851480772
1.48730175639846	3.12516552674415
1.48729472889436	3.37482950705154
1.48771957159383	3.62498607790964
1.48772734603333	3.87500065001468
1.48729612677486	4.12518376354189
1.48719320738408	4.37499945466483
1.48729677683525	4.6248154660909
1.487730629121	4.87498727144148
1.48772952716883	5.12501441381104
1.4872959206945	5.37518356357305
1.48719318809345	5.6249992142687
1.48729693218677	5.87481547968661
1.4877280187477	6.12500142664888
1.48771829515571	6.37501472441415
1.48729411227628	6.62516962777197
1.48730200845387	6.87483270357214
1.48774799725739	7.12501995016047
1.4931096224406	7.36679229675061
1.50517824197094	7.60762090694768
1.52136526312888	7.85665465340354
1.5615645250815	8.12146601940038
1.88256507803417	8.43622736249473
2.14806299631895	8.48098322403062
2.39589055230381	8.49596542019827
2.63641841964241	8.51425409824227
2.88061667242624	8.52333388911695
3.12631183384384	8.53290465833955
3.37665661215589	8.53481246399993
3.62629909073883	8.533466238324
3.87584072365177	8.53361313656814
4.12586561026162	8.53519544732306
4.37488042370346	8.5319164468009
4.6242036912621	8.53071548520122
4.87399788068142	8.52941803925973
5.12415890440231	8.52802930885542
5.37411150113099	8.52709134220753
5.62412763783649	8.52521102813243
5.87291651794319	8.52364984710285
6.12087025050795	8.52074208085162
6.36481622223746	8.51411006685928
6.60584336440812	8.49665306722521
6.85403275982458	8.47423740824925
7.09703915918786	8.46620453003137
7.3528880741326	8.4756712589085
7.61968810726074	8.48403653157444
7.88234051626992	8.47656901745776
8.14493806645589	8.44933734128494
8.48445554337723	8.125
8.47160470655485	7.86860988829605
8.45992996777717	7.63289321665262
8.48059091138517	7.37694914845019
8.48752803179991	7.12075113989971
8.48445554337723	6.875
8.48445554337723	6.625
8.48445554337723	6.37499999999999
8.48445554337724	6.12499999999999
8.48445554337724	5.875
8.48445554337724	5.625
8.48445554337723	5.375
8.48445554337723	5.125
8.48445554337723	4.875
8.48445554337724	4.625
8.48445554337723	4.37500000000001
8.48445554337723	4.12500000000001
8.48445554337722	3.875
8.48445554337723	3.62499999999999
8.48445554337724	3.375
8.48445554337723	3.125
8.4847301825489	2.87675017330765
8.47928530282247	2.62388885798733
8.45829907860365	2.37068402579476
8.46904986813426	2.13613682274652
8.48445554337724	1.875
3.9604032806708	7.07351571868906
3.94767750550993	2.93663207308731
4.04098108133389	2.92874361861881
4.05027328063372	7.06153095295903
3.73777583323404	3.13846935836953
3.73837564326543	6.86261733210944
4.05881658766031	3.45404225026702
4.06219960323805	5.85567172287807
4.05983933386541	4.65634608462834
4.26129822722665	3.26548302769899
4.26147977418943	6.73688665104875
4.12391555911069	5.374574360747
4.12296487411041	4.17580801033778
4.12230723803421	4.62703320904538
4.12393837430931	5.82512034304846
4.12569797877289	6.57492096312066
4.12259219157424	3.42547167335164
3.87701116949125	2.96827428082168
3.87683221987438	7.04072599097474
4.22927098215046	5.7364151628913
4.22277304606268	4.26186992849746
4.2282497391986	4.53635575536923
3.86493992571841	3.42801377724724
3.86781872466666	6.57780056117064
4.22435443177827	5.46078604332948
3.86434448263307	4.62705149683048
3.8660925485269	5.82657136959863
3.86856181383127	5.37815098133001
3.86895023164916	4.17828725456415
4.12370735023816	7.03411371002662
4.11888328437863	2.96108122518809
4.22594737877818	3.32835276349045
4.22912194575176	6.6713116231194
3.76925657853178	3.07169713678384
3.77513694616467	4.26114879946928
3.76990916021743	6.93099635305943
3.7780704469187	5.73755101131905
3.77235824187701	5.46169205640689
3.77783135372103	4.53864368034888
3.77580158771459	6.66195365336242
3.77495966135714	3.33980721429619
4.23187959024698	6.94168761447546
4.23012688281333	3.05866049945057
1.58678184093837	1.57850557098192
1.58898777142337	8.41184565966269
4.2350114856006	6.83906535897709
4.22865219115041	3.16248127571824
3.77298434306768	4.35912512838059
3.76855355424098	5.55800922756515
3.7702088457469	6.75981997303982
8.42695233074731	1.58308942545552
8.43294358145903	8.4162599234918
3.77198498020339	5.6412998827026
3.7750748155653	4.44158421409361
3.77156134958155	3.23990402067246
4.2348767210838	5.6381344409051
4.23526712206042	4.43786703742316
4.23195417105706	4.35627390136492
4.23245267584623	5.55680065785389
3.96121229753812	3.42300656724
3.96156212944776	4.6278838424544
3.96313118314988	5.82515878654344
3.96503933705652	6.57808113352199
3.96360861250652	5.37405248855687
3.96379240012542	4.1764199938992
4.19423636715337	7.06886475170749
4.25439382181231	7.01613068244057
4.19430044430639	6.54302793403193
4.25607732799817	6.60031473997997
3.80237062544459	7.06559454821824
3.740129680589	7.00205544585278
3.74790464588999	6.58988969268608
3.80076670610574	6.54714812062956
4.24811884825937	5.80757761740695
4.19091318475981	5.85977095258941
3.79914475814829	5.85313500183422
3.75224035306517	5.80747291201443
4.24309910115675	5.39192608407629
4.18953733148946	5.34083113715054
3.74808116578962	5.39216504826027
3.80025338349023	5.34876621443793
4.19037621364912	4.66225267795774
4.25033528389962	4.60911378537908
3.75210755012476	4.60772590726246
3.79362739514062	4.66023001958107
4.1892093820888	4.14219205068321
4.24433645909127	4.19149391368377
3.80173829164185	4.1493152655805
3.75027782325287	4.19289162770504
3.79756673734461	3.46019055692663
3.74441493655816	3.41318726316432
4.19105210317107	3.45666629760515
4.2532090966219	3.39971324424729
3.80476366190548	2.93710503259069
3.74008951682438	2.99973541053971
4.25168579802897	2.98517036722615
4.19121061794476	2.93008766494909
3.99677207012658	4.12908213206666
3.99766781314796	5.32801753378982
3.99792570208126	6.52791796755394
7.98927329042908	1.75349894038605
7.73986764871167	1.73041564340916
7.48731133835039	1.7362535064016
7.22284920416245	1.75271765843396
6.97509060669745	1.75370559794418
6.72008475718755	1.73213459730288
6.47617450886633	1.71392617628623
6.23560978460907	1.69538934084649
5.99542098376479	1.68650142819415
5.74725716611026	1.68344302256839
5.49854201093209	1.68166809777494
5.2487603516127	1.67973725636886
4.99984703462047	1.67405370568162
4.74885784408511	1.6750993423145
4.4991663095578	1.67414537838963
4.25026939206046	1.67357727878503
4.00293696768979	1.67107947150105
3.75359835253212	1.67009970502152
3.5047542516318	1.67157146332428
3.25588788636784	1.67573794844129
3.0076656393803	1.68324479971674
2.76254340294156	1.69288987028627
2.5297099117821	1.7098571187847
2.29638502408997	1.72186268097774
2.05997842196137	1.7470221928114
1.74878797990203	2.05050818164624
1.73391113843325	2.29548740711511
1.7141145171182	2.52399193116878
1.70464208889475	2.75964208713336
1.69911415211278	3.00044852210046
1.69883310680904	3.25000347114932
1.69909453890561	3.49954845210003
1.69932003430503	3.74998678416658
1.69912615845392	4.00045694847836
1.69882018747554	4.25017877425926
1.69882147656502	4.49981974438139
1.69912771706602	4.74953438407109
1.69932696071468	5.00000177520359
1.6991255877401	5.25046576736114
1.69882012949113	5.50017839591618
1.69882151165835	5.74981948317466
1.69912806560286	5.99954382582518
1.69931872905767	6.25001630496982
1.69911749362148	6.50045100130523
1.69883269991965	6.74999447539527
1.69911469965872	6.99954914282914
1.70488022649468	7.24154317776521
1.71221537699092	7.47979213440518
1.71972630498938	7.71458332998072
1.75051190761193	7.95682568060331
2.05266556587642	8.25683570279602
2.2943520189709	8.27730220169806
2.53035280780347	8.28987211541361
2.76332979724251	8.30809397378018
3.00740200437535	8.31832402528133
3.25359246394539	8.33068014006543
3.50287182564021	8.33058534337487
3.75231586363529	8.33059746739392
4.00235445732642	8.33275916719814
4.25015554037329	8.32813965134103
4.49878962515834	8.32657529399906
4.74878031449056	8.32642173614733
4.9987819195711	8.3238237408146
5.24848946519999	8.32041520235514
5.49876110394444	8.31829084202121
5.74740843859207	8.31642227581846
5.99553048780739	8.31342435393898
6.2352587522243	8.30419651848386
6.47272937307666	8.28796186575198
6.71465064755088	8.26481033055384
6.96431417824025	8.23227205300129
7.22045819953969	8.23196050460189
7.48407787072128	8.2653836267154
7.75137547289608	8.28128893027415
8.000721753969	8.24168360142007
8.29833461025663	7.99974686993632
8.21925477695533	7.77163759245924
8.26794919243113	7.5
8.27494448543909	7.24176904697091
8.2690251620038	6.9966247935039
8.26794919243112	6.75
8.26794919243111	6.5
8.26794919243112	6.24999999999998
8.26794919243113	6
8.26794919243113	5.75
8.26794919243113	5.5
8.26794919243113	5.25
8.26794919243113	5
8.26794919243113	4.75
8.26794919243113	4.50000000000001
8.26794919243112	4.25000000000001
8.26794919243111	4.00000000000001
8.26794919243111	3.74999999999999
8.26794919243113	3.49999999999999
8.26794919243113	3.25
8.2687373890354	3.00389843411089
8.27341577603343	2.75924092058992
8.26794919243113	2.5
8.21526053258296	2.23626523085048
8.29667112675799	2.00191185436243
3.87552713629542	7.11290990228498
3.88177080185438	2.89074548071119
4.12334373292663	2.88525547287369
4.11710690375718	7.11240469792449
3.6910011988699	3.0738966709052
3.69203077438504	6.92801422671885
4.12112648107061	3.50139266820412
4.12268949058254	5.90284960220704
4.12143053231453	4.70484753228687
4.30460775002904	3.33120098736387
4.30585063189541	6.67024628667383
4.28359269087206	5.67838069677335
4.27685385647146	4.31564114277049
4.28477903302691	4.47808987274267
3.92118182275815	3.47382937182109
3.92430142659532	6.53290249959885
4.27668916920138	5.51649229451518
3.92071888566479	4.67233090806364
3.92216916589305	5.8718223497836
3.92296861206386	5.33008454437854
3.92311409291485	4.1334928874556
3.72589191035801	4.31785559121933
3.72642886852783	5.68330866876616
3.72016133135124	5.51783787064332
3.73048153660573	4.48288733966279
3.72365459589809	6.71518924761166
3.72618900900962	3.28604065187747
4.28114234861119	6.88247199228935
4.28082855836591	3.11818208196897
3.72406639910058	4.40067964712469
3.72148182495295	5.60107361360092
4.28179699950747	5.59615016665197
4.28184098780061	4.39557429259787
8.23533303435851	8.22341187579761
8.235056447061	1.78071684369894
4.28414256661942	6.80504425047563
4.28244101284413	3.19671822539615
3.71975138843288	6.79120391449247
3.7193362275202	3.20699845480727
1.79804050326034	8.20797794642118
1.79688193912786	1.78754893903017
3.99532981484694	3.46775423872251
3.99589574315752	4.67438956160064
3.99473871316347	5.87719281625738
4.06273267034526	6.54664951863499
4.06134364304342	4.14730235305237
4.06171650536928	5.34669283869557
4.28387085496443	7.09937664470576
4.1979849877394	7.16173540209973
4.27632864200767	6.51188027147106
4.34325596250639	6.58529817592839
3.79377864193161	7.16020222961869
3.71307252727085	7.09239230586251
3.64842513617166	7.0094411563312
3.7227050735368	6.51363695181806
4.27177345768591	5.88897709212956
4.19855491596733	5.94954423980213
3.72481173933444	5.88382621044027
4.27134694277222	5.31089492560701
3.7252699423387	5.31677170525999
4.2738350004208	4.69058671897094
4.19884043089876	4.75196011167736
3.71778273180998	4.68835343612959
4.27164247403061	4.11361658148101
3.72582588906279	4.11631012713638
3.72105007002438	3.48702176256654
4.19850922594814	3.54485822947515
4.27675014997198	3.48649463217864
4.34362911799233	3.41366612735925
3.80011682437579	2.84303882275323
3.71442396457739	2.90878953777908
3.64596343376713	2.9896636693517
4.28621778253832	2.90670312965244
4.20775025654597	2.8423178719131
4.04615563749922	4.07351796616798
3.96485994618957	4.0587894629375
3.96544179540768	5.25763229719963
4.04658272509159	5.2730508303801
3.96814403322388	6.4598454009995
4.04708734315322	6.47462646506737
7.6113700852243	1.93878431223911
7.36943179912429	1.96589810420724
7.09817201122186	2.01444654659718
6.83181357461122	1.96942063159962
6.57790115934844	1.94047457129388
6.34236187011918	1.91723599729912
6.10584934426261	1.90333789197823
5.86901717481795	1.89299620437254
5.62132330139635	1.8895887539626
5.37231528473551	1.88687049179241
5.12249117744063	1.88375038997373
4.87368986866331	1.87531623277809
4.62346691595565	1.87671901490492
4.37433127343713	1.8757706781438
4.12547438422125	1.878663313888
3.88099428259622	1.8716802204805
3.63133842946554	1.87157576578973
3.38647794839463	1.87514996486627
3.13861754494869	1.88715659508121
2.8930108717508	1.90179508287428
2.65504790404581	1.92282170831632
2.43154958189868	1.92437244086969
2.21578898554649	1.94583288832235
1.93156613926876	2.20209939736561
1.93441889101495	2.42219092359336
1.92579720055685	2.64709854629542
1.91517916916231	2.88252184836221
1.91027422673324	3.1254639604111
1.90998674832213	3.37455488658795
1.91032344129682	3.62457752853626
1.91034372984415	3.87538528376027
1.9100159395182	4.12557644093654
1.90811761773372	4.37477495435057
1.90646492970683	4.62471521895253
1.908360785493	4.87477001376599
1.91034598275337	5.1254035114647
1.91001430657389	5.3755802357878
1.90985471530034	5.62499777113145
1.91001743301251	5.87442258502192
1.91034387755709	6.12461935728186
1.91033376572236	6.37540329397171
1.90999782047948	6.62546356990425
1.91027373822319	6.87453303755839
1.91514336719502	7.11796116438087
1.92770519374904	7.354487930815
1.93769736387725	7.57738548564342
1.93156856603853	7.79790011170204
2.21579192818221	8.05416501438062
2.43155479474712	8.07562884676035
2.65805919599566	8.08149603868799
2.89385788446209	8.09866855786781
3.1333386577487	8.11339365431007
3.38149809238431	8.13383191359784
3.62961788426475	8.13219573197465
3.88010113305244	8.13182123365506
4.12600240095723	8.12710453009206
4.37330691518836	8.12396103236475
4.62301225397876	8.12468459868076
4.87313008073736	8.12082666117169
5.12257944629261	8.11734713528054
5.37235218723346	8.11322813046147
5.62153949410404	8.11061331996522
5.86905885078985	8.10691748300734
6.10540593016026	8.09600454265678
6.3412035645945	8.08056068880387
6.57516744724529	8.05531906434183
6.81980328389617	8.02484437198343
7.09840522442136	7.9768311012283
7.36080501250611	8.02860921686876
7.62671043225002	8.08226065227248
8.07025948542695	7.5870380892129
8.06432655110232	7.35662944068685
8.05472685716943	7.1171953476669
8.04793399791877	6.87377727446887
8.05144284148501	6.625
8.051442841485	6.37499999999998
8.05144284148503	6.12499999999998
8.05144284148502	5.87500000000001
8.05144284148501	5.625
8.05144284148501	5.375
8.05144284148501	5.125
8.05144284148501	4.875
8.05144284148502	4.625
8.05144284148502	4.37500000000001
8.05144284148501	4.12500000000002
8.05144284148499	3.875
8.05144284148501	3.62499999999997
8.05144284148503	3.375
8.0467683955132	3.12655864126669
8.05515412256924	2.88415128360747
8.06198291904169	2.64137750690409
8.06556642946371	2.41667189896935
4.36357857241578	5.64084317781702
4.3614189055281	4.35281493152433
4.35970076077135	4.4385782856902
3.96502428768183	3.54712476215174
4.36221410816103	5.55483458655884
3.96418205285192	4.75180213688627
3.96470505370595	5.94786365313302
3.63650723967309	4.35800722744883
3.63792851507309	5.64519706895667
3.6362474911603	5.55640931657403
3.63840913889021	4.44609693901822
3.64299642216827	6.75701575401214
3.64563453909881	3.24502119344963
4.36228543448087	6.83743677538316
4.36151299809293	3.16428764372768
4.0521053767974	2.85020176133773
3.94838379708892	7.14985821724424
7.87400164296512	8.05178316652777
7.85605220528266	1.9553423082353
4.04399966210664	3.53103880311917
4.04591808459052	5.93251869200079
4.04425819770044	4.73268393406494
3.65873158472552	6.84511066066696
4.34390704677928	6.74976224148232
3.65824235055502	3.15600320419648
4.34215518603994	3.25106251514052
4.12426264217713	6.50043313424811
4.12221905232223	4.10141788694468
4.12301746693688	5.30020941477329
3.70951883651322	3.35815116108616
3.71751286885369	4.55545623102704
3.71213239364375	6.64494928945332
3.71761738569702	5.75420169084406
3.71158696470378	5.44531522367167
3.71522078022844	4.24626155283571
4.28397308308794	4.24671733433065
4.28323728076276	5.44760157873908
3.85696418613021	6.5186677726561
3.85461331828214	5.31802735144583
3.85462066333614	4.11802251040757
4.29087652228344	5.75322626727646
3.85449024749731	3.49287427936492
3.85039956853433	4.69025751645605
3.85445761816734	5.88702516336711
4.29027263110003	4.55204198997456
1.98699562703227	1.96650793427037
1.98700131540608	8.03349282776162
4.30017495198268	6.95465463362364
4.29573812135936	3.04484968497296
4.02719441858758	7.13973596552143
3.96770616966963	2.8664252581994
8.08235774316171	8.00585389298717
8.07903108591945	1.99337828206307
4.30868956080378	7.20126303178501
4.37976614853271	6.4798297277916
3.69591452971074	7.20401346562513
3.6027370382747	7.11765949304808
4.29290443713528	5.98764381543302
4.29459139236619	4.79331980699672
4.29163941070128	3.58681918462802
4.37965096386953	3.51532120302693
3.69811114917974	2.7959611754324
3.6043775027413	2.88195360833612
4.31243849439291	2.80878510565665
4.11481109232707	4.01509086007304
4.02514146802016	3.98779522516431
4.02315986019193	5.1863236258998
4.11530309023875	5.21040814300931
4.02468325279529	6.388321718305
4.11539976056676	6.4115054328473
7.51749891688984	2.16577983567654
7.31013052899546	2.20716614196134
6.89091405842138	2.20883338747575
6.66446510465798	2.17068885881526
6.44078961061981	2.14071688488887
6.21253237023976	2.12207923888494
5.97860855868673	2.1088597027653
5.73811022762627	2.10012188435691
5.49487440286273	2.09430374955622
5.24525971644412	2.09144331062693
4.99629057691096	2.08533447706558
4.74844888630691	2.07503002586951
4.49966086433334	2.07614807608065
4.25055880421386	2.08020499858143
4.00486511270692	2.07743836179501
3.75901974271594	2.06878492230508
3.51030903194099	2.06882852415032
3.27015745117345	2.0851846381592
3.03222255682106	2.10867046214272
2.787977305102	2.13040280442481
2.5444473411402	2.16422543801821
2.32488705076501	2.15010184208707
2.15371252603864	2.53738152959688
2.1393632716436	2.76783323564205
2.12551378403961	3.00683204550351
2.12062168280551	3.25025235356245
2.11883226832796	3.49987125711929
2.11819821385211	3.74979812190091
2.11849503847345	4.00008222692019
2.11928649157527	4.25016775120541
2.1155966469187	4.49879748646956
2.11722092393801	4.74903886226366
2.1176889590914	4.99949310997654
2.11930569669758	5.25053630284324
2.11997992198375	5.50029852008456
2.11889978229931	5.74982646939196
2.11875298998831	5.99969855420786
2.11829218647789	6.25027760617717
2.11925214095371	6.50031909568025
2.12062563145969	6.74976512426691
2.12445166454566	6.99315226256759
2.13770213257103	7.23401454567157
2.16183460501499	7.46956502596979
2.32488405840913	7.84989386776329
2.54445364733412	7.83577729171356
2.78828683866728	7.86951274425405
3.02770880077418	7.89276002406471
3.26601024977459	7.91869649840297
3.51014640248186	7.94321470929183
3.75514483122644	7.93883449277769
4.00184661298638	7.92810436977279
4.24864540568706	7.92198059598845
4.49649941097544	7.92471356812666
4.74566761015586	7.92147269070166
4.99557527984497	7.91853756228209
5.24563740138571	7.90876370811646
5.49626098133534	7.90608562614719
5.73856275121679	7.90008512912848
5.97831021435051	7.89095090624207
6.21134959011374	7.87637416283213
6.43839016284988	7.85323039289969
6.66474692068338	7.82194305288494
6.88637886980614	7.78105527686128
7.29935874192222	7.77418864383762
7.52144276551083	7.84418094102304
7.86802584848161	7.50970057297426
7.84049023404847	7.25273847702303
7.82930529455448	7.00771343146486
7.8349364905389	6.75
7.83493649053888	6.5
7.8349364905389	6.24999999999996
7.83493649053893	6
7.8349364905389	5.75000000000001
7.83493649053891	5.5
7.8349364905389	5.25
7.83493649053891	5
7.83493649053891	4.75
7.83493649053891	4.50000000000001
7.83493649053891	4.25000000000002
7.83493649053888	4.00000000000002
7.83493649053888	3.74999999999997
7.83493649053892	3.49999999999997
7.83216675751906	3.24645678453909
7.83036588426017	2.98956710940828
7.8397219530042	2.74365220629317
7.85588644055936	2.49564590129862
4.45399649263381	5.59806091690442
4.45407595855894	4.3963825484549
4.01772431061352	3.61938476766462
4.01810407783001	4.81979940479413
4.01822651171758	6.01901454468107
3.54269331159719	4.40005328770337
3.54229532611866	5.60009044166656
3.56507033759104	6.8157811820031
3.56345285843123	3.1854115539797
4.44043993714344	6.77380217482103
4.43868818217925	3.22631376806468
4.00765788280533	2.77087716085333
3.99322459043607	7.2320273557992
7.72636772583507	7.88123093262895
7.71969950453499	2.12408584244982
2.15934426041769	7.67853859711101
2.15934417511882	2.32146623580168
3.88333690062549	4.05478492156439
3.8833293222141	5.25478846978424
3.890410944601	6.45395448419394
3.88507895097264	3.55576519024312
3.88500582227557	4.75587940754
3.88726953975559	5.95478445311454
3.64056547124275	6.6722633290047
3.64423099401753	3.32981421701631
4.1183605523006	2.79132360234942
4.36811198664746	6.92113631884184
4.36907889465366	3.07712702416723
4.36288494836985	4.5284050064263
4.36360460070563	5.72901132871757
3.88564743576552	7.21040780877019
4.35149043770487	5.47370746755899
4.35046307649657	4.270766735214
3.64819074532464	4.27200740435871
3.64150867029825	5.46971522683458
3.59947383319383	6.91733293801718
3.6501064741097	5.72968727168596
3.64991419755792	4.52984436714261
4.19918773701945	5.25252284948763
4.19861018632128	4.05640451202197
3.59660080743543	3.08446019157013
4.20006837586168	6.45318600086083
4.40059408396651	6.6724716438239
4.39953871400544	3.32561012163801
4.09905312967924	7.20980817248922
4.11251298005558	3.59312284258929
4.1124907943048	5.99333544721828
4.11259849090599	4.79602313719101
3.90014986258669	2.79421750088286
4.34385521630009	2.98226818760729
4.34670160769045	7.01238326987699
2.13073446629857	2.1200891070119
2.13073667980509	7.87991252550383
4.32721607059197	5.38366322824987
4.3284847166765	4.18580857561858
4.33362257226603	4.61697837163608
4.33319055185539	5.81369555417698
3.66123055142629	3.41863075831491
3.66530382669941	6.58310597531486
3.67145223587705	5.81513182218757
3.67166849117591	4.61711597366664
3.6709788372933	4.18603980624968
3.66875848305274	5.38414733477174
3.79699928093734	4.06883619137288
3.79709195434062	5.26888491536384
3.79836159835874	6.46296294144419
3.79790105074376	5.93752386317625
3.7919220355426	4.74312745832595
3.79622853671593	3.54154812755172
7.92839268744929	2.22138104570897
7.93158865132	7.78161238719465
3.62402463010469	6.4890083518509
3.70937847571522	6.42110405009803
3.62751410594833	5.90325530709589
3.70789550297733	5.97666646076529
4.36989461390528	5.29158705628446
4.29362284579688	5.20641854462041
3.71262969564559	5.22303738338754
3.63141830585963	5.29198071324965
3.62439880104322	4.70494425367447
3.70094597689598	4.78004289972092
4.37165416919815	4.09447534379363
4.29216936637368	4.01690277472682
3.71179581711346	4.02240850966217
3.63206905670145	4.09388165324545
3.70374445623456	3.57519250087704
3.62358565914854	3.50984072049403
3.56384147118418	7.25230057243395
4.41519349150452	3.6368596223864
3.56785481060906	2.75060918241688
4.09722307314244	3.90900459706877
4.19940390250987	3.94993155423476
4.09767474868916	5.10777808840183
4.20170050465185	5.13841037056413
4.09597420111275	6.30980808470415
4.20091726598801	6.33809823170713
6.74793730667175	2.40869410771788
6.52658113483355	2.37259482041166
6.30627513287412	2.34777926809057
6.08225762052012	2.32931791494068
5.85260662762457	2.31294347122781
5.61119154990425	2.30475649639724
5.36724723420127	2.29866074507362
5.11757891797955	2.2937477278943
4.86913043420612	2.28147795434329
4.62454461440218	2.26202627505419
4.38235350585935	2.26946082940197
4.12940790547805	2.28309333552464
3.88488728847753	2.27925143117713
3.63809693577818	2.25979498070672
3.40309170097334	2.27266850438203
3.18294552498264	2.31129162660068
2.93003766845491	2.3339558348924
2.67948764184243	2.36259008510843
2.37470522042643	2.6415028961468
2.3358123115104	2.88774988008484
2.33781546301666	3.12346481393445
2.33311166417392	3.3714613889887
2.32797014090086	3.62384941377427
2.32655775282131	3.87499212162015
2.32692373344043	4.12448985549726
2.32848356777021	4.37469751615821
2.32365758985339	4.6221027671501
2.32438483254211	4.87356185162169
2.32527185636357	5.12316342090629
2.33030578701365	5.37580026972861
2.33077978747782	5.62499718911513
2.3281388218519	5.8741394412856
2.32656193899817	6.12499909206022
2.32797656560908	6.37613059211164
2.3316964514632	6.62787604083379
2.33470289582682	6.87209370425002
2.33542157165291	7.10934860968749
2.36208436298789	7.34808720051761
2.67964530258503	7.63624707375843
2.92512400850832	7.66636833855195
3.16380218390049	7.69058399590817
3.39605252133978	7.73448923874333
3.62902028260268	7.75558617719743
3.87295137745043	7.74395141924824
4.12270470536034	7.71379841716044
4.37254163719874	7.73294917094715
4.61696797987066	7.73348893952895
4.86571714867502	7.72241487993897
5.11753747332311	7.70473572589674
5.36587199809129	7.70084766907892
5.61248304233964	7.69596873507826
5.85258665101455	7.68694555223213
6.08248153619649	7.67097533957403
6.30475027347444	7.64979187720674
6.52502361394208	7.62205259343018
6.74313092459938	7.58543677782829
7.63308521635441	7.40052032420971
7.61086775050592	7.14460631327669
7.62250555914877	6.88414142705998
7.62208479254308	6.62716853131996
7.61843013959276	6.37499999999996
7.61843013959283	6.12499999999996
7.61843013959281	5.87500000000002
7.61843013959279	5.625
7.6184301395928	5.375
7.6184301395928	5.125
7.6184301395928	4.87499999999999
7.61843013959281	4.625
7.6184301395928	4.37500000000002
7.61843013959279	4.12500000000004
7.61843013959274	3.875
7.61843013959279	3.62499999999993
7.61843013959283	3.375
7.61414655084864	3.11402885364126
7.60651885942697	2.84849087768046
7.63217082960092	2.59871711663088
4.09501573821858	3.69931912930375
4.0952124748825	4.90118255687231
4.09542837219811	6.10017592646466
3.48695445921367	6.8912345221262
3.48514279769142	3.10606270171327
4.51790043075779	6.68648287039082
4.51536948044864	3.312377082132
4.06852755325889	2.67348757512015
3.94361178227862	2.66995879369873
4.05466028859929	7.33515090092018
3.94302783081284	7.3321637437986
3.81174435131086	3.96759905813688
3.81172670235103	5.16761163375151
3.8147294538322	6.36670402468522
3.80958743222895	3.6372211881309
3.80422420091819	4.83881892153183
3.81294577545643	6.03908451482822
3.55253228364575	6.58864663551226
3.55489577919164	3.41253304942545
4.44383881948407	6.99555335379368
4.44702787470403	3.00437032261504
4.42620279114476	4.60839008362859
4.42712517468231	5.80754855195052
4.42290196012093	5.39174969032236
4.42053868438565	4.19194607672395
3.57511629012756	4.19271212798461
3.56986957495497	5.38987541091476
3.57701397700301	5.80603389735142
3.57427560446352	4.60725744890891
7.68899169702562	2.34313472917859
7.69037279267431	7.66081281286226
3.81541811909679	2.72655766346248
4.45510933042048	3.4221828507719
4.19783085386661	3.65725226363385
4.4560602292445	6.5738437037216
4.18734220564497	7.27327176974147
4.20010305999889	6.06370933339337
3.53629275612651	2.98989121724573
4.39704510870936	7.11123078627807
4.19979573595606	4.86390206130703
4.39897392100748	2.89235872048386
3.5396164616823	7.00900660102632
3.80208109082508	7.28101330605688
4.20071750670721	2.72895221118174
4.29155673985552	6.40402046760412
4.37165945612303	5.90409896748293
4.37223426692695	4.7063776758484
3.55242722119941	4.29813492858454
3.54887365795426	5.49703580856512
3.55301035815059	5.70300209199978
4.4558730163858	6.8816118690765
3.54934713500324	4.5047984650305
4.45485556095534	3.11868834137289
4.44683051807904	4.49614772966536
3.55177459029288	6.71263493316442
4.4479669030373	5.69715307398408
3.55119001986336	3.29145195923362
4.44511175369738	5.49817907849081
4.44483313579903	4.29628324493986
3.92872574791494	6.37437957560004
3.924388810954	5.17260691626345
3.92382001656939	3.9733131148311
3.92147860116499	3.6358643974359
3.92149316877162	4.8363275170157
3.92261314345734	6.03690151477689
2.40643565447102	2.39495440697588
2.40179256828137	7.60403289792664
7.09339194515865	7.71173712594381
7.09710461817663	2.27678155411411
4.30113586347689	7.33831764025228
4.45904644244822	7.24388974695471
4.4085690723129	6.35140362086239
4.50589518279565	6.45478529615571
4.40157219411792	6.02140596571403
4.41233091792701	4.82813554070503
4.46230025306026	2.75831186624051
4.30560249656758	2.66480978289021
4.55519277833688	5.53654249381894
4.55195741576227	5.65939892968119
4.55616750387392	4.33469974022002
4.55096698968598	4.46108964637626
3.4388306294865	4.33145918495216
3.44371030699837	4.45904036905359
3.43725375672865	5.53592891258129
3.44397630286441	5.6610955622753
3.60037354514973	6.3668539277282
3.50944997378579	6.45123564786559
3.70022700221151	6.3174151102443
3.58644514469228	6.02443618156298
3.51179351895282	5.91457482499694
3.68954930179266	6.07903991164207
4.48693542766123	5.2885467697176
4.41111876778411	5.16761672444268
4.30413200684244	5.07479002146271
3.69959718812875	5.12213020853707
3.5997254449866	5.17546548979175
3.50801911953497	5.29183186294675
3.50231712860629	4.71924165036276
3.5812167940872	4.8284923701532
3.68208691551229	4.88103057256302
4.40826356025893	3.97407349853093
4.49026591243935	4.0864079032068
4.30467795329221	3.90399814121863
3.60326444407129	3.97731605466099
3.70168730825929	3.92193372065799
3.51589933251656	4.08601346797825
3.69705143173619	3.67511522265453
3.5957440179291	3.64534881052646
3.51317529010956	3.54782118268044
4.29868917796529	6.27219598534808
6.61344984044191	2.60473874948638
6.39169481448049	2.57870553424949
6.17362058710199	2.55500865348209
5.95263565607211	2.53472563525773
5.72048296097585	2.52023555281597
5.48539410474828	2.50818618475452
5.23744406964402	2.50280045277072
4.98537176396839	2.49216153362408
4.74183421855883	2.47120591010336
4.51911757237681	2.4391382066623
4.26813765230727	2.45985265063883
3.75569905902177	2.47189494938381
3.52611475351424	2.42150101935986
3.34363530618312	2.50306116338486
3.08328883413388	2.53107205787083
2.8300298360531	2.56590828747541
2.52595627868901	2.78999996893073
2.55911521458391	2.99774704480292
2.55055555420883	3.23847740479563
2.54128600186582	3.49333064176161
2.53438198761281	3.74929690313263
2.53467378118532	4.00141774591368
2.53818424240331	4.25078175279195
2.53668950763171	4.49227650459246
2.52792808604304	4.74547113098897
2.53036851269405	4.99721562422665
2.5389821647769	5.25170595935709
2.54528386316236	5.49982397519748
2.54306190458675	5.74761126515198
2.53467603716306	5.99857339524728
2.5343878368588	6.25068895555374
2.54022784334909	6.50708452844259
2.54635735908437	6.75824153007733
2.54947103509588	6.99755356948339
2.52393154162155	7.20974510047321
2.83690311231549	7.43037293697946
3.07036599288984	7.4719853553568
3.32302002631795	7.49974642548413
3.51460365891583	7.5867703599171
3.72721292822648	7.56955927691648
4.2460495798328	7.52278390157353
4.50575596929246	7.56503850507435
4.73837795172764	7.53094870111265
4.98342253998196	7.50723289743087
5.23798329923991	7.49682893588384
5.47895696151776	7.48880411483301
5.71957295228173	7.47965890413476
5.95200136454369	7.4644872131165
6.17452083281733	7.44570355025582
6.39346650744651	7.42068646657948
6.61282259011763	7.39102367289227
7.36659921596665	7.29883458277927
7.39426584375941	7.00865821515359
7.40791711455382	6.74529611853276
7.40537730692545	6.49645164447077
7.40192378864669	6.2499999999999
7.40192378864674	6.00000000000001
7.40192378864668	5.75000000000003
7.40192378864668	5.5
7.40192378864669	5.25
7.40192378864668	5
7.4019237886467	4.74999999999999
7.40192378864671	4.50000000000001
7.4019237886467	4.25000000000005
7.40192378864663	4.00000000000006
7.40192378864662	3.74999999999992
7.40551853602365	3.50411490164333
7.40410383303404	3.24779803099331
7.3914412306022	2.97757746714563
7.36860446304298	2.70060655467173
3.41379201826488	6.99163020025396
3.40441901404217	3.0046098827527
4.59284472371095	6.57307356149537
4.58856842743553	3.4236762349869
4.16675257717475	2.60311103493355
3.84752334838155	2.60633414440653
4.15830706134464	7.39512164026471
3.83189712035362	7.39629270300602
3.88114502307233	3.87249411424131
3.88111301667297	5.07263089739405
3.88153517458725	6.28209914193359
3.87250926038992	3.75153568123894
3.86408934630358	4.9510057567967
3.87272803409653	6.15324933263131
3.43826130801973	6.65629152124978
3.43851716216227	3.34286928991636
4.52167343138021	7.09065165920466
4.55691889336913	6.94793669405023
4.53267477943881	2.91140793145535
4.55755352960998	3.05141073785583
4.49024153317892	4.70753125626081
4.53557126151412	4.58425779793534
4.48638365138067	5.91354654589288
4.53620918049126	5.78925381791335
4.53526954801972	5.41138558525971
4.53657377069936	4.20935013995734
3.45901608774495	4.21150994964124
3.44574171662464	5.41134535030321
3.46026646040248	5.78706028478606
3.44885187814701	4.58725733131289
7.2230870114959	2.45671315780513
7.22750509697255	7.51873715298395
4.55374650773484	3.18643869024332
4.55502889984406	6.81331634532547
2.60650063519587	2.59499425261398
2.60650776755905	7.40500606838079
3.47125063229006	2.86798943597083
3.46938465442752	7.13014723732969
6.96822201367566	2.45301886228537
6.96099540804375	7.52619926454327
3.69666164332074	2.66025688942455
3.45030726683903	6.7731634383763
3.44745431102799	3.22690682364241
3.98180323756627	3.71446532671265
3.98187048208614	6.11548267093802
3.98216949778875	4.9140376142365
3.69174144102205	7.35398427609909
4.50803386172473	3.54039709424865
4.30795799334072	3.700611340008
3.9954837406812	6.29709005703017
3.99242679002929	3.90406666045978
3.9912756279404	5.09502964168927
7.45520638912702	7.56319847160024
7.45747034435586	2.42118313566807
3.99407622529859	7.50557293415666
4.00790973420386	2.49761600604567
4.18641214419409	6.2022252458137
4.18741761296011	5.00140694715683
4.19250715001836	3.80065414190776
4.55001569004876	3.6807470468117
4.55403443888521	6.31181158705176
4.66854114480062	6.43250734997096
4.53712755874875	6.04072119245998
4.54769244062815	4.8457583002153
4.67559758421765	5.5990362338006
4.66506559295133	5.45044933798501
4.66759209484781	5.75058781676534
4.67914797607594	4.39539531058677
4.67026092703052	4.24412449799421
4.66404823566917	4.54507290920283
3.33678319916874	4.39488918687449
3.31339271753507	4.25504481914256
3.29634019478363	4.52191971640045
3.34354761740922	5.59863012982889
3.30626256832594	5.47376532643622
3.32161558973758	5.73140359046447
3.47507284376132	6.31885858043055
3.46079372583082	6.071155672932
4.55074862477746	5.14847120392889
3.46699338975262	5.14735265755006
3.46518079958307	4.87993434092709
4.54585450422677	3.9545575924808
3.48455817799471	3.93572540122717
3.47899246372605	3.68333667324584
6.46307095252628	2.80971631451506
6.25563858867724	2.78579976835886
6.04322226510654	2.76075221288186
5.82233319751236	2.74076970456866
5.59000296473774	2.72676067250453
5.34599109599921	2.71723532013504
5.09600516211911	2.70085622699859
4.83323272826275	2.69753769438996
3.21429765819459	2.69962938698175
2.75947133922349	3.0965878632166
2.75601023513631	3.35729382367183
2.74581667459924	3.61451887401042
2.74061722879635	3.87154588307302
2.74557331841673	4.12594717380549
2.75082019104102	4.37202131445519
2.75062025392943	4.61263858253737
2.72769422625596	4.86118864785054
2.7399512785234	5.12567006981123
2.76519692890752	5.378081496418
2.76107898109864	5.62234968238599
2.75262371501284	5.86906897412361
2.73996588278188	6.12486601265373
2.74512520077108	6.38349937653359
2.75730876058706	6.64211014335216
2.75815732856693	6.90364892666103
3.19749512859838	7.2914265786437
4.83696142472856	7.30673649225458
5.09945399983436	7.29831991849485
5.34551671580491	7.28312362718157
5.59041550170653	7.2753104387185
5.82038639944996	7.25872931915837
6.0429886686367	7.23838778900386
6.25734691251686	7.21402585535624
6.46598222856841	7.19063724186056
7.19952234565456	6.84959802101
7.19180617140022	6.61273823390146
7.18845401540766	6.36691521526925
7.18541743770066	6.12499999999991
7.18541743770061	5.87500000000007
7.18541743770056	5.62500000000001
7.18541743770058	5.37499999999999
7.18541743770057	5.125
7.18541743770058	4.87499999999998
7.1854174377006	4.62499999999999
7.18541743770061	4.37500000000004
7.18541743770056	4.12500000000011
7.18541743770044	3.87499999999999
7.18602344398793	3.63354204501168
7.19003364321754	3.39109622965863
7.19359102832421	3.15065978900876
3.31456954683833	7.1228963500697
3.31249731341726	2.86816356925979
4.65995219025386	3.55949434816171
3.31713475982835	6.71403771513313
3.31625258832118	3.28271706594422
4.66542046759303	7.01710543031535
4.68634039285958	6.86675386348279
4.66649634000692	2.97915624475828
4.68221487830833	3.12972820024579
4.62434191148592	4.69903898871212
4.62659320665915	5.9055615442988
3.54944041571742	2.58829544540342
3.53264081996587	7.40234124602122
7.1673520516162	7.10905849114548
7.16767268145166	2.89079041884629
2.98586723937972	2.75053242584902
2.9800927880194	7.2350084971441
3.3563008402011	6.85358663039408
3.34765544006095	3.15030621277636
4.65937452084932	6.71378998857804
4.65378960972309	3.28465784318485
6.83474342405366	2.63996685415784
6.83286616428046	7.35603724491512
4.06031612669263	3.80596183872373
4.06283094792593	5.00375321203434
4.06395126615723	6.20550553018053
3.77424045183158	3.84451211420154
3.76881641268698	5.04564926529423
3.77369016782363	6.24382270699223
3.43929141030512	3.45848897517166
3.43758897065402	6.54346734191225
3.95784818124448	6.21002368120188
3.95562238285974	5.00927194592963
3.95617238066914	3.80619612127973
4.60724549177166	7.37008703185868
4.43426472846582	3.81221072589245
3.77504770376726	6.14274567205385
3.75759655375046	4.9436814423286
3.77501953277637	3.74281658099978
4.60993138424734	2.63309978421653
3.61822378406906	3.80675034510788
3.6092733391814	5.00441756615657
3.61621531932359	6.19756208650845
2.74961339842768	2.82212820431767
2.74883901598262	7.17569891382268
4.43608739328006	6.18566133708605
4.4451596132462	4.99598753479279
4.72991686814602	6.05402248794682
4.71839217532354	4.82869793985926
4.81156728035483	5.50633591759809
4.81689841874742	5.67925573178793
4.79171641780361	5.86139185204337
4.81686603310011	4.48252688857407
4.82040111083138	4.30555682829882
4.78237626932982	4.65695474292039
4.62868668865592	4.99285568763039
6.33575011074425	3.02200826551817
6.12764258880676	2.99412958789335
5.91110375743007	2.96824479758865
5.68900686418995	2.95018939502603
5.45468378627156	2.93740793737266
5.2122658743313	2.92629663822807
4.98588248766539	2.89195231662279
2.97885507664087	3.22714706467678
2.95527870747396	3.48084558982946
2.94784077967506	3.73645412338729
2.9453274205475	3.9993409187958
2.9591976555425	4.25436872955232
2.96404663166047	4.49321398428021
2.95903677820178	4.73373790970043
2.91206274231631	4.99041719653739
2.98078729005893	5.25065747846857
2.96763830166746	5.50342477450009
2.96806316356164	5.74024444389206
2.95968652600155	5.9885513121947
2.94422198799159	6.25463825888973
2.9600294451424	6.51664135830242
2.98342699714495	6.77162490365193
4.98580999447395	7.10702452610845
5.2058736331879	7.0725518453739
5.45301868178455	7.06637867150579
5.68761809682044	7.05497023631981
5.91321929457972	7.02656942026518
6.12942446284346	7.00301481626233
6.33765640193431	6.9798725277048
6.98242741146215	6.72834187354757
7.0053029545816	6.94631697656111
6.97060846523239	6.49068414312453
6.96732214992068	6.24599359845235
6.96891108675461	6.00000000000003
6.96891108675444	5.75000000000009
6.96891108675445	5.49999999999999
6.96891108675447	5.25
6.96891108675446	4.99999999999999
6.96891108675448	4.74999999999996
6.96891108675452	4.50000000000001
6.96891108675452	4.25000000000012
6.96891108675433	4.00000000000016
6.96214804856763	3.75377303467469
6.9638549501889	3.50419417271256
6.97097714538797	3.26756288059715
6.99792370810834	3.05295391178762
3.19570470073418	6.79784834673863
3.19274540563028	3.20025305598497
4.84323869089533	6.94772667375225
4.83119299046923	6.76070042710977
4.84196065372406	3.04933592805271
4.82438903389189	3.23303136543296
4.73217219038452	6.26394299029728
4.71967201814238	3.72486934879698
3.26063885759973	3.03520789370313
3.26993619041301	6.95835627942373
6.69491927618886	7.16453395727577
6.68883558331086	2.83788045539448
4.76188935723407	6.58294434918514
4.75558991429438	3.41060249134138
3.36665937916035	3.57221010605817
3.36853570502141	6.42958569786041
3.3144821030185	6.57205267932266
3.31284923041544	3.42781071220854
4.59266391267226	3.81693635921365
3.33926743753499	4.71072534477568
3.34303636661736	5.30224296129868
3.36786788027508	5.90543514150643
3.37109767147616	4.09086784348253
3.40381799275591	2.70647099690131
4.63258133602977	4.09172009543874
4.62585989941291	5.30020171727907
7.0841001315398	7.32539280925526
7.08819724916764	2.67471080504636
3.39488296081297	7.28099107720073
2.94017354238498	2.977503841819
2.94859064629606	7.01563180998756
3.17869072299933	5.60263805785973
3.17194080767658	4.38764177932833
3.30362319041589	6.0594688566469
3.30818285896379	5.11814227417948
3.28770912904523	4.92195028319841
3.29858237802908	3.95121436201589
4.82134216555802	4.98878111022072
4.9754394762586	5.57990190853991
4.97398139346399	5.77551016548326
4.98868960002332	4.39850831674037
4.96688200959984	4.59921739728513
6.21695805440302	3.22145717872627
6.00119027435196	3.19725714893023
5.78111283929539	3.17422296610227
5.54893982516055	3.16915036089325
5.31161691200832	3.15638769809962
3.12986053151381	3.85806295950708
3.09658122043876	4.89866136371758
3.13354623699904	5.08454659621454
3.13196232745678	6.1424102504151
5.305897364065	6.85077571119062
5.55679048099794	6.84853314680177
5.77418989984476	6.83396095145336
6.00927762543143	6.80060339459456
6.22555437337822	6.7798516609745
6.74867078312056	6.62529321849139
6.76648256288257	6.9054073257009
6.74647483208309	6.36956966165936
6.74688461907114	6.1230923686114
6.74949925543174	5.87480086160079
6.75240473580828	5.62500000000004
6.75240473580835	5.37499999999997
6.75240473580835	5.12500000000001
6.75240473580835	4.87499999999995
6.75240473580842	4.62499999999996
6.75240473580847	4.37500000000007
6.75240473580833	4.1250000000003
6.74307557360955	3.87553028028246
6.74259251801404	3.62583531910526
6.73891815753282	3.36813402822493
6.75731075729467	3.09654431153445
4.96666081435257	6.6054264237258
4.95677824983429	3.38256146863123
3.3078074588771	6.28482850614516
3.3062788983935	3.72152305637087
4.86067020865698	6.41081204946052
6.54619950111245	3.00287681706381
6.55227382367803	6.99673950784639
4.71768857533956	5.15975580078362
4.84461018404272	3.57258026101001
4.78703291867859	5.32874965541956
4.7976650618796	4.11835169866971
4.73457538124522	3.92664946185654
3.1541644800653	6.62942503746217
3.1525418699543	3.36915000691151
3.42828288532888	5.00828615983065
3.43006362013411	6.1960596220532
3.16063588078261	5.40407126604753
3.15744048385297	4.59951761238555
3.43593378656494	3.81575228852654
3.1651194564068	5.85796391222331
3.15501635783172	4.13741492692593
4.78270318330517	2.88291013231985
4.78826987917835	7.11322790138763
3.16484213254794	6.41002473361244
3.16597119271799	3.58918283810646
5.05061598941016	6.85271829295763
5.04979716446003	3.14732830078165
5.1774303273534	5.67286837206947
5.17134342209081	4.51666728592694
6.05971281204641	3.4552067755728
5.86515200912092	3.37058854248884
5.66282954805137	3.39407094687593
5.42370335329204	3.38929789898476
5.44393263459943	6.64229328097658
5.65537120151478	6.62144570868412
5.86702813571717	6.63527027810249
6.06669943393318	6.53972904023187
6.52330101580059	6.48820900559335
6.52161499782594	6.24560984434668
6.525801771526	5.9981056149067
6.53057381900505	5.74906407204917
6.53589838486217	5.49999999999994
6.53589838486226	5.24999999999999
6.53589838486221	4.99999999999998
6.53589838486227	4.7499999999999
6.53589838486239	4.49999999999997
6.53040692284809	4.25009300514024
6.52039265537815	4.000229157289
6.5162092377914	3.74769646913647
6.51834717779284	3.50171909754707
5.1074463084875	6.37089425396715
5.0537015534566	3.59430877359519
4.95264247419771	3.98757285204109
4.90250889584802	3.77817546109222
4.91789489489883	6.19921602953593
4.98859698698395	4.19252151118118
4.93990099724273	5.97845943738538
4.9733803634634	5.37449789131965
5.18669064916969	3.37546970234358
5.18553264559459	6.63005331576488
4.9061704772285	4.79442465578865
4.91861167995257	5.17415686766488
6.50863427409092	6.77109581123159
6.49489450888363	3.22666911464733
5.53963136310086	3.62005078962403
5.53849677835766	6.40256462382232
6.29188378512115	6.11896903877926
6.30312884985887	5.87045070383536
6.31335232636141	5.62265170580237
6.31939203391613	5.3749999999999
6.31939203391612	5.12500000000003
6.31939203391609	4.87499999999988
6.31939203391626	4.62499999999983
6.3136270259984	4.37618725553048
6.30556135580855	4.1263208169392
6.29063829543874	3.87216040179529
6.293679641313	6.36877434434271
6.28557450713398	3.6225414983129
5.18478894905352	4.04771128551832
5.16793421326517	5.19794947725141
5.32515233610036	6.45478417188842
5.12526537063806	4.74744594006718
5.13208863630189	3.81999069330861
5.03342754071857	4.97934686991467
5.28565332404176	3.61834498385181
5.16132261819538	5.89045856821642
5.14337211754467	6.11489068194305
5.17948428339338	5.45076889210827
5.82078066054357	3.6229931252906
5.81374064464768	6.38973597256136
5.39221086488777	5.7844612261017
5.40134587435055	5.56566122543664
5.38606887939093	4.67395135514493
5.64111571900067	3.81897010281276
5.60243844204553	6.17820384549332
6.07213832455175	5.99104012311781
6.08241079727173	5.73871236711236
6.09008177477441	5.49136005547548
6.09643544435067	5.24721914901987
6.09771331091142	4.9999275932417
6.09817236311221	4.75063139040314
6.09514064625099	4.50245760025552
6.0876808959399	4.25614286594834
6.07838928204652	4.0050289158612
5.40390077761122	5.33471639945781
5.38380689661684	6.01421209921799
6.06195970865392	6.25744824711583
6.06015421145308	3.74118466029423
5.18321761844521	4.29253978656575
6.32286250285234	6.58295570406904
6.31702574068636	3.40589423160401
5.26440134110975	4.93215838580004
5.39766074246267	3.87222318798911
5.62068750388324	5.69678484541373
5.61725388483113	5.94008735106996
5.63215300833898	5.46372692800153
5.85831904574596	5.60140004809988
5.86628094429971	5.36091799682764
5.87262318214488	5.12517293741439
5.87955198862468	4.87549667930769
5.87275580788163	4.62727139617143
5.8634380293261	4.3874350900897
5.85749625953852	4.14352578368136
5.61636280316019	4.05086997720465
5.4012494587124	4.40660532066917
5.84944480020488	3.89893509822332
5.83750573384909	6.10412937651019
5.40286768248376	4.15577353811604
5.66527730337552	5.00305357925183
5.63205132313358	4.27803901847649
5.63188498553749	4.52504553492771
5.65610658623914	4.74993656744898
5.64417226436134	5.22877026444686
6.91019667172664	7.14768081780195
6.9073553932845	2.85656690448578
5.42649843202347	5.10445223843709
3.14286625149715	7.09129823164652
4.43380215294564	2.59945583260947
3.13284694967651	2.90003715788712
4.42953474033113	7.39852015357233
5.48310676604268	4.8821859592982
3.1092296177026	3.07421460887041
5.34021298649284	6.22436843608126
3.12191214005844	6.92334209908971
4.642940041933	7.19191314657432
4.64557471265314	2.80585213709088
4.58830869374793	6.17001164764273
3.19010598065226	5.24305754016987
3.1848296440162	4.76256821567037
4.30631512162352	3.80248156671814
4.30207393847857	6.12518061678642
5.84905769624664	5.84707300593988
4.30292405664653	4.92482536277092
