304	55	56
346	106	107
384	164	165
240	188	189
316	43	44
475	275	474
362	90	91
351	101	102
938	939	729
406	19	72
316	44	315
389	15	64
220	21	22
660	482	481
541	542	348
374	12	566
409	208	4
368	84	85
230	198	199
234	194	195
394	13	587
1465	995	1174
235	193	194
236	192	193
239	240	189
395	587	13
243	185	186
246	247	182
444	241	443
246	183	245
247	181	182
595	403	402
464	265	264
454	252	251
410	1	170
254	174	175
258	170	171
257	258	171
257	172	256
266	267	153
256	173	255
255	173	174
262	157	158
253	175	176
250	178	179
250	179	249
263	156	157
265	154	155
469	270	269
559	365	558
267	268	152
270	149	150
269	150	151
379	24	10
646	468	467
396	167	386
573	380	381
277	278	142
1520	1521	1164
277	142	143
379	10	572
927	718	717
382	9	575
381	76	77
287	133	286
285	135	284
215	5	119
511	314	510
287	132	133
288	289	131
305	55	304
289	130	131
485	486	286
411	2	123
494	294	493
296	123	124
295	124	125
298	61	62
294	125	126
603	296	295
293	294	126
300	59	60
302	303	57
295	296	124
294	295	125
286	133	134
297	298	62
303	56	57
303	304	56
215	119	214
504	308	307
307	52	53
305	54	55
1142	782	758
213	214	120
308	51	52
508	312	311
314	45	46
313	46	47
314	315	45
211	66	67
315	44	45
319	41	318
321	38	39
318	41	42
344	345	108
209	67	7
210	7	21
210	414	7
346	107	345
348	104	105
338	114	115
412	118	3
527	331	330
529	602	333
334	26	333
333	26	27
336	116	117
744	530	602
332	27	28
745	413	209
523	524	327
330	30	329
711	535	534
328	32	327
341	112	340
327	32	33
342	110	111
323	36	37
343	110	342
323	37	322
344	109	343
343	109	110
322	38	321
345	107	108
540	346	539
210	21	220
349	103	104
362	91	361
554	361	360
376	11	569
730	554	553
355	97	98
356	97	355
389	581	15
225	203	204
408	398	78
366	86	87
364	88	89
228	229	200
232	196	197
363	364	89
968	581	752
232	233	196
365	87	88
227	202	226
366	367	86
226	202	203
367	85	86
371	81	82
225	226	203
409	221	208
222	223	206
368	85	367
371	372	81
221	207	208
409	4	80
938	729	728
544	351	350
377	569	11
540	347	346
542	349	348
218	6	70
479	279	478
275	144	145
279	140	141
394	393	122
273	147	272
479	280	279
382	77	9
391	390	65
387	74	75
378	24	379
388	15	581
377	11	23
395	13	166
652	473	651
381	77	382
273	146	147
399	400	168
586	393	394
393	121	122
394	122	13
469	269	468
390	64	65
398	20	78
402	162	163
401	163	17
272	147	148
400	17	168
268	151	152
399	168	169
246	182	183
852	634	633
245	183	184
400	593	17
241	187	188
406	72	405
405	72	73
235	236	193
233	195	196
233	234	195
389	64	390
407	79	19
731	554	730
375	68	69
412	3	25
602	335	334
370	83	369
371	82	370
341	342	111
529	333	332
803	579	804
276	144	275
308	52	307
214	119	120
495	298	603
881	666	665
676	498	675
310	49	50
227	201	202
363	89	90
335	336	117
335	412	334
582	389	390
356	96	97
348	349	104
353	99	100
436	234	233
444	242	241
474	274	473
271	272	148
271	148	149
271	149	270
269	270	150
632	452	631
373	566	12
373	68	375
634	455	454
268	269	151
337	116	336
328	329	31
322	37	38
568	375	376
383	575	9
488	289	288
410	170	258
410	161	1
228	200	201
365	88	364
283	284	136
217	218	70
404	73	18
239	189	190
242	187	241
403	596	18
256	172	173
257	171	172
372	221	409
601	221	372
219	6	423
373	12	68
754	600	407
397	20	589
391	14	584
398	589	20
626	627	447
240	241	188
251	177	178
266	153	154
267	152	153
249	179	180
478	278	477
280	139	140
517	321	320
1298	781	970
359	93	94
549	356	355
274	145	146
274	275	145
391	65	14
583	390	391
369	84	368
223	205	206
385	16	74
385	74	387
326	33	34
326	327	33
764	374	566
383	9	164
222	206	207
222	207	221
477	278	277
686	509	508
259	260	160
452	249	451
264	156	263
468	269	268
290	129	130
290	130	289
570	377	378
763	386	578
562	369	368
609	430	429
547	354	353
352	101	351
334	25	26
334	412	25
340	112	113
330	29	30
306	307	53
503	306	502
538	539	345
523	327	326
369	83	84
370	82	83
539	346	345
354	99	353
317	42	43
317	318	42
328	31	32
329	30	31
262	263	157
260	159	160
372	80	81
372	409	80
306	53	54
306	54	305
719	720	543
350	351	102
614	434	613
235	194	234
779	780	415
282	137	138
456	253	455
248	181	247
229	199	200
229	230	199
722	546	545
358	94	95
344	108	109
308	309	51
242	186	187
242	243	186
585	392	393
592	400	399
251	178	250
266	154	265
447	448	245
244	185	243
361	91	92
363	90	362
254	175	253
254	255	174
273	274	146
473	274	273
753	377	570
386	167	16
378	23	24
378	377	23
827	609	608
366	87	365
413	211	209
516	320	319
237	191	192
237	192	236
603	298	297
297	62	63
392	14	121
392	121	393
553	359	552
443	241	240
352	100	101
352	353	100
238	190	191
238	191	237
987	812	803
386	16	578
459	604	257
259	410	258
211	67	209
213	120	8
731	555	554
558	365	364
554	555	361
360	93	359
261	158	159
261	159	260
284	135	136
280	140	279
292	127	128
491	292	291
350	102	103
350	103	349
1304	1135	794
721	545	544
339	113	114
339	114	338
486	287	286
383	164	384
474	275	274
749	394	587
745	209	414
416	212	211
358	359	94
551	552	358
401	402	163
453	251	250
498	302	301
291	129	290
677	500	499
299	60	61
285	134	135
285	286	134
337	115	116
337	338	115
325	34	35
325	326	34
380	572	10
804	579	763
759	404	596
404	405	73
309	50	51
309	310	50
216	71	5
668	489	667
264	155	156
264	265	155
231	197	198
231	198	230
311	48	49
311	49	310
497	301	300
891	892	679
212	417	8
514	317	513
320	39	40
320	321	39
487	288	287
215	420	5
388	75	15
388	387	75
396	166	167
396	395	166
419	215	214
501	305	304
228	201	227
564	601	371
259	160	161
259	161	410
324	35	36
324	325	35
252	176	177
252	253	176
408	78	79
408	79	407
411	297	63
411	63	2
278	141	142
278	279	141
529	332	528
332	333	27
555	362	361
556	362	555
406	599	19
232	197	231
397	169	20
397	399	169
212	8	66
510	314	313
299	300	60
299	61	298
376	69	11
376	375	69
354	98	99
354	355	98
532	339	338
339	340	113
224	205	223
427	225	224
360	92	93
360	361	92
902	690	689
312	48	311
302	57	58
301	59	300
403	18	162
403	162	402
728	552	551
357	96	356
481	282	281
281	282	138
693	516	515
323	324	36
239	190	238
597	405	404
244	184	185
244	245	184
433	231	230
941	731	940
261	262	158
604	259	258
552	359	358
612	433	432
426	427	224
563	370	369
737	738	561
737	560	736
636	456	635
458	256	255
441	239	238
442	443	240
718	542	541
347	106	346
291	128	129
291	292	128
411	123	296
411	296	297
448	246	245
641	462	640
521	325	324
699	700	522
961	423	768
768	218	422
316	317	43
314	46	313
472	273	272
649	471	470
335	117	118
335	118	412
217	70	71
217	71	216
341	111	112
535	341	534
685	507	684
505	308	504
374	165	12
374	384	165
347	105	106
347	348	105
633	634	454
817	756	592
534	341	340
696	519	518
531	532	338
331	29	330
476	277	276
477	277	476
276	143	144
276	277	143
248	180	181
248	249	180
421	217	216
588	395	396
435	233	232
438	235	437
404	18	596
769	403	595
319	40	41
319	320	40
462	262	461
632	453	452
251	252	177
631	452	451
407	19	599
438	439	236
380	10	76
380	76	381
498	301	497
487	488	288
357	95	96
357	358	95
219	22	6
219	220	22
331	28	29
331	332	28
456	254	253
463	464	264
513	317	316
512	315	511
425	223	222
564	371	370
522	523	326
520	324	323
293	126	127
293	127	292
288	131	132
288	132	287
603	297	296
495	299	298
465	265	464
467	468	268
224	204	205
224	225	204
283	136	137
283	137	282
281	138	139
281	139	280
301	58	59
301	302	58
312	47	48
312	313	47
536	343	342
524	328	327
751	574	382
216	5	420
681	682	504
212	66	211
598	405	597
595	402	594
416	211	413
511	315	314
766	392	585
774	589	398
466	267	266
401	17	593
882	667	666
1057	881	1056
748	580	388
582	390	583
791	567	764
776	373	565
430	228	227
605	606	426
432	433	230
562	563	369
760	414	210
753	569	377
594	402	401
451	249	248
440	238	237
622	443	442
505	309	308
671	493	492
695	518	517
415	210	220
545	352	351
545	351	544
461	262	261
462	263	262
525	328	524
526	330	329
938	728	937
735	558	734
580	387	388
763	579	386
723	724	547
705	706	528
765	215	419
880	881	665
530	337	336
700	701	523
775	578	385
968	748	581
487	287	486
678	500	677
970	781	778
520	521	324
675	498	497
493	294	293
460	261	260
459	257	256
585	393	586
600	408	407
489	490	290
676	677	499
518	322	321
518	321	517
533	340	339
533	339	532
478	279	278
755	575	383
747	376	569
218	423	6
449	247	246
449	246	448
606	427	426
436	437	234
756	400	592
1453	1299	1334
494	295	294
494	603	295
480	281	280
480	481	281
385	578	16
757	587	395
472	473	273
654	476	475
534	340	533
922	923	713
621	442	441
934	724	933
496	300	299
496	497	300
450	247	449
630	631	451
428	226	225
428	225	427
492	493	293
680	503	502
757	395	588
1711	1532	1533
495	496	299
743	603	494
650	472	471
649	470	648
500	304	303
500	501	304
460	461	261
742	460	604
761	594	401
626	447	446
602	334	333
528	332	331
516	517	320
514	318	317
445	243	242
444	445	242
527	330	526
528	331	527
814	590	762
766	584	392
684	507	506
213	8	417
490	291	290
887	675	674
561	368	367
561	562	368
724	548	547
546	352	545
499	500	303
491	291	490
502	306	305
502	305	501
424	220	219
424	415	220
546	353	352
546	547	353
466	467	267
453	454	251
482	283	282
482	282	481
809	585	586
762	397	589
602	336	335
602	530	336
1121	1122	946
440	441	238
392	584	14
773	583	391
467	268	267
634	635	455
429	227	226
429	226	428
430	227	429
1279	1112	1278
537	344	343
537	343	536
209	7	414
698	521	520
645	467	466
628	448	627
522	326	325
522	325	521
437	235	234
436	233	435
559	366	365
560	561	367
750	216	420
957	575	755
516	319	515
717	541	540
954	596	769
644	465	643
483	284	283
483	283	482
789	565	568
776	566	373
535	342	341
535	536	342
509	510	313
505	506	309
509	313	312
509	312	508
452	250	249
452	453	250
1082	906	1081
519	322	518
736	560	559
434	231	433
455	253	252
455	252	454
770	212	416
758	418	213
499	303	302
499	302	498
712	536	535
1092	916	1091
687	510	509
896	683	895
515	319	318
515	318	514
683	505	682
690	513	512
1224	1051	1223
567	384	374
644	466	465
749	586	394
459	256	458
604	258	257
611	432	431
734	558	557
806	582	583
774	398	591
650	471	649
479	480	280
590	399	397
590	592	399
418	214	213
418	419	214
768	423	218
787	768	422
878	663	662
980	800	792
867	652	651
1164	976	975
704	705	527
699	521	698
512	316	315
512	513	316
747	568	376
722	545	721
708	709	532
919	710	709
579	396	386
579	588	396
644	645	466
457	458	255
824	600	754
932	723	722
979	792	791
755	383	576
531	338	337
531	337	530
463	264	263
463	263	462
874	875	659
656	478	477
612	432	611
725	726	549
431	229	228
431	228	430
609	429	608
610	611	431
492	293	292
492	292	491
507	311	310
507	508	311
560	367	366
560	366	559
446	244	243
446	243	445
506	310	309
506	507	310
471	472	272
648	470	469
635	456	455
642	464	463
525	329	328
525	526	329
442	240	239
442	239	441
557	364	363
557	558	364
548	354	547
748	388	581
705	528	527
708	532	531
935	726	725
1506	1331	1136
564	370	563
601	372	371
604	260	259
604	460	260
550	357	356
550	356	549
684	506	683
893	681	680
719	543	542
543	544	350
553	360	359
553	554	360
591	398	408
591	408	600
761	401	593
863	864	648
746	406	598
622	623	443
1275	1108	1274
775	385	577
484	285	284
484	284	483
422	218	217
422	217	421
683	506	505
682	505	504
665	487	486
765	420	215
551	358	357
551	357	550
438	236	235
618	439	438
912	700	699
1108	932	1107
601	222	221
601	425	222
489	290	289
489	289	488
751	382	575
799	574	751
426	224	223
426	223	425
470	271	270
470	270	469
750	421	216
1054	878	1053
556	363	362
556	557	363
519	323	322
519	520	323
541	348	347
541	347	540
485	286	285
485	285	484
434	232	231
434	435	232
962	771	572
986	802	805
883	668	667
673	495	743
503	307	306
503	504	307
623	444	443
842	624	623
857	642	641
637	457	636
465	266	265
465	466	266
439	237	236
439	440	237
576	383	384
576	384	567
432	230	229
432	229	431
565	373	375
565	375	568
646	647	468
629	630	450
538	345	344
538	344	537
571	378	379
571	570	378
475	276	275
475	476	276
841	622	840
598	406	405
740	741	564
605	426	425
746	599	406
617	438	437
833	615	614
616	437	436
457	255	254
457	254	456
707	531	530
706	529	528
937	728	727
1136	968	752
577	385	387
577	387	580
447	245	244
447	244	446
543	350	349
543	349	542
694	695	517
695	696	518
998	820	819
627	448	447
450	248	247
450	451	248
574	381	382
574	573	381
548	355	354
548	549	355
471	272	271
471	271	470
1337	1133	957
653	654	475
650	651	472
651	473	472
676	499	498
674	497	496
647	469	468
647	648	469
737	561	560
1179	1003	1178
756	593	400
811	586	749
716	540	539
713	537	536
621	441	620
821	598	597
658	659	480
873	658	657
778	416	413
1077	901	1076
802	580	805
807	752	582
767	572	380
767	380	573
1280	1114	1113
733	734	557
754	407	599
729	552	728
637	458	457
636	457	456
741	425	601
741	601	564
880	665	664
876	661	660
703	526	525
704	526	703
655	476	654
871	656	655
615	436	435
616	617	437
744	529	706
744	602	529
762	590	397
1317	994	814
1080	1081	905
692	693	515
619	440	439
619	439	618
771	379	572
771	571	379
675	497	674
672	494	493
679	502	501
1058	883	882
752	389	582
752	581	389
617	618	438
1199	1023	1198
1080	905	904
1258	1088	1257
681	504	503
953	417	770
769	596	403
622	442	621
743	494	672
672	493	671
727	551	550
727	728	551
646	467	645
956	593	756
719	542	718
929	720	719
620	441	440
620	440	619
1764	1587	1586
803	588	579
663	664	485
955	750	420
640	462	461
853	634	852
661	483	482
661	482	660
629	450	449
630	451	450
1148	769	820
1021	846	845
743	495	603
673	743	672
688	511	510
770	417	212
738	562	561
1003	827	1002
662	484	483
662	483	661
697	698	520
711	534	710
841	842	623
940	731	730
666	488	487
666	487	665
712	713	536
1259	1090	1089
641	642	463
641	463	462
670	492	491
670	671	492
818	594	761
850	632	631
1335	954	1148
759	597	404
735	559	558
735	736	559
702	525	524
702	703	525
780	760	415
1103	1104	928
643	465	464
643	464	642
1052	1053	877
1052	877	876
1020	845	844
1015	839	1014
711	712	535
710	534	533
772	424	219
772	219	423
732	556	555
732	555	731
1149	770	781
688	510	687
610	430	609
739	740	563
790	565	789
788	424	772
758	213	417
782	418	758
681	503	680
680	502	679
689	512	511
689	690	512
801	775	577
1167	981	982
673	496	495
673	674	496
1160	887	674
885	886	670
1040	864	1039
956	761	593
607	428	427
607	427	606
669	491	490
669	670	491
678	501	500
678	679	501
1012	1013	837
1116	940	1115
717	540	716
717	718	541
664	486	485
664	665	486
715	539	538
715	716	539
1013	1014	838
616	436	615
726	550	549
726	727	550
639	461	460
638	458	637
888	676	675
952	673	672
639	640	461
1027	851	1026
909	697	696
926	927	717
624	445	444
624	444	623
720	544	543
720	721	544
819	595	594
818	819	594
657	479	478
657	478	656
1069	894	893
1930	1771	1770
625	445	624
841	623	622
691	514	513
691	513	690
733	557	556
733	556	732
897	898	685
687	509	686
701	524	523
701	702	524
625	446	445
625	626	446
608	429	428
608	428	607
708	531	707
704	527	526
1072	1073	897
1074	899	898
652	474	473
653	475	474
773	391	584
1461	989	1312
865	650	649
811	809	586
699	522	521
700	523	522
1091	915	1090
924	715	714
1262	1096	1095
909	696	908
764	567	374
1153	772	961
740	564	563
739	562	738
659	481	480
659	660	481
812	588	803
971	780	779
1045	870	869
653	474	652
1034	1035	859
633	454	453
714	537	713
1084	909	908
667	489	488
667	488	666
860	645	644
857	641	856
1032	857	856
638	459	458
958	587	757
1129	749	958
827	608	826
610	431	430
760	210	415
1165	978	977
967	569	753
805	580	748
742	459	638
742	604	459
1118	942	1117
947	738	737
668	490	489
668	669	490
848	849	630
632	633	453
613	434	433
612	613	433
908	696	695
905	693	692
835	836	617
1473	1665	1304
856	641	640
997	819	818
1095	1096	920
1253	1084	1083
784	765	419
1404	1242	1241
663	485	484
663	484	662
723	547	546
723	546	722
820	595	819
1126	746	823
840	622	621
1014	839	838
725	549	548
725	548	724
1043	867	1042
861	646	645
1480	1323	1458
837	618	836
655	477	476
655	656	477
963	773	584
966	762	589
692	515	514
692	514	691
958	749	587
799	797	574
658	480	479
658	479	657
896	684	683
1336	1142	953
742	639	460
742	638	639
812	757	588
795	794	570
605	425	741
739	563	562
709	533	532
709	710	533
694	517	516
694	516	693
605	741	740
1005	829	1004
845	626	844
1028	853	852
1050	875	874
957	751	575
1038	863	862
861	862	646
899	687	686
688	689	511
1470	986	1302
933	724	723
685	508	507
685	686	508
729	553	552
729	730	553
1077	902	901
900	687	899
628	449	448
628	629	449
697	520	519
697	519	696
714	538	537
714	715	538
614	435	434
614	615	435
914	702	701
915	916	703
1162	971	972
925	715	924
993	817	813
815	600	824
916	704	703
917	705	704
831	832	613
1157	606	605
966	589	774
963	584	766
1160	674	673
952	672	671
794	753	570
1265	1099	1098
996	995	815
1551	1552	1348
744	707	530
744	706	707
1314	816	995
993	813	994
959	599	746
835	617	616
868	653	652
820	769	595
1040	865	864
797	573	574
965	763	578
1170	987	988
960	745	414
1074	898	1073
961	772	423
1488	1164	975
1252	1082	1251
1153	788	772
1041	1042	866
862	647	646
990	807	806
995	816	815
851	632	850
848	630	629
951	605	740
951	740	739
1597	1395	1394
889	890	677
867	868	652
1310	1144	817
1328	1156	1315
964	764	566
1372	1208	1207
855	637	636
847	628	846
846	628	627
1138	766	810
1215	1043	1042
1117	942	941
829	611	610
1318	804	1131
962	572	767
784	419	783
955	420	765
882	883	667
885	669	884
988	803	804
985	801	802
1106	931	930
907	695	694
909	910	697
926	717	716
1105	1106	930
1106	1107	931
891	679	678
1234	1235	1065
806	807	582
1455	1330	1314
1158	639	949
949	638	637
932	933	723
1104	929	928
892	680	679
892	893	680
948	951	739
1157	605	951
959	754	599
941	732	731
1105	929	1104
928	718	927
943	734	733
1006	1007	831
870	655	654
870	871	655
851	633	632
851	852	633
1134	750	955
876	877	661
1151	773	963
815	591	600
936	937	727
1136	752	807
1059	883	1058
887	888	675
1044	869	868
869	870	654
906	694	693
907	694	906
1134	785	750
785	421	750
987	803	988
1049	1050	874
869	654	653
869	653	868
916	917	704
1096	921	920
913	700	912
921	712	711
911	699	698
911	912	699
945	736	735
1123	947	1122
1015	840	839
838	620	619
790	776	565
978	790	789
942	943	733
1008	832	1007
839	620	838
837	838	619
923	714	713
923	924	714
1492	1206	1205
861	645	860
1475	1166	979
1051	875	1050
1090	915	914
1261	1091	1260
832	614	613
832	833	614
1356	1190	1189
1275	1109	1108
808	583	773
808	806	583
834	616	615
834	615	833
1220	1047	1219
1141	757	812
877	662	661
877	878	662
950	707	706
950	708	707
810	766	585
810	585	809
849	631	630
849	850	631
930	721	720
930	720	929
890	678	677
891	678	890
837	619	618
836	618	617
859	644	643
859	860	644
906	693	905
907	908	695
944	735	734
944	734	943
1187	1012	1011
1017	842	841
885	670	669
1160	673	952
1066	891	890
1063	888	887
942	733	732
942	732	941
777	778	413
960	414	760
971	779	972
777	413	745
800	755	576
792	800	576
931	721	930
1107	932	931
1048	873	872
872	656	871
1037	861	1036
1026	851	850
975	786	785
1140	961	768
793	568	747
793	789	568
945	735	944
827	828	609
879	663	878
1055	879	1054
1085	1086	910
1490	969	1293
822	597	759
822	821	597
949	639	638
949	637	855
894	682	681
894	681	893
980	792	979
786	421	785
872	657	656
872	873	657
823	746	598
823	598	821
792	576	567
792	567	791
843	625	624
843	624	842
779	415	424
779	424	788
967	747	569
1301	977	793
934	725	724
934	935	725
903	904	691
1078	903	902
901	689	688
901	902	689
864	649	648
864	865	649
904	692	691
904	905	692
910	698	697
910	911	698
844	626	625
844	625	843
928	719	718
928	929	719
828	610	609
828	829	610
835	616	834
1011	836	835
898	686	685
898	899	686
866	867	651
983	797	799
1159	706	705
1159	705	917
1098	922	1097
1258	1259	1089
1174	995	996
1470	1169	986
858	859	643
1029	853	1028
965	578	775
1316	801	985
1138	963	766
1765	1587	1764
1109	1110	934
1460	982	1313
1024	848	1023
1025	850	849
879	664	663
879	880	664
882	666	881
1057	882	881
1009	834	833
1002	827	826
895	683	682
895	682	894
939	730	729
939	940	730
1129	811	749
1381	1216	1380
1111	936	935
1304	794	981
875	660	659
876	660	875
954	759	596
1297	1000	822
1094	919	918
918	708	950
847	629	628
847	848	629
1005	1006	830
1120	944	1119
858	643	642
858	642	857
931	722	721
931	932	722
825	607	606
1157	825	606
948	739	738
948	738	947
994	813	814
813	817	592
1073	898	897
1149	953	770
866	651	650
866	650	865
1000	821	822
1016	1017	841
886	671	670
886	952	671
953	758	417
1142	758	953
1469	1661	1303
996	815	824
915	703	702
915	702	914
903	691	690
903	690	902
845	627	626
845	846	627
922	713	712
922	712	921
1675	1310	1489
998	819	997
897	685	684
897	684	896
1023	848	847
1022	846	1021
1344	1233	1063
1231	1232	1059
854	636	635
854	855	636
884	669	668
884	668	883
918	709	708
918	919	709
1048	872	1047
1152	771	962
964	566	776
1156	964	776
913	701	700
913	914	701
1232	1060	1059
1067	891	1066
830	612	611
830	611	829
936	727	726
936	726	935
1081	906	905
1252	1083	1082
826	608	607
826	607	825
1049	874	873
1141	958	757
863	648	647
863	647	862
1171	990	989
1506	1136	1303
783	419	418
783	418	782
839	621	620
839	840	621
1068	893	892
1238	1069	1068
1080	904	1079
969	778	777
853	635	634
853	854	635
798	767	573
798	573	797
816	774	591
816	591	815
796	571	771
1152	796	771
1339	960	1150
1432	1433	1272
946	947	737
1122	947	946
920	921	711
1091	916	915
1025	1026	850
1202	1027	1026
831	613	612
831	612	830
786	422	421
786	787	422
920	711	710
920	710	919
1013	838	837
1566	1363	1362
889	677	676
889	676	888
925	716	715
925	926	716
781	770	416
781	416	778
795	570	571
795	571	796
874	659	658
874	658	873
1047	872	871
1168	984	983
1045	869	1044
1042	867	866
802	577	580
802	801	577
813	592	590
813	590	814
1158	640	639
1158	856	640
946	737	736
946	736	945
900	688	687
900	901	688
1488	975	1308
1051	876	875
1124	825	1157
1285	1118	1284
1018	1019	843
1016	841	840
1202	1203	1027
1029	854	853
972	779	788
1156	776	790
1214	1042	1041
1041	866	865
1071	896	895
1069	1070	894
1249	1079	1248
1083	908	907
1116	1117	941
1008	833	832
1036	861	860
1289	1030	1029
1126	959	746
1187	1011	1186
1029	1030	854
1031	856	1158
1257	1088	1087
1087	912	911
1209	1037	1036
1482	997	1299
1016	840	1015
999	823	821
1070	895	894
1295	782	1142
1297	1143	1335
1019	844	843
1088	912	1087
1270	1104	1103
1150	760	780
1150	960	760
1089	914	913
1089	1090	914
1188	1013	1012
1190	1014	1189
1003	1004	828
1123	948	947
1099	924	923
1339	1150	1324
1119	944	943
1121	946	945
1333	955	1145
1054	879	878
1010	835	834
1010	1011	835
1315	790	978
1524	1166	1475
1037	862	861
1037	1038	862
1075	899	1074
1076	901	900
1607	1406	1405
1163	974	973
1092	917	916
1093	917	1092
1339	1125	960
1082	907	906
1065	1066	890
1064	889	888
1097	922	921
1097	921	1096
1629	1429	1428
1108	933	932
1070	1071	895
1069	893	1068
1233	1064	1063
1060	885	884
1338	958	1141
1485	1671	1307
1151	808	773
1541	1174	1480
1061	886	885
1395	1231	1230
1007	832	831
1681	1505	1331
1095	919	1094
1095	920	919
1027	852	851
1027	1028	852
1030	855	854
1031	1158	949
1031	1032	856
1343	1032	1031
1192	1017	1016
1020	1021	845
1063	1064	888
1061	885	1060
1415	1416	1253
1102	927	926
1124	951	948
1124	1157	951
1093	1159	917
1159	950	706
1147	824	754
1147	754	959
1053	878	877
1052	876	1051
1316	1155	801
981	794	795
1067	892	891
1067	1068	892
1330	966	1154
1314	1154	816
1312	1151	1325
1508	1317	1130
1033	858	857
1033	857	1032
1554	1351	1350
1436	1276	1275
1105	930	929
1271	1105	1104
1113	938	937
1112	1113	937
1195	1020	1019
1148	954	769
985	802	986
1169	985	986
1065	890	889
1065	889	1064
1062	1063	887
1062	1160	952
1082	1083	907
1083	1084	908
1335	1143	954
1019	1020	844
1098	923	922
1098	1099	923
1004	829	828
1003	828	827
1299	1146	1334
2002	1651	1836
1009	833	1008
1284	1118	1117
1055	880	879
1056	881	880
1341	1094	1093
1093	950	1159
1115	939	1114
1115	940	939
1366	1200	1199
1296	1335	1148
1120	945	944
1120	1121	945
1012	837	836
1012	836	1011
1127	805	748
1127	748	968
1018	843	842
1018	842	1017
1239	1070	1069
1484	1454	1300
1154	966	774
1154	774	816
1100	925	924
1100	924	1099
1478	970	1161
1077	1078	902
974	784	783
1236	1067	1066
1327	961	1140
1140	768	787
1343	1030	1289
1343	1031	1030
1072	897	896
1072	896	1071
1428	1268	1267
1101	925	1100
1241	1072	1071
1333	1134	955
1006	831	830
1005	830	829
1116	941	940
1009	1010	834
1338	1129	958
1214	1215	1042
1489	993	1173
992	809	811
1112	937	936
1112	936	1111
1317	814	1130
1172	991	992
1139	962	767
1139	767	798
1088	913	912
1088	1089	913
1123	1124	948
1001	825	1124
1110	935	934
1110	1111	935
1118	943	942
1118	1119	943
1035	860	859
1035	1036	860
1130	762	966
1130	814	762
1300	1333	1145
1226	1054	1053
1329	1155	1316
1462	985	1169
1039	864	863
1039	863	1038
1201	1026	1025
1368	1202	1201
1337	957	1137
1046	870	1045
1274	1108	1107
1634	1434	1433
999	821	1000
1491	1677	1294
1405	1243	1242
1056	880	1055
1228	1056	1055
1057	1058	882
1258	1089	1088
1419	1257	1256
1132	791	764
1132	764	964
1059	884	883
1059	1060	884
1383	1218	1382
1318	988	804
1218	1219	1046
1380	1216	1215
1114	939	938
1114	938	1113
1327	1153	961
1327	1311	1153
1243	1074	1073
1295	973	782
1145	955	765
1145	765	784
1079	904	903
1079	903	1078
1185	1186	1010
1542	1466	1175
1466	998	1175
1175	998	997
1427	1428	1267
1341	1093	1092
1093	918	950
1093	1094	918
1125	777	745
1125	745	960
1499	1291	1288
1178	1003	1002
1075	900	899
1075	1076	900
1340	959	1126
1444	1445	1284
1031	949	855
1031	855	1030
1247	1078	1077
970	778	969
1131	804	763
1131	763	965
1146	761	956
1146	818	761
1438	1278	1277
1326	1152	962
1001	826	825
1001	1002	826
1270	1103	1269
1311	788	1153
1103	928	927
1103	927	1102
1155	775	801
1155	965	775
1043	868	867
1043	1044	868
1049	873	1048
1166	980	979
1510	1667	1319
1435	1274	1434
1062	887	1160
1344	1063	1062
1135	753	794
1135	967	753
1144	956	756
1144	756	817
1509	1666	1318
1313	1152	1326
1501	1137	1307
1223	1051	1050
1325	963	1138
1540	1655	1465
1236	1066	1235
1229	1056	1228
1383	1219	1218
1496	1305	1129
984	798	797
984	797	983
1212	1040	1039
1040	1041	865
1438	1277	1437
1458	1323	1340
1804	1630	1803
1253	1083	1252
977	789	793
977	978	789
1448	1287	1447
1177	1178	1002
1391	1227	1226
1600	1399	1398
1222	1223	1050
1498	1674	1308
1251	1082	1081
1464	972	1311
1086	911	910
1086	1087	911
1222	1050	1049
1221	1049	1048
1684	1339	1459
1421	1422	1259
1374	1375	1210
1210	1211	1038
1390	1226	1225
1224	1052	1051
1046	871	870
1046	1047	871
1679	1672	1497
1511	1327	1140
1184	1009	1008
1184	1008	1183
991	810	809
991	809	992
1272	1106	1105
1275	1276	1109
1614	1413	1412
1494	1676	1293
1373	1208	1372
1202	1026	1201
1176	999	1000
1191	1016	1015
1437	1277	1276
1278	1112	1111
1034	859	858
1034	858	1033
1128	793	747
1128	747	967
1143	822	759
1143	759	954
1346	1180	1179
1445	1285	1284
1137	957	755
1137	755	800
1085	910	909
1085	909	1084
976	787	786
976	786	975
1310	817	993
1213	1040	1212
1109	934	933
1109	933	1108
1161	970	969
1245	1076	1075
1101	926	925
1101	1102	926
973	783	782
973	974	783
989	806	808
989	990	806
1181	1006	1005
1287	1121	1120
1022	847	846
1022	1023	847
1760	1761	1583
1196	1197	1021
1062	952	886
1062	886	1061
1465	1314	995
1283	1117	1116
982	795	796
982	981	795
1133	751	957
1133	799	751
1507	1332	1135
1254	1085	1084
1024	849	848
1024	1025	849
1413	1414	1251
1947	1790	1789
1198	1023	1022
2355	2174	2196
1245	1246	1076
1298	1149	781
1266	1099	1265
1405	1242	1404
1297	822	1143
1358	1192	1191
1449	1295	1336
1410	1247	1409
1325	1151	963
1330	1154	1314
1342	1001	1124
1342	1124	1123
1248	1079	1078
1248	1078	1247
2078	1899	1898
1491	1294	999
1284	1117	1283
1286	1120	1119
1200	1025	1024
1200	1201	1025
1222	1049	1221
1218	1046	1045
2044	1533	1863
1483	1172	992
1513	1138	1322
1173	993	994
1635	1434	1634
1434	1274	1273
1271	1272	1105
1468	1165	977
1230	1058	1057
1493	1234	1233
1312	808	1151
1312	989	808
1426	1265	1425
1268	1102	1101
1330	1130	966
1663	1471	1317
1460	1167	982
1326	962	1139
1291	1122	1288
1287	1120	1286
1387	1388	1223
1831	1678	1673
1552	1349	1348
1183	1008	1007
1479	1297	1451
1358	1359	1192
1211	1039	1038
1210	1038	1037
1250	1081	1080
1250	1251	1081
1227	1054	1226
1472	1664	1320
1280	1281	1114
1281	1115	1114
1207	1035	1034
1209	1036	1208
1282	1283	1116
1440	1279	1439
1367	1201	1200
1194	1018	1193
1718	1650	1542
1192	1016	1191
1456	1328	1315
1311	972	788
1235	1066	1065
1229	1057	1056
1341	1292	1094
1292	1095	1094
2050	2036	1706
1225	1226	1053
1246	1077	1076
1246	1247	1077
1263	1097	1096
1263	1096	1262
1245	1075	1244
1406	1244	1243
1186	1011	1010
1187	1188	1012
1237	1068	1067
1240	1070	1239
1396	1232	1231
1493	1397	1234
1197	1022	1021
1197	1198	1022
2030	2008	1857
1668	1321	1476
1290	1233	1344
1344	1062	1061
1323	824	1147
1323	996	824
1447	1287	1286
1182	1183	1007
1504	1660	1301
1273	1274	1107
1244	1075	1074
1244	1074	1243
1507	1135	1304
1433	1273	1272
1270	1271	1104
1411	1249	1248
1873	1648	1647
1351	1185	1184
1204	1029	1028
1204	1289	1029
1371	1206	1492
1689	1492	1370
1322	1138	810
1322	810	991
1256	1087	1086
1256	1257	1087
1490	1293	1676
1431	1271	1270
1208	1036	1035
1208	1035	1207
1482	1175	997
1210	1037	1209
1641	1441	1440
1505	1662	1302
1234	1065	1064
1234	1064	1233
1240	1071	1070
1240	1241	1071
1489	1310	993
1212	1039	1211
1267	1101	1100
1267	1268	1101
1203	1028	1027
1203	1204	1028
1324	1150	780
1324	780	971
1219	1047	1046
1384	1385	1220
1237	1238	1068
1238	1239	1069
1295	1142	1336
1467	1295	1449
1266	1100	1099
1266	1267	1100
1486	1168	983
1486	983	1306
1260	1090	1259
1292	1262	1095
1277	1111	1110
1277	1278	1111
1425	1265	1264
1264	1265	1098
1260	1091	1090
1500	1262	1292
1378	1213	1377
1537	1172	1483
1857	1665	1473
1462	1316	985
1581	1379	1378
1474	988	1318
1220	1048	1047
1220	1221	1048
1676	1494	1684
1255	1256	1086
1206	1034	1033
1206	1207	1034
1475	979	1319
1464	1162	972
1315	1156	790
1693	1464	1311
1516	1162	1464
2204	2006	1821
1276	1110	1109
1276	1277	1110
1403	1241	1240
1843	1686	1454
1180	1005	1004
1648	1683	1448
1320	1140	787
1320	787	976
1199	1024	1023
1199	1200	1024
1839	1550	1549
1291	1177	1342
1334	1146	956
1334	956	1144
1439	1279	1278
1181	1005	1180
1269	1103	1102
1269	1102	1268
1466	1296	998
1363	1197	1196
1618	1417	1416
1301	793	1128
1227	1055	1054
1227	1228	1055
1340	1147	959
1340	1323	1147
1249	1080	1079
1249	1250	1080
1476	984	1168
1474	1170	988
1288	1122	1121
1288	1121	1287
1487	987	1170
1859	1476	1529
1290	1060	1232
1493	1233	1290
1189	1014	1013
1189	1013	1188
1402	1240	1239
1394	1230	1229
1308	785	1134
1308	975	785
1294	1126	823
1294	823	999
1216	1044	1043
1216	1043	1215
1336	953	1149
1336	1149	1298
1494	1293	1125
1459	1339	1324
1185	1010	1009
1441	1442	1281
1282	1116	1115
1282	1115	1281
1686	1498	1333
1237	1067	1236
1500	1261	1260
1261	1292	1341
1193	1018	1017
1193	1017	1192
1313	796	1152
1313	982	796
1307	800	980
1307	1137	800
1305	811	1129
1305	992	811
1255	1086	1085
1255	1085	1254
1179	1004	1003
1179	1180	1004
1376	1212	1211
1377	1213	1212
1177	1002	1001
1177	1001	1342
1423	1263	1262
1423	1262	1500
1225	1053	1052
1225	1052	1224
1593	1391	1390
1454	1333	1300
1242	1072	1241
1518	1163	1467
1321	1139	798
1321	798	984
1413	1251	1250
1253	1254	1084
1436	1437	1276
1681	1331	1506
1303	1136	807
1303	807	990
1468	977	1301
1615	1414	1413
1592	1390	1389
1389	1390	1225
1416	1254	1253
1415	1253	1252
1463	1456	1315
1523	1463	1165
1279	1113	1112
1279	1280	1113
1213	1041	1040
1213	1214	1041
1264	1098	1097
1264	1097	1263
1291	1123	1122
1291	1342	1123
1530	1657	1462
1527	1167	1460
1382	1218	1217
1217	1044	1216
1300	784	974
1300	1145	784
1273	1107	1106
1273	1106	1272
1319	979	791
1319	791	1132
1405	1406	1243
1407	1244	1406
1663	1317	1508
1377	1212	1376
1646	1647	1446
1185	1009	1184
1261	1092	1091
1261	1341	1092
1368	1369	1202
1370	1204	1203
1229	1230	1057
1688	1397	1493
1302	986	805
1302	805	1127
1190	1015	1014
1190	1191	1015
1217	1045	1044
1217	1218	1045
1446	1285	1445
1349	1350	1183
1296	1148	820
1296	820	998
1451	1297	1335
1360	1361	1194
1350	1184	1183
1351	1184	1350
1231	1059	1058
1231	1058	1230
1309	1141	812
1309	812	987
1285	1119	1118
1285	1286	1119
1290	1061	1060
1290	1344	1061
1328	964	1156
1328	1132	964
1386	1222	1221
1686	1333	1454
1513	1325	1138
1508	1130	1330
1476	1321	984
1998	1666	1826
1365	1199	1198
1373	1209	1208
1205	1033	1032
1205	1206	1033
1578	1579	1376
1374	1210	1209
1242	1073	1072
1242	1243	1073
1393	1229	1228
1654	1454	1484
1293	969	777
1293	777	1125
1182	1007	1006
1182	1006	1181
1329	1131	965
1329	965	1155
1477	1669	1322
1455	1314	1465
1494	1125	1339
1429	1268	1428
1196	1021	1020
1196	1020	1195
1299	997	818
1299	818	1146
1332	967	1135
1332	1128	967
1331	968	1136
1331	1127	968
1358	1191	1357
1352	1353	1186
1306	983	799
1306	799	1133
1495	1294	1677
1685	1458	1340
1343	1289	1205
1343	1205	1032
1194	1019	1018
1194	1195	1019
1391	1226	1390
1399	1237	1236
1442	1282	1281
1352	1186	1185
1448	1288	1287
1646	1446	1445
1707	1526	1527
1668	1547	1512
1565	1566	1362
1651	1545	1479
1461	1171	989
2279	2096	2095
1375	1376	1211
1375	1211	1210
1359	1193	1192
1563	1360	1359
1511	1140	1320
1930	1770	1929
1430	1270	1269
1620	1418	1619
1357	1191	1190
1491	999	1176
1484	974	1163
1484	1300	974
1414	1252	1251
1415	1252	1414
1661	1506	1303
1846	1658	1458
1586	1384	1383
1497	1672	1306
1387	1223	1222
1592	1593	1390
1439	1278	1438
1345	1179	1178
1448	1499	1288
1345	1178	1499
1539	1489	1173
1670	1305	1496
1500	1292	1261
1424	1425	1264
1625	1424	1624
1790	1614	1613
1499	1178	1177
1499	1177	1291
1684	1494	1339
1631	1430	1630
1696	1514	1515
1606	1405	1404
1551	1348	1347
1345	1346	1179
1478	1298	970
1514	1478	1161
1811	1638	1637
1680	1332	1507
1362	1196	1195
1362	1363	1196
1496	1129	1338
2010	1670	1828
2017	1720	1653
1747	1568	1746
1573	1370	1369
1492	1205	1289
1531	1169	1470
1809	1635	1808
1401	1239	1238
1400	1237	1399
1549	1346	1345
1549	1345	1683
1446	1286	1285
1446	1447	1286
1650	1450	1466
1450	1451	1335
1392	1227	1391
1395	1230	1394
1481	1459	1324
1432	1272	1271
1427	1267	1266
1796	1620	1619
1501	1337	1137
1388	1224	1223
1492	1289	1204
1492	1204	1370
1703	1521	1520
1706	1525	1524
1487	1309	987
1763	1586	1585
1347	1181	1180
1347	1180	1346
1353	1187	1186
1354	1188	1187
1550	1347	1346
1557	1558	1354
1420	1258	1257
1420	1257	1419
1584	1381	1583
1725	1547	1668
1690	1508	1330
1881	1716	1717
1409	1247	1246
1452	1449	1336
1401	1402	1239
1400	1238	1237
2067	1885	1886
1690	1663	1508
1385	1221	1220
2203	2000	1832
1874	1697	1696
1821	1660	1680
1715	1655	1540
1714	1539	1538
1479	1000	1297
1479	1176	1000
1615	1413	1614
1407	1245	1244
1381	1217	1216
1381	1382	1217
1467	1163	973
1467	973	1295
1673	1309	1487
1483	992	1305
1450	1335	1296
1450	1296	1466
1369	1203	1202
1369	1370	1203
1574	1372	1371
2010	1855	1670
1431	1432	1271
1616	1415	1414
1457	1316	1462
1457	1329	1316
2032	1709	1531
1680	1504	1332
1505	1302	1127
1505	1127	1331
1644	1443	1643
2005	2032	1865
1568	1365	1364
1364	1197	1363
1403	1404	1241
1403	1240	1402
1596	1393	1595
1395	1396	1231
1604	1402	1603
1401	1238	1400
1366	1199	1365
1565	1362	1361
1374	1209	1373
1756	1578	1755
1472	1320	976
1472	976	1164
1944	1787	1786
1431	1270	1430
1379	1215	1214
1379	1380	1215
1356	1357	1190
1356	1189	1355
1469	990	1171
1469	1303	990
1544	1491	1176
1544	1176	1545
1471	994	1317
1471	1173	994
2335	2184	2218
1861	1468	1660
1512	1326	1139
1512	1139	1321
1490	1161	969
1408	1245	1407
1364	1198	1197
1364	1365	1198
1355	1189	1188
1354	1355	1188
1668	1512	1321
1533	1170	1474
1453	1482	1299
1542	1650	1466
1584	1382	1381
1502	1678	1338
1639	1439	1438
1441	1281	1280
1367	1200	1366
1570	1367	1366
1371	1207	1206
1371	1372	1207
1412	1249	1411
1868	1490	1676
1429	1269	1268
1429	1430	1269
1617	1415	1616
2351	2194	2171
1367	1368	1201
1653	1482	1453
1389	1225	1224
1389	1224	1388
1624	1424	1423
1623	1682	1422
1393	1394	1229
1594	1391	1593
1434	1273	1433
1665	1507	1304
1422	1260	1259
1422	1500	1260
1443	1283	1282
1443	1282	1442
1575	1372	1574
1571	1368	1367
1613	1614	1412
1606	1404	1605
1378	1214	1213
1378	1379	1214
1545	1176	1479
1562	1359	1358
1421	1259	1258
1421	1258	1420
1901	1739	1900
1354	1187	1353
1398	1236	1235
1398	1399	1236
1503	1144	1310
1503	1334	1144
1519	1484	1163
1608	1407	1406
1602	1401	1400
1596	1597	1394
1444	1284	1283
1444	1283	1443
1591	1592	1389
1387	1222	1386
1595	1393	1392
1984	1843	2012
1397	1235	1234
1397	1398	1235
1440	1280	1279
1709	1530	1531
1622	1421	1420
1626	1426	1425
1386	1221	1385
1601	1399	1600
1410	1248	1247
1410	1411	1248
1348	1182	1181
1348	1181	1347
1441	1280	1440
1352	1185	1351
1435	1275	1274
1435	1436	1275
1349	1183	1182
1349	1182	1348
1582	1379	1581
1850	1675	1489
1679	1337	1501
1769	1592	1591
1481	971	1162
1481	1324	971
1504	1301	1128
1504	1128	1332
1605	1404	1403
1604	1403	1402
1567	1363	1566
1570	1366	1569
1493	1290	1232
1493	1232	1396
1384	1220	1219
1384	1219	1383
1762	1585	1584
1670	1483	1305
1477	991	1172
1477	1322	991
1412	1250	1249
1412	1413	1250
1557	1354	1353
1685	1495	1677
1392	1228	1227
1392	1393	1228
1587	1384	1586
1589	1590	1387
1417	1255	1254
1417	1254	1416
1480	1174	996
1480	996	1323
1452	1336	1298
1452	1298	1478
1418	1255	1417
2137	2138	1965
1426	1266	1265
1426	1427	1266
1980	1826	1842
1691	1329	1457
2009	1856	2031
1555	1351	1554
1555	1352	1351
1642	1442	1441
1361	1195	1194
1361	1362	1195
1685	1340	1495
1651	1479	1451
1495	1340	1126
1495	1126	1294
2101	1924	1923
2043	1864	1999
1485	980	1166
1485	1307	980
1860	1669	1477
1860	1477	1536
1974	1818	1817
1556	1353	1352
1520	1164	1488
1590	1388	1387
1509	1318	1131
1509	1131	1329
1408	1246	1245
1408	1409	1246
2216	1796	1953
1789	1613	1612
2018	1516	1847
1858	1472	1521
1510	1319	1132
1510	1132	1328
1473	1304	981
1473	981	1167
1424	1264	1263
1424	1263	1423
1940	1783	1782
1606	1607	1405
1498	1134	1333
1498	1308	1134
1418	1256	1255
1418	1419	1256
1737	1738	1559
2080	2081	1901
1360	1194	1193
1360	1193	1359
1497	1133	1337
1497	1306	1133
1463	1315	978
1463	978	1165
1502	1338	1141
1502	1141	1309
1556	1557	1353
1558	1355	1354
1534	1171	1461
1814	1641	1640
1589	1387	1386
2107	1930	1929
2032	1531	1865
1962	1963	1806
2454	2318	2453
1657	1457	1462
1630	1429	1629
1617	1416	1415
1805	1806	1632
1656	1456	1463
1648	1448	1447
1550	1346	1549
1601	1602	1400
1597	1598	1395
1603	1402	1401
1604	1605	1403
1628	1428	1427
1618	1619	1417
1764	1586	1763
1584	1585	1382
1570	1571	1367
1569	1366	1365
1682	1500	1422
1682	1423	1500
1673	1502	1309
1765	1588	1587
1521	1472	1164
1827	1667	1692
1564	1361	1360
1560	1561	1357
1683	1499	1448
1683	1345	1499
1868	1515	1490
1944	1945	1787
1664	1511	1320
1548	1511	1664
1637	1638	1437
1856	1469	1535
1680	1507	1665
1628	1629	1428
1612	1411	1410
1611	1612	1410
1553	1349	1552
1642	1441	1641
1594	1392	1391
1594	1595	1392
1608	1406	1607
1610	1409	1408
1546	1325	1513
1655	1455	1465
1652	1478	1514
1785	1609	1608
1746	1568	1567
1564	1360	1563
1564	1565	1361
1722	1545	1651
1621	1622	1420
1621	1420	1419
1535	1469	1171
1535	1171	1534
1671	1501	1307
1926	1766	1925
1515	1161	1490
1515	1514	1161
1588	1386	1385
1588	1589	1386
1841	1827	1692
2171	2033	2006
1678	1670	1496
1583	1381	1380
1569	1365	1568
1572	1369	1368
1694	1461	1312
1848	1534	1461
1609	1408	1407
1609	1407	1608
1640	1641	1440
1813	1639	1812
1553	1350	1349
1553	1554	1350
1649	1467	1449
1935	1778	1777
1978	1823	1822
1712	1535	1534
2038	1855	2010
1536	1477	1172
1638	1438	1437
1638	1639	1438
1690	1330	1455
2040	1860	1536
1824	1663	1690
1536	1172	1537
1632	1432	1431
1861	1522	1468
1627	1628	1427
2447	2311	2476
1661	1681	1506
1637	1437	1436
1834	1676	1684
1794	1617	1793
1548	1327	1511
1656	1463	1523
1601	1400	1399
1602	1603	1401
1585	1383	1382
1585	1586	1383
1591	1389	1388
1591	1388	1590
1619	1418	1417
1699	1659	1517
1692	1328	1456
1692	1510	1328
1640	1440	1439
1640	1439	1639
1662	1470	1302
1662	1505	1681
1910	1748	1909
2034	1850	1539
1573	1369	1572
1689	1574	1371
1633	1634	1433
1857	1473	1526
1575	1373	1372
1689	1371	1492
1618	1416	1617
1977	1821	1825
1760	1583	1582
1580	1581	1378
1609	1610	1408
1652	1452	1478
1682	1624	1423
1872	1624	1682
1743	1564	1742
1740	1561	1739
1830	1672	1679
1672	1486	1306
1613	1412	1411
1613	1411	1612
1560	1356	1559
1898	1737	1736
1526	1473	1167
1526	1167	1527
1660	1468	1301
1660	1504	1680
1518	1519	1163
1780	1604	1603
1540	1465	1174
1540	1174	1541
1596	1394	1393
1598	1396	1395
1757	1758	1580
1713	1536	1537
1579	1377	1376
1578	1376	1375
1733	1554	1732
1732	1554	1553
1667	1475	1319
1667	1510	1692
1647	1447	1446
1648	1447	1647
2007	1649	1837
1939	1782	1781
1560	1357	1356
1816	1642	1815
1538	1173	1471
1538	1539	1173
1841	1692	1456
1841	1456	1656
1576	1374	1373
1576	1577	1374
1517	1659	1481
1630	1430	1429
1625	1425	1424
1625	1626	1425
2203	1832	1984
2036	1525	1706
1782	1606	1605
1649	1518	1467
1825	1680	1665
1659	1459	1481
1571	1572	1368
1577	1375	1374
1688	1396	1598
1688	1493	1396
1615	1616	1414
1803	1630	1629
1623	1422	1421
1623	1421	1622
1900	1739	1738
1835	1685	1677
1938	1780	1937
1701	1518	1700
1525	1485	1166
1525	1166	1524
1694	1312	1325
1694	1325	1546
1797	1621	1620
1799	1626	1625
1808	1635	1634
2217	1893	1731
1971	1815	1814
1816	1817	1643
1687	1453	1334
1687	1334	1503
1786	1610	1609
1697	1652	1514
1695	1313	1326
1695	1460	1313
1631	1431	1430
1631	1632	1431
1726	1695	1547
1691	1509	1329
1783	1607	1606
1877	1702	1701
1791	1615	1614
1801	1628	1627
1562	1563	1359
2201	2004	2169
1567	1364	1363
1567	1568	1364
1766	1767	1589
1654	1484	1519
1587	1385	1384
1587	1588	1385
1842	1691	1457
1826	1666	1691
1543	1482	1653
1747	1748	1569
1547	1326	1512
1547	1695	1326
1812	1639	1638
1823	1662	1681
1666	1474	1318
1691	1666	1509
1645	1646	1445
1818	1645	1644
1643	1443	1442
1643	1442	1642
1530	1462	1169
1530	1169	1531
1636	1436	1435
1636	1637	1436
1674	1488	1308
1686	1674	1498
1958	1959	1802
1798	1621	1797
1908	1747	1746
1578	1375	1577
1858	1664	1472
1727	1548	1664
1842	1457	1657
1826	1691	1842
1669	1513	1322
1669	1546	1513
1522	1165	1468
1522	1523	1165
1658	1480	1458
1556	1352	1555
1559	1356	1355
1559	1355	1558
1627	1427	1426
1627	1426	1626
1767	1590	1589
1927	1768	1767
1742	1564	1563
1740	1562	1561
1658	1541	1480
1805	1631	1804
1766	1589	1588
2175	2011	2197
1645	1445	1444
1819	1645	1818
1959	1803	1802
1796	1797	1620
1689	1370	1573
1866	1574	1689
1633	1433	1432
1633	1432	1632
1775	1598	1597
1843	1454	1654
1854	1486	1672
2338	2209	2161
1919	1760	1759
1755	1578	1577
1532	1487	1170
1532	1170	1533
1611	1410	1409
1611	1409	1610
1904	1742	1903
2020	1658	1846
1793	1617	1616
1899	1900	1738
1730	1552	1551
1551	1347	1550
1679	1497	1337
1679	1501	1671
1753	1754	1576
2093	2094	1916
1576	1373	1575
1756	1579	1578
1561	1358	1357
1561	1562	1358
2039	1708	1528
1528	1168	1486
1678	1496	1338
1678	1502	1673
1880	1715	1716
2031	1535	1712
1599	1398	1397
1599	1600	1398
1762	1584	1761
1915	1756	1755
1773	1596	1595
1777	1778	1601
1517	1481	1162
1517	1162	1516
1635	1435	1434
1635	1636	1435
1675	1503	1310
1675	1687	1503
1693	1311	1327
1693	1327	1548
1820	1647	1646
1976	2178	2046
1776	1600	1599
1770	1592	1769
1702	1654	1519
1779	1780	1603
1735	1736	1557
1738	1560	1559
1620	1419	1418
1620	1621	1419
1840	1455	1655
2022	1840	1655
1582	1380	1379
1582	1583	1380
1761	1584	1583
2039	1528	1854
1543	1175	1482
1543	1542	1175
1529	1476	1168
1529	1168	1528
1777	1601	1600
1774	1775	1597
1912	1993	2028
1720	1543	1653
1750	1571	1749
1754	1577	1576
2186	2017	2153
1749	1571	1570
1873	1839	1549
1820	1646	1819
1731	1732	1553
1817	1818	1644
1867	1599	1688
1688	1599	1397
1644	1444	1443
1644	1645	1444
1580	1378	1377
1580	1377	1579
2290	2106	2289
1926	1767	1766
1747	1569	1568
1753	1576	1575
2189	2026	1721
2004	1835	1677
1879	1710	1709
1710	1657	1530
1917	1758	1757
1762	1763	1585
1734	1556	1555
1891	1729	1991
1866	1689	1573
1752	1574	1866
1815	1642	1641
1817	1644	1643
1729	1550	1839
1729	1551	1550
2045	1538	1862
1850	1489	1539
1897	1736	1735
1736	1558	1557
1724	1546	1669
1997	1663	1824
1800	1801	1627
1798	1622	1621
2045	1714	1538
1885	2016	1848
1847	1516	1464
2213	1827	1981
1950	1792	1949
1886	1723	1724
1716	1540	1541
1716	1715	1540
1870	1449	1452
1870	1452	1652
1791	1614	1790
2187	1874	1696
1949	1792	1791
1953	1796	1795
2014	1831	1673
1854	1528	1486
1804	1631	1630
1805	1632	1631
1795	1618	1794
1794	1618	1617
1773	1595	1772
1778	1602	1601
1792	1616	1615
1792	1793	1616
1882	1718	1719
1719	1718	1542
2001	1850	2034
2001	1675	1850
1758	1581	1580
1918	1919	1759
2012	1843	1654
1777	1600	1776
1739	1561	1560
1739	1560	1738
1819	1646	1645
1729	1730	1551
1834	1684	1844
1790	1613	1789
1802	1803	1629
2407	2240	2241
2135	1963	1962
2206	1825	2008
1872	1625	1624
1872	1682	1623
1771	1594	1593
1984	1832	1843
2042	1521	1703
1996	1858	2042
2014	1851	2037
1708	1529	1528
1705	1656	1523
2071	1890	1889
1757	1580	1579
1755	1577	1754
1744	1566	1565
2269	2084	2083
1748	1570	1569
1748	1749	1570
1781	1782	1605
1700	1518	1649
2166	2000	2203
1772	1595	1594
1969	1813	1812
1856	1661	1469
1728	1693	1548
1728	1548	1727
1783	1606	1782
1784	1608	1607
1768	1591	1590
1768	1769	1591
1795	1619	1618
1795	1796	1619
2514	2510	2473
1970	1813	1969
1814	1815	1641
1810	1811	1637
2025	1871	1650
2025	1650	1718
2222	2194	2351
2018	1698	1516
1845	1653	1453
1845	1453	1687
1867	1598	1775
1867	1688	1598
1832	1674	1686
1832	1686	1843
1802	1629	1628
1802	1628	1801
1936	1779	1778
1779	1603	1602
2026	2004	1869
2189	1721	1884
1743	1565	1564
1901	1740	1739
1851	1673	1487
1851	1487	1532
2320	2140	2139
1710	1530	1709
1967	1811	1810
1806	1633	1632
1785	1608	1784
2137	1965	1964
1811	1812	1638
2389	2221	2220
2434	2289	2288
1999	1667	1827
1733	1555	1554
1733	1734	1555
1990	2179	2047
2179	1990	1955
2006	2033	1861
1791	1792	1615
1994	1860	2040
2060	2040	1713
1941	1784	1783
1784	1607	1783
1865	1531	1470
1865	1470	1662
1779	1602	1778
1773	1774	1596
1873	1549	1683
1873	1683	1648
1853	1671	1485
1853	1485	1525
1741	1742	1563
1903	1742	1741
1731	1553	1552
1731	1552	1730
1871	1451	1450
1871	1450	1650
1836	1651	1451
1836	1451	1871
1897	1735	1896
1899	1738	1737
1907	1908	1746
1745	1566	1744
1751	1573	1572
1750	1572	1571
1719	1542	1543
1719	1543	1720
1941	1783	1940
1785	1786	1609
1787	1788	1611
1696	1697	1514
1867	1776	1599
2029	1776	1867
1774	1597	1596
1772	1594	1771
1751	1866	1573
1751	1572	1750
1963	1807	1806
1807	1808	1634
2041	1859	1529
2015	1707	1527
1939	1940	1782
2007	1700	1649
2417	2418	2264
2206	1977	1825
1717	1541	1658
1717	1716	1541
1988	2002	1836
1743	1744	1565
2177	2014	2037
1923	1764	1763
1833	1687	1675
1833	1845	1687
2036	1853	1525
2230	2355	2196
2002	1722	1651
2192	2002	2156
2003	2027	1868
1946	1789	1788
1847	1464	1693
1847	1693	1728
2086	2087	1907
1883	1719	1720
2022	1655	1715
2387	2068	2067
2047	1872	1838
1838	1622	1798
1916	1917	1757
1757	1579	1756
1704	1523	1522
1704	1705	1523
1855	1483	1670
1855	1537	1483
1985	1845	1833
1915	1755	1914
2046	1820	1976
2046	1839	1873
1862	1471	1663
1862	1538	1471
1937	1780	1779
2190	1702	1877
1875	1699	1698
1878	1705	1704
1828	1670	1678
1828	1678	1831
1701	1519	1518
1701	1702	1519
1737	1559	1558
1737	1558	1736
2316	2136	2135
2122	1947	1946
1975	1819	1818
1891	1730	1729
1838	1623	1622
1838	1872	1623
2167	2001	2034
1916	1756	1915
1840	1690	1455
1840	1824	1690
1723	1694	1546
1723	1546	1724
1943	1786	1785
1942	1784	1941
1888	2015	1849
1849	1527	1460
1759	1581	1758
2034	1539	1714
1976	1819	1975
1976	1820	1819
1852	1520	1488
1852	1488	1674
2048	2035	2166
1767	1768	1590
1788	1612	1611
1788	1789	1612
1829	1679	1671
1829	1830	1679
2021	1652	1697
2021	1870	1652
1787	1611	1610
1787	1610	1786
1981	1827	1841
1889	1728	1727
1745	1567	1566
1745	1746	1567
1950	1951	1793
2315	2135	2134
2168	2027	2003
2124	1949	1948
1816	1643	1642
1974	1975	1818
1899	1737	1898
1881	1880	1716
1822	1681	1661
1822	1823	1681
1863	1533	1474
1863	1474	1666
1913	1754	1753
1916	1757	1756
1807	1634	1633
1807	1633	1806
1810	1637	1636
1966	1809	1965
1935	1936	1778
1934	1777	1776
1929	1770	1769
2012	1654	1702
1932	1933	1773
1938	1939	1781
2104	1927	1926
2042	1858	1521
2028	1866	1751
1911	1750	1749
1837	1649	1449
1837	1449	1870
1952	1795	1794
1959	1960	1803
1770	1593	1592
1770	1771	1593
1825	1821	1680
1965	1809	1808
1735	1557	1556
1735	1556	1734
1698	1517	1516
1698	1699	1517
1952	1794	1951
2138	1966	1965
1741	1563	1562
1741	1562	1740
1766	1588	1765
1924	1764	1923
1864	1524	1475
1864	1475	1667
2044	1711	1533
1725	1726	1547
1849	1460	1695
1849	1695	1726
1893	1732	1731
2202	2170	2005
1752	1575	1574
1752	1753	1575
1859	1668	1476
2101	2102	1924
2102	1925	1924
1983	1830	1829
1869	1677	1491
1869	1491	1544
2283	2100	2099
2163	2045	1997
1844	1684	1459
1844	1459	1659
1848	1461	1694
1848	1694	1723
2041	1529	1708
2212	2164	1998
2015	1527	1849
2052	2030	1707
1922	1923	1763
1925	1766	1765
1759	1582	1581
1759	1760	1582
2284	2100	2283
2055	1708	2039
1800	1627	1626
1800	1626	1799
1846	1458	1685
1846	1685	1835
1781	1605	1604
1781	1604	1780
1721	1544	1545
1721	1545	1722
1809	1636	1635
1809	1810	1636
1813	1640	1639
1813	1814	1640
2121	1946	1945
1986	1844	2019
2200	2014	2177
1920	1761	1760
2047	1799	1625
2047	1625	1872
2028	1993	1752
1914	1755	1754
1961	1805	1804
1964	1807	1963
1972	1973	1816
2155	2181	2020
2001	1833	1675
2282	2098	2281
2184	2158	2021
1944	1786	1943
2188	2150	2024
1995	1859	2041
2120	2121	1945
1946	1947	1789
1894	1732	1893
2143	1970	2142
1998	2044	1863
1998	1863	1666
1913	1914	1754
2028	1752	1866
2027	1515	1868
2027	1696	1515
2488	2071	2378
2378	1889	2208
2037	1851	1532
2037	1532	1711
2442	2305	2304
2185	1705	1878
1938	1781	1780
2158	1989	2021
1972	1816	1815
1894	1733	1732
2033	1522	1861
2033	1704	1522
1951	1794	1793
1960	1804	1803
2182	2149	2022
1997	1862	1663
1894	1895	1733
2178	1891	1991
2046	1873	1647
2046	1647	1820
1909	1748	1747
1909	1747	1908
1932	1773	1772
1933	1774	1773
2342	2165	2213
1999	1864	1667
1905	1744	1743
2180	1718	1882
1890	2018	1847
2023	1656	1705
2019	1659	1699
2019	1844	1659
1945	1788	1787
1946	1788	1945
2323	2324	2143
1896	1735	1734
1904	1743	1742
1902	1740	1901
2371	2205	2344
2254	2061	2174
1884	1721	1722
2369	2270	2334
2068	2059	2016
2059	1712	2016
2181	1881	1717
2031	1856	1535
2084	1905	1904
2088	1908	2087
2117	1942	1941
2116	2117	1941
1986	1834	1844
2122	1946	2121
2068	2016	1885
2207	2009	2173
1989	2007	1837
2375	2064	1876
2161	1995	2041
1888	1849	1726
2337	2210	2160
2149	1979	2022
1991	1729	1839
1991	1839	2046
2023	1841	1656
2023	1981	1841
1910	1749	1748
1911	1749	1910
2004	1677	1869
2077	1898	1897
1995	1725	1668
1995	1668	1859
1905	1743	1904
1906	1745	1744
1883	1882	1719
2017	1845	1985
2076	2077	1897
1897	1898	1736
2006	1861	1660
2006	1660	1821
2035	1852	2000
2105	1927	2104
1948	1790	1947
1952	1953	1795
2159	1989	2158
2335	2158	2184
1997	2045	1862
2249	2058	2059
1990	1838	1798
1990	2047	1838
2024	1657	1710
2150	1980	2024
2318	2138	2137
1968	1969	1812
2354	2173	2250
2146	1974	1973
2494	2378	2339
2185	2023	1705
2096	1919	1918
1920	1760	1919
2079	2080	1900
2020	1717	1658
2009	1661	1856
2009	1822	1661
1895	1734	1733
1895	1896	1734
1973	1817	1816
1973	1974	1817
1936	1937	1779
2436	2291	2290
2125	1950	1949
2134	1962	1961
1968	1812	1811
1968	1811	1967
1921	1762	1761
1922	1763	1762
1921	1922	1762
2097	1919	2096
1979	1824	1840
1979	1840	2022
1996	1727	1664
1996	1664	1858
2016	1712	1534
2016	1534	1848
1902	1741	1740
1902	1903	1741
1956	1800	1799
1956	1799	2047
2040	1536	1713
2062	2045	2163
2049	2042	1703
2213	1999	1827
1970	1814	1813
1971	1972	1815
1971	1814	1970
2359	2217	1892
2038	1713	1537
2038	1537	1855
2420	2267	2266
2065	1880	1881
2321	2140	2320
2202	1823	1978
2026	1869	1544
2026	1544	1721
2029	1934	1776
2029	1867	1775
2075	1896	1895
2367	2073	1893
1957	1801	1800
1957	1800	1956
1927	1767	1926
2402	2232	2233
1931	1772	1771
2234	2049	2048
2197	2011	1830
2175	2039	2011
2090	2214	1911
2089	1910	1909
1942	1785	1784
1942	1943	1785
2013	1853	2036
2290	2291	2107
2205	2001	2167
2017	1653	1845
1907	1746	1745
2066	1882	1883
2014	1673	1851
1921	1761	1920
2381	1955	1954
1956	2047	2179
2340	2163	2211
2503	2253	2252
2349	2170	2350
2204	1821	1977
1966	1810	1809
1966	1967	1810
2024	1842	1657
2024	1980	1842
2242	2053	2070
2380	2209	2338
1964	1808	1807
1964	1965	1808
2236	2162	2049
2238	2357	2176
2074	1895	1894
2076	1897	1896
1892	1731	1730
1891	1892	1730
1890	1847	1728
1890	1728	1889
2070	2015	1888
2374	2212	1980
2000	1674	1832
2000	1852	1674
2088	1909	1908
2092	1915	1914
2011	2039	1854
2197	1830	1983
1928	1768	1927
2233	2198	2357
2266	2267	2081
2074	2075	1895
2215	1935	1934
1935	1777	1934
1931	1771	1930
2152	2012	2190
1992	1774	1933
1992	1934	2029
1955	1798	1797
1955	1990	1798
1982	1828	1831
2174	2010	2196
2111	1936	1935
2113	1937	2112
1931	1932	1772
2108	1931	1930
1906	1744	1905
1907	1745	1906
2113	2114	1938
2191	1876	1700
2081	1902	1901
2083	2084	1904
1918	1759	1758
1918	1758	1917
2093	1916	1915
2365	2066	1883
2101	1923	2100
2098	2099	1921
2008	1665	1857
2008	1825	1665
2118	1942	2117
2336	2191	2159
2147	1975	1974
2367	1893	2217
1887	1726	1725
1887	1888	1726
2119	1944	1943
2187	1696	2027
2157	2025	2180
2180	2025	1718
2057	1711	2044
2164	2044	1998
2190	2012	1702
2493	2235	2166
1991	2046	2178
2382	1892	1891
1989	1837	1870
1989	1870	2021
1885	1848	1723
1885	1723	1886
2090	1911	1910
2277	2094	2093
2087	1908	1907
2506	2422	2276
1928	1769	1768
1928	1929	1769
2144	1972	1971
2512	2513	2393
2508	2787	2222
2151	2023	2185
2030	1857	1526
2030	1526	1707
1958	1802	1801
1958	1801	1957
2005	1865	1662
2005	1662	1823
1950	1793	1792
2171	2194	2033
1993	1753	1752
1993	1913	1753
1948	1791	1790
1948	1949	1791
1954	1797	1796
1954	1955	1797
2128	1952	2127
2127	1952	1951
1876	1701	1700
1876	1877	1701
1924	1765	1764
1924	1925	1765
2331	2154	2183
2128	1953	1952
2043	1706	1524
2043	1524	1864
2216	1954	1796
2133	2134	1961
1912	1750	1911
2214	1912	1911
1961	1804	1960
2133	1961	1960
2281	2098	2097
2056	2177	2037
2091	1914	1913
2088	2089	1909
2013	1671	1853
2013	1829	1671
2109	1931	2108
2109	1932	1931
1992	1775	1774
1992	2029	1775
2098	1921	1920
2344	2205	2167
1987	1846	1835
1987	2020	1846
1994	1724	1669
1994	1669	1860
2154	1986	2019
2126	1950	2125
1912	1751	1750
1912	2028	1751
1962	1806	1805
1962	1805	1961
2035	1703	1520
2035	1520	1852
2073	2074	1894
2073	1894	1893
1988	1836	1871
1988	1871	2025
2011	1854	1672
2011	1672	1830
2003	1868	1676
2003	1676	1834
2064	1877	1876
2114	1939	1938
2274	2089	2273
2277	2093	2276
2191	1700	2007
2507	2364	2293
2327	2146	2326
2181	1717	2020
2082	1903	1902
2156	1988	2157
2112	1937	1936
2110	1933	1932
2095	1918	1917
2095	2096	1918
2085	1906	1905
2157	1988	2025
2078	2079	1899
2347	2348	2169
2323	2142	2322
2319	2139	2138
2051	1706	2043
2109	2110	1932
2099	1922	1921
2358	2200	2177
2129	2130	1957
2131	2132	1959
2253	2160	2060
2160	1994	2040
2123	1947	2122
2171	2006	2204
2215	1934	1992
2111	1935	2215
2169	2004	2026
2169	2026	2189
2132	1960	1959
2770	2485	2575
2120	1945	1944
2301	2120	2119
2092	2093	1915
2153	2017	1985
2193	2018	2072
2220	1875	2193
2365	1883	2186
2594	2506	2478
2362	1986	2154
2305	2123	2304
2221	2331	2183
2133	1960	2132
2103	2104	1926
2054	1708	2055
2113	1938	1937
2383	2116	2298
2162	2208	1996
2370	2343	2203
2083	1904	1903
2082	2083	1903
2148	1975	2147
2217	1731	1892
2198	1983	1829
2198	1829	2013
2119	2120	1944
2776	2497	2300
2202	2005	1823
2416	2263	2262
2243	2161	2054
2248	2057	2164
2115	2116	1940
2383	2299	2117
2116	1941	1940
2383	2117	2116
2123	1948	1947
2124	1948	2123
2076	1896	2075
2658	2569	2470
2061	1713	2038
2061	2060	1713
2054	2041	1708
2161	2041	2054
2107	2108	1930
2106	1928	2105
2159	2007	1989
2159	2191	2007
2195	2032	2170
2170	2032	2005
2404	2402	2233
2356	2175	2197
2200	1831	2014
2200	1982	1831
2250	2173	2058
2376	2181	2332
2143	1971	1970
2142	1970	1969
2094	1917	1916
2094	2095	1917
2175	2055	2039
2428	2283	2282
2135	1962	2134
2313	2314	2133
2056	2037	1711
2056	1711	2057
2072	2018	1890
2072	1890	2071
2372	2340	2211
2211	2163	1997
2160	2040	2060
2210	1994	2160
2254	2174	2355
2279	2280	2096
2214	1993	1912
2090	1910	2089
2499	2239	2165
2051	2050	1706
2386	2070	2069
2164	2057	2044
2166	2035	2000
2357	2198	2176
2079	1900	1899
2080	1901	1900
2194	1704	2033
2194	1878	1704
2463	2329	2366
2289	2106	2105
2053	2015	2070
2223	1879	2195
2151	1981	2023
2378	2071	1889
2379	1886	2210
2067	2068	1885
2196	2010	1828
2196	1828	1982
2201	1835	2004
2201	1987	1835
2214	1913	1993
2214	2091	1913
2100	1923	1922
2100	1922	2099
2146	2147	1974
2415	2261	2414
2148	1976	1975
2148	2178	1976
2058	2031	1712
2058	1712	2059
2172	2030	2052
2317	2137	2136
2210	1886	1724
2210	1724	1994
2182	1715	1880
2182	2022	1715
2139	1967	1966
2139	1966	2138
2172	2008	2030
2172	2206	2008
2069	1888	1887
2069	2070	1888
2320	2139	2319
2145	2146	1973
2140	1968	1967
2140	1967	2139
2288	2105	2104
2105	1928	1927
2341	2164	2212
2246	2358	2177
2449	2314	2313
2315	2134	2314
2086	1907	1906
2334	2157	2180
2141	1968	2140
2323	2143	2142
2143	2144	1971
2354	2207	2173
2063	2034	1714
2063	2167	2034
2231	1982	2200
2427	2428	2282
2211	1824	1979
2211	1997	1824
2208	1889	1727
2208	1727	1996
2176	2198	2013
2403	2356	2232
2165	1999	2213
2239	2051	2165
2218	2184	1874
2335	2218	2299
2264	2079	2078
2470	2348	2347
2592	2484	2367
2324	2144	2143
2487	2374	2150
2374	1980	2150
2126	1951	1950
2126	2127	1951
2156	2002	1988
2384	2156	2157
2212	1826	1980
2212	1998	1826
2078	1898	2077
2471	2483	2361
2245	2055	2175
2481	2153	2371
2186	1720	2017
2186	1883	1720
2141	1969	1968
2141	2142	1969
2082	1902	2081
2267	2082	2081
2162	1996	2042
2162	2042	2049
2209	1995	2161
2380	2069	1887
2224	2189	1884
2483	2332	2155
2548	2447	2549
2130	1958	1957
2183	2154	2019
2124	2125	1949
2535	2432	2431
2285	2102	2101
2168	2003	2199
2219	1874	2187
2062	1714	2045
2062	2063	1714
2173	2009	2031
2173	2031	2058
2176	2013	2036
2176	2036	2050
2383	2159	2158
2298	2116	2115
2136	1964	1963
2136	2137	1964
2311	2312	2131
2591	2368	2485
2115	1940	1939
2115	1939	2114
2053	1707	2015
2053	2052	1707
2310	2130	2129
2381	2129	2179
2487	2150	2386
2386	2150	2188
2184	2021	1697
2184	1697	1874
2209	1725	1995
2209	1887	1725
2103	1926	1925
2103	1925	2102
2583	2388	2572
2155	2020	1987
2085	2086	1906
2085	1905	2084
2345	2219	2187
2168	2187	2027
2145	1973	1972
2145	1972	2144
2307	2126	2125
2135	2136	1963
2273	2089	2088
2092	1914	2091
2387	2149	2182
2377	2182	1880
2291	2292	2108
2111	2112	1936
2193	1698	2018
2193	1875	1698
2481	2330	2153
2363	2214	2090
2369	2474	2270
2369	2334	2180
2048	1703	2035
2048	2049	1703
2118	1943	1942
2118	2119	1943
2295	2112	2294
2475	2297	2296
2385	2151	2185
2385	2258	2072
2305	2124	2123
2390	2331	2221
2379	2210	2337
2255	2256	2062
2097	1920	1919
2097	2098	1920
2165	2043	1999
2165	2051	2043
2262	2077	2076
2332	2181	2155
2294	2112	2111
2152	1984	2012
2384	2333	2156
2333	2192	2156
2314	2134	2133
2352	2204	2227
2183	1699	1875
2183	2019	1699
2322	2142	2141
2354	2228	2207
2207	1978	1822
2207	1822	2009
2106	1929	1928
2106	2107	1929
2367	2217	2359
2326	2146	2145
2188	2024	1710
2188	1710	1879
2296	2114	2113
2364	2111	2215
2368	2360	2216
2360	1954	2216
2199	1834	1986
2199	2003	1834
2205	1985	1833
2205	1833	2001
2410	2250	2249
2328	2148	2147
2195	1709	2032
2195	1879	1709
2272	2088	2087
2273	2088	2272
2192	1722	2002
2192	1884	1722
2215	1992	1933
2215	1933	2110
2129	1957	1956
2129	1956	2179
2781	2219	2345
2776	2219	2497
2476	2311	2310
2306	2125	2124
2131	1959	1958
2131	1958	2130
2486	2149	2387
2377	2387	2182
2174	2038	2010
2174	2061	2038
2343	2166	2203
2290	2107	2106
2384	2085	2084
2384	2334	2270
2474	2271	2270
2276	2093	2092
2293	2110	2109
2292	2293	2109
2278	2095	2094
2274	2090	2089
2373	2342	2213
2491	2339	2162
2418	2265	2264
2268	2082	2267
2280	2281	2097
2533	2430	2429
2484	2259	2073
2260	2074	2259
2304	2123	2122
2305	2306	2124
2499	2165	2342
2505	2237	2239
2521	2416	2415
2317	2318	2137
2382	2359	1892
2382	1891	2178
2330	2365	2186
2566	2481	2467
2451	2315	2450
2258	2193	2072
2345	2187	2168
2303	2304	2122
2256	2063	2062
2411	2252	2254
2382	2178	2148
2592	2328	2477
2259	2074	2073
2484	2073	2367
2268	2083	2082
2774	2268	2502
2312	2132	2131
2446	2308	2445
2584	2246	2409
2490	2338	2161
2280	2097	2096
2587	2411	2254
2308	2127	2126
2307	2308	2126
2375	2191	2336
2375	2336	2298
2529	2425	2528
2613	2533	2532
2296	2297	2114
2295	2113	2112
2244	2055	2245
2380	1887	2209
2286	2103	2102
2235	2048	2166
2284	2101	2100
2431	2286	2285
2228	1978	2207
2589	2354	2250
2318	2319	2138
2317	2136	2316
2353	2206	2172
2520	2415	2414
2774	2502	2224
2384	2270	2085
2424	2279	2278
2582	2344	2492
2341	2212	2374
2495	2338	2341
2242	2070	2386
2352	2351	2171
2590	2353	2240
2475	2064	2375
2375	1876	2191
2286	2102	2285
2288	2289	2105
2641	2577	2390
2362	2199	1986
2270	2086	2085
2384	2157	2334
2371	2153	1985
2371	1985	2205
2234	2048	2235
2406	2238	2237
2489	2160	2253
2255	2062	2163
2325	2144	2324
2771	2576	2484
2303	2122	2121
2299	2118	2117
2237	2050	2051
2237	2051	2239
2381	1954	2360
2381	2179	1955
2258	2220	2193
2391	2222	2351
2350	2170	2202
2455	2320	2319
2509	2789	2223
2789	1879	2223
2261	2076	2075
2261	2262	2076
2252	2061	2254
2412	2257	2256
2296	2113	2295
2297	2115	2114
2415	2262	2261
2456	2320	2455
2364	2294	2111
2507	2292	2437
2559	2458	2457
2515	2398	2396
2249	2250	2058
2377	1880	2065
2439	2302	2301
2390	2221	2389
2505	2406	2237
2236	2049	2234
2496	2337	2340
2379	2067	1886
2654	2597	2401
2284	2285	2101
2432	2286	2431
2288	2104	2287
2218	1874	2219
2300	2118	2299
2383	2336	2159
2383	2298	2336
2496	2340	2372
2489	2340	2337
2483	2155	2361
2263	2077	2262
2500	2248	2164
2651	2504	2408
2474	2272	2271
2271	2086	2270
2358	2231	2200
2245	2175	2356
2632	2560	2559
2229	2350	2202
2535	2596	2536
2403	2232	2402
2361	1987	2201
2361	2155	1987
2225	2333	2269
2225	2192	2333
2408	2244	2245
2504	2243	2244
2486	2067	2379
2496	2379	2337
2330	2186	2153
2650	2527	2526
2265	2080	2079
2265	2079	2264
2519	2414	2413
2396	2229	2228
2657	2400	2597
2401	2231	2358
2786	2498	2251
2251	2068	2387
2291	2108	2107
2292	2109	2108
2251	2059	2068
2251	2249	2059
2372	1979	2149
2372	2211	1979
2494	2339	2342
2494	2342	2373
2315	2316	2135
2352	2171	2204
2329	2190	2366
2493	2166	2343
2302	2120	2301
2482	2362	2154
2230	2196	1982
2230	1982	2231
2257	2167	2063
2257	2063	2256
2247	2056	2057
2247	2057	2248
2363	2091	2214
2274	2363	2090
2381	2310	2129
2381	2360	2310
2457	2322	2321
2590	2240	2407
2591	2476	2310
2227	2204	1977
2364	2215	2110
2364	2110	2293
2497	2301	2300
2776	2218	2219
2348	2201	2169
2348	2361	2201
2385	2072	2071
2488	2151	2385
2222	2787	1878
2787	2258	2385
2464	2365	2330
2275	2091	2363
2437	2291	2436
2329	2152	2190
2226	2206	2353
2554	2453	2452
2311	2131	2130
2311	2130	2310
2482	2154	2331
2616	2543	2542
2440	2303	2302
2346	2345	2168
2238	2176	2050
2238	2050	2237
2271	2087	2086
2271	2272	2087
2275	2092	2091
2275	2276	2092
2302	2121	2120
2302	2303	2121
2241	2240	2052
2518	2407	2509
2458	2322	2457
2498	2410	2249
2418	2419	2265
2417	2263	2416
2263	2078	2077
2263	2264	2078
2504	2247	2248
2500	2164	2341
2229	2202	1978
2229	1978	2228
2480	2370	2152
2480	2152	2329
2225	1884	2192
2225	2224	1884
2325	2145	2144
2325	2326	2145
2439	2301	2497
2469	2362	2482
2287	2104	2103
2287	2103	2286
2260	2075	2074
2260	2261	2075
2246	2177	2056
2246	2056	2247
2321	2141	2140
2321	2322	2141
2240	2172	2052
2240	2353	2172
2328	2359	2382
2328	2382	2148
2346	2168	2199
2346	2199	2362
2232	2197	1983
2232	2356	2197
2652	2505	2405
2505	2236	2234
2297	2298	2115
2297	2475	2298
2373	2213	1981
2373	1981	2151
2586	2238	2406
2405	2505	2234
2549	2447	2476
2307	2125	2306
2300	2119	2118
2300	2301	2119
2527	2424	2423
2426	2281	2280
2369	2180	1882
2369	1882	2066
2475	2375	2298
2438	2295	2479
2335	2299	2383
2335	2383	2158
2244	2054	2055
2244	2243	2054
2445	2308	2307
2444	2307	2306
2233	1983	2198
2233	2232	1983
2487	2386	2069
2487	2069	2380
2478	2274	2273
2588	2464	2421
2615	2639	2660
2540	2437	2436
2368	1953	2128
2368	2216	1953
2313	2133	2132
2313	2132	2312
2309	2128	2127
2309	2127	2308
2349	2195	2170
2349	2223	2195
2279	2095	2278
2278	2094	2277
2226	1977	2206
2226	2227	1977
2327	2147	2146
2327	2328	2147
2509	2407	2241
2789	2242	2386
2370	2203	1984
2370	1984	2152
2222	1878	2194
2252	2060	2061
2252	2253	2060
2221	2183	1875
2221	1875	2220
2575	2309	2446
2446	2309	2308
2411	2503	2252
2423	2278	2277
2395	2352	2227
2626	2627	2554
2347	2169	2189
2347	2189	2224
2384	2084	2269
2384	2269	2333
2477	2328	2327
2462	2477	2327
2501	2163	2340
2489	2337	2160
2453	2318	2317
2394	2226	2353
2376	1881	2181
2376	2065	1881
2366	2190	1877
2366	1877	2064
2266	2081	2080
2266	2080	2265
2241	2052	2053
2241	2053	2242
2557	2456	2455
2576	2259	2484
2506	2275	2363
2506	2276	2275
2422	2423	2277
2425	2426	2280
2268	2269	2083
2774	2224	2225
2339	2208	2162
2339	2378	2208
2595	2479	2507
2479	2295	2294
2282	2099	2098
2282	2283	2099
2589	2250	2410
2578	2332	2483
2459	2324	2323
2417	2264	2263
2597	2400	2399
2582	2467	2344
2405	2234	2235
2434	2435	2289
2583	2410	2498
2388	2065	2376
2488	2378	2494
2488	2385	2071
2600	2584	2409
2534	2431	2430
2508	2222	2391
2787	2508	2258
2511	2392	2472
2433	2288	2287
2596	2403	2402
2414	2261	2260
2459	2323	2458
2429	2430	2284
2600	2409	2651
2502	2267	2420
2502	2268	2267
2491	2505	2499
2491	2162	2236
2542	2441	2440
2543	2544	2442
2438	2296	2295
2593	2296	2438
2419	2266	2265
2419	2420	2266
2462	2327	2326
2460	2325	2324
2437	2292	2291
2507	2293	2292
2660	2539	2538
2539	2435	2538
2451	2316	2315
2545	2444	2443
2424	2425	2279
2530	2427	2426
2609	2522	2521
2458	2323	2322
2452	2317	2316
2555	2454	2453
2578	2465	2332
2459	2460	2324
2592	2359	2328
2592	2367	2359
2448	2313	2312
2448	2449	2313
2539	2436	2435
2581	2343	2466
2443	2305	2442
2444	2445	2307
2485	2368	2128
2485	2128	2309
2450	2315	2314
2450	2314	2449
2593	2475	2296
2593	2463	2366
2454	2319	2318
2454	2455	2319
2490	2161	2243
2504	2248	2500
2413	2260	2259
2413	2414	2260
2498	2249	2251
2786	2377	2498
2789	2509	2242
2509	2241	2242
2430	2285	2284
2430	2431	2285
2488	2373	2151
2488	2494	2373
2585	2245	2356
2585	2408	2245
2393	2226	2394
2452	2453	2317
2588	2272	2474
2474	2369	2066
2495	2374	2487
2495	2341	2374
2561	2459	2560
2607	2520	2519
2490	2341	2338
2490	2500	2341
2393	2227	2226
2393	2395	2227
2501	2255	2163
2501	2340	2489
2422	2277	2276
2778	2573	2566
2441	2304	2303
2443	2306	2305
2526	2423	2422
2594	2422	2506
2544	2443	2442
2473	2391	2351
2495	2380	2338
2495	2487	2380
2783	2391	2510
2435	2290	2289
2435	2436	2290
2502	2782	2224
2569	2471	2470
2503	2256	2255
2503	2255	2501
2503	2489	2253
2503	2501	2489
2591	2310	2360
2591	2360	2368
2498	2377	2065
2498	2065	2388
2640	2412	2655
2579	2582	2492
2467	2371	2344
2467	2481	2371
2522	2417	2416
2461	2462	2326
2472	2392	2349
2557	2455	2556
2492	2344	2167
2492	2167	2257
2416	2262	2415
2524	2419	2418
2588	2421	2272
2588	2365	2464
2505	2239	2499
2491	2236	2505
2595	2507	2437
2574	2565	2480
2397	2228	2354
2397	2396	2228
2421	2273	2272
2421	2478	2273
2543	2441	2542
2648	2583	2572
2558	2456	2557
2559	2457	2558
2605	2515	2516
2558	2457	2456
2398	2350	2229
2398	2229	2396
2782	2347	2224
2782	2502	2420
2392	2223	2349
2392	2509	2223
2527	2528	2424
2527	2423	2526
2508	2220	2258
2508	2389	2220
2399	2230	2231
2399	2231	2401
2486	2379	2496
2486	2387	2067
2465	2376	2332
2465	2388	2376
2433	2434	2288
2596	2402	2404
2473	2351	2352
2473	2352	2395
2400	2355	2230
2400	2230	2399
2425	2280	2279
2424	2278	2423
2471	2361	2348
2471	2348	2470
2461	2326	2325
2461	2325	2460
2404	2233	2357
2537	2538	2434
2585	2356	2403
2504	2244	2408
2432	2287	2286
2432	2433	2287
2781	2497	2219
2469	2346	2362
2691	2687	2641
2443	2444	2306
2472	2349	2350
2472	2350	2398
2520	2521	2415
2524	2418	2523
2486	2372	2149
2486	2496	2372
2441	2442	2304
2441	2303	2440
2504	2500	2490
2504	2490	2243
2615	2660	2538
2537	2434	2433
2439	2440	2302
2546	2445	2444
2456	2321	2320
2456	2457	2321
2468	2345	2346
2468	2346	2469
2510	2391	2473
2617	2544	2543
2451	2452	2316
2704	2676	2703
2565	2466	2480
2593	2438	2463
2577	2568	2482
2543	2442	2441
2781	2345	2468
2568	2469	2482
2447	2312	2311
2447	2448	2312
2657	2587	2400
2601	2655	2411
2661	2528	2527
2412	2256	2503
2429	2284	2283
2429	2283	2428
2491	2342	2339
2491	2499	2342
2523	2418	2417
2522	2523	2417
2409	2246	2247
2409	2247	2504
2580	2493	2581
2639	2405	2580
2538	2435	2434
2652	2406	2505
2466	2343	2370
2466	2370	2480
2623	2551	2550
2571	2390	2389
2506	2363	2274
2506	2274	2478
2640	2579	2412
2528	2425	2424
2507	2294	2364
2507	2479	2294
2554	2555	2453
2556	2455	2454
2427	2282	2281
2427	2281	2426
2553	2554	2452
2514	2473	2395
2589	2397	2354
2646	2394	2590
2683	2632	2631
2521	2522	2416
2512	2393	2394
2513	2395	2393
2586	2357	2238
2586	2404	2357
2516	2396	2397
2631	2559	2558
2595	2437	2540
2780	2565	2574
2570	2483	2471
2524	2525	2419
2647	2516	2397
2583	2498	2388
2547	2446	2445
2546	2444	2545
2518	2392	2511
2515	2396	2516
2587	2254	2355
2587	2355	2400
2657	2597	2530
2612	2529	2528
2780	2595	2540
2780	2540	2565
2563	2564	2462
2562	2461	2460
2773	2463	2438
2773	2574	2463
2564	2477	2462
2642	2413	2576
2645	2572	2465
2647	2589	2648
2532	2533	2429
2532	2429	2428
2643	2575	2446
2550	2449	2448
2572	2388	2465
2609	2521	2608
2576	2413	2259
2635	2563	2562
2629	2556	2628
2630	2631	2558
2584	2358	2246
2584	2401	2358
2573	2481	2566
2775	2421	2464
2778	2566	2526
2594	2526	2422
2581	2493	2343
2539	2540	2436
2553	2452	2451
2555	2556	2454
2646	2512	2394
2518	2509	2392
2548	2448	2447
2548	2550	2448
2536	2537	2433
2639	2652	2405
2525	2420	2419
2782	2470	2347
2729	2718	2665
2520	2414	2519
2536	2433	2432
2535	2536	2432
2567	2469	2568
2781	2439	2497
2567	2468	2469
2659	2468	2567
2656	2404	2586
2656	2537	2536
2575	2485	2309
2643	2446	2547
2552	2451	2450
2514	2395	2513
2649	2660	2581
2649	2540	2539
2563	2462	2461
2563	2461	2562
2637	2662	2568
2545	2443	2544
2560	2459	2458
2560	2458	2559
2609	2610	2522
2633	2561	2560
2551	2449	2550
2620	2547	2546
2561	2460	2459
2561	2562	2460
2553	2451	2552
2618	2545	2544
2610	2523	2522
2570	2578	2483
2590	2394	2353
2602	2518	2511
2644	2518	2602
2720	2716	2698
2675	2624	2623
2622	2548	2549
2574	2480	2329
2574	2329	2463
2577	2482	2331
2577	2331	2390
2654	2401	2584
2654	2532	2531
2660	2580	2581
2639	2580	2660
2603	2513	2512
2627	2555	2554
2541	2440	2439
2541	2542	2440
2636	2564	2563
2636	2563	2635
2529	2426	2425
2529	2530	2426
2608	2521	2520
2682	2683	2631
2551	2450	2449
2551	2552	2450
2697	2511	2517
2517	2511	2472
2517	2472	2398
2517	2398	2515
2770	2575	2622
2699	2547	2620
2647	2397	2589
2690	2689	2648
2573	2464	2330
2573	2330	2481
2650	2526	2566
2650	2566	2467
2531	2427	2530
2597	2531	2530
2588	2066	2365
2588	2474	2066
2664	2604	2603
2618	2544	2617
2663	2524	2611
2695	2663	2611
2580	2235	2493
2580	2405	2235
2531	2428	2427
2531	2532	2428
2663	2569	2525
2569	2570	2471
2546	2547	2445
2675	2623	2674
2579	2492	2257
2579	2257	2412
2783	2510	2571
2783	2508	2391
2770	2591	2485
2770	2622	2549
2597	2399	2401
2654	2531	2597
2662	2541	2567
2619	2546	2545
2661	2612	2528
2650	2467	2582
2662	2542	2541
2662	2567	2568
2614	2534	2533
2534	2430	2533
2535	2431	2534
2653	2585	2403
2593	2366	2064
2593	2064	2475
2613	2600	2614
2653	2535	2534
2771	2477	2564
2771	2484	2592
2778	2526	2594
2775	2464	2573
2616	2542	2662
2637	2568	2577
2655	2503	2411
2655	2412	2503
2651	2409	2504
2614	2533	2613
2611	2524	2523
2645	2465	2578
2619	2545	2618
2604	2514	2513
2699	2643	2547
2643	2622	2575
2697	2602	2511
2630	2558	2557
2713	2703	2675
2621	2623	2550
2641	2637	2577
2616	2617	2543
2663	2525	2524
2663	2570	2569
2619	2620	2546
2698	2646	2644
2688	2645	2638
2610	2611	2523
2638	2645	2578
2669	2695	2611
2632	2633	2560
2634	2562	2561
2657	2530	2529
2661	2640	2612
2719	2715	2689
2695	2638	2663
2638	2578	2570
2638	2570	2663
2624	2551	2623
2697	2517	2606
2648	2589	2410
2648	2410	2583
2656	2596	2404
2656	2536	2596
2661	2579	2640
2661	2527	2650
2659	2567	2541
2659	2541	2439
2606	2517	2515
2606	2515	2605
2599	2614	2600
2785	2600	2613
2601	2411	2587
2657	2601	2587
2642	2519	2413
2634	2561	2633
2644	2407	2518
2644	2590	2407
2779	2731	2702
2670	2616	2696
2625	2553	2552
2678	2679	2627
2679	2628	2627
2694	2646	2698
2692	2605	2516
2689	2647	2648
2604	2513	2603
2693	2514	2604
2653	2403	2596
2653	2596	2535
2658	2420	2525
2658	2525	2569
2784	2614	2599
2600	2651	2599
2700	2635	2686
2607	2608	2520
2628	2556	2555
2628	2555	2627
2649	2565	2540
2649	2539	2660
2624	2552	2551
2624	2625	2552
2632	2559	2631
2712	2685	2684
2682	2631	2630
2695	2688	2638
2698	2644	2602
2644	2646	2590
2669	2610	2668
2692	2647	2689
2629	2557	2556
2629	2630	2557
2641	2390	2571
2676	2624	2675
2699	2674	2621
2674	2623	2621
2649	2466	2565
2649	2581	2466
2621	2550	2548
2621	2548	2622
2635	2562	2634
2700	2607	2519
2735	2707	2706
2702	2670	2717
2615	2538	2537
2598	2615	2656
2686	2635	2634
2747	2686	2714
2599	2408	2585
2599	2651	2408
2784	2585	2653
2784	2599	2585
2615	2537	2656
2598	2656	2586
2673	2620	2619
2727	2722	2664
2601	2640	2655
2601	2612	2640
2598	2586	2406
2598	2406	2652
2672	2619	2618
2676	2625	2624
2657	2529	2612
2657	2612	2601
2661	2582	2579
2661	2650	2582
2626	2554	2553
2626	2553	2625
2785	2584	2600
2785	2654	2584
2736	2737	2708
2736	2708	2707
2598	2652	2639
2598	2639	2615
2771	2592	2477
2636	2642	2576
2666	2667	2608
2684	2685	2633
2667	2609	2608
2666	2608	2607
2696	2662	2637
2696	2616	2662
2678	2627	2626
2677	2678	2626
2744	2666	2714
2668	2609	2667
2668	2610	2609
2669	2611	2610
2671	2618	2617
2671	2672	2618
2737	2709	2708
2748	2716	2720
2665	2606	2605
2711	2684	2683
2700	2519	2642
2744	2725	2666
2714	2686	2685
2761	2665	2745
2743	2673	2726
2713	2675	2674
2687	2637	2641
2687	2696	2637
2763	2731	2751
2673	2619	2672
2680	2628	2679
2725	2668	2667
2748	2720	2718
2709	2682	2681
2692	2516	2647
2690	2645	2688
2721	2688	2695
2701	2669	2668
2680	2629	2628
2681	2629	2680
2705	2706	2678
2702	2726	2671
2694	2512	2646
2694	2603	2512
2721	2719	2688
2715	2692	2689
2724	2694	2716
2718	2720	2697
2700	2642	2636
2700	2636	2635
2722	2723	2693
2702	2671	2670
2685	2634	2633
2685	2686	2634
2739	2711	2710
2759	2740	2739
2677	2626	2625
2677	2625	2676
2711	2712	2684
2716	2694	2698
2684	2633	2632
2684	2632	2683
2670	2617	2616
2670	2671	2617
2691	2571	2510
2691	2641	2571
2726	2673	2672
2726	2672	2671
2690	2572	2645
2690	2648	2572
2693	2510	2514
2693	2691	2510
2681	2630	2629
2681	2682	2630
2699	2622	2643
2699	2621	2622
2707	2680	2679
2705	2678	2677
2718	2729	2748
2708	2709	2681
2735	2706	2734
2746	2620	2673
2720	2602	2697
2720	2698	2602
2717	2696	2687
2717	2670	2696
2725	2667	2666
2712	2714	2685
2745	2665	2605
2745	2605	2692
2703	2676	2675
2732	2704	2703
2747	2607	2700
2747	2700	2686
2723	2687	2691
2723	2691	2693
2722	2604	2664
2722	2693	2604
2710	2682	2709
2738	2709	2737
2725	2701	2668
2744	2714	2712
2708	2681	2680
2708	2680	2707
2706	2679	2678
2706	2707	2679
2724	2603	2694
2724	2664	2603
2718	2697	2606
2718	2606	2665
2750	2751	2727
2734	2706	2705
2704	2677	2676
2704	2705	2677
2751	2731	2742
2754	2735	2734
2710	2683	2682
2710	2711	2683
2719	2689	2690
2719	2690	2688
2721	2695	2669
2721	2669	2701
2746	2673	2713
2746	2699	2620
2742	2723	2722
2731	2726	2702
2730	2701	2725
2740	2711	2739
2743	2713	2673
2751	2742	2727
2741	2724	2716
2772	2716	2748
2763	2726	2731
2733	2734	2705
2742	2722	2727
2779	2702	2717
2743	2703	2713
2743	2732	2703
2758	2739	2738
2740	2712	2711
2746	2674	2699
2746	2713	2674
2759	2739	2758
2777	2748	2729
2763	2732	2743
2763	2743	2726
2744	2712	2740
2762	2740	2759
2728	2727	2664
2752	2753	2750
2756	2737	2736
2736	2707	2735
2745	2692	2715
2767	2729	2761
2728	2664	2724
2728	2724	2741
2747	2666	2607
2747	2714	2666
2738	2710	2709
2738	2739	2710
2772	2741	2716
2767	2758	2757
2749	2715	2719
2749	2719	2721
2749	2721	2701
2749	2701	2730
2733	2705	2704
2733	2704	2732
2779	2723	2742
2779	2742	2731
2762	2744	2740
2762	2730	2725
2766	2761	2764
2757	2737	2756
2750	2727	2728
2755	2756	2736
2769	2765	2755
2765	2756	2755
2753	2734	2733
2767	2766	2758
2768	2729	2767
2760	2749	2730
2788	2763	2751
2764	2749	2760
2762	2725	2744
2761	2729	2665
2764	2715	2749
2753	2754	2734
2752	2754	2753
2755	2736	2735
2755	2735	2754
2788	2732	2763
2767	2761	2766
2766	2764	2760
2764	2745	2715
2764	2761	2745
2757	2738	2737
2757	2758	2738
2788	2733	2732
2788	2753	2733
2752	2728	2741
2752	2750	2728
2762	2759	2760
2762	2760	2730
2772	2769	2741
2769	2752	2741
2766	2759	2758
2766	2760	2759
2768	2756	2765
2772	2765	2769
2768	2757	2756
2768	2767	2757
2769	2755	2754
2769	2754	2752
2773	2438	2479
2773	2479	2595
2770	2549	2476
2770	2476	2591
2777	2772	2748
2777	2729	2768
2771	2564	2636
2771	2636	2576
2786	2251	2387
2786	2387	2377
2776	2299	2218
2776	2300	2299
2775	2478	2421
2775	2594	2478
2780	2574	2773
2780	2773	2595
2781	2468	2659
2781	2659	2439
2777	2768	2765
2777	2765	2772
2782	2420	2658
2782	2658	2470
2788	2750	2753
2788	2751	2750
2779	2717	2687
2779	2687	2723
2787	2385	2185
2787	2185	1878
2386	2188	2789
2789	2188	1879
2774	2225	2269
2774	2269	2268
2785	2613	2532
2785	2532	2654
2783	2389	2508
2783	2571	2389
2778	2594	2775
2778	2775	2573
2784	2653	2534
2784	2534	2614
