BCnode   BCtype
232   4
outBCNode	outBCNum
1	1
187	1
186	1
185	1
184	1
183	1
182	1
181	1
180	1
179	1
178	1
177	1
176	1
175	1
174	1
173	1
172	1
171	1
170	1
169	1
168	1
167	1
166	1
165	1
164	1
163	1
162	1
161	1
160	1
159	1
158	1
157	1
156	1
155	1
154	1
153	1
152	1
151	1
150	1
149	1
2	1
75	3
74	3
73	3
72	3
71	3
70	3
69	3
68	3
67	3
66	3
65	3
64	3
63	3
62	3
61	3
60	3
59	3
58	3
57	3
56	3
55	3
54	3
53	3
52	3
51	3
50	3
49	3
48	3
47	3
46	3
45	3
44	3
43	3
42	3
41	3
40	3
39	3
38	3
37	3
3	2
136	2
135	2
134	2
133	2
132	2
131	2
130	2
129	2
128	2
127	2
126	2
125	2
124	2
123	2
122	2
121	2
120	2
119	2
118	2
117	2
116	2
115	2
114	2
113	2
112	2
111	2
110	2
109	2
108	2
107	2
106	2
105	2
104	2
103	2
102	2
101	2
100	2
99	2
98	2
4	2
232	3
231	3
230	3
229	3
228	3
227	3
226	3
225	3
224	3
223	3
222	3
221	3
220	3
219	3
218	3
217	3
216	3
215	3
214	3
213	3
212	3
211	3
210	3
209	3
208	3
207	3
206	3
205	3
204	3
203	3
202	3
201	3
200	3
199	3
198	3
197	3
196	3
195	3
194	3
5	4
6	4
7	4
8	4
9	4
10	4
11	4
12	4
13	4
14	4
15	4
16	4
17	4
18	4
19	4
20	4
21	4
22	4
23	4
24	4
25	4
26	4
27	4
28	4
29	4
30	4
31	4
32	4
33	4
34	4
35	4
36	4
76	4
77	4
78	4
79	4
80	4
81	4
82	4
83	4
84	4
85	4
86	4
87	4
88	4
89	4
90	4
91	4
92	4
93	4
94	4
95	4
96	4
97	4
137	4
138	4
139	4
140	4
141	4
142	4
143	4
144	4
145	4
146	4
147	4
148	4
188	4
189	4
190	4
191	4
192	4
193	4
