0	0
0	10
10	10
10	0
3.945	7.5
4	7.445
4.055	7.5
4	7.555
3.945	6.5
4	6.445
4.055	6.5
4	6.555
3.945	5.5
4	5.445
4.055	5.5
4	5.555
3.945	4.5
4	4.445
4.055	4.5
4	4.555
3.945	3.5
4	3.445
4.055	3.5
4	3.555
3.945	2.5
4	2.445
4.055	2.5
4	2.555
4.04753495130763	6.47233362321913
4.02767193358639	6.45246828330903
4.04753495130763	5.47233362321913
4.02767193358639	5.45246828330903
4.04753495130763	7.47233362321913
4.02767193358639	7.45246828330903
4.04753495130763	4.47233362321913
4.02767193358639	4.45246828330903
9.75	10
9.5	10
9.25	10
9	10
8.75	10
8.5	10
8.25	10
8	10
7.75	10
7.5	10
7.25	10
7	10
6.75	10
6.5	10
6.25	10
6	10
5.75	10
5.5	10
5.25	10
5	10
4.75	10
4.5	10
4.25	10
4	10
3.75	10
3.5	10
3.25	10
3	10
2.75	10
2.5	10
2.25	10
2	10
1.75	10
1.5	10
1.25	10
0.999999999999999	10
0.749999999999999	10
0.5	10
0.25	10
4.02766637678087	5.54753495130763
4.04753171669097	5.52767193358639
4.04753495130763	3.47233362321913
4.0276719335864	3.45246828330904
3.97233362321913	6.45246504869237
3.95246828330904	6.4723280664136
4.02766637678087	6.54753495130763
4.04753171669097	6.52767193358639
3.97233362321913	7.45246504869237
3.95246828330904	7.4723280664136
4.02766637678087	7.54753495130763
4.04753171669097	7.52767193358639
4.02766637678087	4.54753495130763
4.04753171669097	4.52767193358639
4.04753495130763	2.47233362321913
4.0276719335864	2.45246828330904
3.97233362321913	5.45246504869237
3.95246828330904	5.4723280664136
4.02766637678087	3.54753495130763
4.04753171669097	3.52767193358639
3.97233362321913	4.45246504869237
3.95246828330904	4.4723280664136
10	0.25
10	0.5
10	0.75
10	1
10	1.25
10	1.5
10	1.75
10	2
10	2.25
10	2.5
10	2.75
10	3
10	3.25
10	3.5
10	3.75
10	4
10	4.25
10	4.5
10	4.75
10	5
10	5.25
10	5.5
10	5.75
10	6
10	6.25
10	6.5
10	6.75
10	7
10	7.25
10	7.5
10	7.75
10	8
10	8.25
10	8.5
10	8.75
10	9
10	9.25
10	9.5
10	9.75
4.02766637678087	2.54753495130763
4.04753171669097	2.52767193358639
3.95246504869237	5.52766637678087
3.97232806641361	5.54753171669097
3.97233362321913	3.45246504869237
3.95246828330903	3.47232806641361
3.95246504869237	6.52766637678087
3.97232806641361	6.54753171669097
3.95246504869237	7.52766637678087
3.97232806641361	7.54753171669097
3.97233362321913	2.45246504869237
3.95246828330903	2.47232806641361
0	9.75
0	9.5
0	9.25
0	9
0	8.75
0	8.5
0	8.25
0	8
0	7.75
0	7.5
0	7.25
0	7
0	6.75
0	6.5
0	6.25
0	6
0	5.75
0	5.5
0	5.25
0	5
0	4.75
0	4.5
0	4.25
0	4
0	3.75
0	3.5
0	3.25
0	3
0	2.75
0	2.5
0	2.25
0	2
0	1.75
0	1.5
0	1.25
0	0.999999999999999
0	0.749999999999999
0	0.5
0	0.25
3.95246504869237	4.52766637678087
3.97232806641361	4.54753171669097
3.95246504869237	3.52766637678087
3.97232806641361	3.54753171669097
3.95246504869237	2.52766637678087
3.97232806641361	2.54753171669097
0.25	0
0.5	0
0.75	0
1	0
1.25	0
1.5	0
1.75	0
2	0
2.25	0
2.5	0
2.75	0
3	0
3.25	0
3.5	0
3.75	0
4	0
4.25	0
4.5	0
4.75	0
5	0
5.25	0
5.5	0
5.75	0
6	0
6.25	0
6.5	0
6.75	0
7	0
7.25	0
7.5	0
7.75	0
8	0
8.25	0
8.5	0
8.75	0
9	0
9.25	0
9.5	0
9.75	0
4.0797593311012	6.52701457273291
4.07903724476458	6.4724942311889
4.05730059372659	6.55709220171765
4.02711279494487	6.57986796723781
3.97339224346723	6.57877183698975
3.94290101350659	6.55730739333862
3.91912608780976	6.52712781754442
3.91883684420286	6.46861006704561
3.94268857483505	6.44289699050712
3.97325407291879	6.42145113911182
4.02671623316646	6.41967110547506
4.05642398741092	6.44206959052659
9.62636112470852	0.200561470090369
9.39513855620249	0.227894519251826
9.13211452599629	0.218933378866187
8.875	0.21650635094611
8.625	0.216506350946109
8.375	0.21650635094611
8.125	0.216506350946111
7.875	0.216506350946109
7.625	0.216506350946109
7.375	0.216506350946109
7.125	0.21650635094611
6.875	0.212529635770882
6.625	0.210995165930242
6.375	0.210995165930241
6.125	0.210995165930241
5.875	0.210995165930241
5.625	0.210877535632468
5.375	0.210877535632468
5.125	0.210877535632468
4.875	0.210831558535352
4.625	0.210831558535352
4.375	0.210831558535352
4.125	0.210869491887413
3.875	0.210869491887413
3.625	0.210831859030025
3.375	0.210831859030026
3.125	0.210831859030025
2.875	0.210878004731261
2.625	0.210878004731261
2.375	0.210878004731261
2.125	0.211624472939881
1.875	0.216506350946109
1.625	0.21650635094611
1.375	0.216506350946109
1.125	0.21650635094611
0.870055553811458	0.217578083157636
0.610110564741684	0.22438930006643
0.379149278465114	0.196200848410459
0.20056147009037	0.373638875291482
0.231630460337896	0.611159393441658
0.227370517141114	0.870474610980862
0.22813402339059	1.12199443052366
0.216506350946109	1.375
0.21650635094611	1.625
0.216506350946109	1.875
0.213030737988691	2.125
0.21303073798869	2.375
0.213030737988689	2.625
0.21303073798869	2.875
0.213030737988691	3.125
0.21303073798869	3.375
0.21303073798869	3.625
0.21303073798869	3.875
0.21303073798869	4.125
0.21303073798869	4.375
0.213030737988689	4.625
0.213030737988691	4.875
0.21303073798869	5.125
0.213030737988692	5.375
0.213030737988691	5.625
0.21303073798869	5.875
0.21303073798869	6.125
0.21303073798869	6.375
0.21303073798869	6.625
0.21303073798869	6.875
0.213030737988689	7.125
0.213030737988691	7.375
0.21303073798869	7.625
0.21303073798869	7.875
0.21650635094611	8.125
0.21650635094611	8.375
0.216506350946111	8.625
0.229401231114232	8.87854206228519
0.224191121850944	9.12900080545903
0.229418808701601	9.38956217269444
0.200561470090369	9.62636112470852
0.379149278465112	9.80379915158954
0.608075434762874	9.77502889333864
0.868970845463801	9.78199877684233
1.125	9.78349364905389
1.375	9.78349364905389
1.625	9.78349364905389
1.875	9.78349364905389
2.125	9.78837552706012
2.375	9.78912246436753
2.625	9.78912246436753
2.875	9.78912246436753
3.125	9.78916844146465
3.375	9.78916844146465
3.625	9.78916844146465
3.875	9.78913050811259
4.125	9.78913050811259
4.375	9.78916814096997
4.625	9.78916814096997
4.875	9.78916814096997
5.125	9.78912199526874
5.375	9.78912199526874
5.625	9.78912199526874
5.875	9.78900483406976
6.125	9.78900483406976
6.375	9.78900483406976
6.625	9.78900483406976
6.875	9.78747036422912
7.125	9.78349364905389
7.375	9.78349364905389
7.625	9.78349364905389
7.875	9.78349364905389
8.125	9.78349364905389
8.375	9.78349364905389
8.625	9.78349364905389
8.875	9.78349364905389
9.13549994291759	9.78188657886273
9.39054591485798	9.77629464775243
9.62085072153489	9.80379915158954
9.79943852990963	9.62636112470852
9.7683572064681	9.38939301423448
9.77409451851342	9.12943647024025
9.78349364905389	8.875
9.78349364905389	8.625
9.78349364905389	8.375
9.78349364905389	8.125
9.78349364905389	7.875
9.78349364905389	7.625
9.78349364905389	7.375
9.78349364905389	7.125
9.78349364905389	6.875
9.78349364905389	6.625
9.78349364905389	6.375
9.78349364905389	6.125
9.78349364905389	5.875
9.78349364905389	5.625
9.78349364905389	5.375
9.78349364905389	5.125
9.78349364905389	4.875
9.78349364905389	4.625
9.78349364905389	4.375
9.78349364905389	4.125
9.78349364905389	3.875
9.78349364905389	3.625
9.78349364905389	3.375
9.78349364905389	3.125
9.78349364905389	2.875
9.78349364905389	2.625
9.78349364905389	2.375
9.78349364905389	2.125
9.78349364905389	1.875
9.78349364905389	1.625
9.78349364905389	1.375
9.78349364905389	1.125
9.78349364905389	0.875
9.77258696134788	0.614320774739639
9.80379915158954	0.379149278465113
4.02715688117022	5.57817415586038
3.97339218144477	5.57877172082407
4.05730059372659	5.55709220171765
4.08059574664013	5.52702621753099
4.07958782329512	5.4728030799183
4.05708954296798	5.4427020708567
4.02700118995295	5.42011582536375
3.97320977579273	5.42135046289932
3.94268857483505	5.44289699050712
3.91883684536502	5.46861006606511
3.91912609000955	5.52712781544994
3.94290101350659	5.55730739333862
4.0816477078173	7.52715394320978
4.07968293583176	7.4727793600796
4.05649060655127	7.44216163490439
4.02625799470349	7.4204789432045
3.97287179865424	7.42006544099196
3.94337472350617	7.44407576758224
3.9208519940632	7.4781185001695
3.91707397107866	7.52204317959131
3.9395886743027	7.55547064110107
3.97268136821368	7.57948210864719
4.02722539265244	7.57989404027966
4.05739429014192	7.55718569325475
3.97339383470716	4.57878412482055
4.02711097337713	4.57989691301013
3.94290101350659	4.55730739333862
3.91934357915084	4.52729079281858
3.92006224761222	4.47293996229854
3.94268857483504	4.44289699050712
3.9728475218281	4.42014695021874
4.02624862968952	4.42050639652698
4.0563729079481	4.4421136042421
4.07902143136153	4.47248710172337
4.07973314600659	4.52700913213871
4.05730059372659	4.55709220171765
4.02714919840474	3.57818769306706
3.97339383470716	3.57878412482053
4.05730059372658	3.55709220171764
4.08062469003876	3.52702828311939
4.07961677897019	3.47280234543288
4.05708954296798	3.44270207085671
4.02672021984271	3.41966683381327
3.97325394974804	3.42145129668166
3.94268857483505	3.44289699050713
3.91852805823547	3.47289275842278
3.91907566388297	3.53144135296931
3.9429010135066	3.55730739333861
3.97339224294822	2.57877183332168
4.02715687320432	2.57817419017598
4.05730059372658	2.55709220171765
4.08196098468202	2.53177809934224
4.07941232453061	2.47226503112087
4.05718443049428	2.44260697538866
4.02720149176605	2.41847824639692
3.97277636906688	2.42010376226275
3.94260570985811	2.44281430674527
3.91821015493935	2.47283816687851
3.91907148782504	2.53151944761452
3.9429010135066	2.55730739333861
0.170753175473057	0.170753175473056
9.82924682452695	0.170753175473055
9.82924682452695	9.82924682452695
0.170753175473055	9.82924682452695
4.09897770573276	6.5016778728487
4.09378705313586	6.56652492233772
4.09334941775804	6.43310001417497
4.06419959559329	6.59572423464684
3.99789984550399	6.59713238393133
3.93415603333102	6.59395572011133
3.90354333555183	6.56514746945096
3.89935709685669	6.49717755210115
3.90274132296437	6.43492861562811
3.93284594425351	6.40858609681004
3.99819048447017	6.39742447023845
4.06302708791812	6.4035493147082
9.26901843343052	0.435088001769579
9.00824703370975	0.434660734690191
8.75	0.433012701892219
8.5	0.433012701892219
8.25	0.433012701892219
8	0.43301270189222
7.75	0.433012701892219
7.5	0.433012701892219
7.25	0.433012701892219
6.99655623788419	0.431013389940179
6.74869269253528	0.424752488712702
6.5	0.421654670893833
6.24992170427472	0.420429038777968
6	0.418710433087376
5.74990226443854	0.418654012192118
5.5	0.418593640474463
5.25	0.418479822985515
4.99996182625269	0.418423911532617
4.75	0.418400328460178
4.5	0.418319714348127
4.25003148285166	0.418338460965355
4	0.41835749387235
3.74996876646303	0.418339151860467
3.5	0.418320553595712
3.25	0.418401464974285
3.00003831389018	0.418425134248228
2.75	0.41848090210178
2.5	0.41859783104857
2.25063076031075	0.422499455257884
2.00422750802935	0.430555255808176
1.75	0.433012701892219
1.5	0.433012701892218
1.25	0.433012701892218
0.993665936282131	0.432697293412051
0.737426081887113	0.431403733801272
0.448620319330461	0.742980805341835
0.458717824999956	0.996481624794469
0.436878559681626	1.25028662915926
0.433012701892218	1.5
0.433012701892217	1.75
0.431266527436377	2.00300985277944
0.425902260119396	2.25
0.425902260119397	2.5
0.425901482456974	2.75
0.425901361389918	3
0.425901361389918	3.25
0.425901361389918	3.5
0.425901482456975	3.75
0.425901361389918	4
0.425901361389918	4.25
0.425901361389916	4.5
0.425901482456974	4.75
0.425901361389916	5
0.425901361389919	5.25
0.425901361389919	5.5
0.425901482456976	5.75
0.425901361389918	6
0.425901361389918	6.25
0.425901361389917	6.5
0.425901482456975	6.75
0.425901361389916	7
0.425901361389915	7.25
0.425902389099665	7.5
0.425902389099665	7.75
0.431266527436374	7.99699014722055
0.433012701892221	8.25
0.43301270189222	8.5
0.439455389838021	8.74848308424226
0.454894289468899	9.00321658256713
0.443222506585296	9.25684849436302
0.733059314224888	9.5676331885091
0.992495702071326	9.56615422050091
1.25	9.56698729810778
1.5	9.56698729810778
1.75	9.56698729810778
2.00422750802935	9.56944474419182
2.25063115651981	9.57750083822244
2.5	9.58140332140714
2.75	9.58152006167646
3.00003817374731	9.58157608846738
3.25	9.58159967153982
3.5	9.58168028565187
3.74996851714834	9.58166153903464
4	9.58164250612765
4.25003123353697	9.58166084813953
4.5	9.58167944640429
4.75	9.58159853502571
4.99996168610982	9.58157486575177
5.25	9.58151921673502
5.5	9.58140524394791
5.74990265389868	9.58134511251994
6	9.58128891654318
6.24952403516596	9.57964735194112
6.5	9.57834493213249
6.74869269233394	9.5752474784851
6.99655623788419	9.56898661005982
7.25	9.56698729810778
7.5	9.56698729810778
7.75	9.56698729810778
8	9.56698729810778
8.25	9.56698729810778
8.5	9.56698729810778
8.75	9.56698729810778
9.00647874850388	9.5672780208208
9.26409347058521	9.56986752097073
9.55304298916299	9.25749091910036
9.54005707701305	9.00661941808444
9.56698729810778	8.75
9.56698729810778	8.5
9.56698729810778	8.25
9.56698729810778	8
9.56698729810778	7.75
9.56698729810778	7.5
9.56698729810778	7.25
9.56698729810778	7
9.56698729810778	6.75
9.56698729810778	6.5
9.56698729810778	6.25
9.56698729810778	6
9.56698729810778	5.75
9.56698729810778	5.5
9.56698729810778	5.25
9.56698729810778	5
9.56698729810778	4.75
9.56698729810778	4.5
9.56698729810778	4.25
9.56698729810778	4
9.56698729810778	3.75
9.56698729810778	3.5
9.56698729810778	3.25
9.56698729810778	3
9.56698729810778	2.75
9.56698729810778	2.5
9.56698729810778	2.25
9.56698729810778	2
9.56698729810778	1.75
9.56698729810778	1.5
9.56076179930269	1.25240137773733
9.55498199209218	0.999470877110437
9.55882181205788	0.744894621957361
4.06621446518852	5.59350878282772
3.99833711674771	5.59766497739779
3.93415719688219	5.59394984821471
4.09642256124138	5.56493275692574
4.09939134598989	5.49793846557404
4.09348215860154	5.43331288090338
4.06405388123646	5.403844995809
3.99738109406424	5.40377413420072
3.93377431364876	5.40634973402788
3.90282301376779	5.43441996051005
3.89935709972226	5.49717755056738
3.90337092666724	5.56528664588573
4.10026961330935	7.49775477841432
4.09816207242002	7.56531129122356
4.09354423356286	7.4329087654038
4.06387805646886	7.40397274423387
4.00172062623277	7.40271887062896
3.93548012095343	7.40482812274243
3.90440825394526	7.43596175631255
3.88877605843583	7.49895472862142
3.90188374871778	7.564386551657
3.93291365678942	7.5947808684354
4.00192569030499	7.5997443836728
4.06703108438695	7.59472018763998
3.93385312573405	4.59388852846402
3.99784812434799	4.59703800927422
4.0640590735733	4.59556380950691
3.9034199293993	4.56524011893702
3.90022042885935	4.49825127235576
3.90612141608207	4.43341337015367
3.93573244396759	4.40425439370659
4.00177920471575	4.40305520809221
4.06371855524234	4.40397969971645
4.09335044362734	4.43306601455951
4.09890305569334	4.50165868638357
4.09370898062083	4.56644561622545
3.99833315625724	3.59774932690849
4.06620946977126	3.59353425290701
3.93409727043304	3.59384147631865
4.09634378151221	3.56486799851734
4.09946679448138	3.49793781546249
4.09355927505329	3.43310019857542
4.06342420731269	3.40362320179316
3.99819036670167	3.3974236064048
3.93284594425352	3.40858609681005
3.90276039696798	3.43572065391512
3.89917683139061	3.50290209655161
3.90323387941289	3.56612972613626
3.93430823581864	2.59399134283161
3.99833728095377	2.5976653558776
4.06625156729843	2.59356182411612
4.09663491107882	2.56589939225204
4.0957237337578	2.50365113252739
4.09529565268215	2.43303437213352
4.06508811183069	2.40310965253237
3.99798454639546	2.39959246633506
3.93299109431364	2.40522873453517
3.90247122075634	2.43475581126802
3.89893719755054	2.5030360490589
3.90371467372156	2.56640435768253
0.461158044588755	9.53884195541124
9.53627252658367	9.53984971729475
9.54007209523991	0.464515552242489
0.464033068704793	0.460518066769454
9.13882701388358	0.653750562126654
8.88441042787005	0.650839743470149
8.625	0.649519052838329
8.375	0.649519052838329
8.125	0.649519052838331
7.875	0.649519052838329
7.625	0.649519052838328
7.375	0.649519052838328
7.12155609597453	0.650306133647881
6.86718436896088	0.643251541112029
6.62170340208614	0.635379034639524
6.37302733062156	0.631514660987896
6.12571755205487	0.629022209376347
5.87490436709087	0.62597869789171
5.62490105674145	0.625905907845533
5.37490576318087	0.6255278101761
5.12493462854407	0.625438304287629
4.8749055938467	0.624431277731649
4.62491853331352	0.624279465253613
4.37495903280357	0.624169515839227
4.12500554741687	0.624115025856234
3.8750056350482	0.624147472611245
3.62531473915668	0.622002979410318
3.375104128783	0.623383629202131
3.12503873972476	0.625219162628687
2.87506532269177	0.625439744837964
2.625096820119	0.625545676086034
2.37860446087651	0.630767648035081
2.13432288723881	0.637386992134477
1.88145731213757	0.646180034349312
1.625	0.649519052838329
1.375	0.649519052838327
1.11482093795167	0.644320393642299
0.866617456440228	0.654198295375787
0.701640120979389	0.86370869529022
0.656245367873554	1.13423709039298
0.654314336740136	1.38149998626329
0.649519052838327	1.625
0.650207868531688	1.87800994767783
0.643506361559328	2.1311727194189
0.638649235855741	2.375
0.638648847025354	2.62500066178131
0.638648398379993	2.8750001030266
0.638648324831767	3.125
0.638648324831766	3.375
0.638648385365165	3.62499989697341
0.638648385099904	3.8750001030266
0.638648324831765	4.125
0.638648324831764	4.375
0.638648385365162	4.6249998969734
0.638648385099902	4.87500010302659
0.638648324831766	5.125
0.638648324831768	5.375
0.638648385365166	5.6249998969734
0.638648385099905	5.8750001030266
0.638648324831766	6.125
0.638648324831764	6.375
0.638648385365163	6.6249998969734
0.638648385099903	6.87500010302659
0.638648359340373	7.125
0.638648872067257	7.37499912543135
0.638649385923249	7.625
0.643506427030965	7.86882739279379
0.650207868531691	8.12199005232217
0.649519052838331	8.375
0.662407647342086	8.62191946415409
0.664801215054235	8.86389823288793
0.691943171437349	9.13385341432816
0.862689930982413	9.34618892011576
1.11621082600973	9.35106750603318
1.375	9.35048094716167
1.625	9.35048094716167
1.8792277697763	9.34951703828963
2.13432331122231	9.36261358836258
2.37860536982412	9.36923425725574
2.62509666356748	9.37445607119076
2.8750654668442	9.37456204316261
3.12513501953815	9.37611778209971
3.37493055835664	9.37626126213213
3.6248453633994	9.37662974545238
3.8748754279636	9.37717249352356
4.12508716109336	9.37822018334232
4.37498650377522	9.37629693207179
4.62494856655813	9.37592676595738
4.87492669728613	9.37569745319462
5.12493477559098	9.37455989793018
5.37490563426819	9.3744704250877
5.6249014504629	9.3740914541247
5.87490474779422	9.37401884566252
6.12344066988047	9.3715267048729
6.3723160346881	9.36866076623001
6.62170370595132	9.36462021014773
6.86718439735651	9.35674844209299
7.12155609597453	9.34969386635212
7.375	9.35048094716167
7.625	9.35048094716167
7.875	9.35048094716167
8.125	9.35048094716167
8.375	9.35048094716167
8.625	9.35048094716167
8.87987450120787	9.35240088964221
9.13407560384262	9.34881517306296
9.29707548134112	9.13083380896451
9.34364664022525	8.86621667011176
9.34744349529373	8.61972931450462
9.35048094716167	8.375
9.35048094716167	8.125
9.35048094716167	7.875
9.35048094716167	7.625
9.35048094716167	7.375
9.35048094716167	7.125
9.35048094716167	6.875
9.35048094716167	6.625
9.35048094716167	6.375
9.35048094716167	6.125
9.35048094716167	5.875
9.35048094716167	5.625
9.35048094716167	5.375
9.35048094716167	5.125
9.35048094716167	4.875
9.35048094716167	4.625
9.35048094716167	4.375
9.35048094716167	4.125
9.35048094716167	3.875
9.35048094716167	3.625
9.35048094716167	3.375
9.35048094716167	3.125
9.35048094716167	2.875
9.35048094716167	2.625
9.35048094716167	2.375
9.35048094716167	2.125
9.35048094716167	1.875
9.35048094716167	1.625
9.33766734430935	1.3795087563693
9.3356530679658	1.13907805462377
9.3104321649005	0.871753949510532
0.64303397904426	0.630759078643232
9.35601379627905	9.3720131598607
9.36457154577335	0.635219775003193
0.636215163805484	9.36378483619452
3.87505555169722	2.46735100787468
4.12494564392772	7.5325574044803
3.87400216337562	7.53325900382737
3.87784920316372	4.46567680606769
3.87490840327751	5.46579817512542
3.87491619035203	6.46580739900901
3.87506551052163	3.46700184289099
4.12378521210596	2.46656384847944
3.87670804833982	6.53292131126028
3.87685094825874	3.53412806136203
3.87670321414396	4.53342949991672
3.87662291469707	5.53292851025987
4.12234919691017	3.53263861492553
4.12143912950117	4.534071725072
4.12404832715568	5.53384405270784
4.12161322102791	6.53424299079063
3.87858431181763	7.46406801276883
4.11986050274309	4.46676983863233
4.11992573904324	6.46680226633224
4.12132281385841	5.46554442681259
4.12150308887885	3.46538306960463
3.87690842969724	2.53723204449417
4.12372355194699	2.53510340405842
4.12136131668813	7.46445199937224
3.96446938227726	7.62224412069232
4.03330910296154	2.37736913647806
3.96466113719622	2.37839822489225
4.03529935960767	7.62150337394011
4.02978900500703	3.37805626846683
4.03259195385245	7.38048808343204
4.03272849985394	5.37994209447948
4.02978784660642	6.37805817973358
4.03247175921949	4.38056688329158
3.96635188664425	3.61915353199157
3.96648309612141	2.61916015419033
3.96634964370437	6.61904799978238
3.96646215660907	5.61914699030661
3.96470641724175	4.61861956368322
4.03477946335931	3.61949723687901
4.03483052237856	2.61935663291028
4.03122594013937	4.61882410545498
4.03222378581667	6.61961849803475
4.03481947662454	5.61934795184908
3.9643824532735	3.38607132745907
3.96762969368471	4.3807223108687
3.96764553991777	7.38055445931703
3.96595081160898	5.38120553586371
3.96438332212841	6.38607094105241
4.1420858590157	6.57608209951289
4.10761891053578	6.61030363273245
4.10657004662381	6.3898084194503
4.14058591277003	6.42425351476706
4.0726503841946	6.64096755340252
3.89094246155607	6.60991977624733
3.92752341389032	6.64132627720459
3.85731587904715	6.57492731847057
3.89136326554279	6.39218054956775
3.85545072621904	6.42577261856944
3.92991837081637	6.36185890004751
4.06843419907456	6.35811681111996
4.10950370847861	5.60981857809479
4.07368322797141	5.64008094738843
3.89065626010909	5.61064834518866
3.92751570047304	5.64130207577814
4.14128027603151	5.57427046853576
4.14081915824403	5.42417930298863
4.10754057993424	5.38694207904065
4.07232554526261	5.35852781367565
3.89011816077902	5.39081136479473
3.92639804445492	5.35971520422624
3.85550503391338	5.42569328357027
3.85653579996403	5.57531977681761
4.14629790235456	7.57458706702276
4.11440300464656	7.6114670525082
4.10747614264848	7.38869569661464
4.13996246938479	7.42303970911451
4.07226356459524	7.35861738037862
3.89187153769126	7.38960740032456
3.92743362056835	7.35884600667741
3.85679088266157	7.42368429919022
3.88434572070538	7.61379755283717
3.85350739669955	7.57579876393834
3.92358874031622	7.64334278475038
4.07696503534976	7.64274029607024
3.89026253203228	4.61019450620769
3.9267851790665	4.6405523873975
4.10748919706987	4.60898679396781
4.07263976360459	4.64106370984622
3.85700604515653	4.57487182762035
3.85752551399494	4.42442394860458
3.89202647482035	4.38934030794227
3.92743914079767	4.35894595607122
4.10769324144839	4.38846754362168
4.07161845616766	4.35796186907972
4.14053055683223	4.42424596127469
4.14094507396539	4.57529960796983
4.10960467544522	3.60992449533123
4.07367819812995	3.64018683929571
3.88964728224815	3.61152052714726
3.92678517906652	3.64055238739746
4.14166401772707	3.57451445928371
4.10843593511797	3.38802349265165
4.1446549780926	3.42152347001688
4.07168917925849	3.35789819591308
3.92990689907667	3.36187583885588
3.89135652243901	3.39221159205783
3.85544922913741	3.42579346253555
3.85650905956517	3.5754991004335
3.89148008091638	2.61003345532612
3.92752581599655	2.64132754832346
4.07369357138272	2.64008518176817
4.10924246820395	2.60942870447055
4.14196281867695	2.57602754585784
4.14589219736208	2.42428868509994
4.11105118255409	2.38836051300521
4.07550003733886	2.35600381082109
3.88841419129175	2.38909045438933
3.9230812098041	2.35718294431224
3.85661464208902	2.42595439546888
3.85724938094965	2.57622474437204
8.76156307677132	0.866312872941145
8.5021683381511	0.860105293060025
8.25	0.866025403784441
8	0.866025403784441
7.75	0.866025403784437
7.5	0.866025403784436
7.24895597374368	0.868208031602275
6.99177304444347	0.862995813825017
6.73757731882294	0.853428980719855
6.49284416521054	0.84376940149382
6.24538150647504	0.838757225499276
5.99868184852925	0.835385114188324
5.74984270676418	0.832034858382259
5.4997107726873	0.831322572283803
5.24967761107643	0.83076770207205
4.99978514030505	0.830353527433422
4.74973057866176	0.830082713894985
4.49977009393006	0.829889961480659
4.24992273079063	0.82966188182952
3.99998525379083	0.829569806168268
3.75003357267144	0.82932640274327
3.50042616693956	0.827200009588305
3.25030968106287	0.829349488429294
3.0006989050072	0.830788614197178
2.75295709504539	0.832993236183108
2.50628043783234	0.837256061027699
2.26215578219471	0.844139995805533
2.01075943810569	0.857892651519803
1.76004502221648	0.864163733386497
1.49838026154596	0.858819103364752
1.23390086013362	0.866904199591639
0.878175237928922	1.26953584118401
0.872362646442775	1.5134952184313
0.867933505379076	1.75091128149434
0.861977823555406	2.01028582376927
0.854359532837957	2.25733500731968
0.85113844335787	2.50000066137913
0.851136301537712	2.75000076373125
0.851135946334021	3.00000011402566
0.851135920492508	3.25
0.851135939672184	3.4999998970363
0.851136152801617	3.75000000022546
0.85113593965794	4.00000010273824
0.851135920479259	4.25
0.851135939658937	4.4999998970363
0.851136152801615	4.75000000022546
0.851135939657937	5.00000010273824
0.851135920479262	5.24999999999999
0.851135939658941	5.4999998970363
0.851136152801619	5.75000000022546
0.85113593965794	6.00000010273825
0.85113592047926	6.25000000000001
0.851135939658938	6.4999998970363
0.8511361528359	6.75000000022546
0.851135951388087	7.00000007340762
0.851136111130678	7.24999912692194
0.851138708516837	7.49999912596103
0.854359699528938	7.74266512356629
0.861977746053618	7.98971428836453
0.867933505379083	8.24908871850566
0.874259559929404	8.49879912621242
0.890132529412618	8.74780001123786
1.23294092517157	9.13197587147224
1.50171426373917	9.13235377774621
1.75731077986533	9.13174163825676
2.01069738676341	9.14030104292467
2.26215756769074	9.15586157487845
2.50628066764209	9.16274725185646
2.7529530635129	9.16730799422078
3.00083595161795	9.17104996504697
3.25009105307642	9.17086364577362
3.49972655544827	9.17141774583923
3.74955315687831	9.17239288505016
3.99986718985884	9.17372109857416
4.24987672446321	9.17101722198513
4.49983576587255	9.17058388432385
4.74979801711771	9.17024374699619
4.99978979540048	9.16985337542545
5.24969207808038	9.16936807490882
5.49971710051082	9.16870813393079
5.74984324308309	9.16796059447942
5.9979057619247	9.16489002937315
6.24519282543656	9.16124653488554
6.49284541740632	9.15622854355597
6.73757812563795	9.14657076817319
6.99322805094395	9.13897722642166
7.24895597374368	9.13179196839773
7.5	9.13397459621556
7.75	9.13397459621556
8	9.13397459621556
8.25	9.13397459621556
8.50640302731279	9.13876425729094
8.75976556841994	9.13409990556504
9.12184584641207	8.73055245307155
9.13180636447912	8.49187826909243
9.13397459621556	8.25
9.13397459621556	8
9.13397459621556	7.75
9.13397459621556	7.5
9.13397459621556	7.25
9.13397459621556	7
9.13397459621556	6.75
9.13397459621556	6.5
9.13397459621556	6.25
9.13397459621556	6
9.13397459621556	5.75
9.13397459621556	5.5
9.13397459621556	5.25
9.13397459621556	5
9.13397459621556	4.75
9.13397459621556	4.5
9.13397459621556	4.25
9.13397459621556	4
9.13397459621556	3.75
9.13397459621556	3.5
9.13397459621556	3.25
9.13397459621556	3
9.13397459621556	2.75
9.13397459621556	2.5
9.13397459621556	2.25
9.13397459621556	2
9.13397459621556	1.75
9.12744013851413	1.50132473271609
9.10978697336966	1.25280714677137
9.01464216906182	9.14625776128864
9.03515661481918	0.864425939072229
0.987923746167126	0.849396418844879
0.968767514185549	9.14547670562168
4.00055536959929	7.65064373514033
3.99932505684452	2.34921004345895
4.15083128642051	2.50224962567206
4.15340643902998	7.49806066353736
3.84869558627159	2.50194111781271
3.84676045267811	7.49974648617006
3.99996742976802	7.35707647050191
3.99952259635454	5.35411176309456
3.99984842229659	4.3578810959823
3.99976821685833	6.64534646748248
4.00023636981287	5.64546968361975
4.0004105133633	4.64070026243247
4.00012271913381	3.6460048594234
4.00023769940244	2.64547164847018
3.84975597956765	6.49936554080656
3.84967070300209	3.50101311022077
3.84952798793822	5.4994299311287
3.8491132047144	4.49985373342775
4.14877509246987	6.50010314546934
4.14906822625802	3.49949591645419
4.14847133930446	4.50001284015
4.1485339763922	5.49933547416344
4.15980554328102	6.62459614865939
4.11526688381901	6.6627040154926
4.15843980712435	6.37500798864426
4.1140874088766	6.33615147009376
3.8834541918056	6.66333056040527
3.83961175436351	6.62557137144047
3.88400402377976	6.33895607141825
3.83770687818184	6.37538349540555
4.11588016984624	5.66229752047946
4.15917823071062	5.62400092265357
3.83944324459615	5.62552080606365
3.88301791734466	5.66782222164195
4.15852553288443	5.37514480729441
4.11567039217551	5.33463378280892
3.88447722713871	5.33817749456029
3.83792538318095	5.37517937450212
4.16765189066215	7.62682450277045
4.12143042050479	7.66513915596179
4.11578299873535	7.33502940601667
4.16018404907496	7.37619438414876
3.8845025222434	7.3371857430955
3.83968720241938	7.37456841922445
3.8786455808018	7.66626433719829
3.83349716446407	7.6272809802036
3.83936429481435	4.62600879090118
3.88440638205347	4.66562165639582
4.15899649392663	4.62414183262606
4.11573455909071	4.66239219684098
3.83916613651134	4.37449179927085
3.88466584829727	4.33737896984571
4.11636765098858	4.33579972254851
4.15879710152799	4.37520372285937
4.15926284921343	3.62413002581009
4.11587768425747	3.66237271029984
3.88468304757136	3.66547495584425
3.83970617166393	3.62528376967568
4.11673663951261	3.3347565334309
4.16039812045488	3.37502926313345
3.88475635540815	3.33877850163369
3.83787611317878	3.37539499026397
3.88300736317629	2.6646496020422
3.83932681700083	2.62336286495307
4.11578886804128	2.66246448548552
4.16031983001306	2.62298271262297
4.16757719787531	2.37233678660735
4.12216407246201	2.33412974326468
3.83326908630101	2.37023802561587
3.87807224595813	2.33409020625736
8.89683619028049	1.10176868241881
8.62192507851128	1.06015335336083
8.37726105630184	1.09161436748567
8.13353180549108	1.09716926147464
7.87499999999999	1.08253175473055
7.625	1.08253175473055
7.37636502519672	1.08416228767396
7.11476322481884	1.08415747723533
6.85910991863247	1.07627979190213
6.60677594815533	1.06230142942054
6.36217431394339	1.05316077706362
6.11847617498035	1.04669198745619
5.87245957036661	1.04248689104914
5.62452096374825	1.03740257706602
5.37417734090792	1.03631302012017
5.12445912436269	1.03552158869063
4.87463445733623	1.03478267438293
4.62418948676751	1.03451168328905
4.37441454634422	1.03439353490758
4.12485646580871	1.03362049889754
3.87497381188593	1.03338300105402
3.62517526849275	1.0328912436021
3.37601668974975	1.03160659762676
3.126042716395	1.03546584316038
2.87874614333161	1.0378452938255
2.63306440374164	1.04282911326602
2.39013074514902	1.0503775304668
2.1413607221529	1.06816664425047
1.88562478534132	1.08369589414052
1.63379407760758	1.08805418232492
1.37048620846532	1.06981399543101
1.10313756907814	1.10435501072092
1.08253175473055	1.37500000000001
1.0932696263701	1.62797912214162
1.09356754402076	1.87573454045761
1.07848103126766	2.13212552399787
1.06543667272322	2.38149100298506
1.06345621349284	2.62500253154954
1.06345488703677	2.87500074054488
1.06345457374153	3.12500007895938
1.06345457153044	3.37499993222933
1.06345470974162	3.62499976762553
1.06345470906021	3.8750002324993
1.06345457159234	4.1250000676571
1.06345457151442	4.37499993222933
1.06345470973222	4.62499976761428
1.06345470905742	4.8750002324993
1.06345457159234	5.12500006765709
1.06345457151442	5.37499993222933
1.06345470973222	5.62499976761428
1.06345470905742	5.8750002324993
1.06345457159943	6.1250000676571
1.06345457152151	6.37499993222933
1.06345470975645	6.62499976758516
1.06345471182501	6.87500020790101
1.06345478573515	7.12499946449888
1.06345626201517	7.37499692054528
1.06543706764776	7.6185090440524
1.07866133848482	7.86848530735628
1.09656090576132	8.12669053007826
1.09371025990355	8.37440735376014
1.08479509321227	8.6305590762787
1.10184686727036	8.90970205219227
1.38833103361686	8.92080757083248
1.63415237461313	8.90656832319028
1.88883547645301	8.91373809677354
2.14325102897907	8.93083432442233
2.39013324886263	8.94962625888123
2.63306492260684	8.95717712555409
2.87863834427661	8.96263315691223
3.12582134617729	8.96702076230769
3.37496496648596	8.96754828105147
3.62393809406438	8.96892903129278
3.8737398034712	8.97176627782293
4.12468596280385	8.96701942230343
4.37458457767174	8.96675069999425
4.62451103787676	8.96640970531208
4.87456516980374	8.96562931586389
5.12446438059645	8.96496023878421
5.37417170192133	8.9637863528466
5.62452064470376	8.96258925738196
5.87246027224743	8.95750685025046
6.11835519213962	8.95320596907224
6.36217626287833	8.94683591950271
6.60677854558907	8.93769762408919
6.85954096859465	8.92487806984422
7.11427992151062	8.91568345939251
7.37636502519672	8.91583771232604
7.625	8.91746824526945
7.875	8.91746824526945
8.13866771694586	8.9021641978208
8.38518342723456	8.90933276331048
8.63033232401382	8.93673999094449
8.90383562043395	8.8955852070528
8.92553473207344	8.62390139826575
8.90981904296792	8.38135243334496
8.90369934458244	8.13432252253031
8.91746824526945	7.875
8.91746824526945	7.625
8.91746824526945	7.375
8.91746824526945	7.125
8.91746824526945	6.875
8.91746824526945	6.625
8.91746824526945	6.375
8.91746824526945	6.125
8.91746824526945	5.875
8.91746824526945	5.625
8.91746824526945	5.375
8.91746824526945	5.125
8.91746824526945	4.875
8.91746824526945	4.625
8.91746824526945	4.375
8.91746824526945	4.125
8.91746824526945	3.875
8.91746824526945	3.625
8.91746824526945	3.375
8.91746824526945	3.125
8.91746824526945	2.875
8.91746824526945	2.625
8.91746824526945	2.375
8.91746824526945	2.125
8.90134342552967	1.86289341347506
8.90962191571668	1.61959349078783
8.91746824526945	1.375
3.82340773614202	2.46332335965251
3.82248717548	7.53929814995973
4.17816770475805	7.53585172595522
4.17749651005296	2.46339847272026
4.16902835747997	6.5374385906745
4.17050549258811	4.53881163826193
4.17034279957136	5.53837121813726
4.17135219500735	3.4608917657437
4.17082864889621	3.53816834342266
4.17022449531085	6.46131939552071
4.17023471095723	5.46103199290874
4.16996241550748	4.46128100096157
3.82598014563027	6.53897960709127
3.82666707470998	4.53897832745763
3.82559648050865	5.53888638382628
3.82502745872549	3.5393053150241
3.82072412515914	3.46113914767666
3.82528364576396	4.46068381190842
3.82059587453763	5.46118745728669
3.82067276568429	6.4610851785385
3.96060964161805	7.66476645277857
4.0393903583819	2.33523354722146
3.96014339797791	2.33553571162874
4.03985660202208	7.66446428837134
3.83624701163494	2.540191419344
3.82504668934974	7.46033385384523
4.16597801309404	2.54038649793262
4.03199965744829	3.33840160867795
4.03614298864078	7.33855022943522
4.03614298864078	5.33855022943522
4.02523264149512	6.33850259618107
4.03614298864078	4.33855022943523
3.96387157240211	3.66144817858696
3.96387157240211	2.66144817858696
3.96614298364352	4.66175854432393
3.9638715724021	5.66144817858702
3.9638715724021	6.66144817858702
4.16535949900385	7.45964261526687
4.03659625913079	2.66118948481204
4.03659625913079	3.66118948481204
4.0365962591308	6.66118948481209
4.0365962591308	5.66118948481209
4.0365962591308	4.66118948481209
3.96342014221997	4.3388124959879
3.96342014221997	7.3388124959879
3.96342014221997	5.3388124959879
9.13808208735472	8.95275863569735
9.13730029411466	1.04645640414896
0.86880694688765	1.05223016196514
0.864834960879721	8.95743198889988
4.17364602993337	6.68255741071851
4.173014395492	6.3170792125236
3.82610422969809	6.68376556048739
3.82493630229417	6.31659615017722
4.17426557810983	5.68216895237067
3.82626945011988	5.68437690361348
4.17374470126462	5.31733448523602
3.82530397349122	5.31666212074305
4.18413455774116	7.6882846822511
4.17407273002258	7.31700899130476
3.82594961343992	7.31637887748768
3.8158959235895	7.68890991873573
3.82718330518576	4.68424773621861
4.17411412235068	4.68213738084379
3.82582723781723	4.31632780961969
4.1743428675674	4.31733326737679
4.17421012836674	3.68221145876748
3.82710119280595	3.68393234310813
4.17393340233861	3.31621894928048
3.82535491391533	3.3167854024807
3.82638258692179	2.68220082517754
4.17446339206511	2.6817152960354
4.18568372783177	2.31185300846427
3.81587798915126	2.31131435895903
8.26804146495227	1.32706464600508
8.00632508503756	1.30896114066627
7.74999999999999	1.29903810567665
7.50209768431476	1.29914222207141
7.24173965073473	1.30592843058987
6.98075875715078	1.30109678985644
6.72545721715713	1.28753716739041
6.47649146837871	1.27137197481045
6.23773116403571	1.26057801508192
5.99086782428131	1.25526943999351
5.74536748275197	1.24716318395086
5.49711482486943	1.24206069747976
5.24860854677458	1.23989547303942
4.99896291909384	1.23884918928433
4.74923190376238	1.23696069603388
4.4970664936171	1.23905721980647
4.24880325057092	1.23738068773982
3.99978319384351	1.23530591503215
3.74993199542631	1.23525514989782
3.50069440621243	1.23358043998964
3.25268648978282	1.23805300614165
3.0044369603477	1.24137511285977
2.75963681154311	1.24655363889691
2.51808368769778	1.25534843763744
2.27233178623384	1.2739061631025
2.01285369902749	1.29733874617892
1.75662531396891	1.32204200539871
1.31134189310587	1.48921451051814
1.32980877880389	1.74556515159783
1.30648136351246	2.0103825464323
1.28931188118489	2.26221571602099
1.27757842140488	2.5049801521144
1.27565564191039	2.75000276195168
1.27565444803454	3.00000067567747
1.2756543447401	3.25000000747113
1.27544951293137	3.49999973272712
1.27565512596168	3.75000000064079
1.27565441063624	4.00000026676088
1.27565434478159	4.25000000000936
1.27544951289668	4.49999973271587
1.2756551259568	4.75000000062956
1.27565441063484	5.0000002667585
1.27565434478159	5.25000000000934
1.27544951289668	5.49999973271587
1.2756551259568	5.75000000062956
1.27565441063836	6.00000026675249
1.27565434478867	6.25000000000936
1.27544951290766	6.49999973268678
1.27565512481625	6.74999998598729
1.27565437315437	6.99999977346494
1.27565495377592	7.24999693944621
1.27757895128164	7.49501929599441
1.28824088997063	7.73859319155415
1.30679199905887	7.98926796779218
1.33621076507067	8.25807507770794
1.31770837898869	8.50117610742706
1.76680835381575	8.66821660822742
2.02768850703754	8.70050554915698
2.27742607165242	8.72586204596071
2.51808731733133	8.74465784469771
2.7596368202779	8.75345406434458
3.00429449182133	8.75965217544349
3.25092353042277	8.76527548901343
3.49915390057784	8.76578800122826
3.74614606702884	8.77151315434197
3.99865891687319	8.76640560341116
4.24880120472864	8.76510885959182
4.49876474676865	8.7641588064656
4.74901389817777	8.76334942141831
4.99902706464432	8.76296715814746
5.24832658323193	8.76045922912275
5.49725443079795	8.75792280068189
5.74536830339764	8.7528268393149
5.9908716024688	8.74472401098603
6.23773319114532	8.73941723096472
6.47649580757094	8.72862553182266
6.72506223983176	8.71253277893419
6.97859906052375	8.69903009289537
7.24013836530173	8.69324020538739
7.50209768431475	8.70085777792859
7.75	8.70096189432334
8.00829317522321	8.69082195503416
8.27363674887486	8.67121590170911
8.69130302272825	8.51526677031318
8.67162246664149	8.27394752150471
8.69625584576502	8.00978896755592
8.70096189432334	7.75
8.70096189432335	7.5
8.70096189432334	7.25000000000001
8.70096189432334	7
8.70096189432334	6.75
8.70096189432334	6.5
8.70096189432334	6.25
8.70096189432334	6
8.70096189432334	5.75
8.70096189432334	5.5
8.70096189432334	5.25
8.70096189432334	5
8.70096189432334	4.75
8.70096189432334	4.5
8.70096189432334	4.25
8.70096189432334	4
8.70096189432334	3.75
8.70096189432334	3.5
8.70096189432334	3.25
8.70096189432334	3
8.70096189432334	2.75
8.70096189432334	2.5
8.70096189432334	2.25
8.69554693018341	1.99152151430575
8.66987943144811	1.72478748418193
8.6877184687669	1.48239379066011
1.49457607846326	1.3044785544717
1.50505595822972	8.67977514917168
8.5	1.29903810567665
8.51063391025705	8.69422065775281
3.79720984779585	2.41429518343915
3.79029230588344	7.58499484132485
4.20987293076961	7.58383202144361
4.21045889143139	2.41227347783596
4.06894681060037	2.29762567184656
4.06876627551419	7.70056785265669
3.93232405492958	7.7009996402328
3.93022971509229	2.29927950794231
4.20118130765171	6.58588647425068
4.20162093762533	3.41659080353522
4.19508234772311	6.41600325195402
4.19536298860775	4.58344818150085
4.19538811321399	5.58343689985484
4.19529756988683	3.58350477611928
4.19476891805106	5.41607623628245
4.19476903794922	4.41607616412687
3.79511422002201	5.41536254026192
3.79742832842264	4.41519749697942
3.79502798103213	6.41532577786169
3.79496545982863	3.41539266829552
3.79678253486779	5.58398969401963
3.79714401099656	4.58515539070198
3.79660286610141	3.58421373515912
3.80024841446275	6.58476697550872
3.79777424129553	7.41437070524382
4.06293155539993	2.69548993716448
4.06261761277757	6.69580972634976
3.80091807632709	2.57606368759803
4.06159421194588	6.30302534970308
4.06253829344462	5.30349301562427
4.06504729974264	4.30172204498094
4.06217700701173	7.3029868892267
4.06631990673282	3.30220420129308
4.06380811128344	5.69477316337622
4.06380983245633	4.6952044597181
4.06383402089485	3.69508562590552
3.93760497549273	2.69379216454221
3.93281148096933	6.69392307248305
3.938293925256	5.69669561822614
3.93827458526031	4.69654414640685
3.93824445548932	3.69652395113202
3.93639240887694	7.30493770453901
3.93758448387244	3.31104315809171
3.93636527907357	5.3050804903573
3.93750359765377	6.30968481193864
3.9367098520391	4.30609976571793
4.19758888403046	2.57715384892538
4.19815021671112	7.4224683872861
3.99886502718137	6.29804160926467
3.99909577174066	4.29942255114636
3.99961051943926	7.29718786919525
3.99961051943926	5.29718786919525
4.00079929420628	3.29865909620224
3.99889073542183	6.70007881683807
4.00040039395728	4.7028120733347
4.00097943085836	5.70057707016521
4.00040039395729	3.70281207333461
4.0009860610058	2.70058554764339
4.20498079280186	6.49986484766309
4.20499156755457	3.49962326454485
4.2037191870278	5.4997315171381
4.2041824167298	4.49986008368101
3.78607870460055	7.49916093762841
3.78938318962235	2.51331040900498
4.21222637644784	7.48650761431015
4.21172783059426	2.51336900680895
3.99855174817467	2.28714211406137
4.00149430071993	7.71285917153722
3.7910900656739	6.50055645818144
3.79109006852149	3.5005564751873
3.79071146823143	5.50080626290874
3.78910726418556	4.50005171358598
1.2703389053717	1.26849266668626
8.72564194207554	1.2640139563414
8.72989822397588	8.7332927890023
1.28132152722892	8.72729099595838
8.13452867084711	1.54733735707211
7.87807343903658	1.52838074166327
7.62613931478626	1.51450651843875
7.36811039407698	1.52801340559439
7.10426808951213	1.52841999779971
6.8414902422967	1.51585519969153
6.59153851057433	1.49646524220465
6.34759144690207	1.47655266521414
6.10976386372148	1.46884301546901
5.86115986438945	1.46193499616209
5.61770599949495	1.44843120074916
5.37070710323291	1.44421521988006
5.12227194542182	1.44169852086858
4.87209606319327	1.44009389391887
4.62358858070604	1.44012714593075
4.36960814369913	1.44503662908809
4.12429481026056	1.43762383216397
3.87453940790537	1.43601163439495
3.6242942953138	1.43330161800626
3.37596808970924	1.43953858009533
3.13022254024224	1.4430296726639
2.88601049929799	1.44935955198762
2.64643318499553	1.45894513233341
2.4046312754186	1.48479615181815
2.16634833295694	1.50121851857878
1.89592261042899	1.53926375130655
1.55482606935453	1.88204255512382
1.51196764586285	2.14839439064834
1.50411145527622	2.39046423812127
1.49053438839669	2.62917014255241
1.48744302631796	2.87500273021725
1.48744385218377	3.12500042908123
1.48730864758887	3.37517336833664
1.48730909340181	3.62482570706267
1.48744392659545	3.87500073969288
1.48744387596429	4.12500018917447
1.48730864837594	4.37517336466014
1.48730909337717	4.62482570702619
1.48744392659665	4.87500073968313
1.48744387596384	5.12500018917208
1.48730864837595	5.37517336466012
1.48730909337718	5.62482570702618
1.48744392659778	5.87500073967714
1.48744387596084	6.12500018916608
1.48730864839425	6.37517336464231
1.48730909127884	6.62482570065697
1.48744385660978	6.87500051650184
1.4874429434157	7.12499786457464
1.49053417427038	7.37082836813803
1.49706146593822	7.61133312356938
1.51279237913304	7.8534747591443
1.55733442332175	8.11883685458416
1.8985128429545	8.4612842798863
2.17085823002838	8.497255092592
2.41059869902313	8.52135339335649
2.64643622570922	8.54106503239858
2.8860107041423	8.55065513549416
3.13025647790297	8.55975519688952
3.37576778789093	8.56519951209672
3.62233028248131	8.56523556405812
3.86742605407394	8.57350038308548
4.12136205613178	8.56721682036138
4.37172436393275	8.56443592679878
4.6226080497789	8.56270366917012
4.87334501204796	8.56324855816773
5.12300003790632	8.55916791570991
5.37102116293396	8.55596025855081
5.61770665170766	8.55155608017029
5.86116512177641	8.5380546836784
6.10976823566804	8.53114983330376
6.34759665992469	8.52344247107277
6.59165762938907	8.50379634271873
6.84163974707721	8.48404729414742
7.10403976034455	8.4704168174594
7.36762155939712	8.47198086662092
7.62613931478627	8.48549348156124
7.87739516480684	8.47239759269465
8.13613067263277	8.45372068766374
8.47913391731479	8.14041118499975
8.49539370168966	7.88318208485231
8.48431679617755	7.63420141749951
8.48338409260912	7.38215758433951
8.48445554337723	7.12500000000001
8.48445554337723	6.875
8.48445554337723	6.625
8.48445554337723	6.37499999999999
8.48445554337724	6.125
8.48445554337723	5.875
8.48445554337723	5.625
8.48445554337723	5.375
8.48445554337723	5.125
8.48445554337723	4.875
8.48445554337723	4.625
8.48445554337723	4.375
8.48445554337723	4.125
8.48445554337723	3.875
8.48445554337723	3.625
8.48445554337723	3.375
8.48445554337723	3.125
8.48445554337724	2.875
8.48328906042859	2.6201842172678
8.48264931043007	2.36406535164889
8.49577894933111	2.1214173777978
8.4766906806259	1.86977860594776
4.06270762431923	2.23201072093032
4.06260091299021	7.76271720303578
3.9388056216217	7.7635610679573
3.93974426606818	2.23294105342375
4.04065542653216	2.76176091329301
4.04221109056804	6.76018436197589
3.74035660281649	2.56910392311375
4.039992915143	6.23766302016479
4.04167097506056	5.23790567990848
4.04262684574552	4.23673285420958
4.03854373396049	7.23603546115119
4.04171288995578	3.23868787325037
4.0475770835207	5.75550520637463
4.0475770835207	4.75550520637463
4.04757708352068	3.75550520637451
3.95637611843191	2.75078423205334
3.95325280850422	6.75576535661404
3.96166623818693	5.76374615556584
3.96150356665029	4.7635389875825
3.96150170929337	3.76353660517559
3.95249226524095	7.24454178551946
3.96020009880115	3.2518510509248
3.95711727390393	5.24766537877617
3.95686066392572	6.24294867382265
3.95593825544962	4.24648362500833
4.26285390621312	2.56717168319186
4.26402784560799	7.43168012397502
4.2211306167774	6.36321348497077
4.1157387217922	5.27278787743019
4.11776658136262	4.27314916957311
4.11275741980439	6.27270904991001
4.22083759838144	5.63547822830973
4.22071756243317	4.63548936851123
4.2214711116897	3.63621860281693
4.11767295626101	4.7253590333471
4.11766822161474	5.72535769729454
4.11767803797586	3.7254353414136
4.22050598691027	4.36410210122124
4.22042105669171	5.3641088222339
4.11980651678794	3.26663624993109
4.11824089001663	7.2656007407392
4.11609353390201	6.72589755958921
4.11600700534952	2.72601885889447
3.88730401218977	4.72757121535396
3.88042961186336	5.73405143082238
3.88730401024866	3.72757121265514
3.88090547381263	6.72628522301719
3.88356895253124	6.27376365367468
3.88457111777227	5.27440233778254
3.88424006816207	4.27463817323511
3.88462840940341	3.27383221406947
3.88642963504884	2.72488848982626
3.88291915832137	7.27478720970482
4.22268070147319	6.63660385007023
4.22486300104609	3.36256113138391
3.77366748367739	3.36152024015335
3.77331945608085	5.36153754877265
3.77555176864967	4.36058875677614
3.77340952766664	6.36126943364504
3.77717744348852	7.36004367760811
3.77711996014407	6.63964404769122
3.77808180168602	4.63996241757545
3.77690954806016	5.63864978757201
3.77728726101947	3.63886333970267
3.77534467195641	2.63152867537968
4.22527945072685	2.63068539660335
4.22463368674195	7.36824612487049
4.23444481644447	7.64009752937051
4.23547770354658	2.35864342054289
3.76616898143204	7.64017676760609
3.767046677638	2.35913276903959
4.12822225394992	7.73405347115716
4.13006653788437	2.26479137871019
3.87239526937879	2.26383085334352
3.87273544035942	7.73470624021743
1.59689290650904	8.41566099419338
1.59235845333985	1.58206222103634
3.76728415644925	2.4603885630675
3.76502560220584	7.53959459185692
4.23873115045819	7.5373074655712
4.22006676684206	6.54251050240774
4.23588444103406	2.46176963633841
8.42234155734944	1.57671326504793
8.42256325997615	8.42262698473526
4.21970213380867	3.45693555260795
4.21923454163922	5.54223187164896
4.21923451066009	4.54223187112519
3.767063454335	3.46049279776763
3.76912124994872	4.45834278252703
3.76682414663083	5.46035002416267
3.76685802808712	6.46032173640701
4.21916223276199	3.54239995392267
4.21884407194023	4.4571235988574
4.2188440421882	5.45712359904987
4.21900702058011	6.45699621494794
3.7679044420892	6.54124131632222
3.77543333542429	4.54236764863382
3.7682576025792	5.54198240886258
3.76748952839707	3.54247431307548
3.7717833832097	7.45671246658842
4.24349457879348	6.70161650445712
4.1901471771053	6.7582610872323
4.24691387430559	6.29557436012809
4.18815830878854	6.24453247114348
3.7566265909682	6.71068912265772
3.81383943498375	6.75864105312368
3.75561530698922	6.29100201881157
3.81422814767347	6.24119178351724
4.24703518520052	5.70326564979992
4.18834165713858	5.75529727589515
3.755115341492	5.70970861584162
3.81295964015158	5.75878562363549
4.24730403160699	5.29661683522512
4.18935728484647	5.24388083920985
3.75513859731862	5.29131386826041
3.81427264391264	5.24226799248539
4.26296591895019	7.71139786948667
4.20491758614486	7.76919275747081
4.18720022302397	7.24053161868309
4.24961485285272	7.298974679553
3.812828984014	7.24274550010066
3.75749898785799	7.28918238200447
3.79520864472427	7.77685414587918
3.73693252301951	7.71566142770042
3.75953581474017	4.71085999530809
3.81436141935187	4.75802384725537
4.24634610237596	4.70275274178314
4.18801298970468	4.7552610069283
3.81424962796595	4.24145135468533
3.75217526940874	4.29088688194333
4.24741496497919	4.29659788551059
4.18979965866931	4.24386880008814
4.24682730577713	3.70365572181719
4.1882937365308	3.75537967509362
3.7562271921942	3.7115707741674
3.81396716303982	3.75789028749982
4.18656113015999	3.24031212014398
4.24679748671541	3.29369383504301
3.81237485724339	3.24289589168647
3.75271744418958	3.28885446871781
3.74901953377507	2.70129113399599
3.81322261919501	2.75600175639923
4.18960949455083	2.75531232722571
4.2504652788381	2.69930758811468
4.20554021778538	2.22929045684257
4.26435305888902	2.28491848631073
3.79600141203104	2.2283279952424
3.73747506867017	2.28616282006143
7.99165114549158	1.76865339798094
7.75071662137881	1.73953812633844
7.50191810590346	1.74755641428141
7.22349801617841	1.76028193257205
6.97117294542849	1.76687875815199
6.70171625013919	1.72559787484164
6.46034906190304	1.70616676705666
6.21903563408965	1.68710639601907
5.97961365208655	1.67585293473929
5.72779280257825	1.66503776485659
5.49156752963473	1.64899759096014
5.24423873417954	1.64546483567971
4.99494089381275	1.64193566947389
4.73917751288044	1.63733337394482
4.48894782545267	1.64528082782823
4.23215135463436	1.66568367377859
4.00000644513203	1.63399379310926
3.74627298977429	1.63159350672365
3.50090261468456	1.64397083692205
3.25615416092432	1.64235682660292
3.01351953873747	1.65068968764057
2.77451443931732	1.66141346637494
2.54238645132475	1.67799552487002
2.31204629064223	1.71143241822756
2.0689885642893	1.73113574708216
1.75373930465718	2.0394554278274
1.723570462899	2.27810084070007
1.70713044059373	2.51624847686204
1.70010396224613	2.75474122556231
1.69901966765897	3.00000088070852
1.69899969804014	3.25020126944249
1.6985966344168	3.49999916039569
1.69900035702589	3.74979916755516
1.69904878454379	4.00000050728897
1.6989997351031	4.25020116700659
1.69859663514587	4.49999915922617
1.69900035702257	4.74979916751019
1.69904878454495	5.0000005072843
1.69899973510313	5.25020116700501
1.69859663514588	5.49999915922616
1.69900035702251	5.74979916750624
1.699048784544	6.0000005072818
1.69899973510947	6.25020116697509
1.69859663343503	6.49999915782401
1.6990002982987	6.74979911007549
1.69904734216761	6.99999996348831
1.70013348416633	7.24525804427004
1.70797164109492	7.48385794539623
1.72251170069157	7.72140358461954
1.74886617644777	7.95791791803767
2.05981859016749	8.26813852662407
2.31028930369345	8.29583212318256
2.54444555045164	8.32012782358867
2.77453307993473	8.33827402758036
3.01331894044261	8.35490718008957
3.2570926367038	8.36394744247597
3.50136357186974	8.36320005302821
3.74023094175206	8.37094710408399
3.98473855713225	8.38133655094851
4.23750578084717	8.37334124934279
4.49436321491114	8.36297396739529
4.74786462043547	8.36676013187718
4.99763198793462	8.35830964040567
5.24528030376638	8.35482975882125
5.49157422507124	8.35098155998955
5.72779795909617	8.3349491599302
5.9796210636175	8.32413598640731
6.218823431291	8.31366675036938
6.46045629823659	8.29505268679626
6.701927052723	8.27469159606852
6.9653419405487	8.24413711083591
7.22398984824148	8.23846219045873
7.49757131116307	8.25261040854603
7.74429363899925	8.25896088633451
7.99259168325724	8.23844757291043
8.30081716554604	7.99398887507528
8.26378995373391	7.77664111390947
8.2645058873782	7.5262988416841
8.27015946638177	7.25901182905718
8.26794919243111	7.00000000000001
8.26794919243112	6.75
8.26794919243112	6.5
8.26794919243113	6.24999999999999
8.26794919243113	6.00000000000001
8.26794919243112	5.75
8.26794919243112	5.5
8.26794919243112	5.25
8.26794919243113	5
8.26794919243112	4.75
8.26794919243112	4.5
8.26794919243113	4.25
8.26794919243112	4
8.26794919243112	3.75
8.26794919243113	3.5
8.26794919243112	3.25
8.26794919243113	3
8.26711907722957	2.74494473411642
8.26532448877168	2.48806508192876
8.26070760281764	2.23035072151778
8.30419419874475	2.00415755782352
4.13127332135782	2.17984194265022
4.12982049072751	7.81354857990409
3.87137710703323	7.81715630592985
3.8725483670325	2.17948971166906
4.12022852288443	2.79976993014688
4.12076103312013	6.79945766583612
3.69468538883925	2.63183683880089
4.12117029669329	6.20232176329152
4.12277248596207	5.20025910080147
4.12315506387366	4.20031620668805
4.11638003716601	7.19246558445793
4.11621052123533	3.19292192193169
4.11569831585118	5.80037558612905
4.11569928620942	4.80037584717522
4.11570297970026	3.80040099773669
3.88745672091179	2.79787771272781
3.88704023579292	6.7990522229764
3.88234138935814	5.80644590971183
3.88174010183609	4.80223577941385
3.88174010054614	3.80223577793872
3.88291587383152	7.20141834144383
3.88738356567873	3.20352418793097
3.88795961636052	5.20012789637308
3.88772743797239	6.19724688915048
3.88755175937977	4.19902001195572
4.3068032414109	2.63190495898898
4.30663741840631	7.3664424717994
3.71894219363817	3.41793264015905
3.71931855867795	5.41825796602591
3.72344012558317	4.41655693324977
3.71931855944944	6.41825794861371
3.72752460683722	7.41617895174479
3.72426364693249	6.58375894711127
3.72913693907213	4.58355664333186
3.72476801755316	5.58389215370097
3.7245989967342	3.58442949235721
4.28672331191473	7.58218213467219
4.28933325391376	2.41626724881562
3.71539906789928	7.58249380214675
3.71735823350014	2.41598000689489
3.71911954754399	7.5004500770564
4.27854160418197	6.50077629724123
4.28001649824371	3.49967596601476
4.27631571193888	5.498446975512
4.27748872032366	4.49926147549766
3.71719376608818	3.50202310707935
3.72039207688466	4.50075203064704
3.71684415140309	5.50138217149117
3.71701572349463	6.50118494323353
8.22834752822333	8.21039501532143
8.22794337909619	1.79032486792116
4.28884854870924	2.4959756031054
4.28996143264627	7.50225914176269
3.71823623513435	2.49497658317882
4.26142754986345	4.57707844104977
4.26168601176637	5.57683152743332
4.2606628271171	5.42110724098875
4.26101533297766	4.42133979424723
4.26040676969519	3.58021076801274
4.26026771280401	6.41931951280788
1.8091312449534	1.78169636882152
1.80265394619573	8.21555081506334
4.26226075171032	3.42078024471254
4.26202328017124	6.57898110106066
4.00003881843949	7.78181609713008
4.00148293135482	2.20980410704538
4.28014807464765	6.78049511484052
4.20298926118034	6.83865255184726
4.27138149122189	6.21185256388304
4.1985109480294	6.15662375659216
3.72889750174352	6.78870834778631
3.80410907922483	6.84327841979653
3.73023828937221	6.21125493369834
3.8103003024291	6.1516484317473
4.27112967602734	5.78737062849871
4.19694397788	5.84332620574849
3.73035958493469	5.78583847572633
3.80201267772638	5.84364363088084
4.27167525346793	5.21388328842517
4.19935113823093	5.15724035576676
3.72881786828283	5.21303122864014
3.80664263548664	5.15403909474237
4.30257398289274	7.80559570612251
4.21808069462212	7.87144751860263
4.27221458741277	7.21107098073198
4.19221567125431	7.14959375339511
4.34480269168547	7.28188343838667
3.80359342032695	7.15663573061161
3.72866808049428	7.21277688523824
3.78131174738268	7.87272995584343
3.69915262885515	7.80158378833058
3.73116881391722	4.78604423614872
3.80191567902833	4.84358883065505
4.26894963015849	4.7906066501138
4.19692381316135	4.84335789174964
3.72967450688355	4.21142010016122
3.81004669592428	4.15262079621064
4.27159156995204	4.21387959150459
4.19929668714621	4.15724547219629
4.27087192876147	3.78758495571359
4.19685295707081	3.84335177338297
3.73115826659969	3.78604164444183
3.80188403673675	3.84352806464507
4.27009950361886	3.20991704986406
4.19238824365061	3.15117309667139
3.80417515234979	3.1579888449646
3.7276330215976	3.21276311890737
3.72538308829611	2.78567428325186
3.6574267862338	2.71619408967742
3.80458785281316	2.84296587648592
4.2735682302048	2.78462262859227
4.19966717436398	2.84151401778779
4.34585564520612	2.71554340977469
4.21793793902044	2.12859951319697
4.30183900824227	2.19584934955498
3.78270554957043	2.12425552309513
3.69517537436576	2.19107889200403
7.64609739106701	1.97017767401337
7.37061046656577	1.98780201268151
7.09462422784433	2.02495014491099
6.81547438421131	1.96614743701112
6.55890210327304	1.93006337532596
6.32524813050509	1.90671135592683
6.08809976839522	1.89227127678236
5.84478944770968	1.87799415219949
5.59547846941802	1.86616750995843
5.35655111003083	1.8535841812227
5.11562683717381	1.84556166666388
4.86547881433109	1.83831458490437
4.60941673711589	1.83025270488258
4.34865220212192	1.8673456005399
4.08484029307347	1.86901124748252
3.8683218545831	1.80402598111504
3.62872833710764	1.84849816171683
3.37732453011697	1.84443628729488
3.14216143204271	1.84245531030711
2.90321814802017	1.86112144783602
2.68213115878847	1.88353526326378
2.46259110269887	1.92272977803007
2.24940722144546	1.93594708831424
1.94165116067893	2.19689628454125
1.93038147647923	2.41676467954803
1.91894009969523	2.64503663444415
1.91042560739466	2.87830328338191
1.91010780934179	3.12511792376684
1.90985468653167	3.37544076705698
1.90985412285404	3.62455805938773
1.91012173095708	3.874858978682
1.91012246263453	4.12514222092667
1.90985471565867	4.37544074583154
1.9098541233455	4.6245580594006
1.9101217309718	4.87485897865341
1.91012246263545	5.12514222092449
1.90985471565886	5.37544074583076
1.90985412334506	5.62455805939868
1.91012173097145	5.87485897865093
1.9101224626053	6.12514222090213
1.90985471463433	6.37544074656719
1.90985408757546	6.62455807808486
1.91012092769278	6.87485984537192
1.91016552526206	7.12169645775306
1.92083311225358	7.35672440037178
1.93052056737516	7.58515138458283
1.94165700205544	7.80310874633018
2.23125380712325	8.06588846367309
2.45139998734759	8.09190841562633
2.68075285822416	8.12469238002581
2.90792323699818	8.14564614387284
3.13744173880173	8.16020340014009
3.3716510345717	8.1704423884452
3.62406356365022	8.14309440655428
3.85537839858622	8.20801413496251
4.10255863531949	8.19582861471719
4.36446493275256	8.15346634764352
4.62461496361389	8.17388251171566
4.87137886720166	8.16010744544515
5.1186844341269	8.15533305192952
5.3581936693442	8.14658159047937
5.59549122714986	8.13381613799447
5.84479724365008	8.12198880391785
6.08704006735674	8.10927026858974
6.32463593035575	8.09539318632194
6.55926243917793	8.07118208626593
6.8156032100461	8.0344709612161
7.09644031452436	7.97547660271215
7.38134047745183	8.0227053233106
7.63298206879661	8.02744029433318
8.05088023331389	7.68194268051552
8.06029292331149	7.40310610369635
8.05550314669547	7.14083480556672
8.051442841485	6.875
8.05144284148501	6.625
8.05144284148501	6.37499999999999
8.05144284148503	6.125
8.05144284148501	5.87500000000001
8.05144284148501	5.625
8.05144284148501	5.375
8.05144284148501	5.125
8.05144284148502	4.875
8.05144284148501	4.625
8.05144284148502	4.375
8.05144284148501	4.12500000000001
8.05144284148501	3.87499999999999
8.05144284148502	3.625
8.05144284148501	3.375
8.05144284148501	3.125
8.05340323063512	2.86443647173414
8.05238744284927	2.60706487996358
8.04912889497636	2.33608936642603
3.6335349761048	3.45900875821437
3.63242934180935	5.45704936185914
3.63544363091048	4.45592964990569
3.63505968049922	6.45792303574054
3.62936566631727	7.44893283551362
3.63877718769117	6.54455624271959
3.64124944902264	4.54961899989914
3.6373168536489	5.54596838460745
3.63599914694184	3.54834349572832
4.38593365201714	7.53460546326148
4.38727355924305	2.46180930737459
3.61599789272836	7.53958981816159
3.62756448229075	2.46131009163784
4.34333391865666	6.42904855009878
4.33674336334051	3.57053935252344
4.33494343963555	3.42441586962682
4.33737509684151	5.57027520197624
4.33389784725385	5.42629960046484
4.33694530784143	4.57123374725904
4.33389878236046	4.42630049978941
3.9528125561978	4.8389994292946
3.95281255556019	5.83899942754941
3.95281255585439	3.83899942301251
4.04813121305536	6.83795320199031
4.04735602746686	2.83823201349396
4.05248913775763	6.1652193227499
4.05434322789446	4.16611160724415
4.05366021847446	5.16480821058248
4.04550896648797	3.15904524675023
4.04560134216925	7.15902759794657
7.85714515806036	8.06668730760176
7.8632934397813	1.95212688714946
4.29897388123199	3.35424207464755
4.29865925228941	6.64203401238897
3.65419926186669	2.54978258127462
4.3002698712549	4.64037874927624
4.29836130353572	5.64271643873912
4.29777439914593	5.35632895439309
4.2978694356605	4.35633841197171
4.29775889796935	3.64367160683491
4.29843357033264	6.35517059213979
3.95708461193644	2.15381324813234
4.04650898861923	7.83986566262321
3.95583488336787	7.84211920952626
4.04550168203396	2.14506813409115
4.35422269697129	7.44621667716138
4.35335766815078	2.55132861163019
2.00182110002025	1.95009304147456
1.97758793033242	8.04922318054649
3.71466591922955	7.34315983246064
3.71571902296653	3.65661440773598
3.71621958927754	4.65689573716148
3.71407752112653	5.65498085570713
3.71412414778198	6.65647827710083
3.70991984710472	3.34367077064904
3.70932923144064	6.34351435928655
3.70791132905388	5.34500419827125
3.71085891222237	4.34237372420717
4.30904955706505	2.34119878707319
3.69750783189912	7.65770641796159
4.30874942134268	7.65456689740947
3.69488386305283	2.33988813836021
8.07247539979815	2.0337102757083
8.07241404999894	7.97024993346529
4.10690426627197	5.89159754701876
4.10689824685395	4.89160706470158
4.10688847320873	3.89160886969263
3.89595068351541	2.89039318226117
3.89924596783294	6.89010969300805
3.89454737950866	7.11443700871021
3.89164403518819	3.11409212314531
3.9046319127597	5.09942310919539
3.90442245005221	6.09892606621886
3.90435761442881	4.09939743790123
4.30788879830089	6.87527252341999
4.28972551081467	6.1137595064839
3.70270633510156	6.88765000719976
3.70830428629014	6.1160877710904
4.28962014232943	5.88525527544184
3.70710309545664	5.88354726919125
4.28990550591109	5.11489865271573
3.70770437096886	5.116080112466
4.34411471820123	7.94170065870567
4.38185330053119	7.17827430722807
4.2948531031658	7.10716544239892
3.70800897955591	7.11435858192357
3.65770729192244	7.93585233245949
3.70698573033628	4.88364988653981
4.28973375941027	4.88536368962987
3.70810587643083	4.11571971486799
4.28941470257821	4.1149338501423
4.289270715883	3.88522261721678
3.70691291044874	3.88345738894695
4.29080355867593	3.11431102823177
3.70914628492536	3.11712161987826
3.62132866110532	2.81536397065488
3.70854777413369	2.88544772811539
4.2919756573337	2.88400899357989
4.37646211076814	2.81601122976008
4.34294335221577	2.06501917961475
3.65818484272777	2.05955776350628
7.5443958596065	2.19180542250044
7.30247276279453	2.22645913019492
6.88060653136979	2.21577536744655
6.65377267819463	2.17276517739586
6.42043373462497	2.13073969826212
6.19735558531965	2.11568162655055
5.95808889485196	2.09525511561652
5.71031179440821	2.07913650289772
5.46609751954857	2.06324408828669
5.22306398503885	2.05549859910986
4.97700382408856	2.04545801939864
4.73941991332408	2.03313263822628
4.51816728096721	2.02588921396705
4.22083081034954	2.00963337080521
3.78267116223017	1.9729258029528
3.4750062245348	2.04342367179209
3.26808806423138	2.06163066904604
3.04005927063442	2.05920192407492
2.81403044868545	2.0790556111535
2.60432265177022	2.11286842304054
2.35964095882117	2.16308625596772
2.14014457439977	2.53797150224197
2.12983998869048	2.76619013781816
2.1211121200503	3.00198208771804
2.1207382538882	3.25049245982407
2.12048627662581	3.49999988981904
2.12074041841143	3.74948319395567
2.12087165365699	3.99999998369957
2.12074307629405	4.2505169296801
2.1204862934971	4.49999990342444
2.1207404186765	4.74948319434917
2.1208716536855	4.99999998369581
2.12074307629474	5.25051692967923
2.12048629349685	5.49999990342361
2.12074041867605	5.74948319434689
2.12087165366805	5.99999998370848
2.12074307603643	6.25051693087315
2.12048627718709	6.49999994251229
2.12074008734412	6.74948428395762
2.12053683104998	6.99824013838744
2.1358918498662	7.23747264403909
2.14269174586968	7.46957692171403
2.3527043280833	7.84186231156551
2.59637407562456	7.91385028203773
2.81548815734605	7.92951830432201
3.03870564201037	7.94856342299956
3.26046617353553	7.95229750038393
3.46306596503047	7.96097395502389
3.78639350152301	8.0220937713314
4.21546661877745	8.02244538899215
4.5263037178553	7.97416563391748
4.74225235130268	7.96624833796049
4.98646565296292	7.95871991930937
5.22824809965062	7.94657483230996
5.46591347177628	7.93393424247428
5.71016143154735	7.91747693922782
5.95810549911869	7.90472839284411
6.19184397148289	7.88994286491974
6.42074184030438	7.87581224563387
6.65333006819893	7.82804051631072
6.87890190080691	7.7837377520821
7.31614977210687	7.77671259121374
7.53376848162228	7.82728257169311
7.8603791757801	7.53992416574391
7.84358082597523	7.26456884302352
7.83493649053888	7.00000000000001
7.8349364905389	6.74999999999999
7.83493649053889	6.49999999999999
7.83493649053892	6.24999999999998
7.83493649053892	6.00000000000002
7.83493649053889	5.75000000000001
7.8349364905389	5.5
7.8349364905389	5.25
7.83493649053891	5
7.8349364905389	4.75000000000001
7.8349364905389	4.49999999999999
7.83493649053891	4.25000000000001
7.83493649053889	4.00000000000001
7.8349364905389	3.74999999999999
7.83493649053891	3.5
7.8349364905389	3.25
7.83493649053891	2.99999999999999
7.84054224130166	2.74335822771216
7.84815055914278	2.48604976107327
3.54070005563988	3.50414662982365
3.53960697269966	5.50049751535894
3.53792048257363	4.50058543033769
3.54119504324478	6.49702827556513
3.54035038252405	7.48484151731456
4.4695921204226	7.47206553314116
4.46384762347164	2.52565839508511
3.55335123768874	2.51749568209223
4.38735104416273	6.34714604851723
4.38938134121612	3.64482227103686
4.39097625526972	3.35190346302962
4.39158105289683	5.64447877273525
4.39112734487305	5.35579448507505
4.39088960579049	4.64492309982327
4.39137702804101	4.35573245533469
2.15460257006657	7.68104719388187
2.15460264758026	2.31895422505122
4.3803758145611	6.50447571926488
3.88994097355329	2.07144298980579
3.88744561515342	7.92298692883714
4.11283720927165	7.90810446533287
4.11253837254722	2.06193163439615
4.34147886551559	6.57362377747354
3.62362901148722	2.37567672708456
3.64645122792667	6.63120998041073
3.63450250623904	3.36840991517366
3.63580345266443	4.36971114318432
3.63509622714852	5.36998279211402
3.63390404293497	6.3677659164289
3.64805385070881	5.63078553717446
3.64887427806985	4.63115672497248
3.64764475804685	3.63218154686149
4.40990077695527	7.36791700831687
4.40907962549806	2.62906581139855
3.64283223142469	7.36950250038625
4.37991163270289	7.62493638561302
4.38070853474909	2.36856165668177
3.59637803461927	2.62709230620968
4.11437322128495	2.88793334266604
4.11545964051269	6.88753675912835
4.09610946010581	7.09104490849348
4.09618157879593	3.09116532672292
3.88774346844072	4.89101502518989
3.88799913461522	5.8911340349222
3.88774342251688	3.8910151258643
4.11446245878038	6.10853057456054
4.11519061995801	4.10930929299129
4.11522757964851	5.10930840058448
3.62130105425223	7.62237783325028
4.31617473727005	6.71032086467913
4.33366900486544	3.2764884915898
4.33344637179932	4.72139700495633
4.33575351311935	5.72177496301294
4.33206014067244	5.28000714541259
4.33204435632464	4.27997937122466
4.33545148112006	3.72250575204366
4.33373127488867	6.27683855551627
4.35533083132896	2.27544382134096
3.64444302242949	7.72087116762482
4.35551826429872	7.72234699257707
3.64800773675175	2.27632450873853
4.36334864973511	3.49657085869909
4.36384057078761	4.49946053724406
4.36374656332684	5.49915780881094
3.66992617824338	7.27711011513088
3.66994295118094	6.72320868435961
3.67112045211837	3.72083404283705
3.66993676294581	5.72347442430755
3.6721419186721	4.7204129808548
3.66818394073368	3.27963726559032
3.66712694361586	6.27934793270428
3.66831690465795	5.27679099297654
3.66796551607667	4.27933546105407
4.00180781672615	7.92417952448381
3.99422934786436	2.0486602003152
3.97487949821594	5.17618313974386
3.97496284603371	4.17688842970674
3.97482161105381	6.17616269430482
3.96877944130888	3.17790661002782
3.96878986131017	7.17791549418872
3.97295435198374	6.82590958693941
3.9715397301693	2.82333519251105
4.02829146801825	3.82603539187477
4.02829151312053	5.82603542656403
4.02829152654538	4.82603543403349
4.41127033437007	7.05507415261985
3.59606325623026	2.93627629053476
4.39687014557047	2.93288700478479
6.69891922896227	2.42587411789788
6.50639338871494	2.3306834984888
6.29959022418881	2.36449689873167
6.06477848426764	2.32197446354155
5.82052785595568	2.29737081989207
5.57462942186459	2.27979712347255
5.34079994548252	2.26322110134044
5.06748816185655	2.26080821748257
4.83800566863741	2.23709599645487
4.59558798479697	2.22821187710822
3.41090268752934	2.26582912571543
3.16997457740584	2.2531681578546
2.94667715977319	2.27410752625514
2.72797070124225	2.3139313655447
2.52843127465647	2.30588075423874
2.3576829184699	2.43643621294286
2.36212934249806	2.65836220534086
2.33307801804572	2.8907519500759
2.32250155528314	3.13396716405189
2.32801647321921	3.37545563208915
2.32801981468884	3.6245302626192
2.32189616709578	3.87670078886437
2.32811538752199	4.12536485715209
2.32802120282177	4.3754718917445
2.32801982466365	4.62453028341151
2.3315717226556	4.87483778844133
2.33055582511387	5.12512180246865
2.32802120282199	5.37547189174444
2.32801982466344	5.62453028341012
2.33048846379419	5.87443963880045
2.32811538805731	6.12536485797524
2.32802119180607	6.3754719251948
2.32801955262163	6.62453111064006
2.33078784523175	6.87403392244951
2.34194995449177	7.11682272753316
2.35559413241634	7.35892317876022
2.35577388010513	7.58432090336115
2.53358791592381	7.7078551565924
2.73139141268379	7.70446206645487
2.9503570171939	7.73598392733376
3.1673420824531	7.75840239871509
3.38979840734165	7.74872624608712
4.59605189040986	7.77133802528966
4.83930075406367	7.76328442484079
5.09040964727925	7.7447376251508
5.33813124331583	7.73529662370469
5.57390028735425	7.71589153520894
5.82332086180461	7.70081038492578
6.05724800267459	7.68212825011356
6.28978974521893	7.66544304451298
6.50164759519238	7.67296653160219
6.69892669052805	7.57413592813633
7.63838450838091	7.39466755618074
7.62423940884691	7.13836539580232
7.6177049236108	6.88208797472064
7.61843013959279	6.62499999999999
7.61843013959279	6.37499999999997
7.61843013959283	6.125
7.61843013959279	5.87500000000003
7.61843013959279	5.62499999999999
7.61843013959279	5.375
7.61843013959279	5.12499999999999
7.6184301395928	4.87500000000001
7.61843013959279	4.625
7.61843013959281	4.37499999999999
7.61843013959279	4.12500000000002
7.61843013959278	3.87499999999999
7.6184301395928	3.62499999999999
7.61843013959279	3.37500000000001
7.61843013959279	3.12499999999999
7.62380210420712	2.86375756860919
7.63830050227233	2.61054815186204
3.490076769993	7.58671813096424
4.54318739314271	7.3712136577115
4.51505657199441	7.60564292603136
4.53505955066936	2.621375978982
4.50731633163812	2.39810663108621
3.52341136430114	2.3964063373816
3.47750676552503	2.59970584961477
4.44455941555011	3.26021903079176
4.43945009415041	5.73781430394605
4.44366471699387	4.26777189693154
4.43311601134814	6.58623733972943
3.55842353536067	2.29622511200471
3.57128903485535	6.70982705020154
3.57128478942175	3.2852116902524
3.56804351688777	4.28434311411806
3.57120329361612	5.28990730148517
3.56911764229292	6.28550370718992
3.57286660177697	5.71500880107114
3.5728995310103	4.71261023889834
3.57411385658743	3.71626977312497
3.56636414511644	7.28814597644394
3.5439152389472	7.69619153623068
7.66150425371293	2.3726952901059
7.66162497589048	7.63247375313875
4.45072508011642	2.28862007948044
4.45384129394881	7.70692860179376
4.43970724776984	6.25692573931818
4.44115172190962	3.73855426766282
4.44018583637907	4.7388114288925
4.44367061030152	5.26798095762025
4.43589323776373	4.55382866165113
4.43589373354994	5.5538253805194
4.1990467589165	3.04813942156159
4.43271632423692	5.44659600683552
4.43271700475801	4.44659831200353
3.53719505662698	2.71953894874035
4.20920847479356	6.93715781072589
3.79768132016871	3.94224826938198
3.7978176740942	5.9422931461689
3.7958846954509	4.94051557775188
4.20173740485415	7.05019543725651
4.19733742225023	6.05340149430008
4.19719466760366	4.05370846711405
4.19743653810505	5.05371809613845
4.20345239509173	2.94119019729005
4.43189142907413	3.54463247019741
4.19874985520288	4.94541519846488
4.19878883233277	5.94528714501958
4.19855971477913	3.94538549796659
4.38294537741499	6.65792303986599
3.80363806067122	6.94697085966213
3.80573398443404	7.05519655904808
4.4344763470307	6.42368216152421
4.43509824599477	3.44096590171842
3.80785188461531	3.05687691489901
3.80117796724998	4.05092467415602
3.79969430979453	5.05103105294915
3.80127072496067	6.05077768645023
3.80886453331027	2.94767424151234
4.45988250485921	2.72875044057934
4.46268303196228	7.2653556834618
4.38437476067023	6.77339228385058
4.37130584776844	3.18483572990763
4.36698907716956	3.81843436298746
4.36764879974944	5.81798070766374
4.3692780581055	6.1813165253259
4.36555093497033	4.81327679571613
4.3681934783816	4.18850417019329
4.36836862571169	5.18858196277711
3.56403442489384	2.18491570776119
3.62694357788167	3.19087634487928
3.56570406149548	7.81797150062939
4.43177493329484	7.82497356859033
4.43379190284119	2.17408198867203
3.62448877981347	3.81305775867488
3.62673955043613	4.81241039431309
3.62677002762154	5.81280886733978
3.62724337403829	7.19228225788238
3.6284038659338	6.19284926571967
3.62514402415775	5.19386751431364
3.62643980049256	4.18920065223878
3.62360852937846	6.81041405336911
3.54804639730114	4.40194588377754
3.5457579626345	5.39749067025212
3.54358661111564	6.39256261476045
3.54799708209365	3.40078296340697
3.55141961915333	5.60123630896565
3.55138431984935	4.6008640070593
3.55147628585445	3.60280995198959
3.5499739117598	6.60021140206653
2.12775327305008	7.88011624009598
2.1489232835326	2.11589889679658
3.5367660730948	7.38777902007982
3.99352850984178	4.92309091924848
3.99356381572265	5.92309458027095
3.99351235406215	3.92309182559781
4.00836365828228	2.9215813777979
4.01088160752505	6.92063786283428
3.9852680587856	7.09128439673874
3.98736087470252	3.09187459801009
4.01537422871013	6.09508874947471
4.01532906156213	4.09514823088218
4.01541781309691	5.0951535172376
7.0922617181462	7.71321699079699
7.08836218249288	2.28827100934839
4.41461744596706	6.91573630909865
4.39420968642572	6.06771117554977
3.57422751559224	6.93425786442093
3.59918516953668	6.0732882311372
4.39300974092846	5.93395264728113
3.59853877869077	5.93017010190377
4.39423444920808	5.06868709315653
3.60075413040794	5.06955492822008
3.59336770607221	7.07960361603377
3.59646104795575	4.93227039737993
4.39445902258572	4.93261940321477
3.59898988676782	4.07282263810595
4.39250902187877	4.0685767696018
4.39285358466936	3.93211523388889
3.59811619038043	3.92961202396742
4.39840431861817	3.06336890835646
3.59557610990708	3.07583788983944
3.44218827332886	3.56769501799455
3.4444032626315	3.44194781401208
3.4359643449686	5.56032359237219
3.43431760029295	5.43704473106142
3.4334440168501	4.55963365804578
3.43235439595194	4.43587483695182
3.43813238108705	6.43358754050317
3.44094728851978	6.55672774966949
3.42528341965674	7.45876480764692
4.58183035419829	7.49682554882184
4.58103073594137	2.5022936926625
6.17891305450687	2.55018845820489
5.92904169712768	2.52087376268575
5.68264840503849	2.49749398366896
5.4429776989465	2.4793962275849
5.18553488548147	2.46785508867592
4.91861513402681	2.47371795730143
3.07966757198007	2.45445624696857
2.86261983479106	2.51005968750384
2.54923598579498	2.77855300201096
2.51764219002726	3.02609834646376
2.52337399440735	3.26101857330627
2.52239019996405	3.5047362138339
2.52154908840838	3.75302229745463
2.53430152817278	3.99999785955992
2.5403394972585	4.25199404008917
2.54070536301301	4.50148292351919
2.54523567830109	4.75105094557943
2.54264401936458	4.99979865342255
2.54073864626552	5.25088424600224
2.54027062944208	5.50113122983281
2.54374842391822	5.74981968049647
2.53994261686422	5.99794928890817
2.53431520063533	6.25049606906145
2.52659575869771	6.49073226537163
2.53521004678438	6.7469990465199
2.54046082728583	6.98094588255001
2.56941854687054	7.23399745887634
2.86550784637665	7.52065360262144
3.09998789171227	7.55086640152496
4.9331956797537	7.53221806588173
5.20108891283355	7.53381199052005
5.4388287411946	7.51677419943706
5.6861456197583	7.50219850262155
5.93070538207804	7.48005912522183
6.18004989534132	7.45906478254366
7.41691553848923	7.29185692422474
7.40151354846613	7.02165932643582
7.39777229321825	6.75970110805258
7.40192378864666	6.49999999999998
7.40192378864672	6.24999999999995
7.40192378864671	6.00000000000005
7.40192378864666	5.75000000000002
7.40192378864668	5.49999999999999
7.40192378864668	5.24999999999999
7.4019237886467	4.99999999999999
7.40192378864668	4.75000000000002
7.40192378864668	4.49999999999998
7.4019237886467	4.25000000000002
7.40192378864666	4.00000000000002
7.40192378864668	3.74999999999997
7.4019237886467	3.50000000000001
7.40192378864667	3.25
7.40147472031714	2.98209875752651
7.41709158082717	2.7119669155252
4.61211954887598	7.24547120048936
4.60678472300208	2.74752668070563
3.37276251302477	2.72230552094277
4.48898496574044	3.140619032122
4.47902406126025	5.85559244107144
4.48256989085389	4.14313033629721
3.45441558032995	6.68200375897789
3.50035380203766	6.80543437171955
3.46070986519122	3.30629787126803
3.51277422733909	3.17309642193349
3.45077615382049	4.30423223581335
3.49892080947946	4.17036492363521
3.45262944835471	5.30557451706772
3.50475446142941	5.17287379541058
3.45077239395539	6.30486330366147
3.51431264269873	6.17714557325996
3.49579992112895	5.83157963074404
3.45968970276821	5.68982822194911
3.49588447253667	4.83167582131451
3.45413748157551	4.68855178415803
3.45571271456908	3.69304841390611
3.49274558352749	3.8306571083493
3.50597345001998	7.18717826833242
3.43661028873213	7.32075335248375
4.48254574149719	6.14176654230634
4.4802054766323	3.85635290460243
4.48261013544441	4.85778585075292
4.48411842150707	5.14337005802643
4.55029906579434	4.50037316850177
4.55029832908565	5.50036923069027
4.55197080199592	3.49189077415364
4.47598158956772	6.67436798977465
7.22811769668182	2.50926524170117
7.22695515972344	7.49171938435045
4.50601706259251	5.63512909068457
4.5060163378367	4.63513621275397
4.49410102144636	6.34357798197005
4.51046802968933	4.36283376922821
4.50909060633367	5.36325593535944
4.5062857062907	3.36062567511728
6.93592652727988	7.52361904973092
6.93073059225178	2.46984946724365
4.50786801132132	3.63425084624963
3.70570263575084	5.99962025334038
3.69766868826048	5.00044794181309
3.70544719666513	3.99921145629385
3.69391345124576	7.00170512950556
3.50137499013754	2.84790006430172
4.30039810152023	3.00041148527049
4.50089096428343	2.8531393275877
3.69945177699621	3.00195172322528
3.27287419145956	2.42394963656495
4.30985862921549	6.99021705511536
4.69388924643808	7.61197737893314
4.69371677166859	2.38661665437278
4.51765278590966	7.14047741535429
3.3106379836228	7.58309316957622
4.2980344330994	6.00010727963417
4.29744735120971	4.00011516730402
4.29817302698242	5.0002162139504
3.91808750750516	3.00392459720417
4.10800971913237	6.98167602215871
4.10779744242556	2.98166767007417
3.91904282344696	7.00397857928647
3.88916452700589	5.98790104451542
3.88916498721031	4.98790100673021
3.88916468224181	3.98790140030944
4.08680175806032	6.00380130464315
4.08670288170745	4.00383925132909
4.08677870081636	5.00385472488218
2.60759464200063	2.56795062621625
2.60096994853991	7.48694160319528
4.46865987519629	6.50956168130939
6.44967181584036	7.43848512535324
6.46376079379586	2.55697232909854
3.3200212352519	3.63285844504574
3.34727993350643	3.50178570337567
3.33235717274649	3.36493351188314
3.30403246790866	5.49762751219858
3.31780581434671	5.63590944498915
3.31565269578364	5.35380973346095
3.31721829203682	4.63662540626788
3.29833643689087	4.49482102922179
3.3137048066538	4.34984716090175
3.33582185450379	6.49929065931461
3.30769733334436	6.37156094802216
3.32025483639637	6.62649403185373
6.27140033597741	2.76812363952864
6.02893626088214	2.74462834472996
5.7870827928204	2.71873653995843
5.54711571158016	2.69632682548849
5.31585117520361	2.67814339332488
5.08519184041396	2.66772489940691
3.03183065453031	2.67130588469096
2.70940053940664	2.94534604175056
2.71405850993041	3.15232671896099
2.71979688592503	3.3833582755102
2.71188330903075	3.63159629817665
2.73877120827999	3.87475883842351
2.75698322902677	4.13337408679776
2.75339922534218	4.37914270223841
2.76191075392676	4.62878901060766
2.77009183725868	4.8752249028622
2.75517906074087	5.12813005589678
2.75167959677187	5.37694520010528
2.76067646666734	5.62834323397066
2.7657149412813	5.87104457783537
2.7458315593423	6.12113796259044
2.7405653428489	6.36747112878439
2.72254847941119	6.60650349106298
2.72136740609942	6.8515265595097
3.0346180709134	7.35140326336513
5.09198713968082	7.33396536257192
5.32121933166319	7.31640530926115
5.55014933249566	7.30014074721882
5.79632327030273	7.28162860548828
6.03495521709301	7.2564163512958
6.28152227307616	7.22902113406975
7.17399300871735	6.8997436876684
7.17798066829209	6.63564462764416
7.18541743770057	6.37499999999992
7.18541743770066	6.125
7.18541743770056	5.87500000000008
7.18541743770055	5.62499999999998
7.18541743770057	5.375
7.18541743770058	5.12499999999998
7.18541743770059	4.87500000000002
7.18541743770055	4.62499999999999
7.18541743770061	4.37499999999998
7.18541743770057	4.12500000000006
7.18541743770054	3.87499999999997
7.1854174377006	3.62499999999997
7.17997082329463	3.37208923542713
7.17867854158101	3.10703703746087
4.67014762479699	7.07423725353225
4.64457917153799	2.90849114503327
3.37104682555689	2.88348849601484
3.36149834689969	6.77617339161499
3.36999921785995	3.18365266914951
3.33739614045531	5.77666447065187
3.33760389203354	4.77786294379949
3.33071134038379	3.77289556624984
3.35210541629272	7.19343533324083
4.64100412416242	3.62590255265178
3.46582589127536	7.04830202011293
3.21574473208865	2.61116734787203
2.75552537124003	7.08615875899452
2.82426178353783	2.76677879706415
4.53658310576733	7.01129771062342
4.55087845435613	6.45155427300933
4.56517639222413	3.2383550608013
4.51775611610887	2.99539055496645
4.56866182275724	4.76219979227041
4.56160778409668	5.75539397580861
4.56454814422274	5.24367574291843
4.57021987319819	4.24290501888727
4.57107577496556	6.23701018474239
4.54285670192195	6.57611537312709
4.56829243056018	3.7563020747808
6.71986075596516	7.34777355212525
6.72130169224101	2.65162248226977
3.45617758231154	3.0179209024788
3.26122532275315	7.37587343119369
4.70768776872846	2.59603301953819
4.71451866078429	7.39954957922904
3.47308095313201	4.9995452122647
3.46454494158587	4.01373994303598
3.46483960202633	6.01460103232213
3.35890796643033	2.5633345067268
7.18708034655744	2.83500587011403
7.1832704943206	7.17713190963021
4.50697648250257	5.99705236143366
4.50119498744506	4.00020175262338
4.50508839549734	5.00237739036424
4.49407098663335	6.78467457837263
4.60378565023857	6.67218405327579
3.18776268346352	3.70972231709728
3.20938479361299	3.27532667791611
3.15304831935068	5.58110422129537
3.14893651632362	5.41821586556902
3.19905337450147	5.72931084005946
3.15137004042523	4.58742067401177
3.19990833987894	4.73374835942851
3.15203101932641	4.42675694431502
3.21105045234814	6.71067335122517
6.11544694365628	2.97292962593807
5.87836189888336	2.94234050155167
5.65194352068795	2.91626975334715
5.41764201331447	2.90153553376207
5.18521422973587	2.88160079162603
2.90226193251043	3.26552781310559
2.89138331283058	3.50087258642638
2.95368676878531	3.74937979679462
2.95027673250887	4.00388250997248
2.98449854530313	4.26496649642479
2.96090816778393	4.50576822275839
3.00134370167811	4.75122854571698
2.96788888700215	5.00528157075043
2.98327597354808	5.25963832588102
2.96299229235782	5.50521015140561
3.00045322300296	5.7452932111573
2.96389156422556	5.99546506199859
2.94837448933366	6.23254760963217
2.95119468514023	6.49028599837324
2.90266342263285	6.73737773963433
2.92805197943074	6.94951774308569
5.18780264228913	7.12076395957221
5.41111300499987	7.10174419940258
5.65747906764091	7.08134542694163
5.88778473264966	7.05727884253372
6.12047191025874	7.02629809377637
6.96626786530032	7.01342146253984
6.96177153461924	6.75069625702811
6.96338670406353	6.49854887715845
6.96891108675455	6.24999999999988
6.96891108675454	6.00000000000013
6.96891108675439	5.75000000000004
6.96891108675446	5.49999999999997
6.96891108675445	5.24999999999998
6.9689110867545	4.99999999999999
6.96891108675445	4.75000000000004
6.96891108675446	4.49999999999994
6.96891108675452	4.25000000000005
6.9689110867544	4.00000000000004
6.96891108675446	3.74999999999992
6.96013834877746	3.50275587714146
6.95263341885673	3.25603486408523
6.94965114418109	2.99854778403817
4.66944200533137	6.92434674765908
3.24740926567541	3.03707191849953
3.30403167224943	7.04254479962062
4.71639266953783	3.7754375883095
4.67807666316955	6.52100057214065
2.89931456142491	3.02604370939714
4.71415422519806	3.48784054401818
4.76831151642449	2.79454036878997
4.79477884437313	7.18428415837169
4.63594728352604	3.36417316230875
4.6129944333738	3.90741116260076
4.63593638380129	6.07872405579404
6.50913406679422	7.19041752856288
6.50866934853706	2.80973561989373
4.63192547656828	4.08605591803472
4.61363072095588	5.89746268044498
4.60610719949953	5.097429035226
4.62925868287692	4.92315483203592
4.63152087354069	5.36799919243217
4.64642356461806	4.37318014559503
4.63188148139877	5.63305123054088
4.63269271407731	4.63051574024751
4.6382007495942	6.36399750619883
2.79586566119668	7.30522431707474
3.18246131185095	7.18502617769752
3.41376509296239	6.91737794494219
3.21349737634673	2.80856616598013
3.37181031344325	3.90285755844191
3.37225370581381	5.90442763829402
3.37280125413721	4.90433629765298
4.87870473039922	2.66920688006966
4.89836544629095	7.31987170025325
3.3553897772254	6.1921074050497
3.3449183552341	5.16896144136115
3.33859992508226	4.17188043416167
4.65467661977243	3.08536477315551
3.20610694336816	3.49413753276696
3.18057263144956	6.51145461571635
4.75041462195705	6.66409729038351
5.96990930857141	3.16304419615476
5.74287583229126	3.14200484894143
5.51277145784078	3.12502046041923
5.2835913206691	3.10072978318052
3.14839449024099	4.10638921083523
3.15419439906774	5.10782068290393
3.15249227409855	6.11574052024081
5.28462875523416	6.89457799560814
5.51680937692383	6.88034978011202
5.74837183419357	6.85866341928937
5.97172923006668	6.83423662156464
6.74120048766596	6.85294267342766
6.73248696497712	6.61683629630846
6.74773439089214	6.36706471962482
6.75240473580856	6.12500000000001
6.75240473580831	5.87500000000021
6.75240473580828	5.62499999999995
6.75240473580835	5.37499999999998
6.75240473580837	5.12499999999995
6.75240473580839	4.87500000000006
6.75240473580829	4.62499999999998
6.75240473580844	4.37499999999995
6.75240473580834	4.12500000000015
6.75240473580825	3.87499999999992
6.74514963046938	3.63148716834946
6.72227301915084	3.38651205274748
6.71934706783937	3.16196193717206
4.80206181133306	6.37504316138452
4.79164449303226	3.34156473361299
4.70533124812664	5.22542539140671
4.71035119768945	5.77436904678259
4.71049853404149	4.7709714469584
4.69846114682815	3.23328189821258
6.34819832071723	3.0272569704555
6.35261387426347	6.97880148786979
4.71845022025547	4.24199395344841
4.70137369637731	4.50142157473133
4.70154859915282	5.5001892435032
4.82017425882775	2.98488041031916
3.19621523895558	5.26617278288885
3.19621523892408	4.26617278275728
4.72698228766368	6.23709424926876
4.80492823721572	3.62959814784172
4.98129321843471	7.14670898236881
3.25081472128325	6.8840928418999
4.96949778044274	2.84767055057824
3.29884924469249	6.0290919213022
3.28921146293418	4.02295851529051
3.30417574185528	5.02306824592457
3.1832174181766	4.9079844487721
3.18171851003609	5.90083554032421
3.1678197297119	3.89760801439408
4.76873135926947	3.94399277158829
3.13042665955807	6.29937390677782
3.06729932913441	6.64659503030891
3.05785484004441	3.5822005216845
3.07334195130659	3.38288922556068
5.82992588881822	3.36728753045017
5.60029017245825	3.35620126912138
5.37716224725607	3.33446041807019
5.38375498123614	6.67083823893316
5.61365639984857	6.65439343891069
5.83493239627143	6.63165860373937
6.4905347689308	6.74780469974762
6.5267840964932	6.47967947733804
6.53504179220298	6.22224671759054
6.53589838486243	6.00000000000033
6.53589838486205	5.75000000000011
6.53879085518346	5.4999999999999
6.53589838486223	5.24999999999994
6.53589838486233	4.99999999999998
6.53589838486219	4.7500000000001
6.53879084920364	4.49999999999984
6.53589838486239	4.25000000000013
6.53589838486207	4.00000000000011
6.53346519211981	3.77132433874768
6.51714474390886	3.51775215220406
6.47877431658977	3.25177693455846
4.92291059317595	6.23070239484448
4.77107663738929	5.93266926121496
4.78309609221249	4.899731024534
4.79755717989627	5.36015481479791
4.79879304406359	4.36532663556737
4.79138614086576	5.64336284165635
4.78955006240661	4.64312862059796
5.06182235532434	6.91741288113874
4.89550927183365	3.80317730003465
6.20425093377093	3.20013760141761
6.21386233128394	6.79789865229621
4.77454786795136	6.80120406622233
5.03239679998334	3.08479975610164
4.87990370232672	3.47255502345194
4.8271222501241	6.54412737170332
4.83702930643318	3.16328303166169
4.79629803469796	4.10795138094716
4.90999271551614	5.19458890179904
5.70840016665707	3.58247079974057
5.46938630918849	3.5585074681449
5.47573391382117	6.46261583065218
5.70111313338363	6.41214064005197
6.31383760318803	6.09837987262665
6.30343791795016	5.86606990837492
6.32084406489592	5.62249511427892
6.32084406489614	5.37750488572086
6.31939203391619	5.12499999999988
6.31939203391621	4.87500000000016
6.32084406188209	4.62249511945727
6.32084406188247	4.37750488054252
6.30606661900422	4.12896736626392
6.31237723261798	3.89212779496107
6.32666422989597	3.66215651354921
6.32863595067451	6.32825398670185
5.17068163931317	3.29888054655111
4.98853371980131	3.63050721751705
5.14951030875747	6.6783743576764
4.90099195580265	5.79393246997256
4.8963189082435	4.78758285921052
5.00246417077639	6.46118165878367
6.04565996780465	6.62758803890235
6.0499587237193	3.36477135468779
4.97440536886404	4.02555657119926
4.94880060951673	6.70716811891648
4.85516247097578	4.50840858282144
4.90667360303083	4.23190868100469
4.8536341141417	5.50047063930271
4.86068132528059	6.9439526945026
4.75794183938519	5.06782124368776
5.12299651136225	6.24251363793968
4.97116565969946	4.98527038830474
5.58295015316216	3.78730242557742
5.54128082496052	6.21376228938843
6.07412378784976	6.00516406024653
6.10107514028248	6.22979125633189
6.09444969371741	5.75137227900241
6.10694086755144	5.4999999999997
6.10546840885832	5.25248678700789
6.10288568297023	5.00000000000001
6.10545058963627	4.74751311565741
6.1069408591562	4.49999999999956
6.09543896262104	4.24847452952936
6.07702469495507	3.98977815557706
6.09871639636253	3.75843199744644
5.13840121428332	4.200227231228
5.00509799576943	4.40696046209119
5.22365191881853	3.54661560655176
5.92975142289	3.58332934869084
5.11045263956464	3.79653093371168
5.92345439261942	6.40451333270784
4.9988013411882	5.38827345321147
4.97734648729464	4.62366108524454
4.99319725615009	5.61046560096264
5.22997852719353	6.48051612362902
5.00536576871218	6.0030867378676
6.31309648625066	6.57607221958104
6.2902517497469	3.41718590555237
5.30941449486279	6.03322559941541
5.8560508930498	5.87352344469455
5.88624121796707	5.62238036853286
5.90698149955575	5.36754263154808
5.88638305303189	5.12847124150484
5.87730536679192	4.87910196559938
5.87284594500666	4.63293702100855
5.88460171029072	4.37591783224928
5.87240867374221	4.11782134431212
5.27409829326746	4.38105353214399
5.18907042608097	4.58406172327597
5.20795155488266	5.56559865559173
5.14335197864643	5.80224412007933
5.10343358193451	4.78918436570704
5.1519527334972	5.1704006816215
5.22298277885945	3.99158050280007
5.33088777437836	6.28931984452202
5.33872861291786	3.75801150842949
5.82044713810364	6.15134202672985
5.83697782562805	3.83544483505815
6.13914750460853	3.55697224576534
6.14719641072328	6.42656746746261
5.64206201498953	5.69525310770576
5.71215021463557	5.4885341788759
5.66620144775036	5.26877992021874
5.66802971735571	5.02348164027959
5.6337269352548	4.75242769149241
5.67460209061218	4.50274599304505
5.67476440818377	4.25047006536959
5.43429888187937	4.56930552037729
5.35130287916559	4.76022937326761
5.43601902141691	3.9438415548199
5.39444938849924	5.7575745820819
5.24424799836282	4.9690564030585
5.41444101330467	4.16535177077518
5.63374365618007	4.02822777289251
5.59085644735376	5.96665392252422
5.49332749948203	4.37040928804591
5.43724453691666	5.16926463316397
5.4689510320502	5.47568217399512
5.46993772274449	4.93431392863958
6.97045840538195	2.72432032971646
6.98481377948056	7.28708580887612
4.959897984652	3.2944176216664
4.80936616688527	6.09571323901063
6.74280644072867	2.89988439740971
6.76248310453056	7.12644904697946
4.63995623423289	6.78846880616945
3.08330425696758	6.8293445429304
6.55935634669328	3.03451592806384
6.56415476957356	6.96666035164526
7.45410285124032	7.55834176820992
7.4569661648945	2.4421066449195
3.08408931822176	3.1577094678003
3.12264556613498	7.01065304901391
3.06457233291225	2.90480469064962
5.04452251389206	3.44925288971841
4.02053821381574	7.01575327759817
4.02073334785268	3.01630997248688
3.97929784947172	6.01983509624846
3.97919005984635	4.01992362374686
3.97931859791539	5.01992935503111
4.54652308266272	6.8864183784071
5.25334113462757	5.35609218818266
3.91676840207641	1.95406872211856
4.08584041289092	8.01821514422352
3.9514480911469	8.05602065898651
3.42432936095641	2.44624305969162
2.98244634572682	7.15376778559099
7.81672941189938	7.82109173216205
7.82365665090786	2.19972426043943
3.9840352667785	6.35001052465455
3.98403321520464	3.35001091191128
