550	330	329
445	193	28
348	349	47
439	438	79
458	4	98
1083	832	461
268	269	208
523	300	299
265	211	212
396	98	99
412	411	34
370	124	125
288	181	182
258	218	219
542	673	319
305	164	165
328	67	68
313	156	157
459	3	37
409	7	625
410	625	7
371	124	370
1856	1607	1855
244	29	30
312	313	157
239	468	9
1273	828	888
848	243	471
256	220	221
245	231	232
1266	1084	837
257	219	220
260	216	217
456	193	445
272	204	205
486	260	259
449	90	450
695	492	491
267	209	210
496	497	270
271	205	206
273	203	204
290	291	179
434	191	24
517	293	516
275	201	202
457	1	194
290	179	180
282	194	195
281	282	195
283	284	186
280	196	197
281	196	280
279	197	198
708	505	504
278	198	199
510	287	286
277	199	200
287	182	183
442	21	659
516	292	515
292	177	178
288	182	287
433	24	94
426	96	97
651	660	444
643	427	426
429	35	36
421	20	638
300	170	299
300	169	170
303	166	167
423	188	189
307	308	162
526	303	302
1376	1183	1375
309	160	161
307	162	163
327	68	69
736	737	534
736	534	533
549	329	328
736	533	735
743	744	541
460	2	149
546	326	325
320	149	150
318	151	152
542	319	318
319	150	151
324	71	72
317	318	152
316	153	154
326	327	69
545	324	544
315	155	314
819	416	633
329	67	328
327	328	68
334	61	62
329	66	67
844	635	419
338	57	58
636	419	420
342	53	54
558	337	557
343	53	342
370	125	369
340	56	339
762	560	761
345	50	51
237	144	12
366	128	129
1046	1047	797
351	44	45
577	357	356
358	37	38
357	38	39
459	136	3
1039	790	789
361	134	360
775	574	573
362	132	133
346	49	50
364	365	130
581	364	363
364	130	131
364	131	363
365	366	129
367	127	128
349	46	47
595	378	377
585	367	584
347	48	49
347	49	346
359	360	135
377	117	118
367	128	366
369	125	126
408	139	140
242	10	80
375	119	120
398	16	614
400	15	617
444	191	434
463	234	244
381	382	113
386	108	109
384	385	110
255	222	254
388	106	107
808	608	607
255	221	222
252	253	224
252	225	251
385	386	109
256	257	220
389	105	106
251	226	250
390	391	104
250	226	227
391	103	104
249	227	228
392	102	103
249	250	227
395	99	100
675	246	245
246	247	230
392	103	391
395	396	99
624	407	408
234	11	29
234	29	244
401	617	15
796	595	795
597	598	380
350	351	45
1264	912	830
403	32	14
422	20	88
522	299	298
301	168	169
419	8	86
410	7	33
835	461	234
411	33	34
235	83	233
238	143	144
311	158	159
310	311	159
751	550	549
417	145	146
332	63	64
416	415	5
419	635	8
409	87	7
558	559	338
298	171	172
281	195	196
405	93	406
405	92	93
406	93	13
424	17	188
294	175	176
423	424	188
402	32	403
379	115	116
380	115	379
437	23	78
448	138	27
1429	1243	1242
447	446	137
401	15	31
431	89	19
435	433	94
434	24	649
436	95	23
432	422	88
297	173	296
298	299	171
424	641	17
296	173	174
928	663	664
518	519	295
455	25	192
442	142	21
446	28	137
496	270	269
254	222	223
645	429	428
493	267	266
257	258	219
264	212	213
450	90	91
494	268	267
449	27	90
266	211	265
452	26	147
492	266	265
453	452	147
716	514	513
292	293	177
1038	789	788
399	76	77
459	37	358
358	38	357
394	101	393
395	100	394
372	122	123
579	580	362
299	170	171
521	298	297
546	325	545
331	64	65
539	315	538
744	542	541
333	62	63
332	64	331
448	27	665
829	652	436
437	653	23
664	447	448
903	639	648
639	422	432
373	122	372
382	112	113
251	225	226
605	606	388
441	142	442
295	296	174
295	174	175
295	175	294
443	21	190
724	521	723
859	397	613
397	76	399
293	176	177
293	294	176
356	39	40
352	44	351
584	367	366
562	341	561
412	34	6
414	84	85
457	194	282
457	187	1
603	386	385
389	106	388
985	730	729
828	407	624
263	264	213
264	265	212
962	704	703
269	207	208
704	500	703
516	293	292
913	652	917
652	435	436
243	10	471
397	16	76
1081	821	623
1376	1184	1183
332	333	63
333	334	62
449	665	27
259	218	258
273	204	272
278	279	198
278	199	277
455	671	25
301	169	300
306	307	163
574	353	573
565	345	344
592	375	374
383	111	112
520	297	296
301	302	168
412	6	629
833	631	415
393	102	392
247	229	230
237	238	144
630	413	414
275	202	274
452	668	26
309	161	308
407	13	139
246	230	231
246	231	245
443	659	21
720	518	517
717	514	716
861	644	427
291	178	179
291	292	178
314	155	156
314	156	313
403	14	620
619	402	403
608	391	390
473	246	675
798	598	597
376	119	375
360	134	135
579	362	361
574	575	354
365	129	130
633	416	417
330	331	65
368	126	127
368	369	126
393	101	102
394	100	101
1085	647	834
378	117	377
341	54	55
341	342	54
575	355	354
353	42	43
280	197	279
284	185	186
458	98	396
458	232	4
330	65	66
330	66	329
495	268	494
270	207	269
598	381	380
794	795	594
533	534	310
727	525	524
445	28	662
655	438	439
253	223	224
253	254	223
384	111	383
380	114	115
348	47	48
410	33	411
266	210	211
266	267	210
415	85	5
415	414	85
493	494	267
667	450	451
270	206	207
270	271	206
382	383	112
597	380	379
704	501	500
274	202	203
339	56	57
566	345	565
637	640	423
642	643	426
402	31	32
402	401	31
390	105	389
390	104	105
1018	1019	766
1695	1496	1106
261	215	216
261	216	260
321	74	75
321	322	74
416	5	145
416	145	417
427	18	96
1180	981	1179
376	118	119
376	377	118
262	214	215
262	215	261
420	419	86
626	420	409
285	184	185
508	509	285
336	337	59
337	58	59
477	251	250
478	479	252
384	110	111
446	662	28
856	446	663
256	221	255
240	81	9
1079	822	468
447	137	138
447	138	448
374	120	121
374	375	120
458	245	232
458	396	245
359	459	358
576	355	575
308	161	162
526	302	525
418	146	8
418	417	146
233	83	11
234	461	11
431	19	647
807	808	607
272	205	271
454	148	25
319	151	318
319	320	150
322	73	74
543	323	322
407	623	13
305	165	304
361	133	134
361	362	133
571	351	350
569	349	348
566	346	345
346	50	345
427	644	18
427	96	426
897	633	634
555	556	335
676	284	283
283	457	282
502	503	276
289	290	180
387	107	108
385	109	110
335	60	61
335	61	334
545	325	324
541	542	318
818	409	625
413	629	6
344	51	52
344	345	51
241	242	80
469	241	240
235	82	83
464	236	235
420	86	87
420	87	409
239	9	143
239	143	238
607	390	389
252	224	225
283	186	187
283	187	457
587	588	370
368	127	367
276	200	201
276	277	200
432	88	89
432	89	431
460	321	75
460	75	2
302	167	168
302	303	167
578	361	360
356	357	39
387	108	386
387	388	107
486	259	485
481	255	254
421	189	20
421	423	189
862	629	413
237	12	465
544	324	323
323	73	322
400	77	15
400	399	77
441	141	142
439	22	656
354	41	42
354	42	353
248	229	247
609	392	391
454	25	671
515	292	291
561	341	340
338	58	337
326	69	70
325	71	324
660	443	444
428	18	644
381	113	114
381	114	380
304	165	166
304	166	303
835	234	463
347	348	48
490	491	264
489	263	262
268	208	209
268	209	267
850	651	434
807	607	606
285	185	284
706	502	705
453	147	148
453	148	454
675	245	396
681	478	477
604	605	387
810	610	609
286	287	183
506	280	279
263	213	214
263	214	262
373	121	122
373	374	121
315	154	155
315	316	154
435	94	95
435	95	436
705	502	501
842	451	668
568	569	348
768	566	767
1075	614	859
242	471	10
338	339	57
892	840	627
297	172	173
297	298	172
359	135	136
359	136	459
241	80	81
241	81	240
352	43	44
352	353	43
439	79	22
856	662	446
398	140	16
398	408	140
371	123	124
371	372	123
425	97	17
425	426	97
363	131	132
363	132	362
574	354	353
355	41	354
456	192	193
456	455	192
521	522	298
1449	1133	935
702	498	701
273	274	203
823	442	659
672	455	456
259	217	218
259	260	217
428	36	18
428	429	36
343	52	53
343	344	52
509	286	285
505	506	279
275	276	201
504	277	503
438	78	79
438	437	78
404	14	92
404	92	405
538	315	314
543	322	673
430	647	19
599	382	381
243	30	10
243	244	30
838	455	672
440	656	22
703	500	499
967	708	966
340	55	56
340	341	55
473	247	246
1139	941	940
564	565	344
567	347	346
317	152	153
317	153	316
312	157	158
312	158	311
440	22	141
440	141	441
503	277	276
510	286	509
248	228	229
248	249	228
529	306	305
733	531	530
525	302	301
407	139	408
444	190	191
444	443	190
451	91	26
451	450	91
770	569	568
586	587	369
734	532	531
530	306	529
666	450	667
451	26	668
430	19	35
430	35	429
236	12	82
236	82	235
753	754	552
550	551	330
608	390	607
947	948	689
355	40	41
355	356	40
323	72	73
323	324	72
406	13	623
729	527	526
378	116	117
378	379	116
310	159	160
310	160	309
325	70	71
325	326	70
601	384	383
688	485	484
286	183	184
286	184	285
673	322	321
543	544	323
289	180	181
289	181	288
636	420	626
559	339	338
1161	1162	963
499	273	272
336	59	60
336	60	335
847	619	403
794	593	793
479	253	252
603	385	602
793	593	592
654	437	438
350	45	46
350	46	349
460	149	320
460	320	321
306	163	164
306	164	305
413	6	84
413	84	414
570	349	569
582	583	365
905	640	901
985	729	984
1084	653	837
488	262	261
472	244	243
1289	876	848
616	399	400
1487	1294	1504
541	318	317
539	316	315
978	723	722
528	529	305
483	257	256
487	260	486
650	433	435
650	435	652
847	403	620
857	422	639
710	813	507
518	295	294
678	475	474
677	678	474
640	424	423
622	405	406
905	827	640
523	299	522
519	296	295
519	520	296
817	670	454
670	453	454
714	715	512
813	508	676
673	321	320
673	320	319
467	239	238
532	309	308
873	470	469
864	471	242
564	344	343
566	567	346
819	632	416
553	333	332
587	370	369
832	462	233
739	537	536
536	312	535
588	371	370
786	586	585
632	415	416
533	310	309
888	828	624
397	614	16
618	401	402
618	402	619
557	337	336
558	338	337
803	603	602
480	253	479
615	408	398
615	624	408
628	411	412
832	233	461
637	423	421
404	620	14
463	244	472
866	464	462
591	374	373
591	592	374
480	254	253
480	481	254
560	340	339
818	626	409
563	343	342
564	343	563
535	312	311
533	309	532
233	11	461
846	412	629
590	591	373
834	647	430
1068	818	625
1660	1096	1461
675	396	395
476	477	250
418	8	635
844	419	636
531	308	307
531	532	308
725	523	522
240	9	468
514	291	290
514	515	291
555	335	334
841	634	418
876	472	848
1124	919	918
536	313	312
537	538	314
579	361	578
779	579	578
582	365	364
788	588	587
1330	1129	1130
830	431	647
568	348	347
568	347	567
658	441	442
845	655	439
608	609	391
475	249	248
837	437	654
605	388	387
599	381	598
796	596	595
508	285	284
507	281	280
551	331	330
550	329	549
1343	1344	1148
482	255	481
747	545	746
745	746	544
1469	1273	888
731	529	528
823	658	442
719	517	516
1276	906	820
651	444	434
582	364	581
1028	1029	776
602	385	384
602	384	601
763	562	561
560	561	340
488	489	262
666	449	450
556	336	335
556	557	336
815	675	612
610	392	609
765	564	563
1016	764	763
548	328	327
548	549	328
764	562	763
560	339	559
693	490	489
947	689	688
554	333	553
554	334	333
500	274	273
500	273	499
501	275	274
501	274	500
687	484	483
1049	800	799
513	290	289
513	514	290
642	426	425
907	642	906
611	612	394
610	393	392
593	376	375
593	375	592
1266	837	919
849	428	644
811	610	810
677	474	473
498	272	271
498	499	272
712	510	509
504	278	277
524	301	300
524	525	301
977	978	722
906	642	820
497	271	270
497	498	271
663	446	447
663	447	664
1451	889	1261
889	626	818
484	258	257
484	257	483
1011	1012	759
552	331	551
580	363	362
580	581	363
466	238	237
466	467	238
654	438	655
436	23	653
521	297	520
719	720	517
863	404	621
901	640	637
562	342	341
562	563	342
425	17	641
523	524	300
1267	829	1084
834	430	646
527	304	303
527	303	526
795	595	594
594	376	593
751	752	550
752	551	550
1038	1039	789
767	566	565
767	565	766
1014	762	761
606	389	388
606	607	389
833	415	632
894	630	631
600	601	383
829	436	653
491	265	264
492	265	491
476	250	249
476	249	475
482	256	255
482	483	256
1272	827	905
1082	641	827
528	305	304
528	304	527
552	332	331
552	553	332
612	395	394
612	675	395
490	264	263
490	263	489
507	676	281
508	284	676
692	693	489
824	665	449
547	548	327
1064	746	745
534	311	310
534	535	311
1485	1127	926
851	445	662
738	536	535
992	737	736
817	454	671
699	495	698
843	452	669
843	668	452
903	648	912
1265	881	831
728	525	727
982	727	726
696	493	492
493	266	492
816	673	542
745	544	543
732	529	731
738	739	536
676	283	282
676	282	281
1082	820	641
723	521	520
951	693	692
695	696	492
679	476	475
680	681	477
555	334	554
758	557	556
1015	763	762
890	626	889
573	353	352
1230	1032	1031
707	504	503
511	287	510
586	369	368
769	770	568
512	289	288
512	513	289
530	307	306
530	531	307
1145	946	1144
939	681	680
485	259	258
485	258	484
674	358	357
674	359	358
604	387	386
604	386	603
773	571	772
572	351	571
801	601	600
1247	1049	1048
547	327	326
547	326	546
813	676	507
507	280	506
502	276	275
502	275	501
710	507	506
711	508	813
794	594	593
1265	831	1086
841	418	635
754	553	552
790	791	590
782	783	582
669	452	453
669	453	670
994	739	738
756	555	554
422	638	20
857	638	422
474	247	473
811	611	610
631	414	415
631	630	414
698	495	494
933	669	670
517	294	293
517	518	294
922	657	658
1535	1344	1343
920	655	845
979	723	978
470	242	241
470	241	469
570	350	349
570	571	350
852	466	237
1490	1303	895
945	687	686
1495	1130	929
462	235	233
462	464	235
511	288	287
511	512	288
748	749	547
748	546	747
611	394	393
611	393	610
576	356	355
576	577	356
797	798	597
596	378	595
685	686	482
684	481	480
781	581	580
776	575	574
583	366	365
583	584	366
589	372	371
589	371	588
590	373	372
590	372	589
746	545	544
540	316	539
692	489	488
955	696	954
914	855	650
861	427	643
495	269	268
495	496	269
572	352	351
572	573	352
859	614	397
864	242	470
474	248	247
474	475	248
1049	1050	800
690	487	486
1470	905	1111
863	620	404
696	697	493
694	491	490
674	357	577
814	578	674
478	252	251
478	251	477
540	317	316
540	541	317
735	533	532
730	731	528
646	430	429
646	429	645
778	577	576
814	674	577
433	649	24
849	645	428
537	314	313
537	313	536
621	404	405
621	405	622
487	261	260
487	488	261
891	627	628
862	413	630
585	368	367
585	586	368
674	360	359
674	578	360
709	505	708
714	511	713
236	465	12
858	236	464
648	432	431
648	639	432
661	456	445
661	672	456
594	377	376
594	595	377
634	417	418
634	633	417
505	279	278
505	278	504
1240	1042	1041
3111	848	471
613	397	399
613	399	616
774	573	572
783	583	582
627	410	411
627	411	628
596	379	378
596	597	379
919	837	654
687	688	484
657	440	441
657	441	658
838	671	455
719	516	718
600	383	382
600	382	599
1140	942	941
803	804	603
738	535	737
1009	757	756
806	605	805
692	488	691
984	729	728
828	623	407
1275	923	823
1080	823	659
1275	823	1080
718	516	515
855	433	650
855	649	433
701	498	497
700	497	496
750	548	749
750	549	548
830	648	431
837	653	437
854	637	421
854	421	638
839	664	448
839	448	665
760	559	558
761	560	559
758	556	757
1007	755	754
791	591	590
790	590	589
1008	756	755
755	553	754
742	743	540
740	537	739
941	683	682
809	810	609
697	494	493
697	698	494
1623	1438	1437
946	688	687
700	701	497
699	496	495
1492	1304	886
1687	1094	1467
682	479	478
682	478	681
735	532	734
737	535	534
804	604	603
805	605	604
1031	781	1030
777	575	776
755	554	553
755	756	554
881	616	831
771	772	570
1059	810	809
942	684	683
714	512	511
705	501	704
840	625	410
840	410	627
740	538	537
1002	750	749
836	617	401
836	401	618
689	485	688
949	691	690
686	483	482
686	687	483
749	548	547
1206	1007	1205
831	400	617
831	616	400
825	239	467
825	468	239
728	526	525
728	729	526
1249	1050	1248
679	475	678
713	511	510
713	510	712
711	509	508
711	712	509
815	473	675
677	815	812
822	469	240
822	240	468
975	720	719
721	518	720
1034	785	784
768	567	566
1053	803	1052
1057	808	807
732	530	529
733	530	732
766	565	564
766	564	765
748	547	546
747	546	545
772	571	570
774	775	573
908	643	907
1116	908	907
677	473	815
812	611	811
764	563	562
764	765	563
961	703	702
1916	1449	1706
1340	1145	1144
806	807	606
1021	769	768
786	585	785
827	424	640
827	641	424
771	570	569
771	569	770
896	631	833
1091	870	871
1236	1237	1038
792	591	791
717	515	514
717	718	515
1933	1920	1722
912	648	830
776	574	775
1305	779	1061
1362	1170	1169
972	716	971
821	406	623
821	622	406
1004	752	751
898	819	633
792	592	591
792	793	592
816	745	543
816	543	673
1033	784	783
1025	773	772
805	604	804
806	606	605
1086	617	836
1263	832	1083
998	742	997
741	538	740
1080	659	826
979	980	724
860	656	440
860	440	657
1060	811	810
938	939	680
760	761	559
1216	1217	1018
685	482	481
685	481	684
730	528	527
730	527	729
715	513	512
715	716	513
797	597	596
797	596	796
954	696	695
694	695	491
743	541	540
741	742	539
777	576	575
814	577	778
934	669	933
932	667	842
799	599	598
799	598	798
782	582	581
782	581	781
778	576	777
780	781	580
733	734	531
987	988	732
1020	768	767
1087	866	865
726	524	523
726	727	524
710	506	709
965	706	964
757	556	555
757	555	756
842	667	451
955	697	696
1088	869	866
858	465	236
784	584	583
784	583	783
691	488	487
691	487	690
809	609	608
809	608	808
1046	797	796
1083	461	835
845	439	656
851	661	445
853	615	398
853	398	614
753	552	551
753	551	752
959	700	958
963	705	704
741	539	538
996	740	995
785	585	584
785	584	784
760	558	759
1010	758	757
724	522	521
725	522	724
850	434	649
1371	1178	1370
708	504	707
709	506	505
986	731	730
987	731	986
1054	805	804
1142	943	1141
800	599	799
1310	1089	1090
1072	847	620
1301	1076	857
759	558	557
759	557	758
812	612	611
812	815	612
824	449	666
1145	947	946
993	738	737
1005	752	1004
973	718	717
971	716	715
1001	1002	749
742	540	539
1221	1022	1220
1024	772	771
955	956	697
694	490	693
769	568	567
769	567	768
1078	851	662
918	919	654
930	666	931
929	664	839
826	659	443
826	443	660
802	803	602
802	601	801
816	542	744
816	744	745
1013	761	760
1423	1237	1236
1043	794	793
802	602	601
1399	1210	1209
1588	1589	1401
800	600	599
800	801	600
931	666	667
953	695	694
1120	914	913
908	861	643
1123	1124	918
1078	662	856
1040	791	790
1042	1043	793
820	642	425
820	425	641
700	496	699
958	700	699
934	843	669
959	701	700
1069	671	838
972	973	717
710	711	813
1169	970	1168
680	477	476
680	476	679
689	486	485
689	690	486
1081	623	828
981	725	980
846	628	412
852	237	465
999	746	1064
997	742	741
1162	964	963
966	708	707
979	724	723
725	726	523
1726	1519	1273
1075	853	614
1074	852	465
1071	846	629
683	479	682
947	688	946
976	720	975
980	725	724
1170	972	971
969	714	713
780	580	579
780	579	779
1052	803	802
1084	829	653
1119	1120	913
1047	798	797
990	734	989
1094	873	874
722	520	519
722	723	520
1029	777	776
1305	1030	780
956	698	697
960	961	702
721	519	518
721	722	519
1036	786	1035
789	790	589
848	472	243
3111	471	864
968	969	713
967	709	708
706	503	502
706	707	503
1198	1000	999
871	466	852
1098	879	880
3111	864	875
1113	903	912
1460	1113	912
1071	629	862
1074	465	858
1276	820	1082
974	718	973
789	589	588
789	588	788
702	499	498
702	703	499
1009	1010	757
1011	758	1010
1003	750	1002
750	751	549
683	480	479
683	684	480
1234	1036	1035
1035	786	785
1202	1004	1003
1524	1198	1197
1037	788	787
787	788	587
762	561	560
762	763	561
1061	778	777
1025	772	1024
1040	790	1039
1021	1022	769
787	587	586
787	586	786
773	572	571
773	774	572
1718	1905	1465
1908	1473	1728
1257	1058	1256
937	679	678
814	779	578
814	778	779
1005	753	752
1003	751	750
1015	1016	763
1451	1103	889
1076	638	857
1072	620	863
925	936	672
1250	1052	1051
1142	944	943
1029	1061	777
1019	767	766
1064	745	744
1308	744	743
1594	1406	1593
1149	1150	951
1233	1234	1035
1068	625	840
995	740	739
898	633	897
930	824	666
953	954	695
927	856	663
1297	1078	856
1086	831	617
2355	2106	1647
1501	3112	1491
1369	1177	1176
2121	1661	1931
1076	854	638
1301	857	904
1277	887	821
988	733	732
985	986	730
900	844	636
1833	1583	1832
1023	770	1022
1425	1239	1238
911	834	646
1048	798	1047
1007	1008	755
1109	897	899
896	894	631
1750	1319	1688
998	743	742
1308	743	998
1203	1204	1005
994	995	739
1343	1148	1147
951	692	950
957	699	698
1171	972	1170
1424	1238	1237
1507	1263	1083
963	964	705
962	703	961
1475	1502	1299
1486	1295	1502
1242	1043	1241
1231	1033	1032
1150	1151	952
928	927	663
1191	993	992
1070	833	632
1217	1019	1018
1215	1017	1016
1329	1128	1127
3112	860	921
884	619	847
1100	883	884
1131	930	931
953	694	952
940	681	939
1054	1055	805
967	1063	709
962	963	704
983	984	728
983	727	982
1187	989	988
1079	468	825
1141	943	942
1255	1057	1056
1164	1165	966
1063	710	709
1017	765	764
1017	764	1016
1490	895	1107
1385	1192	1384
981	726	725
981	982	726
1305	780	779
1061	779	778
992	736	991
993	737	992
1000	1001	748
999	747	746
1102	1101	885
1272	1082	827
1708	1913	1451
1033	1034	784
1477	1090	876
1095	878	877
1722	1509	1269
1493	875	1093
941	942	683
1056	806	1055
1210	1012	1011
1015	762	1014
1007	754	1006
1204	1205	1006
1096	1095	877
1459	868	1089
950	692	691
950	691	949
907	643	642
1115	1116	907
1055	806	805
1694	1130	1495
1274	826	924
916	915	651
1027	775	774
1032	783	782
3112	656	860
1474	1506	1297
1637	1478	1500
1920	1509	1722
1022	770	769
1412	1223	1222
1293	902	854
1101	886	885
1126	922	923
974	719	718
1077	649	855
1479	910	1290
1062	937	678
1062	678	677
1006	754	753
1006	753	1005
1307	712	711
1063	711	710
1057	1058	808
1058	809	808
1013	1014	761
1011	759	758
910	645	849
1118	911	909
1283	1069	838
1566	1377	1376
1262	824	930
929	928	664
991	736	735
1473	896	1284
952	694	693
951	952	693
946	687	945
1143	944	1142
1096	877	881
1099	882	883
883	618	619
883	619	884
1110	897	1109
1205	1007	1006
1062	677	812
1306	1060	1135
891	892	627
1502	1074	1299
877	613	616
877	616	881
1413	1224	1223
1034	1035	785
1263	865	832
1695	1106	1318
1009	756	1008
1065	841	635
1868	1620	1619
1020	767	1019
882	836	618
882	618	883
1609	1610	1424
1038	788	1037
976	721	720
977	722	721
1543	1352	1351
1151	953	952
921	860	657
921	657	922
1000	748	747
1001	749	748
1372	1179	1371
1274	1080	826
886	863	621
1304	1072	863
917	652	829
1510	1085	1270
1179	981	980
915	660	651
940	682	681
940	941	682
1190	992	991
1728	1473	1284
1185	987	986
988	989	733
1106	891	1105
1287	846	1071
1069	817	671
974	975	719
1003	1004	751
1194	1195	996
964	706	705
1164	966	965
1238	1239	1040
1721	1270	1464
869	858	464
869	464	866
1051	802	801
1051	1052	802
1243	1045	1044
944	685	943
1218	1219	1020
1020	1021	768
970	971	715
1168	970	969
968	713	712
1307	968	712
923	658	823
923	922	658
1050	801	800
1050	1051	801
932	931	667
1152	954	953
865	462	832
865	866	462
2315	1896	2108
916	651	850
957	698	956
1066	842	668
1030	781	780
1032	1033	783
1174	976	975
977	721	976
1067	665	824
1150	952	951
943	685	684
943	684	942
1044	795	794
1044	794	1043
1041	792	791
1041	791	1040
989	734	733
1188	989	1187
1280	842	1066
1154	955	1153
1365	1173	1172
926	661	851
1464	1270	911
1248	1049	1247
935	670	817
935	933	670
1012	760	759
1013	760	1012
1219	1021	1020
1218	1020	1019
874	469	822
874	873	469
1171	973	972
1518	1275	1080
1177	978	1176
1181	982	1180
1216	1017	1215
1214	1016	1015
990	735	734
990	991	735
972	717	716
1161	963	962
1422	1423	1236
1026	1027	774
1065	635	844
1454	900	1104
987	732	731
1188	990	989
1059	809	1058
1059	1060	810
867	463	472
867	472	876
1204	1006	1005
1203	1004	1202
1189	991	990
1108	894	896
1140	941	1139
1256	1058	1057
904	857	639
904	639	903
902	637	854
902	901	637
1613	1428	1427
1045	795	1044
1200	1201	1002
1000	747	999
1505	1077	1298
1267	917	829
1145	1146	947
1067	839	665
1164	965	1163
1160	962	961
1026	774	773
1026	773	1025
1056	807	806
1056	1057	807
938	680	679
938	679	937
885	621	622
885	886	621
1156	957	1155
957	958	699
1066	668	843
1456	1515	1281
1313	1095	1096
1085	830	647
1491	3112	921
1127	925	926
1032	782	1031
1031	782	781
996	741	740
996	997	741
875	864	470
875	470	873
1759	1666	1324
1434	1248	1247
1036	787	786
1036	1037	787
879	624	615
879	888	624
870	467	466
870	466	871
944	686	685
944	945	686
1077	850	649
1291	916	850
1157	959	958
1152	1153	954
1048	799	798
1048	1049	799
1018	766	765
1018	765	1017
909	911	646
1073	644	861
893	628	846
893	891	628
899	634	841
899	897	634
948	690	689
948	949	690
965	707	706
965	966	707
1735	1312	1687
1273	1081	828
1093	875	873
1093	873	1094
890	636	626
890	900	636
868	835	463
868	463	867
983	728	727
1517	1079	1271
913	650	652
913	914	650
1302	861	908
1466	906	1276
1045	796	795
1045	1046	796
1405	1216	1215
1103	890	889
1172	1173	974
1173	975	974
1306	1135	1062
1306	811	1060
1148	1149	950
1346	1151	1150
1023	771	770
1023	1024	771
1154	1155	956
1154	956	955
1271	1079	825
1472	1271	872
960	702	701
960	701	959
1184	1185	986
1186	987	1185
936	838	672
1283	838	936
924	826	660
924	660	915
1053	804	803
1053	1054	804
1155	957	956
1134	934	933
1603	1418	1417
1232	1034	1033
925	672	661
925	661	926
993	994	738
1070	632	819
895	862	630
895	630	894
1237	1039	1038
1423	1424	1237
1262	1067	824
1148	950	949
1223	1025	1024
1414	1224	1413
1524	1446	1198
1197	998	1196
918	654	655
918	655	920
1339	1340	1144
1144	945	1143
1368	1369	1176
1167	1168	969
1206	1008	1007
1104	890	1103
1028	776	775
1028	775	1027
1192	994	993
1707	1260	1450
1375	1183	1182
1277	821	1081
1136	938	937
1136	1137	938
872	825	467
872	467	870
887	622	821
887	885	622
970	715	714
970	714	969
909	646	645
909	645	910
1226	1028	1027
1608	1422	1607
1511	1070	1260
1202	1003	1201
1073	849	644
1479	1117	910
1190	991	1189
1397	1207	1396
878	859	613
878	613	877
1397	1398	1208
1383	1191	1190
880	615	853
880	879	615
1042	793	792
1042	792	1041
1172	974	973
1693	1476	1128
1255	1056	1254
1255	1256	1057
1250	1251	1052
1249	1051	1050
1229	1230	1031
1227	1029	1028
1499	1480	1287
1730	1882	1670
1519	1081	1273
1925	1907	1719
1519	1277	1081
1183	985	984
1121	915	916
1489	1121	916
1146	948	947
1147	949	948
1427	1241	1240
1410	1411	1221
1200	1002	1001
1201	1003	1002
1468	1126	923
1485	1292	1506
1144	946	945
1143	945	944
1486	1091	871
1917	1511	1707
1248	1050	1049
1245	1047	1046
1717	1276	1520
1494	1498	1302
1129	927	928
1123	918	920
1287	893	846
1105	891	893
1518	1080	1274
1368	1176	1175
1099	883	1100
1492	886	1101
1498	1290	1073
1302	1073	861
1239	1041	1040
1239	1240	1041
1291	850	1077
1117	1118	909
1137	939	938
1138	1139	940
1152	953	1151
1153	955	954
1437	1438	1251
1891	1643	1665
1705	1361	1360
1468	923	1275
1483	1503	1301
1315	1099	1100
1477	876	1289
1089	868	867
1180	982	981
1372	1180	1179
1512	1259	1069
1328	1125	1126
1271	825	872
1191	1192	993
1159	961	960
1161	962	1160
1404	1215	1214
1216	1018	1017
1293	854	1076
1304	863	886
1700	1630	1454
1214	1215	1016
1107	895	894
1107	894	1108
1209	1010	1208
1400	1211	1210
1147	948	1146
1149	951	950
1231	1032	1230
1231	1232	1033
1199	1001	1000
1384	1192	1191
1503	1076	1301
1488	902	1293
1284	896	833
1284	833	1070
1174	975	1173
1366	1174	1173
1499	1303	1490
1311	1092	1091
1572	1382	1571
1391	1202	1201
1182	984	983
1182	1183	984
1458	1266	919
1530	1339	1338
1441	1254	1440
1335	1140	1139
1229	1031	1030
1227	1028	1226
2081	1870	2080
1297	856	927
1117	909	910
1666	1118	1324
1199	1200	1001
1196	998	997
1358	1359	1163
1332	1134	1133
1558	1559	1369
1175	976	1174
1208	1010	1009
1320	1110	1109
1489	916	1291
2118	1683	1766
1326	1122	1121
1323	1116	1115
1906	1466	1717
1377	1184	1376
1133	933	935
1158	959	1157
1209	1011	1010
1209	1210	1011
1165	967	966
1167	969	968
1106	892	891
1457	1087	865
1135	937	1062
1711	1444	1443
1341	1146	1145
1340	1341	1145
1102	885	887
1685	1102	1465
1251	1053	1052
1253	1254	1055
1514	1067	1262
1495	929	1285
1472	872	1092
1319	1107	1108
1279	841	1065
1279	899	841
1087	1088	866
1407	1217	1406
1398	1209	1208
1516	1279	1065
1115	907	906
1175	977	976
1241	1043	1042
1241	1042	1240
1111	905	901
1690	1910	1470
1104	900	890
1317	1104	1103
1122	924	915
1122	915	1121
1172	973	1171
1356	1160	1355
1292	851	1078
1292	926	851
1364	1172	1171
1365	1172	1364
1295	852	1074
1295	871	852
1136	937	1135
1522	1136	1135
1510	1264	1085
1264	830	1085
1387	1194	1386
1389	1390	1200
1169	971	970
1169	1170	971
1408	1219	1218
1217	1218	1019
1321	1111	1112
1316	1101	1102
1138	940	939
1138	939	1137
1294	853	1075
1294	880	853
1228	1030	1305
1415	1225	1414
1361	1362	1169
1365	1366	1173
1134	933	1133
1515	1066	1281
1416	1230	1229
1228	1305	1061
1166	1167	968
1307	711	1063
1308	1064	744
1197	999	1064
1669	1318	1105
1689	1472	1092
1395	1206	1205
1203	1005	1004
1285	929	839
1285	839	1067
1504	1075	1300
1508	1084	1266
1508	1267	1084
1286	920	845
3112	845	656
1685	1316	1102
1470	1272	905
1280	932	842
1702	1632	1456
1092	872	870
1092	870	1091
1140	1141	942
1254	1056	1055
1473	1108	896
1571	1382	1381
1235	1037	1036
1235	1036	1234
1459	1268	868
1482	1504	1300
1488	1112	902
1677	1101	1316
1193	995	994
1193	994	1192
1729	1309	1682
1457	865	1263
1433	1247	1246
1246	1247	1048
1163	965	964
1163	964	1162
1303	1071	862
1303	862	895
1261	889	818
1261	818	1068
1500	1304	1492
1642	1503	1483
1252	1054	1053
1252	1053	1251
1491	921	1125
1286	845	3112
1662	1119	1462
1119	913	917
1270	834	911
1270	1085	834
1454	1282	900
1516	1282	1454
1312	1093	1094
1487	880	1294
1224	1026	1025
1225	1226	1027
1928	1514	1710
1990	1773	1877
1114	904	903
1114	903	1113
1506	1078	1297
1259	817	1069
1259	935	817
1166	1307	1063
1166	968	1307
1409	1220	1219
1224	1025	1223
1428	1429	1242
1434	1435	1248
1430	1244	1243
1244	1245	1046
1158	960	959
1159	960	1158
1564	1375	1374
1556	1557	1367
1159	1160	961
1546	1355	1354
1228	1229	1030
1523	1229	1228
2303	1903	1963
1709	1457	1263
1186	988	987
1186	1187	988
1195	997	996
1195	1196	997
1257	1059	1058
1258	1059	1257
1350	1155	1154
1795	1543	1794
1132	931	932
1132	1131	931
1128	936	925
1128	925	1127
1190	1191	992
1189	990	1188
1306	812	811
1306	1062	812
1290	910	849
1290	849	1073
1178	980	979
1178	1179	980
1570	1381	1380
1687	1312	1094
1198	999	1197
1198	1199	1000
1595	1408	1407
1414	1225	1224
1222	1024	1023
1222	1223	1024
1176	978	977
1176	977	1175
1345	1346	1150
1345	1150	1149
1177	979	978
1177	1178	979
1233	1035	1034
1233	1034	1232
1211	1013	1012
1211	1012	1210
1308	998	1197
1308	1197	1064
1258	1060	1059
1258	1135	1060
1542	1543	1351
1148	949	1147
1521	1167	1166
1360	1168	1167
1242	1044	1043
1242	1243	1044
1357	1162	1161
1551	1552	1362
1322	1114	1113
1460	912	1264
1156	958	957
1156	1157	958
1110	898	897
1391	1392	1202
1181	983	982
1181	1182	983
1689	1092	1311
1381	1188	1380
1363	1170	1362
1352	1157	1156
1299	1074	858
1299	858	869
1253	1055	1054
1253	1054	1252
1166	1063	967
1166	967	1165
1908	1688	1473
1314	1097	1098
1250	1051	1249
1622	1623	1437
1699	1332	1133
1544	1352	1543
1184	986	985
1184	985	1183
1244	1046	1045
1244	1045	1243
1236	1038	1037
1236	1037	1235
1207	1208	1009
1396	1207	1206
1484	1505	1298
1498	1073	1302
1625	1440	1439
1325	1120	1119
1288	847	1072
1288	884	847
1097	888	879
1097	879	1098
1207	1009	1008
1207	1008	1206
1269	836	882
1269	1086	836
1220	1022	1021
1220	1021	1219
1327	1124	1123
1668	1123	1481
1435	1249	1248
1662	1325	1119
1511	1284	1070
1382	1190	1189
1130	928	929
1130	1129	928
1370	1178	1177
1692	1122	1326
1626	1440	1625
1440	1254	1253
1309	1088	1087
2060	2061	1847
1194	996	995
1194	995	1193
1281	843	934
1281	1066	843
1268	1083	835
1268	835	868
1090	867	876
1090	1089	867
1112	901	902
1112	1111	901
1871	1623	1622
1434	1247	1433
1458	919	1124
1436	1249	1435
1289	848	3111
1212	1014	1013
1212	1013	1211
1300	1075	859
1300	859	878
1225	1027	1026
1225	1026	1224
1402	1212	1401
1213	1014	1212
1549	1358	1357
1706	1449	1259
1493	3111	875
1497	3111	1493
1278	822	1079
1278	874	822
1298	855	914
1298	1077	855
1296	840	892
1296	1068	840
2316	1946	1884
1421	1235	1234
1444	1257	1443
2085	1875	1874
1246	1048	1047
1246	1047	1245
1380	1188	1187
1394	1204	1393
1336	1141	1140
1441	1255	1254
1238	1040	1039
1238	1039	1237
1339	1144	1143
1927	1711	1628
1282	844	900
1282	1065	844
1213	1015	1014
1213	1214	1015
1221	1023	1022
1221	1222	1023
1515	1280	1066
1453	1280	1515
1125	921	922
1125	922	1126
1345	1149	1344
1348	1153	1152
1260	819	898
1260	1070	819
1446	1199	1198
1524	1197	1196
1228	1061	1029
1228	1029	1227
1848	1599	1598
1412	1413	1223
1392	1203	1202
1393	1203	1392
1502	1295	1074
1486	871	1295
1337	1338	1142
1339	1143	1338
1348	1349	1153
1349	1154	1153
1369	1370	1177
1367	1175	1174
1682	1309	1087
1426	1240	1239
1569	1380	1379
2517	2272	2093
1443	1257	1256
1527	1336	1335
1675	1311	1091
1681	1649	1490
1607	1422	1421
1405	1406	1216
1406	1217	1216
1682	1087	1457
2107	1894	1646
1425	1238	1424
1565	1566	1376
1371	1179	1178
1404	1405	1215
1746	1700	1317
1914	1452	1697
1535	1536	1344
1618	1433	1432
1464	911	1118
1664	1641	1482
2086	1904	1922
1318	1106	1105
1840	1591	1590
1696	1317	1103
1402	1213	1212
1562	1373	1372
1809	1559	1558
1448	1227	1226
1523	1228	1227
1578	1579	1391
1393	1204	1203
1804	1553	1803
1445	1165	1164
1504	1294	1075
1487	1098	880
1505	1489	1291
2108	1896	1648
1439	1253	1252
1439	1440	1253
1388	1446	1524
1704	1388	1387
1506	1292	1078
1485	926	1292
1453	932	1280
1453	1132	932
1361	1169	1168
1361	1168	1360
1505	1291	1077
1674	1489	1648
1356	1161	1160
1355	1160	1159
1894	1673	1646
1676	1652	1493
1388	1196	1195
1388	1524	1196
1357	1161	1356
1554	1555	1365
1520	1276	1082
1717	1466	1276
1874	1626	1625
1333	1334	1138
1808	1558	1557
1692	1471	1122
1394	1205	1204
1516	1065	1282
1394	1395	1205
1395	1396	1206
1521	1165	1445
1521	1166	1165
1408	1409	1219
1847	1598	1597
1461	881	1265
1461	1096	881
1503	1488	1293
1657	1478	1637
2134	1938	1826
1580	1393	1392
1507	1083	1268
1611	1612	1426
1344	1149	1148
1343	1147	1342
1383	1190	1382
1383	1384	1191
1342	1147	1146
1342	1146	1341
1671	1633	1474
1545	1546	1354
1707	1511	1260
1385	1193	1192
1456	934	1134
1456	1281	934
1930	1512	1635
1635	1512	1476
1419	1233	1232
1857	1858	1609
1351	1352	1156
1701	1331	1132
1418	1419	1232
1523	1416	1229
1401	1212	1211
1401	1211	1400
1350	1154	1349
1632	1515	1456
2302	1912	2136
1367	1174	1366
1354	1159	1158
1354	1355	1159
1479	1290	1498
1324	1118	1117
1765	1327	1668
2110	1633	1881
1514	1285	1067
1514	1495	1285
1548	1357	1356
1548	1356	1547
1661	1322	1113
2123	2103	1933
1500	1478	1288
1647	1503	1642
1569	1570	1380
1691	1911	1469
1430	1243	1429
1615	1429	1614
1347	1151	1346
1536	1345	1344
1455	1279	1516
1703	1455	1631
1397	1208	1207
1399	1400	1210
1684	1126	1468
1769	1693	1329
1658	1117	1479
1760	1324	1658
1452	1262	930
1452	930	1131
1503	1293	1076
2707	2566	2565
1760	1759	1324
1658	1324	1117
1335	1336	1140
1333	1138	1137
1591	1404	1403
1513	1261	1068
1462	917	1267
1462	1119	917
1716	1904	1468
1368	1175	1367
1475	869	1088
1475	1299	869
1411	1222	1221
1412	1222	1411
1602	1712	1415
1417	1230	1416
1563	1374	1373
1466	1115	906
1680	1485	1644
1679	1650	1491
1599	1412	1411
1420	1233	1419
1379	1187	1186
1379	1380	1187
1347	1152	1151
1331	1131	1132
1481	1286	1501
1501	1286	3112
1471	1274	924
1471	924	1122
1442	1443	1256
1525	1334	1333
1593	1405	1592
2314	2525	2682
1467	1094	874
1467	874	1278
2518	2273	2092
1557	1368	1367
1747	1669	1887
1670	1475	1088
1372	1373	1180
1726	1273	1469
1497	1289	3111
2111	1884	1636
1668	1327	1123
1640	1481	1501
2020	1806	1805
1449	935	1259
1410	1221	1220
1410	1220	1409
1478	1100	884
1478	884	1288
1509	1265	1086
1509	1086	1269
1432	1433	1246
2260	2261	2075
1693	1128	1329
1635	1476	1693
2074	1863	2073
1531	1339	1530
1438	1252	1251
1438	1439	1252
1463	882	1099
1463	1269	882
1334	1139	1138
1335	1139	1334
1338	1143	1142
1526	1334	1525
1426	1427	1240
1426	1239	1425
1633	1506	1474
1650	1501	1491
2351	1645	1634
2681	2481	2154
2000	2001	1785
1713	1266	1458
1922	1518	1727
1558	1368	1557
1363	1171	1170
1363	1364	1171
1722	1269	1463
1611	1426	1425
1378	1186	1185
1378	1379	1186
1442	1256	1255
1442	1255	1441
1670	1088	1309
1634	1475	1670
1626	1441	1440
1627	1628	1442
1576	1386	1575
1577	1390	1389
1553	1554	1364
1542	1350	1541
1386	1194	1193
1385	1386	1193
1520	1082	1272
1725	1520	1272
1589	1402	1401
1399	1209	1398
1583	1396	1395
1698	1915	1450
1678	1116	1323
1561	1371	1560
1936	1723	1459
1611	1425	1610
1697	1452	1131
1348	1152	1347
1790	1791	1539
1538	1347	1346
1415	1226	1225
1415	1448	1226
1711	1447	1444
1444	1258	1257
1661	1113	1460
1920	1714	1509
1500	1072	1304
1500	1288	1072
1531	1340	1339
1436	1250	1249
1359	1164	1163
1359	1445	1164
1616	1431	1430
1742	1315	1657
1465	887	1277
1465	1102	887
1447	1137	1136
1447	1333	1137
1431	1245	1244
1431	1244	1430
1575	1385	1574
1575	1386	1385
1450	898	1110
1450	1260	898
1902	1694	1654
1694	1330	1130
2146	1745	1696
1581	1394	1393
1537	1538	1346
1713	1508	1266
1374	1182	1181
1374	1375	1182
1373	1181	1180
1373	1374	1181
1918	1709	1507
1918	1723	1936
1620	1435	1434
1720	1267	1508
1782	1783	1531
1621	1436	1435
1725	1272	1470
1562	1563	1373
1390	1201	1200
1391	1201	1390
1337	1142	1141
1337	1141	1336
1381	1189	1188
1381	1382	1189
1522	1258	1444
1522	1135	1258
1403	1214	1213
1403	1404	1214
1481	1123	920
1481	920	1286
1494	908	1116
1494	1302	908
1422	1236	1235
1422	1235	1421
1666	1464	1118
1627	1442	1441
1586	1399	1398
1836	1586	1835
1480	893	1287
1480	1105	893
2025	2026	1811
1678	1494	1116
1712	1448	1415
1418	1232	1231
2277	2132	2096
1939	1713	1458
1353	1354	1158
1544	1353	1352
1407	1218	1217
1407	1408	1218
1523	1227	1448
1523	1448	1416
1565	1376	1375
1469	888	1097
1841	1842	1592
1403	1213	1402
1484	914	1120
1484	1298	914
1474	1297	927
1474	927	1129
1437	1251	1250
1437	1250	1436
1483	1301	904
1483	904	1114
1663	1642	1483
2334	1920	2103
1600	1413	1412
1604	1419	1418
1477	1289	1497
1659	1310	1090
1522	1447	1136
1522	1444	1447
3109	2064	2149
1600	1412	1599
1521	1360	1167
1521	1445	1360
1482	878	1095
1482	1300	878
1539	1347	1538
1701	1132	1453
1909	1472	1689
1572	1383	1382
1499	1287	1071
1499	1071	1303
1377	1185	1184
1377	1378	1185
1432	1246	1245
1432	1245	1431
2165	1953	1954
1884	1659	1636
1496	892	1106
1496	1296	892
1420	1234	1233
1420	1421	1234
2352	1644	1633
1633	1644	1506
1590	1402	1589
1696	1103	1451
1563	1564	1374
1899	1651	1677
1917	1707	1915
1577	1389	1704
1639	1669	1480
1675	1091	1486
1455	1109	899
1455	899	1279
1977	1891	1762
1643	1505	1484
1476	1283	936
1476	936	1128
1417	1231	1230
1417	1418	1231
1646	1504	1641
1673	1487	1646
1389	1200	1199
1389	1199	1446
1647	1488	1503
1885	1742	1657
1428	1242	1241
1428	1241	1427
1610	1425	1424
2656	2283	2460
1560	1371	1370
1814	1564	1563
1353	1158	1157
1353	1157	1352
1513	1068	1296
1513	1296	1496
1585	1398	1397
1631	1455	1516
1351	1156	1155
1351	1155	1350
1813	1814	1563
1567	1377	1566
1580	1581	1393
1579	1580	1392
1358	1163	1162
1358	1162	1357
2245	2059	2058
1586	1398	1585
1646	1487	1504
1652	1497	1493
1512	1069	1283
1512	1283	1476
1387	1195	1194
1387	1388	1195
1517	1278	1079
1719	1907	1467
1896	1674	1648
1561	1372	1371
1582	1395	1394
1584	1585	1397
1930	1706	1512
1547	1356	1355
1672	1488	1647
1890	1642	1663
1704	1446	1388
1704	1389	1446
1713	1919	1508
1721	1510	1270
1612	1613	1427
2146	1696	1913
1532	1340	1531
1654	1495	1514
1578	1390	1577
1574	1385	1384
1669	1105	1480
1639	1480	1499
1723	1918	1507
1847	1848	1598
1667	1099	1315
1667	1463	1099
1923	1520	1725
1957	1744	1743
1855	1607	1606
1660	1313	1096
1641	1504	1482
1659	1090	1477
1921	1510	1721
2074	1864	1863
1790	1539	1538
1542	1351	1350
1558	1369	1368
1806	1556	1555
1677	1492	1101
1743	1316	1685
1605	1419	1604
2276	2095	2131
1784	1533	1532
2124	2105	1934
1654	1694	1495
1788	1537	1536
1653	1638	1498
1665	1643	1484
1655	1513	1496
1961	1748	1747
1533	1342	1341
1534	1342	1533
1829	1830	1580
2689	2395	2394
1570	1571	1381
1818	1567	1817
2346	1637	1651
1754	1321	1672
1648	1505	1643
1648	1489	1505
1651	1637	1500
1895	1672	1647
1602	1415	1414
1600	1601	1413
1565	1375	1564
2339	2137	1753
1912	1471	1692
2033	2034	1819
1909	1724	1472
2089	1925	2091
1684	1328	1126
1803	1553	1552
1821	1822	1571
1724	1925	1517
1762	1891	1665
1976	1762	1761
1665	1120	1325
1665	1484	1120
2471	2170	1962
1882	1634	1670
1697	1131	1331
1787	1788	1536
1555	1366	1365
1554	1365	1364
1619	1434	1433
1921	1715	1510
1545	1354	1353
1544	1545	1353
1593	1406	1405
1612	1427	1426
1619	1620	1434
1619	1433	1618
1834	1585	1584
1584	1397	1396
1634	1502	1475
1947	1733	1734
1880	1632	1702
2010	1794	2009
1528	1336	1527
1782	1530	1781
1583	1395	1582
1582	1394	1581
1601	1414	1413
1849	1600	1599
1657	1315	1100
1657	1100	1478
1592	1405	1404
1592	1404	1591
1552	1363	1362
1553	1364	1363
1541	1350	1349
1942	1515	1632
1795	1544	1543
1706	1259	1512
1603	1604	1418
1854	1855	1606
1792	1541	1540
1775	1880	1702
1614	1429	1428
1614	1428	1613
2097	1917	1915
1829	1580	1579
1644	1485	1506
1640	1668	1481
1924	1519	1726
2027	1812	2026
1739	1691	1314
2031	1817	1816
1867	1618	1866
1921	1721	1934
1883	1635	1693
1768	1328	1684
1551	1362	1361
1551	1361	1705
1720	1462	1267
1532	1341	1340
1606	1421	1420
1606	1607	1421
1608	1423	1422
2068	1857	2067
1624	1439	1438
1624	1438	1623
1705	1360	1445
1705	1445	1359
1698	1450	1110
1698	1110	1320
1931	1715	1921
1617	1618	1432
1615	1430	1429
1615	1616	1430
1622	1437	1436
1621	1435	1620
2312	1888	2114
1883	1693	1769
1858	1610	1609
1843	1594	1593
1655	1496	1695
1858	1859	1610
1773	1774	1331
2008	2009	1793
1651	1500	1492
1651	1492	1677
1719	1467	1278
1719	1278	1517
1529	1338	1337
1529	1530	1338
2051	2052	1838
1835	1585	1834
1621	1622	1436
1998	1783	1782
2469	2165	1954
1636	1497	1652
1578	1391	1390
1579	1392	1391
2029	1815	1814
1728	1284	1511
1598	1411	1410
1598	1599	1411
1650	1640	1501
1888	1765	1668
1597	1410	1409
1597	1598	1410
1676	1493	1093
1676	1093	1312
1550	1705	1359
1801	1550	1549
1590	1403	1402
1590	1591	1403
1680	1127	1485
1680	1329	1127
1887	1669	1639
1749	1681	1319
1844	1595	1594
2126	1936	1656
1540	1349	1348
1540	1541	1349
1587	1400	1399
1587	1399	1586
1932	1714	1920
1596	1408	1595
1709	1263	1507
2099	1918	1936
2260	2075	2074
1889	1641	1664
1774	1697	1331
1787	1536	1535
1528	1337	1336
1528	1529	1337
2169	1963	1961
1841	1592	1591
1910	1725	1470
1562	1372	1561
1645	1502	1634
1893	1675	1645
1815	1564	1814
1911	1726	1469
1550	1359	1358
1550	1358	1549
1548	1549	1357
1547	1355	1546
1699	1133	1449
1916	1699	1449
1965	1749	1750
2091	1925	1909
1766	1683	1327
2281	2101	2118
1727	1518	1274
1727	1274	1471
1761	1325	1662
2262	2076	2261
1583	1584	1396
1833	1834	1584
2304	1989	1902
1888	1668	1640
1672	1112	1488
1672	1321	1112
1878	1630	1700
1879	1751	1703
1711	1333	1447
1711	1525	1333
1671	1129	1330
1671	1474	1129
1638	1479	1498
1638	1658	1479
1663	1483	1114
1663	1114	1322
1649	1499	1490
1649	1639	1499
1602	1414	1601
1712	1416	1448
1645	1486	1502
1645	1675	1486
1900	1652	1676
2449	2301	2339
1532	1533	1341
2100	2125	1935
1605	1420	1419
1605	1606	1420
1625	1439	1624
1626	1627	1441
2326	1976	1761
1939	1458	1683
1617	1432	1431
1617	1431	1616
1636	1477	1497
1636	1659	1477
2384	2218	2217
1758	1323	1686
1559	1370	1369
1559	1560	1370
1630	1516	1454
1941	1631	1516
1609	1424	1423
1609	1423	1608
2260	2074	2259
1785	1533	1784
1716	1275	1518
1716	1468	1275
1712	1417	1416
1712	1603	1417
2010	1795	1794
1799	1547	1798
1686	1323	1115
1686	1115	1466
1903	1655	1695
1845	1595	1844
1914	1928	1710
1928	1654	1514
1596	1409	1408
1596	1597	1409
1653	1498	1494
1653	1494	1678
1690	1470	1111
1690	1111	1321
1804	1554	1553
1553	1363	1552
1681	1490	1107
1681	1107	1319
1898	1650	1679
1892	1680	1644
1594	1407	1406
1594	1595	1407
1937	1705	1550
2308	2120	1883
1798	1547	1546
1916	1706	1930
1664	1095	1313
1664	1482	1095
1534	1343	1342
1534	1535	1343
2078	1868	1867
1780	1529	1528
1861	1613	1612
1860	1611	1859
1526	1335	1334
1526	1527	1335
1757	1323	1758
1757	1678	1323
1537	1346	1345
1537	1345	1536
2017	2018	1803
1799	1548	1547
1688	1108	1473
1688	1319	1108
1656	1089	1310
1656	1459	1089
1679	1491	1125
1679	1125	1328
1703	1320	1109
1703	1109	1455
1556	1367	1366
1556	1366	1555
2521	2040	2286
1820	1570	1569
1673	1314	1098
1673	1098	1487
1859	1611	1610
1841	1591	1840
1674	1121	1489
1674	1326	1121
1794	1543	1542
1793	1542	1541
1829	1579	1828
1573	1383	1572
1708	1451	1261
1708	1261	1513
1724	1271	1472
1724	1517	1271
1714	1461	1265
1714	1265	1509
1629	1453	1515
1629	1701	1453
1628	1443	1442
1628	1711	1443
1539	1348	1347
1539	1540	1348
1710	1514	1262
1710	1262	1452
1718	1277	1519
1718	1465	1277
1864	1616	1615
1936	1459	1656
1723	1268	1459
1723	1507	1268
1588	1401	1400
1588	1400	1587
1700	1454	1104
1700	1104	1317
1568	1379	1378
1568	1569	1379
1782	1531	1530
2125	1662	1935
1777	1778	1526
1778	1779	1527
2036	1821	2035
1825	1575	1574
1683	1458	1124
1683	1124	1327
1851	1926	1602
1852	1604	1603
1576	1387	1386
1576	1704	1387
1702	1456	1134
1702	1134	1332
1573	1384	1383
1573	1574	1384
1567	1378	1377
1567	1568	1378
1715	1264	1510
1715	1460	1264
1938	1577	1704
1823	1573	1572
1812	1562	1561
1906	1686	1466
1845	1596	1595
1849	1599	1848
1924	1718	1519
2470	2173	1969
1778	1527	1526
2187	1995	1994
1691	1097	1314
1691	1469	1097
2505	1978	2178
1906	1717	1923
2263	2077	2262
1755	1322	1661
1938	1704	1576
1825	1826	1575
1751	1320	1703
2045	1832	1831
1811	1560	1810
2026	1812	1811
2066	1856	1855
1846	1597	1596
1866	1618	1617
2324	2123	1741
1777	1526	1525
1875	1626	1874
1791	1540	1539
1793	1794	1542
2125	1761	1662
2565	2566	2363
1953	1739	1740
2279	2099	2126
1897	1649	1681
1944	1882	1730
2502	2172	2234
1833	1584	1583
2103	1920	1933
2645	2460	2499
1783	1532	1531
1919	1935	1720
1949	1736	1735
1740	1673	1894
1765	1766	1327
1987	1771	1772
1850	1601	1600
1856	1608	1607
1830	1581	1580
1915	1707	1450
1926	1603	1712
1926	1712	1602
1824	1573	1823
1828	1579	1578
2094	1922	1912
1901	1678	1757
1904	1684	1468
1805	1555	1554
1940	1682	1457
1940	1457	1709
2035	1821	1820
1822	1572	1571
2121	1755	1661
1863	1615	1614
2135	1688	1908
2139	1909	1689
1763	1692	1326
1979	1978	1764
2021	1807	1806
1881	1633	1671
2351	1634	2109
2109	1634	1882
2048	1835	1834
1835	1586	1585
2222	2033	2032
1827	1577	1938
1804	1805	1554
1937	1550	1801
1873	1625	1624
1873	1874	1625
1826	1576	1575
1826	1938	1576
1853	1605	1604
1853	1604	1852
2140	1768	1684
2577	2380	2576
1779	1528	1527
1779	1780	1528
2092	2088	1923
2339	1753	1968
1922	1904	1716
1806	1807	1556
1807	1557	1556
1808	1809	1558
2493	2438	2321
1786	1534	1785
1832	1582	1831
1832	1583	1582
1864	1615	1863
1865	1866	1617
1926	1852	1603
2149	1926	1851
1963	1903	1748
2131	1655	1903
1927	1525	1711
1927	1777	1525
1854	1606	1605
1854	1605	1853
1849	1850	1600
2062	1849	1848
1982	1898	1767
1770	1680	1892
1875	1627	1626
2084	1874	1873
1851	1602	1601
1851	1601	1850
1970	1756	1755
1885	1657	1637
1764	1763	1326
1886	1760	1658
1877	1773	1701
1797	1546	1545
2514	2087	2272
2027	1813	1812
2068	1858	1857
2126	1656	1731
2190	1998	1997
1872	1873	1624
1791	1792	1540
1784	1532	1783
1996	1781	1780
2333	2104	1921
1870	1622	1621
1870	1871	1622
1842	1593	1592
1842	1843	1593
2301	2092	1910
2386	2387	2220
1929	1513	1655
1929	1708	1513
2031	1816	2030
2448	2517	2300
1745	1317	1696
1745	1746	1317
1831	1582	1581
1831	1581	1830
2361	2362	2192
1994	1779	1778
2509	2341	2447
1911	1924	1726
2278	2098	2120
2011	1796	1795
1862	1863	1614
2073	1863	1862
1912	1727	1471
2337	2136	1763
1839	1840	1590
1838	1589	1588
1823	1572	1822
1824	1574	1573
1734	1311	1675
1734	1675	1893
1836	1587	1586
1837	1838	1588
1913	1696	1451
1913	1708	1929
2122	1932	2102
2480	2119	2293
2100	1935	1919
1869	1870	1621
1879	1703	1631
1966	1751	1879
1844	1594	1843
1918	1940	1709
2691	2408	2598
1847	1597	1846
1800	1549	1548
1800	1801	1549
1736	1900	1676
1950	1736	1949
1816	1566	1565
2030	1816	1815
1792	1793	1541
1773	1331	1701
1907	1687	1467
2089	1907	1925
1886	1658	1638
2285	2105	2124
1897	1681	1749
1749	1319	1750
2496	1945	2161
2401	2402	2238
2004	2005	1789
2082	1872	1871
1857	1609	1608
1857	1608	1856
2014	1799	1798
1796	1797	1545
2012	1797	1796
1993	1775	1776
1802	1552	1551
1937	1551	1705
1837	1588	1587
1837	1587	1836
1730	1670	1309
1730	1309	1729
2491	2303	1963
2095	1913	1929
2114	1888	1640
2349	1898	2156
1932	1461	1714
1932	1660	1461
1862	1614	1613
1862	1613	1861
2533	2318	2113
2106	1895	1647
1825	1574	1824
2520	2295	2443
2113	1885	1637
1895	1754	1672
1806	1555	1805
1808	1557	1807
2054	2055	1841
2288	1918	2099
2093	1924	1911
2034	1820	1819
2148	1777	1927
1876	1627	1875
2252	2067	2066
1925	1719	1517
1925	1724	1909
1770	1329	1680
1770	1769	1329
1815	1565	1564
1815	1816	1565
1744	1899	1677
1968	1753	1754
2057	1843	2056
1845	1846	1596
2290	2235	1966
2049	1835	2048
2181	1984	2182
2140	1684	1904
1935	1662	1462
1935	1462	1720
2205	2013	2204
1798	1546	1797
1819	1569	1568
1819	1820	1569
2075	2076	1865
1952	1889	1738
1796	1545	1544
1796	1544	1795
2532	2112	2347
1901	1653	1678
1960	1878	1746
1878	1700	1746
1748	1695	1318
1748	1903	1695
2151	1890	1971
2173	1968	1969
2128	1941	1630
1941	1516	1630
1785	1534	1533
1988	1881	1771
1802	1803	1552
1802	1551	1937
1744	1677	1316
1744	1316	1743
1914	1710	1452
2307	2144	2328
1732	1310	1659
1732	1659	1884
2099	1936	2126
2279	2126	2327
2055	1842	1841
2457	2279	2327
1919	1713	1939
1919	1720	1508
1799	1800	1548
2186	1992	1993
2035	1820	2034
2043	1829	2042
1877	1701	1629
2200	2292	2008
2043	2044	1830
2042	1828	2041
2019	2020	1805
2018	1804	1803
1964	1897	1749
2295	1909	2139
1821	1571	1570
1821	1570	1820
1731	1656	1310
1731	1310	1732
1872	1624	1623
1872	1623	1871
1781	1530	1529
1781	1529	1780
1984	1769	1770
2340	1768	2140
1973	1901	1757
1764	1326	1674
1738	1664	1313
1738	1889	1664
1741	1667	1315
1741	1315	1742
1747	1318	1669
1747	1748	1318
2019	1805	1804
1985	1883	1769
1771	1881	1671
2182	1984	1986
1776	1332	1699
2205	2014	2013
1810	1560	1559
1810	1559	1809
2174	1971	1970
1756	1890	1663
1789	1537	1788
2345	2130	2127
1922	1716	1518
1922	1727	1912
1817	1567	1566
1817	1566	1816
1813	1563	1562
1813	1562	1812
1978	1763	1764
2024	1809	2023
2098	1930	2120
2331	1776	2147
2101	1919	1939
2118	2101	1939
1775	1702	1332
1775	1332	1776
1934	1721	1464
1934	1464	1666
1737	1313	1660
1737	1738	1313
1753	1690	1321
1753	1321	1754
1756	1663	1322
1756	1322	1755
2007	1792	1791
1991	1773	1990
2438	2281	2321
2280	2326	2125
1942	1629	1515
2292	2130	2345
2047	1834	1833
1967	1751	1966
1867	1619	1618
1867	1868	1619
2311	1887	2115
2115	1887	1639
1976	1977	1762
2465	2461	2333
2240	2054	2053
2291	2344	2128
1811	1561	1560
1811	1812	1561
2042	1829	1828
1967	1752	1751
2023	1809	1808
2214	2025	2024
2133	1937	1801
2522	2016	2207
2038	1824	1823
2038	1823	2037
1736	1676	1312
1736	1312	1735
1740	1314	1673
1740	1739	1314
2249	2062	2248
2063	1850	1849
2041	1828	1827
2039	1825	1824
2338	2300	2138
2388	2389	2222
1923	1717	1520
1923	1725	1910
1933	1463	1667
1933	1722	1463
1905	1685	1465
1905	1718	1924
1876	1628	1627
1876	1927	1628
1839	1590	1589
1839	1589	1838
2003	2004	1788
2004	1789	1788
1733	1689	1311
1733	1311	1734
1789	1538	1537
1789	1790	1538
2195	2002	2194
2080	1870	1869
1983	1767	1768
1767	1898	1679
1917	1728	1511
1917	1908	1728
1772	1330	1694
1772	1694	1902
2344	2129	2128
3106	2290	2344
2065	1854	2064
2330	2146	2306
1981	1765	1888
2118	1939	1683
2096	1928	1914
1987	1988	1771
1762	1665	1325
1762	1325	1761
1771	1671	1330
1771	1330	1772
1818	1568	1567
1818	1819	1568
1992	1880	1775
2130	1877	1629
1869	1621	1620
1869	1620	1868
1786	1535	1534
1786	1787	1535
1931	1460	1715
1931	1661	1460
2112	1886	1638
1896	1764	1674
1999	1784	1783
1995	1779	1994
2296	2340	2140
2012	1796	2011
2064	1854	1853
2248	2062	2061
1767	1679	1328
1767	1328	1768
2152	1891	1977
2479	1977	2177
2092	1923	1910
2088	1906	1923
1860	1612	1611
1860	1861	1612
1827	1578	1577
1827	1828	1578
1865	1617	1616
1865	1616	1864
1752	1698	1320
1752	1320	1751
2136	1692	1763
2136	1912	1692
2052	1839	1838
2238	2051	2237
1956	1742	1885
2346	1651	1899
1979	1764	1896
2638	2519	2450
2017	1803	1802
2022	1808	1807
2149	1853	1852
2149	1852	1926
2348	1652	1900
1945	1731	1732
2483	2099	2279
2310	1882	1944
1974	1759	1760
2347	1653	1901
2167	1958	1957
2313	1969	1895
2394	2228	2227
2043	1830	1829
2029	2030	1815
2297	2343	2143
1961	1963	1748
2403	2240	2239
2242	2056	2055
2246	2060	2059
2046	2047	1833
2235	2048	2047
2439	2323	2282
2323	2122	2282
2492	2320	2480
2059	1846	1845
2224	2035	2034
2037	1823	1822
2344	3105	3106
2319	1915	2145
2325	2285	2124
2326	1761	2125
2010	2011	1795
2366	2197	2196
1948	1734	1893
2171	1964	1965
2119	1729	1682
2119	1682	1940
2648	2476	2484
2267	2082	2081
2047	2048	1834
2233	2234	2046
2005	1790	1789
1991	1774	1773
2340	1983	1768
2343	1972	1758
2422	2261	2421
2462	2102	2334
2391	2225	2224
2135	1750	1688
2197	2005	2004
2006	2007	1791
2025	1811	1810
2022	1807	2021
2321	2281	2118
2001	1786	1785
2142	1743	1685
2142	1685	1905
2161	1945	1946
2164	1952	1951
2255	2070	2069
2246	2247	2060
2244	2245	2058
2068	2069	1858
2058	1845	1844
2058	2059	1845
2379	2213	2212
2022	2023	1808
2138	1691	1739
2138	1911	1691
2032	1817	2031
2223	2033	2222
2006	1791	1790
2006	1790	2005
2105	1921	1934
2076	1866	1865
2079	2080	1869
2646	2461	2465
1986	1770	1892
2209	2020	2019
2280	2125	2100
2265	2080	2079
2049	1836	1835
2050	1837	1836
2102	1932	1920
2334	2102	1920
2401	2238	2237
2053	1839	2052
2529	2350	2155
2350	1649	1897
2295	2091	1909
2274	2089	2091
2526	2108	2353
2177	1977	1976
2067	1857	1856
2067	1856	2066
2063	2116	1850
2063	1849	2062
2200	2007	2185
1992	1775	1993
2128	1630	1878
3106	2049	2048
2163	1950	1949
2033	1819	1818
2002	1786	2001
2003	1788	1787
2069	1859	1858
2070	1859	2069
2530	2349	2156
2349	1650	1898
2391	2224	2390
2559	2274	2560
2448	2300	2338
2342	2142	2298
2071	2072	1861
2262	2077	2076
2524	2106	2355
2318	1885	2113
2922	2866	2647
2354	1641	1889
1959	1746	1745
1959	1960	1746
1997	1781	1996
2084	1873	2083
1951	1738	1737
1951	1952	1738
2150	1889	1952
2316	1884	2111
1972	1757	1758
2380	2214	2213
2021	1806	2020
2213	2024	2023
2282	2122	2102
2462	2282	2102
2116	1851	1850
2116	2149	1851
2056	1843	1842
2056	1842	2055
2148	1876	1875
2148	1927	1876
2226	2037	2036
2139	1689	1733
2512	2443	2336
1965	1964	1749
2451	2335	2305
2217	2218	2028
2672	2367	2569
2184	1987	1989
2246	2059	2245
2243	2056	2242
2355	1647	1642
2355	1642	1890
2081	1871	1870
2081	2082	1871
2013	1797	2012
2098	1916	1930
2044	1831	1830
2044	2045	1831
2351	1893	1645
2170	1961	1962
2015	2016	1800
2211	2022	2021
2134	2041	1827
2134	1827	1938
2129	1879	1631
3105	2236	2049
2087	1905	1924
2087	1924	2093
2104	1931	1921
2104	2121	1931
2189	1997	1996
1998	1999	1783
2451	2305	2523
2336	2295	2139
2155	1897	1964
2154	1948	1893
1995	1780	1779
1995	1996	1780
2083	1873	1872
2083	1872	2082
2038	2039	1824
2390	2224	2223
2314	1954	1894
1950	1900	1736
2061	1848	1847
2061	2062	1848
2127	1632	1880
2127	1942	1632
2054	1841	1840
2403	2239	2402
2072	1862	1861
2072	2073	1862
2123	1667	1741
2123	1933	1667
2635	2448	2634
2630	2446	2514
2016	1801	1800
2133	1801	2016
2506	2449	2339
1972	1973	1757
2015	1800	1799
2378	2212	2211
1985	1769	1984
2210	2021	2020
2624	2520	2443
2230	2042	2229
2009	1794	1793
2289	1992	2201
2258	2073	2072
2071	1861	1860
1958	1744	1957
1958	1899	1744
2286	2040	2039
2040	1825	2039
2129	1631	1941
2129	1941	2128
2124	1666	1759
2124	1934	1666
2458	2326	2280
2077	2078	1867
2120	1930	1635
2120	1635	1883
2132	1902	1654
1989	1987	1772
1962	1747	1887
1962	1961	1747
2024	1810	1809
2024	2025	1810
2353	1648	1643
2353	1643	1891
2036	1822	1821
2036	2037	1822
2199	2007	2006
2185	1991	1990
2143	1758	1686
2143	1686	1906
2608	2420	2607
2324	1741	1955
2132	1654	1928
2132	1928	2096
2131	1929	1655
2131	2095	1929
2259	2074	2073
2257	2071	2256
2090	1908	1917
2090	1917	2097
2040	1826	1825
2040	2134	1826
2247	2061	2060
2244	2058	2057
2309	1881	1988
2352	1892	1644
2051	1838	1837
2168	1960	1959
2272	2087	2093
2510	2342	2446
2365	2196	2195
1989	1772	1902
2412	2413	2252
3109	2116	2063
2008	1793	1792
2008	1792	2007
2141	1735	1687
2141	1687	1907
2625	2443	2512
1947	1734	1948
2014	2015	1799
2206	2207	2015
2130	1629	1942
2130	1942	2127
2292	2345	2008
2345	2127	2289
2133	1802	1937
2133	2017	1802
1954	1740	1894
1954	1953	1740
2382	2383	2216
2273	2088	2092
2353	2108	1648
2317	1975	1886
2050	2051	1837
2050	1836	2049
2070	1860	1859
2070	2071	1860
2441	2293	2288
2600	2413	2412
2019	1804	2018
2206	2015	2014
2192	2000	1999
2362	2193	2192
2028	1813	2027
2385	2219	2218
2227	2038	2037
2231	2044	2043
2329	2319	2145
2319	2097	1915
2147	1699	1916
2147	1776	1699
2399	2232	2398
2234	2047	2046
2046	1833	1832
2046	1832	2045
1946	1732	1884
1946	1945	1732
2057	1844	1843
2057	2058	1844
2193	2194	2001
2490	1989	2304
2264	2078	2263
2084	2085	1874
2077	1867	1866
2077	1866	2076
2356	2169	2170
2471	1962	2311
2032	1818	1817
2032	2033	1818
2158	1900	1950
2314	1894	2107
2065	1855	1854
2065	2066	1855
2464	2462	2334
2419	2420	2259
2183	1987	2184
2761	2776	2660
2237	2050	2168
2433	2095	2276
2347	1901	2159
2159	1901	1973
1982	1767	1983
2180	1982	1983
1875	2085	2148
2117	1777	2148
2075	1865	1864
2075	1864	2074
1969	1754	1895
1969	1968	1754
2511	2343	2445
2209	2210	2020
1986	1984	1770
2210	2211	2021
2346	2113	1637
2313	1895	2106
2002	1787	1786
2002	2003	1787
2117	1778	1777
2117	1994	1778
1975	1760	1886
1975	1974	1760
2750	2614	2749
2191	1999	1998
1971	1890	1756
1971	1756	1970
2079	1869	1868
2079	1868	2078
1943	1730	1729
1943	1944	1730
2307	2435	2096
2307	2096	1914
2000	1785	1784
2000	1784	1999
3110	2085	2270
2145	1915	1698
2145	1698	1752
2427	2266	2426
3110	1994	2117
2196	2197	2004
2195	2196	2003
2028	1814	1813
2028	2029	1814
2275	2090	2097
2561	2641	2523
2308	1883	1985
2204	2013	2012
2086	1922	2094
2271	2086	2094
2202	2203	2011
2202	2011	2010
2153	1986	1892
2156	1898	1982
2137	1910	1690
2137	1690	1753
1955	1741	1742
1955	1742	1956
2208	2019	2018
2369	2370	2203
1980	1766	1765
1980	1765	1981
2060	1847	1846
2060	1846	2059
2053	1840	1839
2053	2054	1840
1997	1782	1781
1997	1998	1782
2203	2012	2011
2436	2098	2278
2122	1660	1932
2122	1737	1660
2144	1697	1774
2144	1914	1697
2574	2377	2573
2501	1983	2340
2013	1798	1797
2013	2014	1798
2211	2212	2022
2371	2204	2370
2391	2392	2225
2389	2390	2223
2191	2192	1999
2194	2002	2001
2470	1969	2313
2683	2470	2313
2154	1893	2351
2481	1948	2154
3092	2617	2650
2453	2187	3110
2256	2071	2070
2258	2259	2073
2150	2354	1889
2682	2469	2314
2485	2156	1982
2309	2110	1881
2170	2169	1961
2160	1944	1943
2254	2255	2069
2414	2254	2253
2496	2327	1945
2407	2244	2243
2487	1958	2167
2382	2216	2215
2201	1992	2186
3104	2345	2289
2221	2032	2031
2221	2222	2032
2261	2076	2075
2263	2078	2077
2166	1955	1956
2653	2459	2284
2176	1974	1975
2494	2326	2458
2191	1998	2190
2264	2079	2078
2328	1774	1991
2328	2144	1774
2190	1997	2189
2564	2361	2692
2198	2006	2005
2198	2199	2006
2481	2162	1948
2162	1947	1948
2310	2109	1882
2528	2351	2109
2283	2103	2123
2459	2322	2284
2343	1758	2143
2513	2445	2297
2220	2031	2030
2220	2221	2031
2534	2061	2247
2250	2065	2064
2507	2448	2338
2386	2219	2385
2249	3109	2063
2658	2534	2247
2203	2204	2012
2331	1993	1776
2315	1979	1896
2178	1978	1979
2534	2248	2061
2416	2255	2415
2323	1951	1737
2323	1737	2122
2312	1981	1888
2352	1633	2110
2354	1646	1641
2354	2107	1646
2195	2003	2002
2196	2004	2003
2201	2010	2009
2201	2186	2010
2214	2024	2213
2216	2027	2026
2289	2127	1880
2289	1880	1992
2294	2331	2147
2278	2120	2308
2185	2007	2199
2200	2008	2007
2298	2142	1905
2298	1905	2087
2236	1960	2168
2344	2290	2129
2237	2051	2050
2503	2401	2237
2379	2380	2213
2379	2212	2378
2238	2052	2051
2239	2053	2052
2300	1911	2138
2300	2093	1911
2303	2131	1903
2303	2276	2131
2350	1897	2155
2528	2109	2310
2255	2256	2070
2407	2243	2406
2172	1967	1966
2452	2502	2400
2212	2023	2022
2212	2213	2023
2302	2094	1912
2337	1763	1978
2480	2320	2119
2497	2322	2459
2367	2198	2197
2198	2005	2197
2335	2135	2305
2431	2097	2319
2477	2151	1971
2524	2313	2106
2345	3104	2008
3104	2009	2008
2527	2110	2309
2527	2352	2110
2302	2136	2337
2553	2271	2519
2322	1755	2121
2322	1970	1755
2333	1921	2105
2646	2465	2655
2283	2123	2324
3005	3008	2979
2456	2330	2306
2239	2240	2053
2366	2367	2197
2490	2184	1989
2361	2192	2191
2219	2030	2029
2219	2220	2030
2517	2093	2300
2447	2341	2299
2791	2546	2644
2647	2464	2656
2152	2353	1891
2317	1886	2112
2764	2590	2589
2172	1966	2235
2686	2473	2317
2175	1973	1972
2521	2041	2134
2521	2134	2040
2287	2018	2017
2207	2016	2015
2421	2261	2260
2791	2645	2542
2215	2025	2214
2384	2385	2218
2485	1982	2180
2678	2489	2153
2442	2500	2331
2466	2437	2308
2301	2137	2339
2518	2092	2301
2225	2035	2224
2395	2286	2228
2269	2084	2083
2269	2083	2268
2409	2246	2245
2600	2412	2599
2151	2355	1890
2318	1956	1885
2418	2257	2417
2424	2263	2423
2218	2029	2028
2218	2219	2029
2478	2150	1952
2416	2417	2256
2466	2308	1985
2357	2181	2182
2306	2146	1913
2306	1913	2095
2404	2241	2240
2241	2242	2055
2307	1914	2144
2435	2277	2096
2422	2262	2261
2440	2325	2498
2790	2549	2643
2427	2428	2267
1853	2149	2064
2338	2138	1739
2338	1739	1953
2305	2135	1908
2305	1908	2090
2228	2039	2038
2228	2286	2039
2486	2159	1973
2684	3100	2159
2320	1729	2119
2320	1943	1729
2284	2121	2104
2284	2322	2121
2304	1902	2132
2304	2132	2277
3098	2530	2678
3098	2527	2680
2875	2758	2636
2301	1910	2137
2311	1962	1887
2528	2154	2351
2229	2042	2041
2394	2395	2228
2327	1731	1945
2327	2126	1731
2172	2235	2047
2172	2047	2234
2342	1743	2142
2342	1957	1743
2377	2211	2210
2552	2501	2627
2350	1639	1649
2350	2115	1639
2223	2034	2033
2223	2224	2034
3098	2680	2312
2765	2688	2571
2408	2245	2244
2658	2247	2410
2179	1980	1981
2183	1988	1987
2232	2044	2231
2233	2046	2045
2236	2050	2049
2236	2168	2050
2369	2500	2442
2202	2010	2186
2249	2063	2062
2454	3109	2249
2296	2140	1904
2296	1904	2086
2434	2304	2277
2368	2198	2367
2444	2501	2340
2181	1985	1984
2332	1919	2101
2332	2100	1919
2270	2085	2084
3110	2270	2453
2157	1899	1958
2157	2346	1899
2652	2282	2462
2642	2457	2496
2325	1759	1974
2325	2124	1759
2287	2208	2018
2376	2377	2210
2525	2107	2354
2348	1900	2158
2227	2228	2038
2227	2037	2226
2329	1752	1967
2329	2145	1752
2463	1981	2312
2309	2680	2527
2293	2119	1940
2690	2441	2288
2230	2043	2042
2230	2231	2043
2387	2221	2220
2514	2298	2087
2551	2666	2358
2440	2285	2325
2478	1952	2164
2472	1946	2316
2533	2113	2346
2474	1956	2318
2505	2337	1978
2501	2180	1983
2684	2468	2315
2486	1973	2175
2482	2155	1964
2443	2295	2336
2476	2332	2484
2363	2194	2193
2349	1640	1650
2349	2114	1640
2692	2360	2359
2266	2267	2081
2522	2207	2287
2522	2133	2016
2225	2036	2035
2225	2226	2036
3097	2529	2681
3097	2528	2679
2297	1906	2088
2297	2143	1906
2531	2316	2111
2525	2314	2107
2450	2519	2302
2716	2576	2715
2205	2206	2014
2372	2206	2205
2393	2226	2392
2508	2335	2451
2209	2019	2208
2437	2278	2308
2532	2317	2112
2526	2315	2108
2269	2270	2084
3092	2430	2617
2492	1943	2320
2492	2160	1943
2330	1745	2146
2330	1959	1745
2215	2026	2025
2215	2216	2026
2720	2581	2580
2722	2583	2582
2431	2275	2097
2452	2400	2431
2292	1990	1877
2292	1877	2130
2596	2405	2595
2670	2467	2160
2268	2083	2082
2268	2082	2267
2402	2239	2238
2238	2239	2052
2373	2207	2206
2570	2371	2370
2477	1971	2174
2677	2477	2174
2241	2055	2054
2241	2054	2240
2299	2341	2141
2515	2447	2299
2411	2251	2250
2251	2065	2250
2500	2202	2186
2369	2203	2202
2294	2147	1916
2294	1916	2098
2264	2265	2079
2565	2363	2362
2335	1750	2135
2335	1965	1750
2253	2068	2067
2253	2067	2252
2254	2069	2068
2254	2068	2253
2336	2139	1733
2336	1733	1947
2469	1954	2314
2488	2158	1950
2535	2189	1996
2187	1994	3110
2424	2425	2264
2660	2476	2648
2347	1638	1653
2347	2112	1638
2571	2688	2372
2377	2378	2211
2217	2028	2027
2217	2027	2216
2392	2226	2225
2538	2512	2162
2504	2185	2199
2455	2504	2368
2232	2045	2044
2232	2233	2045
2341	1949	1735
2341	1735	2141
2527	2153	2352
2352	2153	1892
2315	2526	2684
2479	2152	1977
2200	2185	1990
2200	1990	2292
2293	1940	1918
2293	1918	2288
3109	2149	2116
3109	2250	2064
2243	2057	2056
2243	2244	2057
2266	2081	2080
2266	2080	2265
2426	2266	2265
2360	2190	2359
2290	1966	1879
2290	1879	2129
3105	2291	2236
2291	1960	2236
2359	2190	2189
2621	2438	2493
2524	2355	2151
3101	2683	2524
2193	2001	2000
2193	2000	2192
2188	1996	1995
2188	1995	2187
3110	2148	2085
3110	2117	2148
2396	2230	2229
2395	2229	2286
2321	2118	1766
2321	1766	1980
2251	2066	2065
2251	2252	2066
2503	2456	2401
2432	2276	2303
3099	2685	2531
2525	2354	2150
2257	2072	2071
2257	2258	2072
2291	1878	1960
2291	2128	1878
2526	2353	2152
3100	2684	2526
2348	1636	1652
2348	2111	1636
2463	2179	1981
2358	2183	2184
2299	1907	2089
2299	2141	1907
2376	2210	2209
2371	2205	2204
2467	2310	1944
2467	1944	2160
2487	2157	1958
2683	3101	2157
2417	2257	2256
2483	2288	2099
2639	2638	2450
2381	2214	2380
2529	2115	2350
3097	2681	2528
2489	1986	2153
2489	2182	1986
2529	2311	2115
3097	2311	2529
2419	2259	2258
2772	2656	2460
2383	2384	2217
2783	2545	2543
2634	2448	2507
2386	2220	2219
2500	2186	1993
2500	1993	2331
2636	2449	2506
2700	2558	2557
2581	2385	2384
2637	2449	2636
2503	2237	2168
2503	2330	2456
2536	2160	2492
2404	2405	2241
2679	2471	2311
2310	2679	2528
2680	2463	2312
2666	2179	2463
2318	2533	2687
2533	2346	2157
2568	2366	2365
2364	2365	2195
2491	1963	2169
2562	2276	2432
2657	2484	2281
2566	2364	2363
2446	2342	2298
2446	2298	2514
2523	2090	2275
2523	2305	2090
2499	2324	1955
2499	1955	2166
2433	2306	2095
2433	2456	2306
2375	2209	2208
2374	2287	2207
2605	2606	2418
2439	2495	2323
2531	2111	2348
2531	2348	2158
2393	2227	2226
2396	2229	2395
2606	2419	2418
2656	2464	2283
2427	2267	2266
2430	2453	2270
2633	2509	2447
2726	2727	2587
2498	1974	2176
2498	2325	1974
2430	2270	2269
2787	3081	2650
2383	2217	2216
2381	2215	2214
2559	2515	2274
2641	2640	2451
2725	2586	2585
2389	2223	2222
2372	2205	2371
2370	2204	2203
2382	2215	2381
2628	2629	2445
2577	2381	2380
2445	2343	2297
2428	2268	2267
2615	2428	2427
2785	2539	2633
2586	2390	2389
2582	2385	2581
2585	2586	2389
2564	2362	2361
2429	2430	2269
2398	2232	2231
2640	2544	2508
2564	2565	2362
2360	2191	2190
2401	2456	2433
2782	2593	2671
2399	2400	2233
2399	2233	2232
2502	2234	2400
2400	2234	2233
2420	2260	2259
2420	2421	2260
3100	2532	2159
2532	2347	2159
2452	2329	2502
2762	2544	2640
2667	2184	2490
2366	2196	2365
2468	2178	1979
2468	1979	2315
2673	2491	2169
2432	2303	2491
2629	2511	2445
2547	2511	2629
2813	2814	2719
2449	2518	2301
2406	2243	2242
2405	2242	2241
2474	2166	1956
2921	2867	2646
2588	2392	2391
2702	2560	2704
2655	2465	2285
2598	2408	2407
2504	2328	1991
2504	1991	2185
2495	1951	2323
2495	2164	1951
2455	2368	2435
2455	2328	2504
2410	2247	2246
2410	2246	2409
3099	2682	2525
2682	3099	2158
2436	2369	2442
2442	2331	2294
3099	2531	2158
2488	1950	2163
2580	2581	2384
2583	2584	2387
2502	1967	2172
2502	2329	1967
2364	2195	2194
2364	2194	2363
2413	2253	2252
2413	2414	2253
2374	2207	2373
2688	2373	2372
2369	2202	2500
2669	2570	2370
2643	2494	2458
2838	2839	2745
2473	2176	1975
2473	1975	2317
2484	2101	2281
2484	2332	2101
2503	2168	1959
2503	1959	2330
2671	2402	2401
2562	2433	2276
2701	2558	2700
2576	2380	2379
2416	2256	2255
2608	2421	2420
2397	2231	2230
2397	2398	2231
2561	2523	2275
2592	2398	2591
2388	2222	2221
2388	2221	2387
2512	1947	2162
2512	2336	1947
2689	2397	2396
2397	2230	2396
2464	2334	2103
2464	2103	2283
2661	2488	2163
2634	2507	2541
2368	2199	2198
2368	2504	2199
2425	2265	2264
2425	2426	2265
2657	2281	2438
2865	2655	2773
2563	2277	2435
2563	2434	2277
2745	2610	2609
2424	2264	2263
2506	2339	1968
2506	1968	2173
2374	2208	2287
2374	2375	2208
2513	2088	2273
2513	2297	2088
2429	2269	2268
2429	2268	2428
2460	2283	2324
2460	2324	2499
2676	2479	2177
2790	2623	2548
2519	2271	2094
2519	2094	2302
2690	2288	2483
2406	2242	2405
2454	2411	2250
2454	2250	3109
2476	2100	2332
2476	2280	2100
3097	2679	2311
2482	1964	2171
2530	2114	2349
3098	2678	2527
2393	2394	2227
2780	2674	2592
2452	2319	2329
2452	2431	2319
2415	2255	2254
2415	2254	2414
2475	2309	1988
2475	1988	2183
2779	2552	2627
2372	2373	2206
2689	2396	2395
2689	2591	2397
2750	2615	2614
2535	1996	2188
2666	2463	2475
2643	2549	2494
2862	2772	2645
2610	2611	2423
2550	2505	2178
2663	2486	2175
2599	2412	2411
2737	2602	2601
2575	2379	2378
2376	2209	2375
2494	1976	2326
2494	2177	1976
3101	2687	2533
3101	2524	2687
2792	2536	2492
2404	2240	2403
2675	2478	2164
2472	2161	1946
2585	2389	2388
2556	2514	2272
2520	2091	2295
2520	2274	2091
2868	2767	2654
2408	2409	2245
2741	2606	2605
2772	2460	2645
2579	2580	2383
2882	2694	2693
2362	2363	2193
2648	2484	2657
2521	2286	2229
2521	2229	2041
2412	2252	2251
2412	2251	2411
2545	2506	2173
2662	2487	2167
2871	2538	2762
2640	2508	2451
2691	2409	2408
2596	2597	2406
2493	1980	2179
2493	2321	1980
2596	2406	2405
2441	2480	2293
3100	2686	2532
3100	2526	2686
2691	2410	2409
2407	2408	2244
2461	2104	2333
2461	2284	2104
2880	2784	2629
2584	2388	2387
2685	2472	2316
3099	2525	2685
2692	2361	2360
2361	2191	2360
2515	2089	2274
2515	2299	2089
2465	2333	2105
2465	2105	2285
2418	2258	2257
2418	2419	2258
2455	2307	2328
2455	2435	2307
2687	2474	2318
2151	2687	2524
2516	2086	2271
2516	2296	2086
3107	2786	2669
3107	2437	2786
2668	2485	2180
2718	2719	2579
2617	2430	2429
2659	2535	2650
2444	2340	2296
2444	2296	2516
2436	2294	2098
2436	2442	2294
2507	1953	2165
2507	2338	1953
2450	2302	2337
2450	2337	2505
2673	2169	2356
2618	2491	2673
2423	2263	2262
2423	2262	2422
2522	2017	2133
2522	2287	2017
2572	2376	2375
2620	2437	2466
2782	2671	2562
2904	2838	2837
2510	1957	2342
2510	2167	1957
2457	2327	2496
2597	2598	2407
2664	2482	2171
2729	2592	2591
2943	2887	2886
2937	2860	2856
2530	2312	2114
3098	2312	2530
2497	2174	1970
2497	1970	2322
2466	1985	2181
2754	2620	2665
2709	2568	2567
2434	2490	2304
2655	2285	2440
2611	2424	2423
2508	2171	1965
2508	1965	2335
2741	2742	2606
2622	2495	2439
2627	2501	2444
2574	2378	2377
2567	2364	2566
2753	2769	2667
2670	2471	2467
2536	2356	2670
2767	2775	2690
2854	2782	2618
2571	2372	2371
2695	2626	2554
2647	2652	2462
2605	2417	2604
2511	1972	2343
2511	2175	1972
2509	2163	1949
2509	1949	2341
3091	2249	2248
3091	2454	2249
2552	2357	2668
2668	2489	2485
2664	2481	2482
2544	2538	2664
2678	2156	2485
2678	2485	2489
2554	2626	2516
2693	2553	2638
2775	2649	2441
2792	2492	2649
2597	2407	2406
2603	2416	2415
2625	2624	2443
2820	2726	2725
3082	2651	2658
2789	2540	2622
2573	2377	2376
2573	2376	2572
2650	2535	2188
2778	2359	2659
2580	2384	2383
2579	2383	2382
2664	2162	2481
2664	2538	2162
2610	2422	2609
2610	2423	2422
2708	2567	2566
2569	2367	2366
2800	2699	2758
2579	2382	2578
2585	2388	2584
2848	2871	2762
2544	2171	2508
2544	2664	2171
2670	2170	2471
2670	2356	2170
2636	2506	2545
2583	2387	2386
2621	2493	2551
2619	2667	2490
2966	2864	2914
2652	2439	2282
2768	2657	2438
2667	2358	2184
2663	2468	2486
2638	2553	2519
2601	2602	2414
2777	2410	2691
2843	2750	2749
2778	2692	2359
2711	2571	2570
2620	2466	2665
2974	3087	2884
2593	2594	2403
2685	2150	2478
2685	2478	2472
2616	2429	2428
2616	2617	2429
2666	2475	2183
2666	2183	2358
2661	2165	2469
2661	2469	2488
2677	2166	2474
2677	2474	2477
2571	2371	2570
2688	2374	2373
2686	2152	2479
2686	2479	2473
2607	2420	2419
2607	2419	2606
2604	2417	2416
2731	2595	2594
3092	2650	2188
3092	2453	2430
2663	2178	2468
2663	2550	2178
2615	2616	2428
2787	2617	2616
2653	2284	2461
2740	2741	2605
2551	2493	2179
2551	2179	2666
2609	2422	2421
2609	2421	2608
2659	2359	2189
2659	2189	2535
2651	2248	2534
2651	2534	2658
2541	2507	2165
2541	2165	2661
2626	2444	2516
2626	2627	2444
2560	2274	2520
2560	2520	2624
2592	2399	2398
2641	2451	2523
2547	2550	2663
2813	2718	2812
2594	2404	2403
2536	2670	2160
2736	2601	2600
2736	2737	2601
2703	2632	2559
2785	2634	2541
2605	2418	2417
2604	2416	2603
2547	2175	2511
2547	2663	2175
2590	2689	2394
2591	2398	2397
2734	2598	2597
2861	2789	2622
2587	2390	2586
2755	2624	2625
2676	2176	2473
2676	2473	2479
2864	2647	2656
2647	2462	2464
2675	2161	2472
2675	2472	2478
2602	2415	2414
2602	2603	2415
2784	2639	2550
2628	2445	2513
2593	2403	2402
2671	2593	2402
2682	2158	2488
2682	2488	2469
2777	2658	2410
2829	2736	2788
2589	2392	2588
2625	2512	2538
2940	2810	2809
2784	2550	2547
2662	2470	2487
2543	2545	2662
2733	2596	2732
2739	2604	2603
2683	2157	2487
2683	2487	2470
2589	2590	2393
2590	2394	2393
3033	2966	2980
2965	3011	2863
2665	2466	2181
2665	2181	2357
2589	2393	2392
2869	2591	2689
2549	2177	2494
2549	2676	2177
2668	2182	2489
2668	2357	2182
2684	2159	2486
2684	2486	2468
2662	2173	2470
2662	2545	2173
2618	2432	2491
2730	2594	2593
2574	2575	2378
2575	2576	2379
2548	2498	2176
2548	2176	2676
2877	2593	2782
3102	2766	2536
2674	2431	2400
2780	2641	2561
2863	2862	2791
2542	2166	2677
2612	2425	2424
2612	2424	2611
2776	2458	2660
2803	2706	2705
2717	2578	2577
2758	2637	2636
2613	2425	2612
2743	2607	2742
2558	2513	2273
2558	2628	2513
2587	2391	2390
2587	2588	2391
2781	2672	2569
2619	2490	2434
2557	2273	2518
2557	2558	2273
2540	2164	2495
2540	2675	2164
2696	2556	2555
2698	2556	2696
2674	2400	2399
2674	2399	2592
2623	2440	2498
2623	2498	2548
2715	2576	2575
2694	2554	2553
2697	2696	2555
2818	2723	2817
2760	2640	2641
2869	2689	2590
2789	2642	2537
2537	2161	2675
2546	2174	2497
2546	2677	2174
2578	2382	2381
2578	2381	2577
2543	2167	2510
2543	2662	2167
2561	2275	2431
2561	2431	2674
2719	2580	2579
2719	2720	2580
2539	2509	2633
2539	2541	2661
2810	2811	2716
2712	2713	2573
2688	2375	2374
2688	2572	2375
2539	2163	2509
2539	2661	2163
2698	2630	2556
2630	2514	2556
2649	2492	2480
2649	2480	2441
2746	2611	2610
2646	2653	2461
2555	2272	2517
2555	2556	2272
2542	2499	2166
2542	2645	2499
2537	2496	2161
2537	2642	2496
2582	2386	2385
2582	2583	2386
2869	2590	2764
2871	2755	2625
2769	2621	2551
2913	2852	2855
2681	2155	2482
2681	2482	2481
2614	2427	2426
2614	2615	2427
2724	2725	2585
2874	2757	2634
3091	2411	2454
3091	2248	2651
2595	2405	2404
2595	2404	2594
2635	2517	2448
2635	2555	2517
2672	2368	2367
2781	2563	2672
2927	2761	2852
2568	2569	2366
2632	2633	2447
2874	2634	2785
2752	2618	2673
2854	2618	2752
2631	2446	2630
2783	2543	2631
2639	2450	2505
2639	2505	2550
2660	2458	2280
2660	2280	2476
2687	2151	2477
2687	2477	2474
2672	2435	2368
2672	2563	2435
2853	2753	2619
2753	2667	2619
2622	2540	2495
2838	2745	2744
2613	2426	2425
2613	2614	2426
2567	2365	2364
2567	2568	2365
2654	2483	2279
2654	2279	2457
2680	2309	2475
2680	2475	2463
2632	2447	2515
2632	2515	2559
2746	2747	2611
2776	2643	2458
2554	2516	2271
2554	2271	2553
2637	2518	2449
2637	2557	2518
2552	2180	2501
2552	2668	2180
2805	2707	2804
2705	2564	2692
2669	2370	2369
2436	3107	2369
2707	2565	2706
2876	2853	2781
2735	2691	2598
2900	2834	2833
2601	2414	2413
2601	2413	2600
2786	2763	2669
2763	2570	2669
2735	2598	2734
2733	2597	2596
2644	2497	2459
2644	2546	2497
2808	2714	2713
2669	2369	3107
2631	2510	2446
2631	2543	2510
2695	2554	2694
2714	2574	2713
2671	2401	2433
2671	2433	2562
2679	2310	2467
2679	2467	2471
2742	2607	2606
2899	2900	2833
2697	2555	2635
2757	2635	2634
2766	2673	2356
2766	2356	2536
2721	2581	2720
2721	2582	2581
2761	2660	2648
2859	2692	2778
2744	2609	2608
2831	2832	2738
2780	2561	2674
2728	2764	2589
2723	2584	2583
2796	2697	2798
2844	2751	2750
2804	2707	2706
2770	2459	2653
2770	2644	2459
3088	2823	2822
2820	2725	2819
2760	2641	2780
2762	2640	2760
2731	2732	2595
2732	2596	2595
2893	2826	2825
2733	2734	2597
2757	2697	2635
2728	2589	2588
2714	2715	2575
2712	2573	2572
2803	2804	2706
2745	2746	2610
2756	2779	2627
2713	2574	2573
2745	2609	2744
2750	2751	2615
2783	2636	2545
2799	2814	2813
2850	2793	2775
2864	2656	2772
2693	2694	2553
2714	2575	2574
2769	2551	2358
2769	2358	2667
2795	2756	2695
3095	2872	2847
2789	2537	2540
2540	2537	2675
2708	2566	2707
2768	2438	2621
2716	2577	2576
2716	2717	2577
2879	2631	2630
2879	2783	2631
2858	2777	2691
2830	2831	2737
2891	2820	2819
2818	2724	2723
2722	2582	2721
2722	2723	2583
2773	2655	2440
2773	2440	2623
2726	2586	2725
2785	2541	2539
2779	2357	2552
2847	2754	2779
2747	2612	2611
2751	2616	2615
2814	2720	2719
2699	2637	2758
2779	2665	2357
2779	2754	2665
2796	2798	2818
2797	2698	2696
2718	2579	2578
2718	2578	2717
2771	2439	2652
2771	2622	2439
2961	2962	2910
2807	2710	2709
2704	2560	2624
2704	2624	2755
3082	2829	2788
2831	2738	2737
2794	2882	2693
2794	2693	2759
2791	2542	2546
2546	2542	2677
2699	2557	2637
2699	2700	2557
2832	2739	2738
2738	2602	2737
2774	2457	2642
2774	2654	2457
2868	2654	2774
2793	2649	2775
2749	2614	2613
2849	2776	2761
2765	2572	2688
2711	2765	2571
2748	2612	2747
2909	2843	2842
2898	2831	2897
2833	2740	2739
2787	2650	2617
2787	2616	2751
2748	2613	2612
2748	2749	2613
2726	2587	2586
2883	2702	2704
2796	2818	2817
2815	2720	2814
2788	2599	2651
3082	2658	2777
2727	2588	2587
2727	2728	2588
2784	2547	2629
2873	2639	2784
2862	2645	2791
2954	2903	2902
2786	2437	2620
2786	2620	2763
2806	2709	2708
2881	2769	2753
2729	2780	2592
2870	2760	2780
2865	2646	2655
2840	2746	2839
2790	2548	2549
2549	2548	2676
2812	2718	2717
2701	2628	2558
2798	2697	2757
2819	2725	2724
2775	2441	2690
2793	2792	2649
3081	2778	2659
3081	2787	2845
2882	2695	2694
2809	2715	2714
2706	2565	2564
2706	2564	2705
2730	2731	2594
2977	2850	2912
2845	2787	2751
2844	2845	2751
2781	2434	2563
2781	2619	2434
2821	2726	2820
2878	2785	2633
2765	2712	2572
2808	2809	2714
2724	2585	2584
2724	2584	2723
2702	2559	2560
2702	2703	2559
2752	2673	2766
2846	2752	2766
2850	2775	2767
2877	2730	2593
2873	2759	2639
2813	2812	2801
2709	2567	2708
2805	2708	2707
2876	2781	2569
2853	2619	2781
2782	2562	2432
2782	2432	2618
2740	2605	2604
2740	2604	2739
2756	2627	2626
2756	2626	2695
2738	2603	2602
2738	2739	2603
2743	2608	2607
2743	2744	2608
2759	2638	2639
2759	2693	2638
2813	2719	2718
2801	2701	2700
2711	2570	2763
2872	2711	2763
3093	2847	2795
3095	2711	2872
2852	2761	2648
2855	2657	2768
3108	2870	2729
2870	2848	2760
2842	2748	2841
2839	2746	2745
2710	2569	2568
2710	2568	2709
2767	2690	2483
2767	2483	2654
2883	2703	2702
2821	2727	2726
2788	2600	2599
2788	2736	2600
2762	2538	2544
2871	2625	2538
2847	2756	2795
2795	2695	2882
2817	2723	2722
2796	2817	2797
3089	2962	2918
2840	2747	2746
2825	2732	2731
2892	2825	2824
2806	2708	2805
2930	2710	2807
2916	2863	2770
2833	2739	2832
2931	2785	2878
2891	2935	2931
2861	2622	2771
2850	2767	2868
2822	2823	2728
2870	2780	2729
2799	2699	2800
2934	2815	2814
2970	2824	2928
2884	2793	2850
2872	2754	2847
2847	2779	2756
2841	2748	2747
2841	2747	2840
2851	2713	2712
2936	2811	2810
2826	2733	2732
2826	2732	2825
2824	2731	2730
2824	2825	2731
2856	2790	2643
2856	2860	2790
2827	2734	2733
2827	2733	2826
2929	2755	2871
2848	2762	2760
2837	2743	2836
3008	2967	2920
2860	2773	2623
2860	2623	2790
2957	2906	2905
2896	2830	2829
3087	2792	2793
3087	2974	2846
2846	3010	2752
2854	2877	2782
2830	2737	2736
2830	2736	2829
2816	2817	2722
2816	2722	2721
2823	2764	2728
2939	2883	2802
2872	2763	2620
2872	2620	2754
2908	2841	2907
2972	2803	2918
2811	2717	2716
2810	2716	2715
3095	2765	2711
3095	3093	2851
2935	2819	2818
2818	2819	2724
2854	2752	3010
2928	2877	2854
2867	2653	2646
2867	2770	2653
2842	2749	2748
2842	2843	2749
2923	2881	2753
2887	2806	2805
2878	2633	2632
2878	2632	2703
3082	2788	2651
2858	2691	2735
2889	2925	2812
2811	2812	2717
2815	2721	2720
2816	2721	2815
2835	2742	2741
2987	2953	2952
2894	2826	2893
2951	2900	2899
2931	2874	2785
2891	2819	2935
2881	2621	2769
2881	2768	2621
2863	2644	2770
2863	2791	2644
2919	2858	2735
3086	2777	2858
3086	2896	2829
2897	2831	2830
2922	2647	2864
2952	2901	2900
2862	2863	3011
2905	2839	2838
2857	2789	2861
2926	2912	2868
2932	2784	2880
2889	2936	2932
2855	2648	2657
2855	2852	2648
2834	2741	2740
2834	2835	2741
2938	2878	2703
2891	2931	2878
2876	2569	2710
2923	2753	2853
2880	2629	2628
2880	2628	2701
2828	2735	2734
2828	2734	2827
3108	2764	2823
2869	2729	2591
2822	2728	2727
2938	2891	2878
2836	2743	2742
2836	2742	2835
2905	2838	2904
2916	2770	2867
2875	2636	2783
2879	2630	2698
2925	2801	2812
2889	2812	2811
2802	2704	2755
2802	2883	2704
2808	2713	2851
3093	2808	2851
2915	2771	2866
2834	2740	2833
2857	2642	2789
2857	2774	2642
2856	2643	2776
2856	2776	2849
3059	2981	3030
2806	2807	2709
2933	2783	2879
2890	2934	2933
2890	2933	2879
2933	2875	2783
2924	2698	2797
2816	2797	2817
2866	2652	2647
2866	2771	2652
2799	2813	2801
2799	2800	2814
2918	2803	2705
2859	2705	2692
2796	2696	2697
2796	2797	2696
2976	2927	2852
2888	2806	2887
3094	3088	2929
3094	2848	2870
2799	2700	2699
2799	2801	2700
2930	2876	2710
2975	2923	2930
2893	2825	2892
3002	2977	2912
2940	2882	2794
2940	2794	2810
2941	2795	2882
3095	2847	3093
2837	2744	2743
2837	2838	2744
2932	2873	2784
2889	2811	2936
2911	2844	2910
2844	2750	2843
2903	2837	2836
3084	2963	2926
3088	2822	2939
2821	2822	2727
2929	2802	2755
2929	2871	2848
2924	2879	2698
2924	2797	2816
2918	2705	2859
2910	2844	2843
2903	2904	2837
2966	2922	2864
2925	2880	2701
2925	2701	2801
2927	2849	2761
2907	2841	2840
2909	2910	2843
2942	2886	2885
3085	2845	2911
2911	2845	2844
2935	2818	2798
2935	2798	2757
2998	2971	2927
2961	2909	2960
2917	2768	2881
2975	2807	2888
2934	2800	2758
2934	2814	2800
2890	2879	2924
2890	2815	2934
2902	2903	2836
2965	2863	2916
2793	2884	3087
2963	2912	2926
2961	2910	2909
2972	2918	2962
2894	2827	2826
3020	2989	2988
2935	2757	2874
2935	2874	2931
3084	3037	2963
3010	3006	2970
2901	2835	2834
2901	2834	2900
2934	2758	2875
2934	2875	2933
2975	2930	2807
2978	2881	2923
2950	2951	2899
2899	2833	2832
2946	2894	2893
2945	2893	2892
2930	2853	2876
2930	2923	2853
3009	2968	2922
2915	2861	2771
2972	2885	2803
3089	2918	2859
2936	2810	2794
2936	2794	2759
2964	2857	2861
2946	2893	2945
2912	2850	2868
2977	2884	2850
2938	2703	2883
2938	2820	2891
2890	2816	2815
2890	2924	2816
2928	2824	2730
2928	2730	2877
2939	2822	2821
2939	2821	2883
2942	2943	2886
2906	2839	2905
2888	2807	2806
2997	2975	2888
2971	2937	2849
2921	2646	2865
2917	2855	2768
2917	2913	2855
2886	2805	2804
2886	2887	2805
2914	2772	2862
2914	2864	2772
2937	2856	2849
2958	2907	2906
3088	2939	2802
3088	2802	2929
2885	2804	2803
2885	2886	2804
2902	2836	2835
2902	2835	2901
2971	2849	2927
2976	2852	2913
2897	2830	2896
2919	2735	2828
2949	2898	2897
2973	2828	2895
2947	2895	2894
2953	2901	2952
2926	2868	2774
2926	2774	2857
2979	2920	2860
3028	2967	3008
2941	2882	2940
2941	2809	2808
2906	2840	2839
2906	2907	2840
2936	2759	2873
2936	2873	2932
2889	2880	2925
2889	2932	2880
2986	2952	2951
2973	2919	2828
2895	2828	2827
2895	2827	2894
2908	2842	2841
2908	2909	2842
2898	2832	2831
2898	2899	2832
2920	2865	2773
2920	2773	2860
2938	2883	2821
2938	2821	2820
2940	2809	2941
2715	2809	2810
3029	2997	2944
2944	2887	2943
2979	2860	2937
3007	2969	2921
2978	2917	2881
2978	2923	2975
3007	2921	2967
2988	2953	2987
3034	3001	2969
2991	2992	2957
3010	2846	2974
2970	2892	2824
3008	2920	2979
2992	2958	2957
2955	2903	2954
2991	2956	2990
3089	2911	2962
2962	2911	2910
2951	2952	2900
3003	2895	2947
3033	3009	2966
2960	2909	2908
2944	2888	2887
2998	2927	2976
2999	2970	3006
2964	2861	2915
2950	2899	2898
3003	2973	2895
3041	3018	3016
3009	2922	2966
2984	2946	2983
3023	3024	2992
3057	2982	3014
3023	2991	3022
2988	2989	2954
2994	2959	2993
2996	2950	2949
2949	2950	2898
2997	2888	2944
3096	2998	2976
3006	2974	2884
3006	2884	2977
2946	2947	2894
2990	2956	2955
3038	3003	3061
3038	2973	3003
2956	2905	2904
2956	2957	2905
2953	2902	2901
2953	2954	2902
2968	2866	2922
2968	2915	2866
2958	2906	2957
2991	2957	2956
3039	2961	2995
2995	2961	2960
3010	2974	3006
3006	2977	3002
2959	2960	2908
3060	2995	3026
2978	2913	2917
3096	3029	2998
3090	2858	2919
2948	2919	2973
2959	2908	2907
2959	2907	2958
2948	2897	2896
2948	2949	2897
3002	2912	2963
3084	2964	3037
2969	2916	2867
2969	2867	2921
2955	2904	2903
2955	2956	2904
2967	2921	2865
2967	2865	2920
3039	2972	2962
3039	2962	2961
3012	3036	3002
2984	2947	2946
2999	2945	2892
2999	2892	2970
3004	2885	2972
3004	2942	2885
3037	2964	3000
3035	2968	3009
3010	2928	2854
3010	2970	2928
2993	2959	2958
3060	3004	3039
3000	2964	2915
3000	2915	2968
3011	2914	2862
2980	2966	2914
3038	2948	2973
2987	2952	2986
2983	2946	2945
3036	2999	3002
3026	2995	2994
2993	2958	2992
2982	2943	2981
2981	2943	2942
3025	2994	2993
3055	3027	3005
3083	2913	2978
3083	3096	2976
2988	2954	2953
3035	3009	3033
3056	3015	2983
3036	2945	2999
3076	3058	3015
3061	3017	2996
3022	2991	2990
3011	2980	2914
3001	2965	2916
3001	2916	2969
2989	2955	2954
2989	2990	2955
3036	2983	2945
3032	3003	2947
3005	2937	2971
3005	2979	2937
2994	2960	2959
2994	2995	2960
3017	2985	2996
2985	2986	2951
2982	2944	2943
3096	2997	3029
2985	2951	2950
2985	2950	2996
3023	2992	2991
3034	2969	3007
3040	3012	3037
3021	2989	3020
3029	2944	2982
3048	3024	3047
3032	2947	2984
3061	2996	3038
3103	3079	3051
3045	3022	3021
3025	3026	2994
3027	3028	3008
3030	2942	3004
3030	2981	2942
3031	2998	3029
3014	2982	2981
3024	2993	2992
3025	2993	3024
3052	3037	3000
3019	2988	2987
3019	3020	2988
3016	2986	2985
3027	3008	3005
3050	3034	3028
3016	2985	3017
3016	3018	2986
3018	2987	2986
3019	2987	3018
3015	2984	2983
3076	3040	3072
3021	2990	2989
3021	3022	2990
3028	3007	2967
3028	3034	3007
3038	2949	2948
3038	2996	2949
3058	3032	2984
3041	3042	3018
3013	2980	3011
3065	3045	3044
3057	3031	3029
3057	3029	2982
3044	3021	3020
3002	2999	3006
3046	3023	3022
3066	3046	3045
3055	3005	3031
3048	3025	3024
3053	3001	3034
3053	3013	3001
3039	2995	3060
3039	3004	2972
3013	2965	3001
3013	3011	2965
3052	3040	3037
3035	3000	2968
3042	3019	3018
3072	3040	3052
3056	2983	3036
3056	3036	3012
3031	2971	2998
3031	3005	2971
3075	3014	3059
3047	3024	3023
3012	3002	2963
3012	2963	3037
3060	3026	3030
3060	3030	3004
3075	3059	3048
3047	3023	3046
3050	3053	3034
3078	3054	3073
3059	3014	2981
3059	3030	3026
3043	3020	3019
3045	3021	3044
3043	3044	3020
3043	3019	3042
3052	3000	3035
3063	3064	3043
3080	3066	3065
3049	3050	3028
3073	3054	3013
3045	3046	3022
3059	3026	3025
3059	3025	3048
3103	3054	3078
3079	3072	3051
3058	3017	3032
3058	2984	3015
3056	3012	3040
3056	3040	3015
3049	3028	3027
3074	3075	3068
3054	3033	2980
3054	2980	3013
3051	3035	3033
3051	3052	3035
3074	3055	3071
3057	3055	3031
3058	3016	3017
3058	3041	3016
3079	3064	3063
3064	3044	3043
3061	3003	3032
3061	3032	3017
3075	3071	3014
3077	3049	3074
3063	3043	3042
3065	3044	3064
3071	3055	3057
3071	3057	3014
3073	3013	3053
3080	3065	3078
3062	3042	3041
3072	3052	3051
3076	3015	3040
3076	3041	3058
3062	3041	3076
3062	3063	3042
3069	3050	3049
3066	3045	3065
3067	3047	3046
3067	3046	3066
3074	3071	3075
3067	3068	3047
3068	3048	3047
3068	3075	3048
3103	3078	3079
3069	3067	3066
3070	3050	3069
3070	3069	3066
3074	3027	3055
3074	3049	3027
3077	3069	3049
3077	3074	3068
3079	3078	3064
3062	3076	3072
3070	3053	3050
3070	3073	3053
3077	3068	3067
3077	3067	3069
3064	3078	3065
3080	3070	3066
3079	3063	3062
3079	3062	3072
3080	3073	3070
3080	3078	3073
3094	2823	3088
3094	2929	2848
3090	2919	2948
3090	2948	2896
3081	2659	2650
3085	2859	2778
3081	2845	3085
3081	3085	2778
3107	2278	2437
3107	2436	2278
2049	3106	3105
3105	2344	2291
3106	2048	2235
3106	2235	2290
3091	2599	2411
3091	2651	2599
3086	2858	3090
3086	3090	2896
3089	2859	3085
3089	3085	2911
3093	2795	2941
3093	2941	2808
2150	2685	2525
2316	2531	2685
3102	2536	2792
3102	2792	3087
3101	2533	2157
2313	2524	2683
3103	3033	3054
3103	3051	3033
3095	2851	2765
2712	2765	2851
3083	2976	2913
3083	2997	3096
3108	2729	2869
3108	2869	2764
3094	2870	3108
3094	3108	2823
2152	2686	2526
2317	2532	2686
3102	2846	2766
3102	3087	2846
3092	2188	2187
3092	2187	2453
3083	2978	2975
3083	2975	2997
3082	2777	3086
3082	3086	2829
2156	2678	2530
2153	2527	2678
3104	2201	2009
3104	2289	2201
2155	2681	2529
2154	2528	2681
3084	2926	2857
3084	2857	2964
