0.00000000   0.00000000 
30.00000000   0.00000000 
30.00000000   20.00000000 
0.00000000   20.00000000 
5.00000000   10.65500000 
5.00000000   10.54500000 
5.00000000   9.45500000 
5.00000000   9.34500000 
5.00000000   11.85500000 
5.00000000   11.74500000 
5.00000000   8.25500000 
5.00000000   8.14500000 
0.00000000   19.13043478 
0.00000000   18.26086957 
0.00000000   17.39130435 
0.00000000   16.52173913 
0.00000000   15.65217391 
0.00000000   14.78260870 
0.00000000   13.91304348 
0.00000000   13.04347826 
0.00000000   12.17391304 
0.00000000   11.30434783 
0.00000000   10.43478261 
0.00000000   9.56521739 
0.00000000   8.69565217 
0.00000000   7.82608696 
0.00000000   6.95652174 
0.00000000   6.08695652 
0.00000000   5.21739130 
0.00000000   4.34782609 
0.00000000   3.47826087 
0.00000000   2.60869565 
0.00000000   1.73913043 
0.00000000   0.86956522 
0.86689792   0.00000000 
1.74005832   0.00000000 
2.61952653   0.00000000 
3.50534822   0.00000000 
4.39756912   0.00000000 
5.29623567   0.00000000 
6.20139423   0.00000000 
7.11309182   0.00000000 
8.03137560   0.00000000 
8.95629327   0.00000000 
9.88789245   0.00000000 
10.82622189   0.00000000 
11.77133005   0.00000000 
12.72326567   0.00000000 
13.68207804   0.00000000 
14.64781720   0.00000000 
15.62053314   0.00000000 
16.60027594   0.00000000 
17.58709662   0.00000000 
18.58104621   0.00000000 
19.58217615   0.00000000 
20.59053854   0.00000000 
21.60618527   0.00000000 
22.62916944   0.00000000 
23.65954369   0.00000000 
24.69736143   0.00000000 
25.74267679   0.00000000 
26.79554345   0.00000000 
27.85601625   0.00000000 
28.92415004   0.00000000 
30.00000000   1.05263158 
30.00000000   2.10526316 
30.00000000   3.15789474 
30.00000000   4.21052632 
30.00000000   5.26315789 
30.00000000   6.31578947 
30.00000000   7.36842105 
30.00000000   8.42105263 
30.00000000   9.47368421 
30.00000000   10.52631579 
30.00000000   11.57894737 
30.00000000   12.63157895 
30.00000000   13.68421053 
30.00000000   14.73684211 
30.00000000   15.78947368 
30.00000000   16.84210526 
30.00000000   17.89473684 
30.00000000   18.94736842 
28.92415004   20.00000000 
27.85601625   20.00000000 
26.79554345   20.00000000 
25.74267679   20.00000000 
24.69736143   20.00000000 
23.65954369   20.00000000 
22.62916944   20.00000000 
21.60618527   20.00000000 
20.59053854   20.00000000 
19.58217615   20.00000000 
18.58104621   20.00000000 
17.58709662   20.00000000 
16.60027594   20.00000000 
15.62053314   20.00000000 
14.64781720   20.00000000 
13.68207804   20.00000000 
12.72326567   20.00000000 
11.77133005   20.00000000 
10.82622189   20.00000000 
9.88789245   20.00000000 
8.95629327   20.00000000 
8.03137560   20.00000000 
7.11309182   20.00000000 
6.20139423   20.00000000 
5.29623567   20.00000000 
4.39756912   20.00000000 
3.50534822   20.00000000 
2.61952653   20.00000000 
1.74005832   20.00000000 
0.86689792   20.00000000 
5.03889087   10.56110913 
5.05500000   10.60000000 
5.03889087   10.63889087 
4.96110913   10.63889087 
4.94500000   10.60000000 
4.96110913   10.56110913 
5.03889087   9.36110913 
5.05500000   9.40000000 
5.03889087   9.43889087 
4.96110913   9.43889087 
4.94500000   9.40000000 
4.96110913   9.36110913 
5.03889087   11.76110913 
5.05500000   11.80000000 
5.03889087   11.83889087 
4.96110913   11.83889087 
4.94500000   11.80000000 
4.96110913   11.76110913 
5.03889087   8.16110913 
5.05500000   8.20000000 
5.03889087   8.23889087 
4.96110913   8.23889087 
4.94500000   8.20000000 
4.96110913   8.16110913 
21.10919786   11.51976265 
21.97860631   11.60785366 
21.70008975   12.35230768 
21.84242270   10.95126047 
9.95769278   3.46497906 
9.95028783   2.92828678 
10.52240682   3.21678390 
9.41057066   3.09631479 
9.25777165   0.71021612 
10.23667035   0.60860069 
9.79124122   1.11299529 
11.54908316   18.26552735 
12.04266839   18.70469002 
11.29422967   19.25121392 
12.26456485   19.32665142 
2.83777799   3.30787038 
2.23844875   3.53841277 
2.40477141   2.83915150 
1.78632889   3.10930679 
2.89080841   13.53820502 
2.77463035   13.24373352 
3.07557918   13.31481849 
2.48065526   13.55186705 
3.12465006   6.57664809 
2.70224943   6.67281073 
2.83814098   6.28203157 
2.30887831   6.38348420 
3.27662534   10.72740713 
3.04307485   10.77754443 
3.10699961   10.53865833 
2.76801528   10.64063756 
5.61115222   2.12068048 
5.41580828   2.77405242 
5.01808816   2.24762174 
6.01085750   2.56917254 
9.00800450   17.13181535 
9.30641758   16.66416847 
9.49510220   17.09043300 
9.87057227   16.57617167 
23.00385120   15.89308434 
22.18041537   16.07700543 
22.32193010   15.05867493 
21.44006806   15.83126947 
1.53368228   3.72418599 
1.93693504   4.09624977 
1.90817578   15.87674658 
2.11310071   16.33682541 
1.52248775   16.25857477 
1.85363399   16.89697751 
3.28597881   9.47825978 
2.95778111   9.30860336 
3.32907493   9.19688009 
3.04158220   8.93625678 
3.45410041   3.03610964 
3.21105988   3.72148837 
3.06719118   2.61545651 
3.16155731   16.28499983 
3.41851978   16.94324245 
2.66421661   16.71242148 
3.05042195   17.38972122 
5.28352054   14.43707901 
5.62358933   14.40074540 
5.58164346   14.65730829 
29.14026002   3.70924423 
29.07735291   2.74060410 
5.48942959   14.12152930 
5.75415689   15.00980714 
5.31609478   14.84510223 
29.07526016   17.25854148 
29.14122611   16.31054846 
5.41557504   15.25595154 
4.96842946   14.57965721 
5.54922541   5.35817979 
5.73427124   5.61620600 
5.42584820   5.61500393 
5.57594132   5.90659956 
5.33614565   5.08260260 
5.77335722   5.02890967 
0.71104667   18.63360499 
0.65867966   17.83747635 
1.37631630   18.19183008 
5.43127180   4.69313163 
1.37597784   1.80785139 
0.65826995   2.16219357 
0.71061322   1.36611965 
25.55796571   1.87158056 
24.50652731   2.29944784 
24.71600796   1.14472828 
25.39172108   3.15453649 
24.79629618   18.75058952 
24.40662308   17.61925185 
25.50856770   18.07804155 
25.30308737   16.71151443 
17.91030728   11.43065900 
18.27011590   10.48024177 
18.62304831   11.40275553 
17.01855862   10.78169305 
2.75486099   9.00902490 
2.62686302   9.29179781 
23.97388536   18.87779262 
3.74603423   8.51154212 
3.54825373   8.38849116 
3.69233985   8.27920398 
3.48415801   8.13885844 
6.53626392   4.88786989 
6.41076337   4.40203029 
6.78481169   4.49646369 
6.11472444   4.74729143 
28.21107427   5.97578140 
29.16514092   5.81718267 
28.84521435   6.83108575 
3.67161180   17.63060471 
4.01799608   17.22406656 
4.41308346   16.76761469 
4.56268834   17.51400919 
4.99957955   16.97654536 
19.98567085   19.23122810 
20.64193146   18.95050668 
4.01639571   2.76146487 
3.68369880   2.36337541 
4.50341002   2.61289339 
4.37251573   3.19300857 
4.87119296   2.94753589 
3.64671544   4.08345665 
3.13035243   4.25694207 
5.66421363   0.73020459 
6.53839116   0.91744246 
2.59771041   4.05639063 
3.05714359   15.76938394 
3.48450316   15.92348926 
2.52664897   15.93746476 
6.48459913   19.04733641 
5.60721394   19.28045592 
6.53662263   14.98599322 
6.11699636   14.91688188 
6.31932944   14.64069840 
22.59415918   16.84256693 
23.51806029   16.73608545 
23.21134936   17.83979874 
6.19272566   15.24732955 
7.59852415   0.93866142 
25.83351214   7.30820847 
24.80167372   7.39735283 
25.26141198   6.48769513 
7.49815953   19.01126743 
0.80840169   6.77004791 
1.31333097   6.23657133 
1.40289877   6.96675793 
1.85789313   6.67196844 
1.40561847   13.05094419 
1.33922797   13.80538374 
0.83834935   13.24410821 
1.92406116   13.32066538 
8.48054698   1.23238094 
7.86202778   1.82306340 
24.11487187   6.43200237 
7.98710037   18.25888035 
7.39338259   17.86759010 
7.93835124   17.40058777 
1.92896558   14.32277651 
2.00264497   13.79140750 
2.45066698   14.13017261 
8.51165902   19.06837581 
14.73638667   18.88872872 
14.82491150   18.00074983 
15.44928987   18.60595875 
21.24501519   0.78598429 
22.05640200   0.85673241 
6.40349805   5.31834675 
6.16884483   5.08164917 
9.04374628   1.42757365 
8.71320093   1.90480879 
8.55074722   18.38952204 
8.63496247   17.75839789 
9.16741677   18.45958643 
15.70163629   5.71772424 
15.28484944   6.31735521 
14.87353187   5.67842342 
16.13660896   6.74039637 
17.27239566   13.98230441 
17.52255050   13.00371619 
18.13821727   13.56222560 
9.54770674   1.91029379 
16.66810685   12.95963387 
4.97579045   9.71608583 
4.92838462   9.69547973 
4.96972734   9.65826299 
15.50540899   17.63841761 
4.92036155   9.63986825 
8.44555470   15.89112966 
8.61956687   15.34783080 
8.96645900   15.75401190 
9.35273013   17.71637660 
22.00913815   7.05199803 
21.06437901   7.86748760 
20.66961154   6.89075723 
8.18036538   15.51851940 
22.05012126   8.37872904 
4.98754576   8.90101012 
5.02905607   8.85699545 
5.04457090   8.91995539 
4.91859542   8.34447272 
4.95989158   8.37341981 
4.90836290   8.39282882 
9.93831306   17.36688647 
10.41754374   16.94361941 
18.53538049   9.30662014 
17.63956797   9.58579528 
1.41375480   8.89381466 
1.55613673   9.42248027 
0.77785146   9.17279128 
4.96448584   8.32978969 
16.90116322   9.56331981 
17.17246339   8.84250476 
16.37439791   8.75468767 
0.67471907   11.56111417 
0.70803395   10.99431079 
4.86200509   8.77834209 
4.91025839   8.72689191 
4.93515663   8.79251889 
4.97622403   8.73699139 
1.26134165   2.52655020 
1.88893326   2.29593682 
4.26693075   3.89778911 
3.96424723   4.59564684 
1.89872962   17.70552247 
1.30721189   17.37207904 
3.84579176   3.44856635 
12.86250766   3.58905529 
12.14227834   3.71716680 
12.55801292   2.94229612 
11.81321352   3.05637090 
4.78609597   19.38523615 
3.98573551   19.51566472 
4.35692682   18.89881828 
10.22176574   1.71198228 
10.28689944   2.41859521 
4.97016975   8.84608333 
10.65758712   1.23812407 
20.21837282   11.93084176 
20.81975587   12.54070485 
15.33447580   14.04736288 
15.64376700   12.88242329 
16.23645468   13.90169729 
28.33494527   16.72904636 
28.17742501   17.45035454 
28.45010551   3.28908493 
28.10738438   2.59431432 
14.61303217   13.36370954 
16.64508094   14.95318528 
17.68405484   15.02086979 
4.76617576   16.34147264 
4.26775898   16.10423559 
3.81831176   16.42399708 
0.56825201   8.43173173 
11.50472935   1.10461870 
10.99930774   0.59026869 
5.02795785   16.05867444 
5.26061203   16.43865763 
5.42550816   16.06504616 
26.23031453   19.06067675 
27.25373142   19.06738954 
4.73137318   3.48980178 
27.27745058   0.92329510 
26.18477210   0.91488773 
5.18596238   3.36783742 
4.89409542   3.91780274 
5.40938890   3.79088269 
4.61461851   4.40216357 
4.95802769   8.42088975 
5.01286712   8.45750530 
4.94894946   8.48099616 
22.66365600   11.19843867 
23.09707634   10.30696752 
23.51957285   11.08193400 
22.20041844   10.28112426 
9.64064857   4.20456663 
9.10152012   4.08791981 
9.54559082   3.74184357 
8.89023464   3.61498473 
3.73320406   10.42204264 
3.51915663   10.31037868 
3.66864190   10.17652472 
11.67202505   17.43841311 
11.12678603   16.77298979 
11.88348658   16.60025730 
2.91104134   18.63226866 
2.44316123   19.29765354 
2.20004197   18.44695452 
10.98057833   17.35771463 
2.19980152   1.55282837 
2.35786197   0.74983006 
2.92558074   1.32864180 
11.94952303   15.78030929 
12.61352626   16.26684570 
12.53429152   15.34146380 
4.94586350   8.54527593 
4.89117152   8.51024263 
3.43428329   10.54489694 
27.23623765   17.56741141 
27.74463241   18.22382219 
20.18690815   11.08401716 
13.36373291   11.48683004 
13.28389025   10.78333210 
13.88297207   11.21132419 
27.78186187   1.76539562 
27.40475058   2.36011531 
18.30283192   1.78624781 
17.67023541   1.08735920 
18.25815340   0.79242424 
17.25135541   1.92790092 
27.64851416   10.99661404 
27.57634033   11.78548395 
26.84132216   11.48675844 
29.08587383   15.29296282 
28.33735693   11.42829152 
18.22527879   15.83619465 
17.81250082   16.71112647 
17.30076642   15.83482753 
29.19428721   4.69007095 
5.13928004   8.94846814 
5.12744218   8.99493623 
5.08884465   8.96539382 
27.68780256   16.77674883 
28.25966815   15.91939735 
16.54163416   15.92442891 
14.02431669   11.83028524 
13.87111144   12.68508922 
13.48559343   12.14357326 
28.22901735   4.18846378 
27.70983800   3.22125847 
21.67432794   9.37017447 
22.61887202   9.38992441 
3.67076915   18.79805925 
3.36107737   18.07321780 
2.63885860   17.92372173 
3.37420736   1.89375300 
3.71996749   0.97228266 
2.60994839   2.16792575 
21.17318140   10.29259910 
23.04942970   8.48268209 
23.56970562   9.42941842 
24.17011787   8.46265930 
5.20215510   9.75847416 
5.15852039   9.77712861 
5.17263031   9.71772307 
5.11589515   9.73369341 
16.30765310   11.85537467 
15.44676010   11.77003742 
25.39504333   19.17786157 
14.78335465   12.25919440 
14.67108378   11.24676766 
25.37975680   0.78623931 
4.96661458   10.11177225 
4.94023560   10.07689184 
4.98584359   10.07622067 
25.98845511   17.22483739 
26.86320280   16.98014091 
26.68632451   18.04076786 
26.63382312   1.91756880 
26.84170234   2.97703347 
26.05603381   2.70823434 
17.99799661   7.62866408 
18.08706822   6.56242011 
18.84615782   7.13852429 
2.17807542   9.31312509 
2.09239113   9.76284950 
4.91882490   10.12169586 
0.92559815   9.85280476 
1.50747675   7.58071091 
0.91549286   7.96245414 
0.77237835   7.34376326 
18.77245942   8.23410362 
0.88104182   12.65652606 
1.11538230   11.97911227 
1.48171025   12.50176485 
17.93972618   8.54039217 
1.91559544   12.84103546 
2.40062483   12.88335433 
1.89215650   7.15789660 
2.36310810   7.00595865 
1.63362491   10.04834382 
1.12603180   10.47093021 
22.14128211   3.36342804 
21.01954209   3.01320350 
21.97610136   2.50421244 
21.25164792   1.79882023 
2.98120578   5.74263119 
2.54426154   5.92386774 
19.74601593   4.55896186 
20.68448855   4.93474355 
19.65342129   5.25979758 
2.14203365   7.54319872 
20.34944389   3.93429523 
19.14955684   1.08851414 
18.56893701   15.12913990 
19.26511442   14.84330905 
19.15729929   15.63524220 
1.98068651   12.43061232 
22.57707831   12.14515081 
0.56585849   13.66420882 
18.82996905   14.21318269 
0.55340033   6.34662528 
7.04158208   4.82611550 
2.69563370   7.50997424 
6.81477960   5.22796011 
28.82852678   14.04751157 
6.67078587   15.47053989 
6.99481945   15.14177779 
27.61760267   15.28862106 
28.28582194   14.95400374 
27.25533651   16.01414243 
28.48116632   5.10126862 
27.55666370   5.03614564 
27.22606784   3.91853900 
5.07942126   9.03490160 
4.00386137   10.63595221 
4.16605605   10.67999232 
4.04714915   10.76163866 
4.19562176   10.83111819 
3.53777556   9.58549678 
3.38061123   9.78150990 
3.59645482   9.35256257 
16.48692555   1.69270348 
16.11454936   0.87337431 
16.95173971   0.93022300 
8.60299763   5.09686100 
9.02691475   5.27671617 
8.60394644   5.61781837 
5.09834422   11.82725250 
5.08099181   11.88118352 
24.15229076   13.90274570 
22.93382324   13.97669633 
23.49469489   12.83591944 
0.65171513   14.31503041 
0.64526901   5.68302889 
26.32506044   16.25693756 
26.34387448   3.58714028 
1.38671588   5.31984703 
23.41107326   14.92778440 
1.39571397   14.73957626 
27.46727961   14.36563013 
7.56026740   10.92370895 
7.33913794   11.19479067 
7.25567366   10.95731872 
23.07213844   19.05711560 
24.00699552   1.36635781 
4.87472712   9.04971894 
4.89219442   9.12543918 
4.81966538   9.09926564 
5.04480767   8.97924663 
5.01427883   9.01645282 
4.99692269   8.95952953 
23.19581903   0.87131606 
26.80494944   15.21126659 
7.61734109   11.24648962 
26.67531115   4.50119237 
4.28646769   9.27412727 
4.19148951   9.34580695 
4.15297311   9.19964242 
26.17372257   14.24724161 
25.72989655   15.43843440 
4.49717332   14.67990516 
4.89324329   15.13081020 
4.31634710   15.23473822 
26.71877075   5.45639194 
5.03790531   11.58014971 
5.00878127   11.52762601 
5.06583705   11.53644272 
4.97425897   11.57620211 
4.38557195   4.95951294 
3.94655425   5.14053322 
4.53449676   8.64214439 
4.44566050   8.63115724 
4.48913395   8.55134964 
25.81482459   4.19178148 
4.92337998   4.89900382 
4.61578837   5.38662207 
5.06476704   5.39958297 
23.46918234   1.97155270 
10.55933623   16.31103623 
10.03195279   15.91470993 
10.61209479   15.75444622 
22.20070549   18.53901551 
23.79390680   2.97690199 
10.24428006   15.32128535 
22.41057513   1.68427391 
4.39025054   8.55829995 
4.94411879   9.82877486 
4.98415199   9.77808187 
5.00181393   9.83602581 
2.78306077   8.68395735 
2.83580369   8.28812221 
3.13334792   8.56783499 
2.52610836   8.43231341 
27.80465647   6.95133867 
3.60354708   9.12718470 
3.53096658   8.92426399 
29.02966214   7.87280514 
3.29136749   8.85124001 
4.05829282   9.34985261 
26.32524128   6.37964221 
25.74033984   5.63158670 
7.42242637   6.80410854 
7.26255896   7.08777051 
7.09231571   6.89361354 
9.94207137   5.30898640 
9.50666230   5.51790395 
9.46432242   5.05055292 
24.74012726   15.69701367 
7.54997164   7.14301492 
24.91908847   4.09046485 
20.65366783   16.49700857 
19.84412950   17.22031870 
19.85538586   16.15763496 
5.14784003   10.39846430 
5.18198453   10.35337068 
5.19787866   10.40830958 
5.24179621   10.37811417 
5.30846366   11.10413611 
5.36542708   11.08710924 
5.34519970   11.16189394 
3.63298772   9.94548593 
3.83573784   10.02906246 
3.42766043   10.09020496 
4.91373235   9.20077498 
4.95888737   9.14648160 
4.93634652   9.08489347 
4.95185440   9.99558504 
4.93586452   9.94623308 
4.97663405   9.96223755 
5.44249843   11.14028619 
5.00401648   9.99944851 
5.03579653   10.05023145 
4.97188007   10.03873278 
24.21529805   11.65238712 
24.85566379   12.69715516 
4.97211453   7.04913789 
5.01819284   7.30226039 
4.84578340   7.26064330 
4.80640565   8.11376788 
4.81056625   8.17326327 
4.73773237   8.17274757 
9.57429302   15.42557535 
9.40661973   16.12229647 
9.08854498   15.12725415 
20.67945802   9.27757201 
20.03040770   10.07238698 
19.62342421   8.99213095 
28.27951154   8.35542803 
28.96922512   9.06684986 
27.78209058   9.24286056 
4.78840742   8.22580240 
4.33798514   13.63504769 
3.97705516   13.66668273 
4.15949843   13.37367778 
4.74286352   10.16757471 
4.80016145   10.21018637 
4.73286085   10.23845514 
4.19562774   13.94357366 
9.09068461   5.70570209 
9.53056179   5.91690648 
4.88578129   8.66211377 
4.95172972   8.68312992 
4.83219932   8.71366248 
4.22376137   18.06493121 
4.97019562   8.63455646 
5.00840670   8.68767644 
10.25660906   14.27027203 
10.53233448   14.76823390 
9.85615626   14.76702795 
4.23885752   1.91483586 
8.55591807   13.50578979 
8.87401012   13.55021740 
8.66239641   13.85654474 
9.01514098   13.96277027 
8.30046287   13.44747923 
8.45409405   13.23395957 
8.14762665   13.21021569 
3.08890692   5.17663937 
3.54184710   5.46039149 
2.47684485   5.36373971 
5.07155104   10.99999461 
5.00673667   10.97740632 
5.05146310   10.94110507 
4.99071659   10.92022425 
25.02605035   14.63445185 
11.31253007   3.45594608 
11.19738297   2.66462509 
6.40827879   13.26838622 
6.38874192   13.52171912 
6.16362615   13.29733250 
3.62610635   14.80750818 
3.07528359   14.84864003 
3.24786723   14.39745118 
3.39987205   15.37832407 
4.91584882   11.55653896 
4.88293196   11.50512510 
4.94989961   11.51454473 
4.84603507   11.57338859 
4.98541361   11.46717948 
5.04227630   11.47466119 
5.02292930   9.07385779 
22.90149788   2.62746226 
15.99039241   19.21766984 
15.29328592   19.33759877 
5.07398248   11.68813662 
5.13857013   11.70183433 
5.10257271   11.72794322 
8.19810664   4.94451704 
7.80957587   5.25219572 
7.84246114   4.79889242 
7.43496383   5.04839200 
5.22264602   11.37675346 
5.18528346   11.34482879 
5.22014533   11.31266621 
5.17328986   11.39880159 
4.77359562   8.40876618 
4.72530343   8.45273161 
4.70460372   8.38696594 
4.78937534   8.46684779 
6.63052027   13.37582683 
5.02164065   9.74142300 
5.06023189   9.71289526 
5.06849736   9.76311555 
9.64341547   10.34313050 
9.82540682   10.66325715 
9.40193638   10.61910906 
9.05702394   2.45492823 
8.28815388   2.58061272 
5.03337463   9.79570962 
24.11737127   10.42536169 
25.17119703   10.97100407 
4.49374794   10.97154015 
4.39660289   11.01085121 
4.42419880   10.90727322 
4.48771743   11.08926252 
13.34420129   15.74714713 
13.27893139   16.59727812 
4.33102465   7.93385278 
4.42823754   8.01295380 
4.31125960   8.07981847 
17.59357329   19.31543049 
3.77921292   11.97682972 
4.04487834   11.96131676 
3.94729064   12.16554189 
4.41467395   8.14301824 
4.84526885   8.47603478 
4.81713284   8.54053003 
4.88704934   8.58715729 
4.84418549   8.41588587 
4.23033335   7.83768451 
4.35607945   7.77388681 
5.42458137   10.56116427 
5.40617804   10.50256412 
5.47851768   10.51427335 
4.48468242   9.76085798 
4.59151388   9.80127322 
4.50398320   9.87036759 
4.68378649   8.49066720 
4.74698270   8.51539120 
5.44357310   10.45065625 
6.81391907   9.59559346 
6.66694902   9.47196175 
6.89534552   9.40248841 
4.61086105   9.01056924 
4.65134764   8.93915058 
4.71145278   8.99896561 
6.68664401   9.30118593 
7.79285663   12.38014929 
8.02621314   12.38548035 
7.81795189   12.59865758 
7.92988647   12.12164089 
8.01106994   6.39654195 
7.67197271   6.29185960 
7.91642444   6.05034958 
7.71640405   6.59679217 
4.48348184   9.40176422 
4.39873027   9.45457080 
4.38912709   9.33959864 
4.28766057   9.40833914 
4.71986832   9.33646715 
4.77644250   9.28739081 
4.80186611   9.33193701 
5.66842916   10.33290437 
5.61750051   10.37174638 
5.61133131   10.29554729 
10.36696065   5.51569983 
10.33969343   5.05705285 
5.54638044   10.33157824 
4.42621827   9.57330108 
4.30886184   9.52455141 
4.47923670   9.49328386 
11.50774423   5.91353850 
11.05119786   5.80768662 
11.36036671   5.43298877 
10.96271409   6.31626166 
4.94469640   8.94639138 
4.96185371   8.99774230 
5.13117642   8.75483925 
5.19819261   8.78050408 
5.14720600   8.82046089 
5.20306308   8.85513277 
10.53304074   13.81823304 
10.76488719   13.30708498 
11.10690470   13.75031318 
11.24180652   13.18312164 
5.10380213   8.65485030 
5.09461675   8.70769251 
5.05243989   8.67253708 
12.70849522   2.01610956 
12.18862310   1.38635500 
12.77700544   1.22838588 
11.75599371   1.94080184 
13.15324984   0.65992672 
13.60648965   1.45117690 
4.72774393   9.26034869 
19.04643828   17.83815205 
19.08331185   18.97104993 
18.03407742   18.39627759 
10.58736581   5.86029732 
9.98541884   5.84855964 
8.74029401   11.66759203 
9.09142000   11.50585980 
8.97006269   11.88691260 
11.54018147   14.06281607 
11.95953558   14.41571002 
11.36800297   14.62241534 
11.83280103   15.03431670 
11.62891502   13.54039050 
5.18964589   8.37612622 
5.15874181   8.41020974 
5.14684288   8.36267587 
13.03486090   9.51452074 
13.85796182   9.22726072 
13.80633322   10.02269931 
5.12101504   8.39210438 
21.43334675   4.12940922 
12.23015173   0.62771935 
21.78167864   5.12428274 
21.23439742   6.00223189 
4.02209662   9.88622933 
3.90394433   9.69997586 
4.10951461   9.68657913 
3.97638150   9.50927976 
14.25592055   5.16437365 
13.54540911   5.66283618 
13.47074030   4.77029751 
5.27868957   10.65974190 
5.21158177   10.63263343 
5.26726084   10.58845536 
5.88023058   8.64350386 
5.78209069   8.62800149 
5.84924227   8.56372103 
5.16176417   8.44845245 
5.12061357   8.43356441 
5.46072860   9.41998384 
5.40583723   9.36381833 
5.45649748   9.33937806 
8.72713774   11.35758387 
4.77412887   9.65551517 
4.78847666   9.60526174 
4.82473871   9.64603247 
4.83942619   9.60720240 
7.26676521   8.91879128 
7.46876378   9.00177640 
7.29551295   9.17638334 
14.56856345   1.10747724 
14.53405023   2.22563952 
7.56127729   9.23872871 
7.38438205   4.65086580 
7.73181651   4.34933440 
5.17162057   10.52963243 
5.13157314   10.51277769 
5.16633377   10.46409618 
8.73969516   14.27807909 
5.10541468   10.47884515 
8.33551609   14.54286581 
8.01780109   14.35760916 
8.32708399   14.12215664 
4.98994615   10.86445798 
4.93500144   10.89765382 
4.93878779   10.83186176 
4.88513224   10.86096352 
4.87148219   10.92253104 
11.42319047   4.14615761 
11.42558558   4.78105923 
10.71572384   4.55562976 
10.83527055   5.28720205 
4.76959503   11.22959137 
4.84067318   11.26312417 
4.76892737   11.29611000 
13.63339886   15.06796069 
13.50206808   14.38579425 
14.18951031   14.75213742 
14.10268211   14.02217935 
4.53345305   8.47107037 
4.44086092   8.45681376 
4.11531947   12.30641652 
3.87284585   12.43190318 
4.30681900   12.36782170 
4.18805446   12.55486598 
4.57260321   8.40529160 
4.61414305   8.49224508 
4.65260404   8.43181175 
10.09626106   10.22063278 
10.15687126   9.75471850 
10.62552337   10.17991140 
12.15359491   13.29498939 
12.21871787   13.86970211 
9.67371173   9.96598825 
12.69293706   17.21037111 
13.62680089   17.27928557 
13.18969892   17.89342469 
8.20358722   5.76901366 
7.86083864   5.64821006 
7.56439351   5.95707837 
4.93339486   10.23607813 
4.98653131   10.26778362 
4.93462791   10.30803178 
4.99907204   10.32554700 
15.16218926   4.72055174 
14.23015348   4.38409404 
14.56363026   3.67163534 
3.77726589   11.52606490 
3.54017096   11.55486846 
3.63195198   11.32392170 
18.09187024   14.38956698 
3.86640120   11.33853121 
4.05153463   11.31696438 
3.97217129   11.47727230 
6.69978534   5.88547548 
6.83390961   6.11944198 
6.54935621   6.08483481 
6.93329143   5.86400050 
4.74078332   9.87214915 
4.68678406   9.93059199 
4.67081652   9.85028369 
4.75999600   9.93582354 
25.33660438   8.27041320 
8.12996228   12.91560855 
7.90449572   13.07869324 
7.86982307   12.84361211 
7.64053256   12.76563392 
7.56090117   12.51202743 
4.87550678   6.25873164 
4.71464711   6.01081944 
4.99092577   6.02722805 
4.85973675   5.72351606 
5.12165813   11.55019661 
5.09721703   11.49356411 
5.15469248   11.49664396 
4.07635084   14.89984857 
3.83848897   15.27442613 
4.44863133   5.98027338 
4.31693787   6.24203168 
4.16954700   5.95360476 
5.05953822   8.31627927 
5.10074287   8.28917876 
5.09464902   8.34874564 
3.95621352   6.27287201 
4.56725624   5.72239252 
4.58852603   10.94057041 
4.58459902   10.85211661 
4.64605234   10.89445036 
4.51828862   10.87913469 
4.88574898   9.92264018 
4.93394293   9.89153545 
10.55527213   6.83374927 
10.35952947   7.26577449 
10.01500623   6.81691094 
9.84586862   7.22857924 
20.16723688   5.99396232 
19.61932222   6.76836850 
19.82365713   7.73075179 
21.31260268   14.88693545 
21.88310685   14.07111214 
4.27788545   11.06786949 
4.37558311   11.11248424 
4.29975839   10.93763777 
4.95973795   10.78527028 
4.94645278   10.74861324 
4.98990192   10.75059624 
4.91890996   10.77820289 
5.21869647   11.17559355 
5.21446043   11.11789052 
5.26902551   11.13921775 
5.16411856   11.14779569 
4.84400653   10.82121502 
4.82714718   10.87836386 
4.78051361   10.83473128 
19.81692862   3.03936764 
20.10557741   2.00597707 
20.27469327   1.03353932 
12.00661967   2.52404070 
5.20100985   9.85656952 
5.16266754   9.88443962 
5.14803804   9.83415399 
5.11463028   9.88807548 
5.25204912   9.82730525 
5.24886312   9.87962193 
5.29593299   9.85069380 
13.54869594   7.00672083 
13.80511773   6.39881957 
14.17999174   7.08300993 
12.99660542   6.56222685 
5.01573794   8.78918640 
5.26592370   10.32573249 
5.22062308   10.31623820 
5.25683406   10.27754401 
5.20979608   10.26946109 
4.97788916   9.05207006 
4.93149275   9.03485314 
4.86954655   10.77158478 
4.89604305   10.81543008 
4.19679978   6.54759176 
4.48060326   6.49303921 
5.17952843   8.72060981 
5.19364403   8.67069350 
5.22849010   8.72317184 
5.24557243   8.66936961 
4.39908583   12.11007909 
4.40354676   12.24670823 
4.26507508   12.19834246 
4.77728449   11.36490664 
4.82917068   11.31954243 
4.83920281   11.37642148 
5.00416623   8.39975124 
4.99839255   8.35877829 
7.70436225   14.22911537 
7.80608141   14.57575531 
7.48961795   14.54760039 
4.76225708   10.91171614 
4.72118716   10.98323909 
4.69453907   10.92310957 
4.77984951   10.98078576 
4.71278834   10.85231584 
4.64610655   10.82052395 
5.12041253   10.10903204 
5.09194287   10.07210149 
5.13757104   10.06427714 
6.86854261   12.04927967 
6.94976817   12.29679874 
6.74915348   12.24582106 
5.15056784   10.01600837 
5.19439053   10.05263613 
5.20173187   10.00045809 
4.57744997   11.31939684 
4.47669133   11.32407104 
4.53561181   11.25345580 
3.73689628   8.75667011 
3.93493604   8.66737011 
3.46104157   8.62839665 
4.43961536   11.21094455 
7.10294542   12.14307717 
4.84858117   9.88212842 
4.82089430   9.92405513 
4.80013173   9.87802492 
4.78948395   9.82112550 
4.72443605   9.81692988 
5.22865326   10.22786347 
5.29193850   10.22968966 
3.02548407   12.93042274 
2.77919707   12.49972117 
3.24257886   12.49876690 
5.13851020   11.10108395 
5.12187546   11.14175747 
5.09438718   11.09401018 
2.94627816   7.03324977 
4.61440570   10.00214770 
4.71465689   10.02361763 
4.59699755   9.90680521 
14.56102985   17.26886732 
13.93704896   16.48945960 
11.63050529   10.70794047 
11.70770404   10.18673945 
12.33699827   10.60231205 
8.30440640   12.37849199 
8.19438083   12.15674184 
8.57996571   12.39375171 
8.39704306   12.67997242 
8.74974211   12.70340013 
4.20310648   7.66493645 
4.08026574   7.81497018 
6.57873183   6.60053266 
6.33183625   6.80260944 
6.26817654   6.56978708 
6.60004271   6.92656764 
5.49239247   13.52377481 
5.70741195   13.34066845 
5.76941580   13.59589716 
5.46141356   13.25958303 
5.15134258   8.63158912 
5.11554842   8.59400486 
5.14378344   8.68896591 
4.56724788   13.11845805 
4.30808042   13.10322298 
4.49064799   12.90499036 
4.22468176   12.86408778 
4.67612534   11.05911472 
4.76459693   11.04664258 
5.22053474   10.94714830 
5.27253424   11.00830170 
5.19526227   11.01774756 
5.30546024   10.93721286 
9.22712768   13.59179618 
9.06327501   13.28046757 
8.74710446   13.16709206 
9.62724137   13.67569942 
9.36440977   13.98295657 
5.37470819   9.41555659 
5.04919321   9.84082646 
5.09368287   9.83792427 
5.06914563   9.87763700 
4.79672571   9.98650242 
4.84886299   9.96798261 
5.10620948   10.60306477 
5.08197292   10.56984296 
5.13106268   10.56367264 
5.08395010   10.52931161 
4.75984545   10.09352344 
4.78778300   10.04011927 
4.82559863   10.09593998 
5.10267405   9.59862714 
5.07975264   9.54872621 
5.13323381   9.56761216 
4.95188251   11.04867711 
4.98589092   11.09365015 
4.93702980   11.09204244 
4.84816105   10.02741636 
4.87888190   10.08348390 
4.91567865   11.00850338 
4.97503199   11.00578656 
4.93759799   10.95952283 
13.55112753   13.79218036 
12.95895357   13.99428506 
7.99676943   6.74558112 
5.01760768   10.42138621 
4.96292921   10.41797338 
4.99281235   10.38378031 
8.37828442   6.12613462 
8.71821278   6.42083215 
8.41865559   6.61025087 
4.76075168   13.11054200 
4.71680157   13.33405825 
4.69293615   12.91261383 
4.77779536   9.55534132 
4.83313850   9.56261859 
5.06403975   9.95644500 
5.10516794   9.98715709 
5.05888556   9.99784589 
5.10697989   9.93837971 
4.95016943   10.36687327 
4.98628538   10.46092767 
9.91808367   13.28017682 
10.04836896   13.79195245 
11.14593801   10.46839373 
10.74827242   10.72863741 
7.93986291   11.86134146 
7.75229426   11.97511018 
7.77866123   11.72977669 
5.19977475   8.62247336 
5.21336941   8.56119187 
5.24562440   8.61466045 
5.28483418   8.57742122 
4.58239446   11.02645689 
4.59783129   9.63371457 
4.66758094   9.58260807 
4.67789318   9.64709830 
4.60510806   9.55189323 
4.38969171   11.96730143 
4.50477228   12.03503727 
4.53569892   12.19288522 
5.32609928   8.53144643 
5.35631674   8.47495158 
5.38933703   8.53007373 
5.30043108   8.48587037 
5.15068044   9.97304535 
5.09665530   10.03127024 
5.15471538   9.92615923 
5.19804965   9.95586669 
5.20292577   9.90558504 
4.99857420   10.13998736 
4.95880888   10.15401931 
5.01718224   10.10450393 
7.92963370   13.92011441 
7.60948223   13.94127258 
7.38348216   14.17446011 
4.67153769   7.33082913 
4.85364470   7.44345591 
4.74049988   7.11006276 
4.92827094   8.89049010 
4.87138466   8.93116308 
4.89847020   8.98822930 
8.43759544   12.98504141 
8.09285413   12.64439470 
4.87696877   9.57308809 
4.87401454   9.52785060 
4.82767350   9.51612758 
5.28570408   8.71420467 
5.25923945   8.77632964 
28.39968505   10.24318476 
4.65446729   9.16516402 
4.67467273   9.22848648 
4.59110390   9.23355502 
4.65874869   9.29036579 
4.91353380   10.03401918 
4.32147107   8.22534837 
4.19225498   8.17052510 
4.15616841   10.99124658 
4.13618819   11.15931921 
4.30301171   11.19567794 
5.37222604   8.41157049 
5.31584598   8.43235209 
5.43214917   8.45636989 
4.37822171   8.34443334 
4.45678875   8.25789923 
4.31579235   8.45549973 
4.26882242   8.57008380 
4.15889219   8.45864848 
4.10433703   8.58412914 
4.50836391   8.36129744 
4.79323969   10.32628213 
4.73263824   10.30818749 
4.78728821   10.26970142 
4.84320680   10.33064647 
4.81387846   10.38279346 
4.86644349   10.37028287 
4.65792105   10.26696516 
4.68084255   10.35721327 
4.89685894   9.98548988 
8.05816655   7.28070366 
7.73409179   7.30253221 
7.88192663   7.04881909 
7.87919625   7.59649026 
7.71269483   6.85558438 
4.71235246   9.40342198 
4.64667302   9.35934875 
5.21758508   11.81588854 
5.18443117   11.86694022 
5.15615896   11.80483980 
5.13401117   11.87480219 
5.24812441   11.74463677 
5.28901143   11.82550840 
5.32572553   11.75741505 
4.90351291   11.37506469 
4.96452158   11.32722292 
4.96628472   11.40360705 
3.96343568   11.20101704 
3.78780120   11.12630706 
4.77732429   8.28664330 
4.83196557   8.25893202 
4.83321286   8.31453141 
4.56536065   9.47301669 
4.57026497   9.37890206 
4.57622343   9.30794435 
4.88308863   11.31941510 
4.61505954   12.72924703 
4.40973252   12.68621213 
7.36605246   6.23483041 
7.48355354   6.48845384 
4.23302480   8.71010928 
4.22038275   8.86332519 
4.08588347   8.77041145 
4.36067478   8.66884673 
5.28991492   11.70023040 
5.29588447   11.65193674 
5.34403410   11.68532493 
5.23937549   11.66389745 
10.88154176   8.36172849 
10.56369647   7.79443990 
11.13481038   7.83430225 
10.32006574   8.22394214 
4.11627121   9.07741973 
4.08663302   8.93302248 
4.21498546   8.98141454 
5.07000894   7.93984366 
5.08629349   8.02883691 
5.01631506   8.02781810 
3.99756374   9.19728639 
24.54373316   3.33310611 
23.96805318   3.87821638 
0.44519053   12.11974860 
28.05886124   12.41960003 
29.12924870   12.15234789 
28.61587556   13.01499559 
5.30723911   9.89980132 
5.25354339   9.93081661 
5.25406554   9.97730462 
12.61283009   11.25068293 
12.18290079   11.67337070 
11.88617225   11.18762820 
0.45994399   10.43706560 
5.16821704   10.29724170 
1.87166127   8.91363278 
1.58914948   12.06283004 
2.11700169   11.92850904 
1.10498859   11.40805136 
1.63087632   11.54375082 
3.24151308   19.31655736 
5.78094020   16.37148674 
5.56351069   16.81872042 
4.85215137   9.73655156 
4.87800334   9.79087291 
4.81998436   9.77544980 
3.02964723   7.65739310 
3.02525492   7.39341057 
3.29256664   7.56892596 
5.71796484   17.60882036 
5.35879556   17.22830816 
5.83295216   17.12562136 
27.74801088   13.34938955 
6.23388204   15.63609674 
5.84391014   15.46465845 
5.94930240   15.92625361 
6.01475578   4.41247227 
6.14129381   4.08668480 
2.41784477   10.62899450 
2.13844962   10.80685743 
2.08331877   10.43096005 
2.55037161   10.92177216 
4.89207098   9.73143592 
24.77075290   5.60542977 
25.30997412   4.90383743 
4.75614825   9.76428667 
24.29553843   4.75273763 
5.29005425   11.39312761 
5.23655410   11.43526040 
5.27381413   11.33188678 
28.81639003   18.14080963 
4.36348843   11.32596787 
4.41874855   11.43227897 
5.83803572   3.71044802 
6.30675653   3.75581798 
6.27679531   3.36664470 
6.23459272   16.27690536 
28.43798444   19.05542203 
6.14818464   16.77170327 
2.62763839   12.08999961 
2.60966668   11.66236332 
2.88006629   11.90969405 
28.82290874   1.85554452 
23.81907639   15.75727181 
24.23546785   14.97823332 
28.44485382   0.94153567 
26.83653559   7.15993725 
27.32598622   6.14096444 
8.40801107   0.58996225 
1.55468208   19.05193874 
23.08314702   3.62654686 
1.55434677   0.94774795 
23.41521430   4.55283946 
26.05588804   4.95652373 
0.81198604   0.53057214 
0.81211417   19.46932975 
6.28433727   2.93871189 
5.77367639   3.21896090 
5.61681285   4.20832819 
5.79011931   18.62471418 
6.21623591   18.09914920 
24.14744098   0.54474416 
1.14791571   8.50167410 
1.69127583   10.63314746 
1.85212655   11.09861437 
29.36308742   19.00638949 
2.15392040   10.12062778 
29.36531877   0.99249582 
0.66245491   16.98076403 
1.23143318   16.73502181 
1.20157168   3.23614517 
0.64962751   3.00221866 
4.52523385   11.40238218 
5.15663338   7.99736331 
1.34107579   10.99408328 
1.49693436   8.09075789 
1.71520879   8.45849490 
11.99985682   5.32803590 
12.15011843   4.43090160 
12.72130071   4.95773183 
4.52517164   9.55895662 
5.79009949   8.90703020 
5.72812857   8.79740218 
5.81989082   8.80073986 
4.50718464   9.65620383 
5.79018442   4.61802664 
4.55791143   9.72592122 
5.10976382   9.79174402 
4.63963185   9.71554579 
9.63863403   2.54913264 
17.20243285   8.10478029 
5.19904169   9.80657901 
5.10335403   10.15519542 
5.15920484   10.15390704 
5.68021065   8.87494570 
5.01712392   11.14866577 
5.04010012   11.09214471 
8.34040539   15.01720927 
7.86952108   15.17029062 
8.00412909   14.75564743 
5.06920193   11.05345435 
5.12842347   11.04417307 
4.78686786   11.64018355 
4.75514705   11.72640019 
4.72006674   11.66326671 
4.82783736   11.71230329 
9.66276265   9.50738562 
9.27196566   9.78880367 
9.27015997   9.29133512 
12.33754415   18.02173106 
12.76081256   18.65396608 
8.92162497   9.54606162 
4.91787777   9.58761000 
4.87570233   9.62321635 
4.95054491   9.55280097 
4.96241505   9.59715351 
4.99335936   9.55136542 
5.19835913   8.23632606 
5.16045911   8.20245304 
5.21997774   8.18921082 
5.16313184   8.14717457 
5.22921409   8.28661356 
5.16316958   8.28280712 
5.18454398   8.32942203 
5.27542015   10.12897764 
5.21473660   10.14266080 
5.23807838   10.09151893 
24.42288145   16.66608462 
3.31036605   7.21789982 
17.17606734   6.20161462 
18.00767876   5.66379153 
18.92701990   5.98694215 
5.26166363   10.17769005 
5.26263722   10.02788740 
2.38003734   12.36618018 
3.25104315   11.60241705 
2.96790670   11.35760064 
3.34376681   11.31372901 
4.36650354   11.57740150 
4.49643555   11.51382484 
3.21023015   11.01544379 
13.47178130   18.88091570 
14.07950241   18.19511339 
10.26158890   19.36185531 
10.41462711   18.78913191 
10.81427167   18.33681532 
0.77687805   3.81846423 
0.76591774   16.12675241 
16.04474285   16.69680139 
16.29474918   17.63898099 
4.27577001   11.45897048 
16.94555328   17.22523618 
16.15535001   18.39278896 
5.07219104   17.72703480 
2.49547010   10.01319625 
2.46479710   10.34778929 
4.75708347   8.85745783 
4.71254222   8.91765815 
4.65315742   8.84806301 
3.47802956   11.86490119 
3.29339534   12.14983952 
3.17789111   11.86854360 
1.93044274   8.00014784 
7.65544950   14.87015441 
9.41877324   19.28865766 
9.72778906   18.84212837 
3.24978569   10.28914430 
3.14040091   9.99840725 
2.87021324   10.25231962 
2.84951100   9.93550161 
10.93011197   1.94906199 
2.45889614   8.01150400 
2.14455585   8.44010035 
26.96364612   12.54635646 
4.82612012   11.01748204 
4.82322435   11.09506537 
20.61888463   15.55267074 
19.88521971   15.17055701 
2.99986127   12.17352992 
5.35994953   11.41264364 
5.30768866   11.44629206 
2.90421768   7.92510484 
18.74234519   4.82437802 
5.34705176   11.35275033 
7.07660114   6.18213709 
7.23520516   5.87796813 
17.81316247   4.70425288 
2.85055102   10.99623945 
7.23452439   2.64950871 
7.71863340   2.43694039 
7.58084997   3.06281155 
6.91575879   6.45431673 
7.14721307   2.13431166 
6.82594897   3.01927701 
3.24365159   7.88494360 
3.59196257   7.77942613 
6.64847342   6.35782705 
4.72904947   10.79090779 
28.21618817   7.56376908 
27.39294025   8.03649407 
22.09734235   19.41737263 
21.39239487   19.16959407 
21.21766613   18.11066958 
4.65262595   10.74793156 
4.73877730   10.72539789 
5.06018087   18.58447325 
4.67718440   10.68626039 
16.05091277   3.54579874 
15.23292872   3.01687322 
16.26199276   2.56112113 
7.13932253   11.35666344 
7.36511150   11.44429307 
0.65487585   4.82826749 
1.25983305   4.42033743 
1.26266513   15.57912492 
0.65582894   15.17155646 
7.57549175   16.75647279 
8.17394552   16.81133308 
7.07435512   11.15081113 
2.96573270   11.64753696 
5.19261092   10.19180181 
8.09707000   16.33808871 
2.53711918   9.65932379 
2.96832361   9.63620050 
5.17868822   10.10200373 
5.16922857   10.23867247 
4.13453520   11.42555890 
4.10071390   11.55751435 
2.23576016   11.12765603 
4.22054198   11.60944086 
4.08097773   11.73098958 
4.27874473   11.72232839 
3.10785796   0.66976225 
7.25967146   7.41333902 
7.11898690   7.73691121 
6.96264171   7.50651666 
7.39782548   7.73532115 
7.68654906   13.64632796 
8.02793769   13.55537865 
5.07220830   9.50241218 
5.11602524   9.51567309 
2.77547085   4.71366498 
8.29744050   13.77944575 
3.36448344   4.63810209 
5.17324557   9.52323533 
5.18707336   9.59478563 
10.09427190   7.68713031 
2.75281520   15.30448978 
6.56450095   16.47227073 
6.57907939   15.98230615 
10.88040969   7.31008058 
9.83793441   8.10682224 
9.63820079   7.61867387 
9.36896791   7.95318121 
4.80568390   10.69552564 
4.85890952   10.67289787 
4.84877636   10.72613169 
4.90289162   10.71645723 
4.75194265   10.65873096 
12.28978087   12.74205883 
12.65168723   13.28613626 
4.51867746   7.14812930 
4.32773178   6.95524272 
4.57172637   6.93646956 
13.00656644   12.60980361 
7.08792205   1.53372792 
4.27536511   7.17886444 
4.65240189   6.72113277 
4.78976894   6.92526977 
4.92219525   6.73642148 
4.43045459   7.36093769 
5.25743249   8.45854886 
5.27332616   8.40471117 
19.88414707   14.06842347 
4.96552262   11.65171745 
5.02430843   11.67091200 
4.98698342   11.70881936 
4.75192570   6.49106592 
4.97764104   6.48798217 
25.23133553   13.71911460 
13.28250972   13.20597855 
4.81478957   12.71584882 
4.73016486   12.54315107 
21.55290773   16.91532172 
5.12538380   6.31690163 
4.39309348   6.72252370 
5.25917628   11.55010637 
5.26760944   11.48585528 
5.32853092   11.51706905 
8.26019911   3.39422505 
7.64854447   3.74860682 
8.14723932   4.00190317 
7.57756113   16.18126959 
7.04444777   16.35745758 
7.10683307   15.85117600 
7.58621737   10.44918011 
7.86319257   10.44900275 
7.69064062   10.70743262 
7.97963124   10.68981381 
5.41876137   10.23255980 
5.39728410   10.28625271 
5.36162552   10.22717803 
5.47392365   10.28606906 
5.32593940   10.15909071 
6.57647031   2.48838708 
5.08819437   10.83148075 
5.03541311   10.83365489 
5.06086823   10.79890011 
7.43056072   18.35886726 
6.95797039   18.33173391 
5.05301428   10.88229939 
5.04660959   10.75892218 
5.11366955   10.77624642 
5.08124035   10.72423725 
2.16496463   11.43772807 
5.14625745   10.82138219 
7.81130934   11.44028784 
7.89361494   11.19027516 
8.12759978   11.34175465 
2.54435638   11.26547487 
8.14181922   11.01218506 
15.63348776   8.62597448 
15.43657958   9.49567077 
14.70493865   8.75625883 
5.33746357   11.23988491 
5.41672408   11.22230356 
15.80316807   7.83891498 
29.31473021   13.10612891 
6.28253161   6.10321847 
6.41946731   6.36290292 
6.02756743   6.11175643 
6.17031954   5.88000529 
2.36501781   8.82450920 
6.73603548   17.60534646 
8.82514204   2.98751164 
15.27457618   0.71061436 
15.50803715   1.63837849 
5.92069208   5.80468633 
19.30038073   3.84159494 
6.73969611   7.55919688 
6.79779343   7.34148793 
10.17098048   3.97287823 
6.86850444   7.77907996 
7.31027735   17.25012485 
5.33024821   11.91156544 
5.36918343   11.84203176 
5.24601796   11.90076406 
6.81620023   16.97298131 
5.41540846   11.74751853 
5.45903467   11.85656586 
5.24692958   10.89008344 
5.28968082   10.85777745 
4.55379087   12.53267757 
10.51867376   17.72107157 
11.13376005   17.84030057 
7.42189353   15.22088925 
5.54143841   11.76296357 
7.61488360   15.63932394 
4.60745049   11.80299442 
4.71074176   11.80141254 
4.67658594   11.90206050 
6.66063861   4.03101205 
5.42082690   6.77089305 
5.19521314   6.61324463 
5.49041696   6.57026808 
6.63201700   3.55665238 
19.22883647   10.82792392 
3.35769500   8.38445462 
4.72218652   10.46550131 
4.78696480   10.44816656 
4.76342417   10.51518707 
4.83464642   10.49747152 
4.88212087   12.96958913 
4.98077324   12.82056912 
5.07797974   12.99646950 
5.15204762   12.77448945 
8.42497992   7.27135568 
8.20917859   7.61231136 
8.69312752   6.89990617 
8.79538236   7.34575493 
9.12074429   7.05440467 
5.37337405   9.91808607 
5.36160394   9.85286946 
4.99062221   0.63950007 
4.68438426   9.77395266 
4.72375901   9.69539669 
10.92783449   12.70816658 
10.35546081   12.95943555 
17.29528427   12.07424020 
18.34452928   12.41436443 
8.05339870   15.93741937 
5.54965140   11.86799965 
5.49908622   11.96020217 
9.97525625   18.15364661 
5.39567226   11.95361730 
5.85389734   1.35597492 
5.10474115   1.46831005 
7.34876032   11.71876264 
7.27928580   12.01702185 
7.16996872   11.77650391 
6.40370052   1.87424244 
7.53205417   11.92573943 
7.04526738   11.90921685 
7.00377903   11.67198736 
6.84708273   11.79743116 
5.32920733   13.70033833 
5.22478540   13.47139061 
5.53001980   13.78959759 
5.14836402   9.03984163 
5.21052552   9.03782151 
5.17044045   9.08491039 
5.22426467   9.10209692 
22.16390764   17.59673988 
4.58049850   11.71523516 
4.49777381   11.76801014 
4.52227802   11.89857379 
3.16167375   8.19869187 
4.29734068   10.06392696 
4.26658709   9.95878805 
4.36815056   10.00209736 
4.16980922   10.03274704 
4.43518541   9.93250589 
4.45933786   10.03801358 
4.52202475   9.97384841 
4.65242076   10.42907399 
4.59731437   10.49383825 
4.56274806   10.42159954 
4.50626370   10.50434992 
4.56623981   11.55691819 
4.64894280   11.54938944 
4.62789483   11.63521011 
4.60268780   11.47751789 
5.27679559   11.20031980 
8.75646822   16.45090777 
5.31212882   11.05698708 
5.34706874   11.01491759 
14.58309640   6.38049667 
15.04799326   7.16087902 
3.67115161   9.73651413 
4.57311377   10.67907779 
4.55152419   10.78542155 
8.38933177   11.58188112 
8.42149581   11.20237606 
8.06305600   11.59269444 
4.86806217   9.67748689 
5.43173430   8.66339695 
5.40922417   8.74564099 
5.35161690   8.69321516 
5.29031425   6.88724769 
5.29823536   8.63686694 
4.40655000   10.56067203 
4.30080962   10.48021989 
4.41163887   10.46381205 
29.21149211   10.97251844 
5.00793743   10.50070595 
4.96763890   10.49312955 
4.34984385   10.38884182 
9.21950447   7.49840686 
8.93550741   7.82102016 
8.54955130   7.61733686 
2.41541649   17.30784201 
9.46265742   7.23792337 
4.45603135   10.81892501 
4.34986140   10.82090861 
4.40529446   9.22229064 
4.34802239   8.95350058 
6.86736777   6.72971774 
6.84196823   6.96101110 
6.99299195   7.19652769 
12.99508273   19.35003846 
4.29365404   10.73025621 
4.28996121   10.61190388 
26.81232303   13.46137680 
6.24459554   17.36393699 
5.08203967   10.24695695 
5.02829984   10.23270344 
5.06820424   10.19753741 
5.04341800   10.28170431 
5.04698560   10.14311525 
5.01745700   8.32411622 
5.04377253   8.36740852 
7.13336812   13.02024582 
7.37723996   12.83906520 
7.35314431   13.13640495 
3.67461033   10.67886920 
3.46883559   10.83045879 
7.63314183   13.05868468 
3.79613231   7.55374160 
3.57103694   7.41322926 
3.79827489   7.27513181 
6.86140860   13.16808940 
6.93860628   12.89323446 
6.72083970   12.88689885 
5.12146429   10.43493695 
5.09920636   10.39274774 
3.58044862   12.56775752 
3.55423135   12.32528835 
11.18778117   8.93163777 
11.79907153   8.86890851 
11.60702220   9.50683876 
12.26770362   9.26977356 
7.81388575   10.96165087 
7.39897120   10.68265739 
6.89248033   11.29540595 
7.00383205   11.48667509 
6.82612403   11.59629227 
20.02338689   18.24104167 
5.51799545   9.24649984 
5.53069288   9.18499235 
5.59824387   9.22830998 
5.29918226   8.30060271 
5.24615809   8.35376632 
5.28387149   8.21675713 
7.57339068   11.58348679 
7.17275105   11.56553083 
5.58236671   18.11215611 
5.44503570   9.95307488 
5.37548144   9.98893362 
5.43765679   9.86007167 
5.31299683   6.09477738 
5.20503598   5.79445133 
6.79702186   10.56157814 
6.85740513   10.71048481 
6.71978705   10.74661487 
5.31449121   9.79434399 
6.96457298   13.74226971 
6.65987700   13.73485181 
6.89328129   13.45345262 
7.33319058   13.75627132 
7.06542334   14.08306524 
5.58986032   6.27061992 
5.70914399   12.04289524 
5.66625562   12.14881790 
5.57945847   12.06784170 
5.80457715   12.13702694 
9.99343516   8.67237408 
9.49858041   8.46978780 
5.10141359   14.13969065 
5.30135248   13.91521320 
9.19955919   8.80884331 
9.08657864   8.30626466 
5.11981508   13.77965167 
8.82109529   8.64285923 
8.89188927   9.09589218 
9.64396432   9.01489379 
6.98019748   12.51151710 
7.13753350   12.40816666 
6.80037254   12.46182277 
7.36380590   12.25083982 
7.30574027   12.54466822 
4.45745722   9.11327140 
4.50642369   9.19943316 
4.50180538   9.29779450 
5.42349841   11.58659314 
5.47893756   11.66715295 
5.39985829   11.65690640 
4.71913128   14.24535601 
4.91160522   11.66461331 
4.90935634   11.61196261 
5.52025638   11.58843851 
9.89002965   12.76659415 
10.33803240   13.43440083 
9.43682418   12.63042235 
9.79171351   12.26974407 
9.28827675   12.13786669 
4.84647510   10.43134856 
4.74297828   10.38996337 
4.90339857   10.41184789 
4.88156738   10.46678667 
4.93329079   10.46989114 
4.56800904   8.25139462 
4.52348234   8.16790349 
4.73525443   8.70563195 
4.80716518   8.63048517 
5.12413879   8.08208164 
5.09169784   8.14780037 
5.06123058   8.09199169 
4.77558918   9.38522892 
4.52677582   10.18915689 
4.57846638   10.25406433 
4.48994512   10.26637160 
4.61456978   10.17280302 
14.71490437   10.28290631 
15.77344176   10.66422017 
4.46716953   10.38107303 
4.36553089   10.28305613 
5.12713720   10.27012090 
5.08945840   10.29357215 
5.25358831   12.98552456 
5.35063456   12.81072276 
5.41985935   13.02846009 
15.02743537   15.14779950 
15.16112631   16.05615611 
14.21805028   15.62245301 
5.53279743   12.84183923 
5.23385354   13.16715322 
4.96549486   13.26149151 
10.23561702   11.69139402 
10.54225941   11.18733860 
10.78077974   11.70229269 
9.94238138   11.17694116 
1.86698615   6.28114190 
1.98784217   5.83254364 
11.43098235   11.77293245 
10.96374425   12.14425093 
11.38429539   12.33524178 
5.63506717   11.58829685 
5.64553855   11.71073919 
5.57316542   11.66049754 
6.99820722   10.61273044 
5.25443564   12.07450942 
5.30204369   11.97822683 
5.35984998   12.04391999 
5.34715786   6.38304148 
5.74712274   10.67612682 
5.82730665   10.67262330 
5.78278683   10.73526573 
5.75788975   10.60297175 
5.38109402   10.44948116 
5.35716849   10.39784298 
5.41052755   10.39481718 
5.37361232   10.34769492 
8.45679835   3.81239887 
8.61320283   4.19767656 
5.77301425   12.70856347 
5.84623438   12.54462286 
5.96467791   12.74406820 
6.06893849   12.56099918 
5.68365825   12.84612126 
5.62718962   12.69977001 
25.97344169   13.06080540 
5.93085577   14.59380769 
5.85987964   14.21991234 
5.37484549   10.05248635 
5.32871305   10.02280296 
5.31011716   9.96672005 
5.42598959   10.08093213 
5.36780395   10.10713242 
5.41176002   10.15919616 
5.52478571   8.66070012 
5.46808598   8.56806517 
5.36904699   8.60309706 
8.67369263   8.24716955 
5.16968265   10.75839772 
5.13536177   10.72298933 
4.26464463   10.17460328 
4.20407031   10.33604799 
4.13360477   10.18044247 
4.03361066   10.26536729 
7.54997856   8.01346893 
7.63783211   7.74300650 
7.78356526   7.88397529 
5.54720415   15.68727567 
6.40685319   13.83564390 
6.41915614   14.09195946 
6.15994163   13.99245997 
6.21171583   14.29795785 
3.75746748   9.54751692 
4.80961733   10.55802408 
4.75047064   10.58603682 
4.66946234   10.62016373 
5.25295587   9.77602326 
5.28899503   9.73584316 
5.96096311   5.40677358 
5.35021280   9.72634042 
6.21754784   12.75623610 
6.06488552   12.99532917 
5.83945005   12.92031535 
4.86047939   11.44134884 
5.22603807   11.98498478 
17.10261074   5.28686972 
5.14222450   15.63476844 
5.16583315   12.02990838 
5.00667371   12.29112175 
5.00327319   12.44874362 
4.85394867   12.37909162 
4.88639017   12.53594651 
8.84600006   9.96185080 
9.23175672   10.24741025 
5.05950035   10.49187239 
5.03923604   10.52706130 
5.14775066   4.32191889 
5.02579004   9.20105870 
5.07846255   9.16040478 
5.08257760   9.22886649 
5.34506555   10.49017187 
4.67049028   7.72309067 
4.75995121   7.59573998 
4.82384070   7.75734280 
4.90851054   7.62493030 
3.20202713   13.62507507 
2.92115014   13.95553098 
4.60627128   7.84529709 
4.51252959   7.72877962 
4.48785044   7.90385461 
4.58740324   10.57495431 
4.50072253   10.60350517 
4.42990407   10.70024124 
10.53359967   8.85211530 
11.50761270   8.37457410 
10.12183419   9.19853263 
3.25429312   6.17829441 
6.63775658   12.39927809 
6.53160203   12.21458101 
5.15225029   7.88082843 
5.05878273   7.83386905 
4.97154380   7.92411268 
7.14542689   10.75883494 
7.22739895   10.57669132 
7.08490659   10.42067140 
7.01967985   10.93372763 
4.92351759   8.30043689 
4.88400338   8.31509023 
3.46753348   12.83464751 
4.86840177   8.35802311 
4.62806266   15.70310810 
4.92023007   8.26067742 
4.95969438   8.27988207 
4.87315085   8.14983885 
4.90856864   8.21287502 
4.85368058   8.21425261 
4.86247631   7.87955254 
4.94801088   7.78853964 
4.73144685   7.86637629 
5.04063752   7.69246294 
5.16226314   7.75923161 
5.06927897   10.10569660 
18.90739557   16.70142868 
10.29058800   10.68765428 
5.59503030   9.14329243 
5.67099938   9.99216576 
5.76758134   10.02867244 
5.69383444   10.10801149 
5.57887409   9.94161711 
5.56462830   10.03879995 
5.64261328   9.88785303 
4.97475598   9.20246476 
5.01405929   11.03780460 
5.23895885   8.13147105 
5.18584559   8.07932298 
5.25521960   8.03609467 
4.63221706   10.08108288 
5.66349078   7.68401693 
5.54807370   7.53845706 
5.78038011   7.49219231 
5.62727156   7.36364818 
5.76713299   7.85537336 
5.58529110   7.84476566 
5.64146833   7.97801182 
3.43824469   13.23791727 
6.50879333   7.66979344 
6.63221897   7.80607008 
3.69641364   10.91100862 
3.52085077   11.10512706 
7.51787156   10.27621522 
7.33312428   10.20522009 
7.44994721   10.08167369 
19.09114815   12.59141167 
19.02368698   13.27525457 
19.36145263   11.86058852 
19.85411108   12.80191956 
6.38625187   7.82746113 
7.32717354   10.40543505 
4.55809254   8.82027362 
4.64524911   8.75508357 
6.44787666   7.50721655 
6.57595990   7.34260916 
5.17860294   7.62129462 
5.05721823   7.50917638 
2.43312899   14.72162117 
4.67685185   8.55705955 
4.57561327   8.55942469 
4.63941148   8.64488227 
4.87078482   8.07066460 
4.93833544   8.03028228 
4.92276812   8.09667276 
5.85638844   7.01634497 
5.85646293   7.27391581 
5.61692654   7.12378030 
6.97780142   7.97838926 
7.24405237   8.01625054 
5.07394914   9.80444831 
4.99539301   12.64108013 
5.13598940   12.55132866 
5.27735379   9.05222271 
5.25207538   8.97381522 
5.17866117   8.98685620 
5.46960288   12.60584298 
5.27929720   12.61624116 
18.75334613   2.89137382 
5.24411248   12.45487146 
5.14181287   12.37254614 
5.42643081   7.32583233 
5.32975359   7.54259156 
5.28953523   7.71583420 
5.90462445   13.16769175 
6.31411185   13.03970827 
5.36336383   9.06520896 
5.29163126   9.12689525 
5.35159578   7.10347833 
6.07899130   8.11887934 
6.07861311   7.97052355 
6.22807341   8.05259001 
3.40268487   6.85604629 
6.21099027   7.90718324 
5.30970974   10.53516173 
5.29445737   10.48024181 
7.71567213   8.54007532 
7.52001415   8.79895914 
7.36146499   8.51463548 
3.84993687   10.95106570 
5.11581614   9.30991144 
5.13243943   9.36774828 
5.08403387   9.34003726 
5.45025962   12.08280904 
5.63073974   11.94916330 
5.87916900   10.14799168 
5.86752346   10.27347259 
5.75970318   10.20322991 
5.99281195   10.21545763 
5.36531705   10.54888703 
6.52882665   11.54675992 
6.52749198   11.39922467 
6.66836107   11.50259648 
6.40436092   11.50044636 
5.85682989   10.60358434 
5.91296162   10.65759571 
4.66256427   12.36386078 
8.50234639   17.11060837 
4.79048277   12.22095334 
4.97674578   8.07535550 
7.97343093   10.16642097 
7.71945472   10.17433759 
4.90712598   9.35830590 
4.89200009   9.40157200 
4.84528359   9.37827996 
4.90107545   8.44428166 
6.16533148   7.72155189 
4.87185508   7.98707002 
7.80817690   9.93390392 
7.91576331   9.67238953 
8.01190355   9.93703263 
5.70141236   8.63051994 
5.78267025   8.70778656 
5.49821263   8.37511731 
5.45786134   8.27898388 
5.56726717   8.29457633 
5.62189969   8.63792213 
5.66790586   8.55549587 
5.57749120   8.56612513 
5.99379127   11.54996409 
5.89266271   11.48677825 
6.02668572   11.42860415 
5.90599865   11.35509191 
5.63625769   8.79527038 
5.56805614   8.79705261 
5.58751980   8.72656633 
5.59824881   8.85717016 
5.89083857   8.73842823 
5.97591864   8.67020148 
5.20938626   10.49901814 
5.21540665   10.55852670 
5.25662955   10.52171762 
4.80145603   11.49161636 
5.44704022   9.26569686 
5.45198260   9.18018308 
6.08012250   7.15643914 
6.06472864   7.36222667 
5.56372017   10.58399684 
5.59061374   10.64507940 
5.52531582   10.63984205 
5.65244599   10.58590604 
5.14444921   12.24053232 
5.04677972   12.15402262 
5.61473762   10.53033374 
5.54295091   10.52078278 
5.29361908   9.21208976 
5.23406704   9.17014240 
5.51385869   10.45449212 
7.19167442   4.24470121 
5.17596091   10.57970321 
5.06479994   8.49124510 
5.07528469   8.44863700 
5.12172715   8.48687489 
5.08523972   8.54139753 
5.02855572   8.52115471 
6.32112074   7.04647460 
6.09981761   6.93255098 
9.95741162   4.67141563 
5.14809146   8.54250677 
5.19588745   8.49118470 
5.16536978   8.59010214 
3.74860334   13.03120866 
3.76984130   12.74181201 
3.94868719   12.88841350 
4.81219377   8.04635580 
4.73400583   8.06973717 
6.92152516   8.69454718 
7.02262526   8.90355922 
6.83365164   8.86098448 
7.16158085   8.71338001 
6.75765981   8.99908130 
6.68323181   8.83524063 
6.59999055   8.93926869 
23.28743282   7.40053965 
6.06258499   7.84189667 
5.95026033   7.90626203 
5.78564646   9.42235797 
5.71153428   9.38618215 
5.76704268   9.33858618 
5.71299033   9.46707586 
5.38123548   10.60561659 
5.43112065   10.61217411 
5.22882286   9.23108144 
6.23083224   11.05906851 
6.23251649   10.94158214 
6.34169414   11.02531833 
5.70843881   10.50605593 
5.69379720   10.40213929 
5.80650536   10.42443756 
5.75577719   10.32276441 
6.13292548   11.00256582 
6.48786955   10.97145502 
6.43988867   11.11149967 
6.60796864   11.08846950 
5.62200048   10.70460700 
5.67927586   10.64699857 
6.91367981   10.25200002 
6.69558574   10.22955028 
6.79885121   10.10077859 
11.24774623   15.98689803 
6.78736557   10.37485301 
6.46792273   10.60223286 
6.38231142   10.47744458 
6.53421772   10.47688511 
6.32370258   10.59961550 
5.34026856   10.66157895 
5.32398592   10.60099367 
5.40105802   10.66187017 
5.65298458   10.85022808 
5.71490476   10.90900543 
5.62124132   10.90644460 
8.97005628   4.70198179 
5.67607645   10.97259842 
1.95241057   14.74849777 
6.49813339   8.15667542 
6.54540359   7.99748075 
6.64212232   8.16732963 
2.02953360   15.27738628 
6.36685226   8.02145449 
5.57753788   9.31186509 
5.50247524   9.30795166 
5.67836008   9.12178577 
5.62014939   9.08191503 
5.69596254   9.05582781 
4.79854444   11.78995637 
4.66962236   11.73263837 
4.86702099   11.75947783 
4.86140588   11.82033164 
8.72038115   14.74973266 
5.41763360   9.47916370 
5.37975358   9.52011603 
5.35366257   9.47545727 
5.43013427   9.54422321 
5.80973743   10.87338506 
5.81951841   10.79383687 
5.89835959   10.82222926 
1.94398557   5.35051293 
2.05392795   4.76010607 
12.73498569   5.71229465 
5.72876448   10.81054591 
5.08875047   12.05802051 
5.04483235   11.99594596 
5.10658893   11.98125553 
5.01376986   12.05238469 
7.66579541   9.69784948 
7.56723808   9.90369651 
7.32937063   9.88194894 
7.23262400   10.04862380 
6.02459060   10.49690296 
5.91971661   10.46849137 
5.99777488   10.40242773 
4.00082211   12.69621649 
5.89667474   10.37052768 
5.50637232   10.82063670 
5.48819795   10.74200631 
5.54828800   10.77867275 
5.43541189   10.79764721 
6.23463378   9.52482153 
6.12344692   9.48926876 
6.20767252   9.42240833 
6.10278629   9.38376764 
6.35482344   9.54446687 
6.25636340   9.65699154 
5.05597681   11.93506125 
5.11575818   11.93019054 
6.41985040   9.65440626 
4.88969486   12.06505729 
4.82392523   12.11187144 
4.81599435   12.01420410 
4.74246125   12.09403936 
4.95232454   12.02718055 
4.95729667   12.10935242 
3.96476352   15.72033121 
7.07279220   8.50876231 
6.82906807   8.50742630 
5.69685145   8.96938247 
5.63167789   8.92341884 
6.59925742   10.35337867 
6.66784654   10.47287501 
25.86805912   11.93654431 
6.61786281   10.60541892 
6.51775680   10.22171096 
13.06690799   14.85358238 
12.42853459   14.58484335 
6.61581544   10.08806299 
6.66371202   9.13451421 
6.86799079   9.18899382 
6.89738203   9.03548597 
6.08097170   10.12687210 
5.98569228   10.11519377 
6.05255603   10.03268275 
5.93022924   10.04777306 
6.18786080   10.12698116 
6.11039320   10.22674466 
6.23520837   10.21589572 
5.06354586   10.33009411 
5.47236691   10.66698106 
5.42263810   10.72212612 
5.04638311   10.37950599 
23.80242601   5.48025600 
8.24304051   8.56328629 
8.31505110   8.29980366 
8.48929453   8.56449851 
5.07961721   8.58307512 
8.58555750   8.83448719 
8.42817823   9.06980087 
8.29733018   8.79938514 
16.53264751   5.80768326 
16.79718652   4.28692543 
7.99988506   8.69674329 
3.86397293   9.35559530 
5.95944674   10.29960900 
6.06648728   10.31831960 
6.16904869   10.33838829 
5.96522480   10.74306329 
6.00801231   10.65911134 
11.03877509   15.21159348 
5.88161899   10.73219487 
6.38324497   11.35802984 
6.29328286   11.46038910 
6.25157885   11.34696315 
5.86909348   9.88020531 
5.79379960   9.83390379 
5.85688992   9.78543509 
5.76876048   9.92288991 
6.30722511   9.96361200 
6.19018376   9.88593735 
6.32971015   9.80444890 
6.17372247   9.75628252 
7.17366071   9.70919245 
7.10412123   9.88161419 
7.01581250   9.56683594 
7.21837342   9.53761324 
7.10064492   9.35270461 
5.91027461   8.85512983 
4.92145061   11.25511492 
5.08387519   8.40195888 
16.21999072   5.04193542 
21.33437342   8.65401497 
20.49937258   8.49867457 
6.71396047   14.59184278 
13.28471589   8.99871486 
13.78677112   8.51269652 
12.97758726   8.47551048 
3.79736697   9.17700441 
16.77154740   3.36129532 
5.03633367   9.52476969 
4.97682704   9.87557332 
5.11355573   11.65171100 
6.12312806   6.73974370 
5.06757070   11.63024995 
4.82002301   8.36743401 
4.76937173   8.34623285 
4.98288827   9.10079789 
5.06462968   9.10201037 
5.12159739   9.10196461 
19.13763295   9.93586075 
17.18978982   7.14852674 
21.38666717   13.22424071 
20.94777899   14.10440888 
20.58021407   13.34621204 
5.20312163   9.27896629 
5.26077166   9.27608677 
5.22659801   9.32804810 
26.70410897   9.02883759 
25.86748090   8.97446130 
26.33231457   8.17332088 
26.95524668   9.78784611 
25.89458082   9.95804259 
26.83996309   10.57326461 
3.88884992   8.29703950 
3.79352960   8.05679767 
4.84560493   10.16237662 
4.79211002   10.14471272 
10.89672476   14.28779241 
4.83055875   11.20772663 
4.88192122   11.21436874 
4.85712132   11.16527081 
11.64684311   12.85400544 
9.22320677   14.51702763 
9.72933203   14.16748934 
5.39968870   9.79133258 
5.28270535   9.32798989 
3.58120779   5.00226260 
4.88645001   8.82383806 
4.82902707   8.83470733 
4.87057786   8.87199367 
4.71004584   9.47155548 
4.76686676   9.49972112 
4.71790371   9.53797722 
4.77204970   9.44278126 
3.91343832   11.81285618 
3.92028722   11.64285398 
13.57737111   3.83505235 
12.81747372   4.23412693 
13.21740222   3.21663422 
13.88184580   2.99048507 
7.15424065   15.47615882 
17.66593515   3.51498958 
5.08441968   11.25147826 
5.08261429   11.32553222 
5.02730283   11.29293868 
9.42773980   4.54877588 
25.08625549   9.20023284 
16.54022316   7.71390631 
5.10273352   11.77618885 
17.19112929   2.82066646 
16.89604896   16.56316009 
15.87545968   15.58338019 
5.06765629   11.74532046 
4.79482083   9.03017456 
4.72866093   9.10003305 
4.78821917   8.94454302 
4.56822147   8.92047476 
5.42165936   11.44943794 
5.36600062   11.46451098 
5.39113611   11.52132905 
4.74345632   11.12099361 
4.67211192   11.14517345 
4.98037518   10.22263706 
5.00512297   10.18333048 
22.27892784   4.36043302 
7.08994557   3.61051017 
2.84222741   14.41938518 
15.20778965   16.86477604 
14.59328005   16.42172648 
4.59575636   11.12071374 
5.14248207   11.34085962 
5.12978740   11.28854875 
5.17517365   11.29636348 
11.95207272   12.19685351 
3.73473415   11.72972907 
5.01672810   8.62736352 
5.06678543   8.61798146 
4.98207810   8.58771536 
5.03257683   8.57605788 
15.08629735   8.03764606 
4.98469149   8.50778172 
4.99115923   8.55294073 
4.93375336   9.75678852 
4.89012457   9.85717834 
4.84105162   9.83286778 
5.13666893   11.75177714 
5.18176656   11.75264201 
14.65342715   14.26663774 
4.64975502   10.97806580 
7.03504826   5.51867491 
7.14419908   5.22655583 
7.43750696   5.50669656 
4.96710207   8.12454937 
4.92961647   8.15750752 
3.98544411   8.47088180 
4.07961523   8.30656142 
3.81906861   5.81638845 
3.62450405   6.11279193 
3.41837831   5.85200823 
3.68863734   14.32708194 
3.33379853   14.02656075 
3.77998359   13.97827939 
3.56175023   13.65811464 
4.02862407   14.22278809 
4.04616129   14.53065784 
20.53048696   14.76606163 
3.83847829   10.59058431 
3.95224411   10.48923243 
3.87644710   10.77422393 
23.29406002   11.78276601 
5.79892899   6.07202613 
5.88098150   6.33449542 
6.14799908   6.34290806 
4.04570809   13.13256952 
12.33195861   9.91548576 
4.43426945   13.34532090 
4.03128420   7.22266016 
3.88372421   7.05714264 
4.09200930   6.99483233 
4.17393081   6.79587908 
4.93820217   11.70563266 
20.63107633   17.43382338 
4.18052736   7.42714664 
4.37163220   7.57421289 
17.01351592   18.12653928 
14.12351313   19.19295156 
4.97534745   10.52422381 
3.81412331   9.85909939 
18.44054106   3.92342781 
5.06973092   8.75586098 
23.05566241   6.27253747 
5.03619270   8.72499080 
4.63649398   13.62430082 
4.51292177   13.93240691 
4.87146675   10.22035663 
4.90890161   10.17379496 
4.92448077   11.45201715 
24.88338244   10.02690521 
16.30082822   9.85191829 
5.81063368   11.58143409 
5.91677814   11.62155483 
3.76387211   8.98521242 
3.95498624   9.04363371 
12.09766851   6.06168374 
11.57466139   6.53457428 
3.92920106   8.85559034 
4.66724648   11.42815874 
4.70623424   11.50369960 
4.73980390   11.42653533 
4.95161645   9.29431557 
4.95767209   9.24798457 
4.99496162   9.28383374 
4.91233762   9.26211657 
3.87528113   7.80081229 
12.20435133   6.64141964 
29.29362653   9.85893370 
5.02089433   10.71156796 
4.98432747   10.67887273 
5.02149060   10.67625763 
14.07183674   10.70940591 
5.25662964   8.51726460 
13.91989003   0.64642522 
4.66616463   8.24375510 
4.70704227   8.31348155 
4.62562726   8.34199972 
4.72946994   8.24842908 
4.46591003   8.88638361 
4.48563535   9.00001998 
5.04568255   9.47457856 
5.09828841   9.46658371 
3.63768445   7.09644245 
5.00489560   11.37577500 
5.01488387   11.42438305 
5.05243415   11.38280683 
5.01391321   11.62184624 
5.18683144   11.54606776 
5.16029745   11.58793801 
5.21157526   11.59755942 
5.21358908   11.49396218 
5.02830824   10.46247980 
5.06966639   10.44007605 
5.23195181   9.71212640 
5.19232771   9.65691048 
5.13826046   9.67914412 
4.62910689   8.13447809 
5.49244096   11.42071473 
5.46971442   11.51242077 
14.25349927   5.77003903 
5.13412115   11.45233199 
5.07955084   11.43961669 
22.90806361   5.29954587 
22.09423074   6.01764746 
5.04782518   8.42067341 
4.02112181   8.13161776 
18.38632842   17.49879574 
17.61176195   17.61480888 
4.65234079   9.50843242 
22.33136288   13.09361939 
3.57646400   12.10670177 
5.20909638   11.26276735 
5.26422847   11.26391255 
5.05594708   9.65647110 
5.05991206   9.60442205 
5.09869193   9.64339931 
4.49035150   0.99898573 
5.01037215   9.61387703 
9.65577309   6.37738213 
12.92674177   10.20144285 
3.95760807   5.49227735 
16.69859696   18.99852504 
4.00099393   7.97062556 
5.34455713   12.13850328 
5.01308317   10.79198510 
4.53375388   10.09694005 
15.83273843   14.72190993 
5.79832115   13.88083273 
6.09395505   13.65154730 
4.82458461   10.94844640 
4.87755729   10.98487061 
4.77893912   8.77843386 
8.17287467   4.50917731 
5.72664558   11.64826381 
5.72102494   11.55374662 
4.87652542   9.48439165 
4.82097855   9.46553248 
4.86048104   9.42990703 
5.01425822   9.67910751 
4.14279350   10.52004158 
5.14126084   9.62408096 
13.90240699   13.38307994 
5.16795261   11.64375482 
12.56441158   6.24023949 
4.75524113   8.57432885 
4.72278481   8.62247756 
4.16737615   9.49150486 
3.75965543   12.19676120 
4.96384841   10.71394676 
4.93862233   10.67757314 
4.87931124   8.26811366 
4.00284626   7.62089987 
5.23006199   9.55213442 
5.23171330   9.48338349 
4.53020575   11.17174381 
9.13405212   6.63124663 
4.85060272   9.18149303 
4.79541498   9.15666995 
4.83682954   9.13984609 
17.34723072   18.67401388 
4.93391500   13.55192902 
5.17518864   9.46358960 
4.58890205   7.54500826 
5.27448441   8.84609896 
5.24040674   8.90385632 
17.89463321   2.61698536 
12.76861138   8.96626815 
4.01990571   10.89277946 
4.47028287   8.73913248 
4.35600752   8.80429760 
11.90703572   7.92798388 
12.38980558   7.25739352 
12.55189856   7.84885960 
11.60295548   7.19239999 
4.96154536   11.14511354 
5.03275814   11.71854494 
4.89766837   11.12252484 
4.91720926   11.18491894 
4.80189884   11.43111021 
15.35899151   2.35952689 
4.68185330   10.19855274 
5.15219275   8.88939827 
5.08328934   8.81246523 
4.85660722   11.64612615 
3.82160529   13.35189216 
4.22530974   11.29748229 
4.71923833   11.19251413 
4.79214598   11.16702033 
4.26096328   5.66923809 
5.18350465   11.45081296 
5.02536467   9.31251153 
4.97808659   9.32203737 
12.86082058   11.89663476 
5.03354990   9.26027941 
5.42724256   11.36974292 
5.38340501   11.29521372 
4.69100100   10.12285907 
5.58791873   9.72390734 
5.50215893   9.73311079 
5.53794468   9.66632508 
5.54366583   9.78752087 
4.82821669   13.89934818 
4.38245993   11.83215472 
4.23529036   11.88308599 
4.24610664   12.03988998 
6.52482915   9.22455984 
6.50709811   9.06175430 
5.37313208   10.76018206 
5.36717703   10.70537309 
10.93999993   14.72226335 
6.52275670   11.24449856 
4.87539110   10.12926904 
5.50942484   8.84147509 
5.54905827   8.92219681 
5.46507792   8.91693410 
5.24985341   12.18956665 
5.15815753   12.13369500 
7.38096689   8.22584107 
3.53711081   6.45283273 
5.53325463   9.37863426 
5.62834868   9.39693597 
7.26244165   14.85639282 
7.10177172   14.48800689 
5.68193527   9.29950259 
3.98561825   11.05347806 
4.80100059   9.22714589 
4.73573075   9.19223601 
24.09352407   7.42313854 
6.22425502   10.66658224 
6.34529569   10.73426986 
6.22028778   10.80364428 
6.10969572   10.86103805 
5.53435862   10.89496446 
5.46287861   10.87150419 
5.57778032   10.84351389 
5.41899084   10.90286210 
5.41318599   10.85401227 
5.36027870   10.87443149 
4.83173355   9.28105533 
4.86444444   9.23908210 
4.77280882   11.56010684 
4.71069386   11.59257263 
4.17148719   7.98815730 
4.36007580   14.24681509 
8.34570029   10.76413835 
8.73053287   10.94417333 
6.54302556   14.32762972 
8.21107645   10.42566815 
8.61311152   10.54360459 
5.07302270   8.87327226 
5.96635154   9.94698885 
6.07329185   9.92776995 
4.01008356   10.10331200 
3.86564227   10.22602343 
6.09282112   9.84305692 
4.48275771   12.36919294 
4.38616051   12.53140405 
4.98354866   11.20712080 
5.05111522   11.19620124 
5.06915208   11.14849874 
19.12109569   2.06241760 
14.53015111   9.55867406 
4.97919432   9.92216551 
5.02472604   9.94980215 
5.07981166   8.24144765 
5.11392720   8.19649839 
5.13346278   8.24011471 
6.51729604   9.37474334 
6.48527074   9.51794353 
6.60696748   9.63903291 
6.39124715   9.28590372 
6.36764042   9.15384906 
5.79114598   9.02742893 
5.59924358   9.00098898 
5.90712795   11.12433896 
5.85369909   11.03387602 
5.96072944   11.04852564 
5.80046673   11.12730331 
8.27497912   5.38946122 
6.02276207   10.96180232 
6.05743397   11.06261264 
6.27041736   10.40745846 
6.22993336   10.52090638 
8.23986556   6.96549825 
6.29302450   10.31082698 
5.14940414   9.27481237 
5.17876586   9.23735288 
4.60879372   11.39034976 
4.68470333   11.33972042 
5.11075927   9.26449112 
5.07397694   9.29100420 
5.78752469   11.30447339 
5.74068938   11.21045435 
5.88146012   11.22721417 
5.81533892   11.39978031 
5.73040937   11.38207501 
4.22826820   8.30767849 
13.07598699   7.37147116 
13.70267262   7.64187822 
5.38964895   9.30018342 
5.77305048   11.48020868 
5.99871977   10.84905536 
11.13705328   11.11988903 
5.99441639   11.29237048 
6.12870759   11.28854258 
4.64804551   9.43354385 
6.83148289   8.16732015 
6.73497115   8.34093245 
6.74466445   8.00340831 
6.62605688   8.52380131 
6.73591729   8.69048608 
6.45799893   8.87046033 
6.34463942   8.98723513 
5.12210223   10.63972163 
5.08239670   10.63733414 
4.93594531   8.59009765 
6.92293240   14.84069274 
5.73693494   11.04923360 
5.78610188   10.96613035 
5.25053718   11.07547256 
5.18188535   11.08402722 
14.39760773   7.90341344 
4.33667483   9.64776069 
4.26489496   9.73926872 
4.23760153   9.61786825 
4.91333830   9.44056659 
4.92656395   9.47961057 
5.57134320   10.96835732 
4.90817647   10.35405924 
4.88352552   10.31100163 
4.63124935   9.09097670 
4.55161513   9.07178090 
4.56538610   9.14569687 
24.36536654   9.50891549 
5.62593257   11.03641924 
5.53025116   11.03310623 
4.84619963   8.98852107 
6.57153400   13.10846179 
6.46812982   12.83408583 
5.57960422   11.10248559 
5.59883318   9.54222926 
5.56000158   9.59931269 
5.53834479   9.54098850 
5.49257406   9.59028712 
4.71444082   8.79082644 
5.19349186   11.69687550 
5.00143554   9.50382478 
4.38669484   11.70089771 
5.62808134   9.47075029 
5.68422842   9.54691446 
5.68288887   11.11870277 
4.24884336   5.33310811 
5.61140361   11.19070673 
5.68104034   11.29857776 
4.49919974   11.63645030 
5.09754586   8.91485492 
6.11836528   10.58532564 
5.79241120   9.53156324 
5.87770469   9.46417950 
5.97267069   9.36349751 
6.00473310   9.50297283 
4.94115170   10.52140244 
6.02497002   11.64851121 
5.97115496   11.75555211 
5.92676896   9.70869356 
5.81094054   9.69681500 
5.76723016   9.75549287 
5.99590952   9.62966229 
6.05397493   9.73195046 
6.11817348   9.61288243 
5.24894341   9.37131757 
5.19789009   9.37969844 
5.12049483   11.60795023 
5.24676900   9.42162594 
5.64596141   8.47333065 
5.75192918   8.53566906 
5.75315839   8.42296452 
5.08297851   9.38611745 
5.16044250   9.32730567 
5.34325050   8.87403362 
5.29676102   8.92262286 
4.96521689   11.90410060 
5.01020855   11.90957814 
4.99263545   11.96978610 
5.69098671   9.71410897 
5.74473805   9.62327879 
6.17685292   5.63943735 
6.42879182   5.78737480 
4.97919172   11.26963376 
6.06787781   9.23436690 
5.92672440   9.24639191 
5.80020607   9.24021087 
5.89027298   9.12431489 
10.85738892   3.95492907 
5.79002477   9.13346568 
6.40922403   8.54288704 
6.53024266   8.73456135 
5.66317408   8.36433613 
5.40976022   8.36066828 
5.36276877   8.28350801 
5.33534337   8.35846008 
5.35410991   8.93800882 
5.09221625   9.68512544 
13.22698222   7.97395741 
5.48503176   9.50234351 
5.90339973   8.98748730 
6.03577445   8.90505394 
6.00957049   8.76599037 
6.14539831   8.79036797 
6.19704327   8.93687881 
4.73250539   9.61131407 
6.21091712   9.11538216 
6.24031672   9.29009150 
6.03452330   9.07719307 
4.92628576   8.63135587 
5.46764607   8.70966323 
5.45794894   8.78271511 
5.51912294   8.75316187 
4.75710029   11.85442541 
4.78556109   11.92265281 
5.77471868   10.11785679 
5.84350419   10.06295801 
5.38965893   10.95546016 
5.43720310   11.04443451 
5.46895198   10.95890241 
5.13942269   9.48546895 
5.61329781   8.19256167 
5.56196967   8.08095761 
5.65862865   8.09666786 
5.50439621   8.18194382 
4.59384397   6.23335580 
5.76046476   8.02094382 
5.76805836   8.12794782 
5.15388016   10.66550944 
5.10836690   10.67982561 
26.14462474   11.07410124 
4.82325844   8.88797299 
4.98674372   10.82105377 
4.57113797   8.72082415 
4.11183179   12.12002394 
7.07454719   9.09749628 
4.99667867   8.29277228 
5.04187418   8.27966929 
13.18998590   2.68795983 
5.19573542   10.70383576 
5.56777066   9.85692270 
5.51013615   9.90061915 
5.36090866   7.83429587 
5.24301001   7.81986771 
5.11065133   8.86209031 
5.15013287   10.61405085 
5.02671601   11.24290982 
4.42766795   9.67778038 
4.88681501   11.70531145 
5.86246771   7.98036488 
3.95747413   7.41041249 
5.43621741   8.07840200 
5.40313820   7.95246719 
5.51532286   7.96936258 
4.42312660   9.82754055 
5.34766801   8.03740057 
4.33294043   9.86795060 
10.76113455   9.45586032 
5.13269463   8.31518760 
5.51709678   9.97334209 
5.47779216   10.02947121 
4.93546770   9.33545426 
9.14059572   6.18685826 
5.26868075   12.32035350 
5.42080322   10.02043143 
6.68699209   12.07215134 
6.69858900   11.88046137 
6.54432481   11.98226919 
5.18727564   10.87285596 
5.19332190   10.81202281 
5.23339621   10.83505966 
3.91257563   10.35983145 
4.08255179   10.40694236 
5.26860749   10.80939763 
5.32341273   10.80047961 
5.32512444   8.99737118 
5.40939062   8.98469147 
6.39172905   12.62137448 
6.61654211   12.63735108 
6.44094307   12.43477737 
5.86289687   9.97639604 
5.09455926   10.91775785 
5.10028565   10.95635379 
5.14808966   10.93262949 
5.97350679   9.83750001 
5.27035238   9.52298703 
5.29455982   9.46711558 
5.57309170   11.48097270 
5.56045783   11.38645422 
5.63382930   11.38841941 
8.40307805   7.94882284 
4.67139549   12.18284283 
8.10551496   8.15003971 
8.03305036   7.89407860 
6.86881741   12.68017054 
7.12274377   12.70209893 
5.16838266   11.93840653 
5.86373325   8.47564989 
5.86968199   8.35314196 
5.99530421   8.42008967 
4.19430715   9.86192715 
4.71213752   11.25977496 
4.62598323   11.23253105 
5.97078551   13.43694571 
5.86050510   12.37459179 
5.99482098   12.42117239 
6.38924331   12.09882241 
6.25815159   12.08727264 
6.33933726   11.94104156 
6.27280085   12.26894763 
6.00970949   6.56373587 
5.74467384   6.55815026 
7.00566150   10.08478334 
7.14172483   10.22740981 
5.71267823   9.83133265 
5.62659451   9.79651961 
10.32263285   6.38637411 
5.62923591   9.63086808 
7.71327467   9.03148924 
7.79651856   8.81601072 
8.03762432   9.01158971 
5.22267693   7.93453489 
5.30543690   7.93577682 
5.06711911   9.91725884 
4.90930061   9.30863540 
4.86227949   9.32319988 
4.87725978   9.28190682 
5.02319304   9.89321373 
5.39841091   9.67071958 
5.34264516   9.66240476 
5.37229424   9.62605014 
5.90073511   6.78213155 
22.60032861   7.83482174 
9.40960681   11.31465272 
9.03618192   11.20393288 
4.83944812   10.27640057 
5.07262103   9.43056866 
5.39059396   8.18557598 
5.11488586   9.41724138 
5.96944799   8.03194801 
5.86503249   8.08729717 
4.92525119   8.84629903 
9.50721438   6.86845798 
12.24654438   8.55256635 
4.95836062   12.19305164 
4.88099289   12.16510310 
5.50578594   11.23028349 
5.52867725   11.14794024 
5.20340619   9.43267698 
5.16663211   9.40916652 
5.33107026   8.78627485 
5.41532855   8.83858066 
15.91424150   4.27797291 
15.32563636   3.76617552 
8.77609453   6.01813577 
4.41751191   10.15139908 
8.40701061   9.63695160 
8.18463153   9.79976893 
8.19325391   9.51807198 
25.05452651   11.77256951 
5.49319934   10.11024676 
5.58669532   10.14968986 
5.83380827   10.52950727 
6.02490006   8.27760454 
5.85393471   8.21541693 
5.67954852   10.26219860 
5.61697342   10.22843922 
5.55410216   10.24810810 
5.43171203   10.32773526 
5.47991666   10.37892439 
5.01004739   8.10430396 
6.33792304   7.64902257 
5.48930881   10.19732493 
4.77579630   7.97145222 
5.13376874   9.15677180 
5.17243201   9.19358391 
5.12025670   9.19299403 
5.17609505   9.13491167 
5.23007506   10.77759082 
5.32406971   10.29627916 
5.30901669   10.36831586 
13.15462929   5.27073441 
5.13524780   9.23183318 
6.66371414   10.92338131 
6.52038095   10.77232751 
6.84169030   10.87637321 
4.64280000   7.97962148 
9.09509643   12.91076858 
9.09275510   12.53572561 
6.16491572   8.35899343 
6.08551081   8.49683508 
6.22268220   8.51225905 
10.37502210   12.29795112 
9.29493984   11.72150162 
4.89724841   10.26662936 
4.58421621   10.33948013 
4.80629043   10.76810266 
12.51329983   12.21554800 
4.86254634   10.55926130 
6.97263049   10.78988415 
4.90400328   10.64654718 
5.33741295   11.59794243 
4.86334032   11.89095172 
4.91035997   11.83729024 
5.26868489   11.61228848 
8.22678138   10.07858075 
5.98895320   7.55492290 
5.92612092   7.39518035 
14.53528713   2.98821542 
5.17722289   10.97091939 
5.13680583   10.98696965 
4.92122909   11.88709699 
4.89006441   10.51717039 
5.46495524   9.78692157 
5.42875188   9.73070530 
5.46469397   9.66745453 
5.21074948   7.37052781 
5.64476974   6.82565913 
4.89809173   12.24986429 
9.71533296   11.76221630 
4.95461287   10.19331353 
5.48342039   6.95804573 
8.22659570   9.27022664 
8.53007239   9.40722440 
5.75411611   8.30923384 
5.19427986   8.92625449 
5.64941767   11.83205036 
5.78100551   11.92845363 
5.16424728   11.22851017 
5.22353143   11.21982735 
4.91230167   9.52956158 
5.24645346   9.61610177 
4.96361637   9.50157917 
5.96131519   7.75746571 
4.99862853   9.24440181 
6.20930181   7.51291105 
7.18416820   8.29147983 
6.98164703   8.32567868 
5.01846859   9.13691402 
27.55548995   10.13622521 
6.13436366   12.14075033 
6.14112114   11.98425935 
4.88988016   11.05273797 
6.10351139   11.56701574 
6.16798456   11.45961101 
5.58255181   11.30477386 
5.50303550   11.33367780 
4.81764324   9.41780901 
6.19563469   8.23035820 
6.35675102   8.19252282 
7.99894098   8.40720567 
7.81776903   8.17283215 
5.11177774   6.86064601 
5.46165855   7.86410545 
6.80622432   11.44568356 
6.68752001   11.34946772 
4.53801055   8.05259072 
6.31558575   7.30976619 
5.32570685   8.12026616 
5.54725770   12.22847710 
6.71919908   5.60030543 
6.20174129   11.85191292 
6.31600996   11.76275101 
6.48663830   11.82761251 
6.44037487   11.65076169 
7.62818099   12.20517801 
4.89208324   10.59811838 
4.82940711   10.62189278 
5.98109242   12.09808107 
5.95240962   11.92298953 
9.57785863   10.93207510 
9.20913290   10.90004217 
18.30668915   19.13919693 
7.14706579   13.38258200 
7.56517032   8.29337059 
8.84668273   10.31557945 
8.53453142   10.21978431 
5.36377564   12.45125936 
11.57761415   15.45433278 
5.72239060   12.27882444 
5.67687530   12.49648313 
5.37468945   9.22333718 
5.32880680   9.27866010 
5.37518751   9.14758876 
5.33654448   9.17842520 
4.29048566   9.10951887 
5.08729916   11.58189556 
5.83362815   7.66478738 
7.57643146   7.48895068 
6.26452248   8.66059522 
6.09921839   8.63676073 
9.46307361   13.16183502 
6.33130713   8.80767442 
6.76744169   9.75816404 
6.90812674   9.90748291 
6.71817689   9.92303899 
6.94360284   9.73467693 
5.46267307   7.71772383 
5.11994360   10.87640150 
5.21185087   8.42042849 
6.70996314   7.15385316 
5.64583992   13.06011826 
11.12441866   6.85257985 
6.48596719   9.76355381 
6.45461518   9.90274147 
4.91034560   11.78673901 
4.80263602   9.70751230 
5.02879785   9.56555279 
5.05884198   10.67814296 
5.24964910   10.72229428 
5.21403556   10.74080376 
4.91945949   10.56289063 
9.42736309   14.96934655 
5.27531622   10.76308893 
4.67665933   10.53592209 
5.12017255   10.33732470 
5.66281691   8.27282018 
6.82830262   11.06914362 
6.57242127   9.95344706 
6.60093162   9.82332971 
3.86001972   6.75920491 
4.81406820   11.85604480 
5.60613219   10.45492712 
5.31853521   9.60843563 
5.74813244   11.77298282 
8.17541659   11.88748511 
5.85804866   11.82624420 
7.17538936   6.54226477 
5.83364023   11.69805234 
7.80591334   13.32868885 
5.51303904   12.40635492 
4.39736018   9.04415936 
8.53598154   12.01061089 
8.86946398   12.27804460 
5.53110553   8.47414267 
5.61280121   12.35217481 
5.28774325   9.67478247 
6.25461559   12.50603290 
5.28169323   10.42154116 
5.23545358   10.45329124 
5.32808256   10.43459914 
5.88495599   12.23096618 
4.62577022   12.04247544 
5.67542477   11.47766292 
6.64019433   11.67734944 
6.13573424   12.39386265 
6.03775332   12.27548172 
5.23864480   8.81298435 
5.23540926   9.66222518 
5.13370695   10.20695742 
6.87454408   14.32199412 
6.71944741   14.02132572 
7.89544992   9.32187077 
7.64051696   9.49874164 
5.10874378   11.39108286 
5.71847543   8.20244138 
8.64195406   9.71356590 
4.71431897   7.48061193 
5.31136403   10.08377103 
6.70780566   11.20939707 
6.44135251   10.06423238 
6.36468306   10.20590434 
6.28344362   10.09951323 
7.49049466   13.40134015 
4.37833120   9.75352649 
5.67610019   8.71591039 
5.86362429   12.02257681 
6.49931962   7.15091422 
5.38077914   9.57444813 
5.32352754   9.53498159 
9.01453628   10.59893908 
4.99382547   9.17408688 
5.43290598   9.11262170 
5.50226417   9.12437035 
5.40792148   12.30389217 
5.10915471   11.18570693 
13.58417336   2.27427418 
5.45861484   9.05782714 
5.02635369   11.34085513 
5.08277106   10.36291050 
8.55369641   4.65537021 
5.57696565   8.39458120 
5.49895124   9.83300102 
11.19380185   9.91946592 
5.44973390   11.29009758 
5.39743150   8.91044974 
5.32221418   11.29650300 
6.14141773   11.72575311 
6.07082035   11.84575957 
5.31531244   10.72526375 
4.72719969   11.99188909 
5.82908142   10.35472779 
5.55164161   10.39893959 
6.90972600   10.46120189 
5.19220995   7.50847101 
7.06408574   8.15771086 
5.32884017   12.22980637 
5.42593559   12.18710176 
5.23595696   10.68422235 
4.90611913   11.96425150 
5.98588658   9.15802648 
5.62774105   10.07506685 
5.55311850   10.70737821 
5.27872450   9.57011970 
6.11422322   9.01555925 
5.87902944   9.59388074 
10.04479543   12.02341380 
6.35368095   10.87290314 
5.85589135   9.34467730 
5.96308345   8.55831313 
5.55310706   9.46454154 
5.30410119   9.39556361 
6.49807848   8.33816072 
5.95346923   10.57150266 
6.34732291   9.42291126 
5.97727855   8.15025177 
6.12637389   10.44336396 
8.47348484   9.90175038 
6.32017661   8.38155903 
6.01059827   11.16755653 
6.09167649   10.73819323 
6.26621905   11.58965089 
6.42181230   10.35382059 
5.91077544   10.93856257 
6.16433184   10.02045381 
5.34727549   9.34418573 
5.66735098   10.19031381 
5.69063339   9.19442789 
6.30537695   11.19540149 
4.67650562   9.05261614 
5.69238968   10.72626664 
4.91717765   11.74222524 
5.48511931   10.58347043 
5.38156137   10.81321596 
5.62504658   10.77445892 
5.49889609   8.99282474 
7.32431230   8.73998457 
6.14431242   11.12929126 
5.69876284   9.90856034 
5.17905155   7.01717837 
5.13671197   9.44760631 
5.16964668   7.18062102 
5.33179272   9.43581011 
5.54486834   9.06724563 
7.37413219   9.40914591 
7.43068363   9.65246545 
4.84463890   11.94899409 
6.37930483   8.67362211 
5.05808678   9.32431686 
5.03721361   11.88394276 
5.43186740   9.61136232 
5.49847186   11.08803833 
5.28617588   7.24114337 
