0.00000000   0.00000000 
30.00000000   0.00000000 
30.00000000   20.00000000 
0.00000000   20.00000000 
5.00000000   10.45500000 
5.00000000   10.34500000 
5.00000000   9.65500000 
5.00000000   9.54500000 
5.00000000   11.25500000 
5.00000000   11.14500000 
5.00000000   8.85500000 
5.00000000   8.74500000 
0.00000000   19.23076923 
0.00000000   18.46153846 
0.00000000   17.69230769 
0.00000000   16.92307692 
0.00000000   16.15384615 
0.00000000   15.38461538 
0.00000000   14.61538462 
0.00000000   13.84615385 
0.00000000   13.07692308 
0.00000000   12.30769231 
0.00000000   11.53846154 
0.00000000   10.76923077 
0.00000000   10.00000000 
0.00000000   9.23076923 
0.00000000   8.46153846 
0.00000000   7.69230769 
0.00000000   6.92307692 
0.00000000   6.15384615 
0.00000000   5.38461538 
0.00000000   4.61538462 
0.00000000   3.84615385 
0.00000000   3.07692308 
0.00000000   2.30769231 
0.00000000   1.53846154 
0.00000000   0.76923077 
0.79015560   0.00000000 
1.58551415   0.00000000 
2.38610964   0.00000000 
3.19197683   0.00000000 
4.00315047   0.00000000 
4.81966513   0.00000000 
5.64155647   0.00000000 
6.46885969   0.00000000 
7.30161029   0.00000000 
8.13984421   0.00000000 
8.98359761   0.00000000 
9.83290681   0.00000000 
10.68780845   0.00000000 
11.54833926   0.00000000 
12.41453636   0.00000000 
13.28643685   0.00000000 
14.16407870   0.00000000 
15.04749956   0.00000000 
15.93673721   0.00000000 
16.83183028   0.00000000 
17.73281735   0.00000000 
18.63973694   0.00000000 
19.55262818   0.00000000 
20.47153061   0.00000000 
21.39648359   0.00000000 
22.32752702   0.00000000 
23.26470106   0.00000000 
24.20804611   0.00000000 
25.15760268   0.00000000 
26.11341171   0.00000000 
27.07551441   0.00000000 
28.04395221   0.00000000 
29.01876663   0.00000000 
30.00000000   0.95238095 
30.00000000   1.90476190 
30.00000000   2.85714286 
30.00000000   3.80952381 
30.00000000   4.76190476 
30.00000000   5.71428571 
30.00000000   6.66666667 
30.00000000   7.61904762 
30.00000000   8.57142857 
30.00000000   9.52380952 
30.00000000   10.47619048 
30.00000000   11.42857143 
30.00000000   12.38095238 
30.00000000   13.33333333 
30.00000000   14.28571429 
30.00000000   15.23809524 
30.00000000   16.19047619 
30.00000000   17.14285714 
30.00000000   18.09523810 
30.00000000   19.04761905 
29.01876663   20.00000000 
28.04395221   20.00000000 
27.07551441   20.00000000 
26.11341171   20.00000000 
25.15760268   20.00000000 
24.20804611   20.00000000 
23.26470106   20.00000000 
22.32752702   20.00000000 
21.39648359   20.00000000 
20.47153061   20.00000000 
19.55262818   20.00000000 
18.63973694   20.00000000 
17.73281735   20.00000000 
16.83183028   20.00000000 
15.93673721   20.00000000 
15.04749956   20.00000000 
14.16407870   20.00000000 
13.28643685   20.00000000 
12.41453636   20.00000000 
11.54833926   20.00000000 
10.68780845   20.00000000 
9.83290681   20.00000000 
8.98359761   20.00000000 
8.13984421   20.00000000 
7.30161029   20.00000000 
6.46885969   20.00000000 
5.64155647   20.00000000 
4.81966513   20.00000000 
4.00315047   20.00000000 
3.19197683   20.00000000 
2.38610964   20.00000000 
1.58551415   20.00000000 
0.79015560   20.00000000 
5.03889087   10.36110913 
5.05500000   10.40000000 
5.03889087   10.43889087 
4.96110913   10.43889087 
4.94500000   10.40000000 
4.96110913   10.36110913 
5.03889087   9.56110913 
5.05500000   9.60000000 
5.03889087   9.63889087 
4.96110913   9.63889087 
4.94500000   9.60000000 
4.96110913   9.56110913 
5.03889087   11.16110913 
5.05500000   11.20000000 
5.03889087   11.23889087 
4.96110913   11.23889087 
4.94500000   11.20000000 
4.96110913   11.16110913 
5.03889087   8.76110913 
5.05500000   8.80000000 
5.03889087   8.83889087 
4.96110913   8.83889087 
4.94500000   8.80000000 
4.96110913   8.76110913 
5.08718924   10.80214319 
5.04652921   10.80844311 
5.07074739   10.76792817 
5.02050356   10.76726607 
3.21271015   12.70665715 
3.48956021   12.67756104 
3.45232510   12.98431459 
3.73844153   12.81178361 
22.64171292   1.26696001 
21.74993182   1.36557911 
21.99578125   0.69203564 
22.19651540   2.10141453 
2.23489824   18.76153971 
2.95500793   19.24832752 
2.15001345   19.44813089 
0.66856913   15.12276028 
1.20215294   15.47058301 
0.62543245   15.75411902 
1.44262008   10.18990470 
0.75209846   10.28807236 
1.18401492   9.78029315 
0.62139329   9.66511899 
1.32734507   11.17294046 
0.78723647   10.97099827 
1.22942442   10.64096067 
5.13179432   9.26900023 
5.09820362   9.23604872 
5.13994262   9.22868773 
5.08685359   9.27159427 
9.98911079   14.35743148 
9.58310905   14.47954667 
9.77885345   13.91313611 
1.34156142   14.93517105 
9.04008963   0.77894657 
9.53269127   0.46159867 
5.05402589   9.91662972 
4.99176013   9.90355808 
5.03617820   9.86965560 
3.20034502   10.83653548 
3.47363619   10.75836653 
3.33433126   10.99181954 
5.43487200   17.20518138 
5.80675733   16.65459581 
5.88058304   17.12529556 
4.99543326   9.84277923 
4.93087321   10.99429289 
4.87966360   10.99202026 
4.90493464   10.94644416 
5.09082087   8.82698880 
5.09503553   8.87438534 
5.06062980   8.86199941 
5.14366164   8.85039298 
22.64914973   16.03022390 
21.88265679   16.16739215 
22.03584514   15.35034754 
22.37372300   16.76908230 
5.56276779   15.48966064 
5.20047423   15.71781778 
5.18433569   15.27739473 
5.57352726   15.87987954 
4.83086116   10.95292848 
7.74004752   15.22472665 
8.09234234   14.90977180 
8.03195676   15.35305971 
5.18014894   4.76342994 
5.24620348   4.41939315 
5.61381406   4.60016574 
5.54986315   4.18072319 
0.61361298   4.22054319 
1.22873176   4.56090147 
0.61599743   4.89354806 
1.35738820   5.10974373 
8.43620972   15.23989182 
5.01236397   10.30690196 
5.02039512   10.26479013 
5.05983977   10.29901049 
29.38188179   3.24999601 
29.19079709   2.49672748 
9.23462308   14.14391305 
14.46598292   16.26394144 
15.30202745   15.77868117 
15.11528426   16.63702609 
14.48917902   15.47484058 
6.86219258   15.05163779 
6.51742483   14.73257178 
6.95202212   14.58455986 
6.67604622   17.36457733 
6.22572328   17.45243087 
6.29027809   16.98086971 
5.21682203   16.10820747 
5.55398726   16.24861672 
5.28877849   16.59781050 
7.43244148   15.52476946 
7.33969737   15.09020326 
7.79850583   15.69721411 
14.23602575   17.74721214 
13.59251524   17.83208748 
13.80280270   17.35057020 
13.82629189   18.49580510 
29.15389268   17.52612123 
29.19715941   16.69011426 
6.62384210   14.36607918 
2.59528476   8.89223146 
2.97582578   8.59246359 
3.03820603   8.97789917 
11.49020400   1.99442189 
11.54643312   2.70057768 
11.04293001   2.30075675 
6.70003730   15.39753838 
6.78854307   15.84243670 
6.37937532   15.62730699 
4.14056249   9.79788799 
3.96732544   9.82942354 
4.08165910   9.64629151 
5.02770101   9.43523346 
4.97530025   9.42541510 
5.00911794   9.40165630 
4.98935911   9.47547482 
5.19445413   0.51635787 
5.94521437   0.52728183 
5.54203150   0.94789516 
4.92681408   9.16327335 
4.98700204   9.15417551 
4.96472992   9.19885658 
4.95356220   9.11711557 
3.39063068   17.72051869 
3.87963877   17.17544961 
3.97045646   17.68522351 
4.42468945   17.37826651 
4.10288303   9.93944952 
4.92250778   8.54183620 
4.93911126   8.59698556 
4.85965650   8.59373611 
2.77009486   2.64887420 
3.22122041   2.01868581 
3.41221011   2.53198217 
2.54567067   1.93661302 
3.98487862   2.14424484 
3.80645296   2.77128145 
4.39633287   2.74436994 
3.60876379   1.42369191 
4.92324847   9.98024520 
4.97305164   9.96127651 
4.96613921   10.01959886 
5.00881688   9.99496485 
4.75489725   9.33811472 
4.79843041   9.29707854 
4.80822788   9.36179246 
19.46430806   2.02794974 
18.85713414   2.77080278 
18.52441943   1.89742331 
3.00350344   10.10887684 
3.05217192   10.41954982 
2.76471677   10.25444140 
2.70835608   10.55474962 
2.24094487   3.62928703 
1.94384843   3.96283654 
1.76159811   3.53251392 
2.57525383   4.14774496 
5.29604915   13.78557933 
5.57562340   13.77052430 
5.46166137   14.02874303 
10.17380799   0.57178623 
11.07213728   0.73891554 
5.81761800   13.98464248 
4.85854807   9.32063164 
1.92011148   16.08272648 
2.35848934   16.45806854 
1.82284572   16.58805623 
2.54435306   15.94385295 
5.87567083   5.21708599 
6.02322135   4.85605579 
6.16455865   5.20171421 
6.45475840   5.00675954 
1.32350141   7.37579982 
1.10350947   7.87174654 
0.60744484   7.33576091 
7.40045448   14.60365132 
7.74534137   14.77334158 
9.26339430   1.96324856 
9.17303356   2.65130032 
8.73445204   2.03030501 
3.28221750   8.51483114 
3.49775049   8.61917572 
3.27430096   8.75339218 
3.46057134   8.81371440 
8.94780601   15.14001279 
8.59432668   14.78727035 
9.09323922   14.64115646 
8.72451092   18.00037417 
9.21552752   17.36258638 
9.42274464   18.03408317 
6.13411368   14.79213908 
5.98380624   15.05094325 
5.82959284   14.82075791 
5.60109047   15.07664533 
6.23959351   14.42356441 
5.04466702   10.01753178 
5.04516169   9.97035523 
5.08397672   10.00405400 
5.13328122   9.97905159 
5.12655993   10.03468130 
5.17458365   10.00529124 
8.06079858   18.95228862 
8.41178446   19.42446874 
7.77325911   19.42944951 
3.75276181   18.92071701 
4.39775363   18.62030586 
4.40853415   19.33330380 
4.86832282   18.86607545 
3.66901832   19.51907118 
7.79212618   0.59068802 
8.42007550   0.58490799 
8.08942028   1.06710439 
4.91477273   8.66457044 
6.12687088   10.25132002 
6.04486604   10.16337014 
6.17296999   10.15609648 
4.97815631   9.06134654 
4.90788068   9.07068945 
4.93707707   9.03166141 
0.97995148   11.44282545 
4.88267599   9.94174408 
4.87396871   9.99038455 
4.93821489   9.92471119 
8.68870108   14.25688666 
9.25702076   15.55051914 
8.73046716   15.58349497 
4.97196157   10.85693905 
4.94361909   10.80841664 
4.99643097   10.80953884 
1.02324606   8.37105996 
1.38658857   8.87487418 
0.65252161   8.86221691 
4.96341038   10.75707758 
8.96901893   16.14099775 
5.18112717   10.53292435 
5.21776486   10.55539142 
5.17657219   10.57722692 
1.57387185   19.16570970 
1.57877375   18.62060970 
4.86238168   9.18163392 
4.88574915   9.12734844 
5.21561139   10.59930531 
4.90257309   9.22033206 
2.32740009   1.17209067 
1.61806502   1.42651329 
1.60797278   0.82360213 
4.85164027   9.09398304 
2.06931092   0.46710066 
2.62488341   0.49198077 
4.85175854   9.04035120 
15.08933201   17.51541738 
14.71090812   18.26623152 
4.84974292   9.90223136 
4.89709540   9.89787637 
4.82117795   9.95792229 
14.39430454   17.02316117 
21.63411310   14.47698535 
20.84772370   14.98540667 
20.82901489   13.97894243 
9.55750807   13.52780688 
9.89941847   13.36314926 
24.32484391   14.98175730 
23.70155331   15.29623839 
23.64193418   14.67917007 
22.98273311   15.11015999 
12.57417138   17.31399619 
12.95940112   18.10457473 
12.20001640   18.01613309 
13.26564736   17.31607207 
3.56698076   10.37323493 
3.62558753   10.57534678 
3.37504415   10.50178872 
24.93162638   12.64098507 
25.72555800   12.73341563 
25.24162373   13.54275472 
26.51172856   13.32146095 
1.07884658   9.31332574 
3.32468878   11.38605839 
3.58234116   11.34851700 
3.46644336   11.54609260 
1.91279439   8.68769878 
1.90068465   9.11690923 
3.69878814   11.52350690 
3.83966116   10.58550256 
3.75854075   10.78236697 
3.73966215   10.45082094 
1.95270897   10.06335756 
1.88046204   10.55223323 
2.37734069   10.29293391 
4.90951442   9.35726882 
4.91993438   9.40843946 
4.86482410   9.39062429 
4.87143024   9.44569953 
4.92869843   9.45930145 
4.96869054   9.37866500 
17.82063737   11.78696793 
18.45630194   10.79849855 
18.77875720   11.80844948 
28.47508016   17.05585239 
28.35150745   17.71901277 
28.61119928   3.09375680 
28.38286563   2.31303200 
17.42819132   10.64420169 
26.91424350   7.00914105 
27.58714952   7.56277933 
26.83593134   8.09148369 
28.00753393   8.42038649 
1.89664234   18.02385789 
2.68409468   18.10029333 
19.90799650   19.33051970 
20.48807292   19.14380256 
3.71052867   8.48217403 
3.64748223   8.21116105 
3.87324510   8.29373735 
1.86526162   1.91473260 
8.57593695   15.99177916 
8.24948969   15.64083210 
3.18186508   0.83468734 
8.11384476   16.06223200 
26.49246067   19.22147543 
27.51363186   19.19475391 
2.64624502   5.87500742 
2.48961880   6.44151587 
2.16654475   6.06492288 
27.50983602   0.88274011 
26.49336844   0.77681323 
2.99498395   6.22632781 
0.96901875   1.28572897 
1.30268694   1.87257853 
2.21351111   5.68799437 
2.66535281   5.39678826 
3.21069754   10.65321264 
3.32119096   10.23102160 
2.95229044   10.74982264 
3.03076967   11.02945604 
2.24097088   14.05808605 
2.55898124   13.58533419 
2.77709525   14.08175131 
3.09003757   13.80125522 
4.85027250   15.98046309 
5.03784385   8.99128020 
5.08047668   8.98159170 
5.06601925   9.02217733 
3.45420744   8.36073671 
5.05681545   8.94716599 
5.09453575   9.06484475 
5.04183232   9.06434901 
10.31582683   13.57217632 
5.07012305   9.10640090 
1.30274720   18.14331017 
5.04072987   9.76175526 
5.04897160   9.82206126 
5.00191061   9.79515100 
5.59872887   8.29347578 
5.51712425   8.14761940 
5.69041825   8.14767583 
5.19451449   11.11419462 
5.24561548   11.05389712 
5.25951795   11.12264126 
27.61356164   17.89098548 
27.98830384   18.44140169 
5.10719621   10.87593685 
5.06545072   10.88520772 
5.07639295   10.84185122 
5.57449556   8.00832955 
27.98169322   1.58799541 
27.59747207   2.12449942 
5.02558972   10.86121316 
6.11026096   10.06487892 
5.01539498   9.69734809 
5.06216476   9.71318940 
5.02542334   9.72699558 
1.85360851   4.53955421 
2.49478682   4.83885177 
2.02486577   5.23945509 
29.21201316   15.86248008 
9.31013154   3.34940546 
8.81376678   3.22978673 
8.63782969   2.68262442 
29.12347569   3.99929410 
6.96464794   13.72052156 
6.99309386   13.38215921 
7.19868049   13.65789526 
27.87326105   17.15120072 
28.34617643   16.34823603 
5.25123938   10.46909082 
5.19181487   10.47743591 
5.21860193   10.42496409 
12.96139772   16.61814990 
12.26396409   16.49309612 
28.19397769   3.70457877 
27.84762432   2.88955738 
11.07369504   17.47136984 
11.45508857   18.01019444 
10.74941451   18.15969628 
11.22797541   18.59607105 
1.21545867   3.23682052 
0.62321221   2.80628311 
1.32997598   2.54607564 
8.83764791   16.76214608 
9.37129614   16.62780826 
1.25296644   17.53371886 
0.59544058   17.12822832 
1.20336583   16.73912833 
8.65602800   17.32838819 
4.28903562   4.34318518 
4.64659800   4.82114419 
4.06097233   4.79370509 
25.72516828   19.12133962 
4.39999444   5.20345875 
25.71593292   0.65411425 
5.01013022   9.94458089 
7.38743092   13.88303813 
7.29894277   14.24634137 
7.09325954   14.01293250 
26.19395144   18.53496701 
26.27590932   17.74398123 
26.92750743   18.35045477 
27.05604441   17.37699179 
5.23323874   10.51913894 
26.89438093   1.66793616 
27.04916997   2.60350275 
26.27439231   2.23159659 
4.51762141   10.64464189 
4.53971926   10.53090751 
4.60103926   10.63356379 
14.04826985   5.22303179 
13.71072736   4.79241748 
14.48198724   4.57654855 
29.10837298   14.95508417 
29.16072036   4.98049965 
27.76289179   15.65942396 
28.53912811   15.54498091 
27.39719621   16.51612589 
28.51655071   4.39479887 
27.78859091   4.28249277 
27.38546448   3.43109957 
1.57859919   8.26559288 
0.84040826   12.04255120 
1.46361003   11.70835536 
5.08806983   9.95398112 
5.18537990   8.97095709 
5.24771674   9.00818662 
5.18739965   9.03293785 
1.85985651   12.10266956 
2.37630448   12.04029678 
2.08219640   12.46560095 
1.03922535   12.44810139 
1.36527022   12.15004321 
5.25549261   8.93212037 
1.52381164   7.78316061 
1.92326476   7.43579421 
1.98758884   7.88540199 
4.44002421   10.58530103 
7.78199297   11.25495231 
8.16735846   11.35722402 
7.89444797   11.59978345 
25.50856011   18.29219137 
24.71311876   19.08415776 
13.72319713   4.22046313 
4.11265130   8.75998931 
4.18077785   8.86521520 
4.03455239   8.88850153 
24.98211297   0.86602760 
2.13115770   8.31486181 
5.58563029   12.19857163 
5.53793903   12.33122240 
5.45237881   12.20046806 
18.42466633   12.81324717 
17.53013498   12.86209042 
4.13391038   8.99489841 
4.07223156   8.64725440 
4.19844393   8.66936201 
2.05602927   11.69299029 
2.57583236   11.53566933 
3.39123462   9.00226909 
3.61985479   8.92228993 
3.66773586   9.14413245 
1.96853177   14.78912509 
2.55595730   15.18589600 
1.83669711   15.49278037 
1.65708155   6.95284588 
2.43733233   7.99947213 
2.58683221   8.40868094 
25.47687102   17.27256574 
26.50982647   16.84468473 
25.58433532   2.66662027 
25.82936038   1.57692896 
26.52488692   3.08942615 
4.25336695   1.45124368 
4.58014772   1.96214525 
0.60020134   12.72888079 
4.14782516   8.54142006 
8.01629886   11.01253834 
17.00863638   9.79151854 
17.31950159   9.02330702 
17.92957839   9.69212782 
16.54072139   8.93732062 
16.47590353   10.58330486 
16.31537152   9.76928613 
4.87552951   10.89583410 
4.80633761   10.87838596 
4.85078687   10.84380659 
28.31081045   14.88185483 
29.04644553   13.95045300 
28.33922625   5.08764415 
29.08402717   5.84667797 
27.40396685   15.02393354 
26.91745459   15.93804058 
27.34122902   5.06656083 
26.88102471   3.99719651 
4.80181508   10.80228680 
4.86311389   10.80326411 
4.85124095   10.75332515 
4.72327343   10.84670543 
24.66634185   17.99613686 
20.96764016   0.87513373 
24.81495237   1.86503554 
24.16678339   1.10008687 
5.01601420   9.10934554 
5.01624132   9.01957315 
24.93752469   16.50253060 
25.93548324   16.22040314 
23.86291364   18.51091990 
5.72504124   12.28002722 
25.97493471   3.60654121 
25.06470840   3.27648893 
0.67005975   14.05103797 
1.08951229   13.63679382 
1.53114960   14.15908897 
5.04346157   9.14982674 
1.56454717   5.86379822 
1.08513388   6.36255070 
0.67973551   5.96859107 
5.02044468   9.19419940 
4.99311272   10.90009513 
4.94005482   10.89676209 
28.00405745   14.15725343 
28.14423930   5.95483484 
28.91980242   6.90553317 
27.02115021   14.26993726 
26.40743660   15.23709115 
28.47237898   13.30487733 
3.58505924   10.18024637 
3.41602853   10.07068248 
3.64089103   9.98283316 
26.36465163   5.39096240 
26.27104223   4.50705854 
3.50290225   9.83458034 
3.75534054   10.30018517 
17.09715285   13.75777453 
17.93679828   13.73363888 
16.69398334   12.88735331 
18.59370335   13.67885247 
18.39076615   14.47935138 
19.03364199   14.18006693 
4.94653475   9.26218620 
5.00247595   9.24011552 
23.86686743   2.05731921 
12.06130949   9.15011595 
12.40207090   9.55830442 
11.80853944   9.56924230 
5.82969863   12.11212848 
5.99462878   12.07626507 
5.96452862   12.25987094 
10.13780972   12.15944546 
10.38567388   11.80813694 
10.67637842   12.24154200 
24.15966991   15.93830115 
25.24001777   15.47358199 
10.78548011   11.81411415 
10.10360523   18.50869635 
10.28070006   17.83029130 
25.52361069   4.10245686 
24.75739954   4.23406165 
23.42600752   1.28571471 
27.57641737   13.41886647 
13.83512359   15.12928976 
13.84368305   14.57525210 
14.40998635   14.76191436 
5.01590402   18.26380369 
4.42546763   17.93974939 
27.87666222   6.79791371 
29.03231164   7.95861971 
25.93446021   14.40462514 
11.88179416   3.44289524 
12.17018775   2.84633622 
12.59483274   3.32917517 
3.76628648   7.72372907 
3.51660606   7.84600165 
3.47679529   7.60005185 
3.14474775   7.79959411 
15.50220488   13.72696177 
15.88866658   12.92027336 
16.27679462   13.69009445 
25.54080261   4.87863342 
15.13411406   13.19179054 
16.51287823   14.66022118 
17.58436600   14.81051735 
13.25492925   14.70758675 
27.13384940   8.92321184 
5.14322186   11.14064631 
5.13479228   11.19180457 
5.10298141   11.16021564 
4.37939916   9.37544639 
4.26473649   9.40825128 
4.30524955   9.32377767 
4.18436129   9.32490834 
6.77317060   6.06816102 
6.61094952   6.24194208 
6.56851479   5.96549749 
3.90606461   9.16608491 
3.80938338   9.34273159 
3.83885386   8.94468281 
6.41595391   6.16531609 
5.20076719   7.80153389 
5.31366906   7.88834200 
5.19374121   7.94207018 
4.73507502   15.12669122 
5.12991588   14.85000281 
4.76550692   15.59645592 
5.35450986   7.75015065 
25.97783579   9.82219827 
25.48355296   9.02733241 
26.34768412   9.02546585 
25.90154699   8.30628224 
5.84272811   8.38386707 
5.85186669   8.50849058 
5.76841994   8.45248785 
5.93430727   8.45600960 
5.18579840   10.31281051 
5.15703952   10.34259589 
5.14540753   10.29448272 
5.11305070   10.32480774 
4.80050301   10.14216444 
4.76597603   10.18136910 
4.74498201   10.13721537 
19.77694883   4.48158951 
20.58889438   5.04167351 
19.55272591   5.22799033 
20.42264734   3.85344011 
5.00327805   5.05965669 
4.82854763   4.37285109 
4.80727098   10.19350612 
4.86434188   9.78905220 
4.88401664   9.71830821 
4.92454402   9.75164509 
15.92083602   16.31666729 
9.91814209   14.77856808 
10.32669234   15.10470591 
9.90721098   15.18715734 
18.06341669   7.64548652 
18.14870522   6.73414983 
18.92719898   7.14891099 
10.41799390   14.58982556 
18.97205254   8.31642092 
18.03884984   8.67486328 
9.79364926   2.32580484 
10.49079776   2.31817947 
10.17632292   2.93453234 
10.23369459   1.84589873 
5.03419073   11.11792394 
5.00313637   11.10618861 
5.02743377   11.07427054 
4.98094385   11.07715070 
9.75001868   15.57660572 
9.48428974   15.04265413 
5.18226583   8.90128769 
5.12223609   8.94576325 
5.12518557   9.01142518 
5.23033521   10.77987025 
5.26917464   10.80220982 
5.22159684   10.82565515 
5.26330457   10.85512785 
5.75948037   7.62410168 
5.73361141   7.77831502 
5.62381151   7.65033882 
5.59666089   7.82488227 
4.31802787   16.07139830 
4.37181175   16.78211059 
3.83017508   16.55169568 
4.81448400   16.41190024 
8.80358886   8.74038259 
8.53878850   8.66059729 
8.73050849   8.39823710 
5.01397072   10.69272876 
4.96732631   10.69452824 
4.99826471   10.65159787 
8.41362657   8.32968924 
5.02672914   10.62154667 
5.06749467   10.61984353 
5.05336300   10.66111351 
16.27288653   12.01997620 
15.42314602   12.01193975 
14.65991491   11.94344195 
15.05124578   11.16654453 
14.21797552   11.22540646 
13.91789460   8.57379696 
14.52226610   8.40196657 
14.41461547   9.12137280 
3.07819916   15.54646059 
15.14382541   8.66617688 
10.23023081   11.41924801 
10.60721709   11.50938869 
15.35404555   2.80025478 
15.78676598   3.47095612 
15.04121782   3.80764496 
15.93548839   4.43092589 
10.11994112   4.10488503 
10.51930303   3.54252776 
10.89309831   4.19643981 
9.87863981   3.50232071 
11.24602874   3.52969091 
10.83696926   2.88771082 
17.25299690   2.97416077 
17.98427962   2.58280788 
18.04510124   3.24860899 
17.45025869   1.93071453 
18.07582567   0.96979700 
18.98123470   0.89575002 
5.14319052   9.07394728 
5.11193420   9.10496419 
18.88403023   14.93025171 
19.56757635   14.71239099 
19.20527086   15.73864410 
20.06531135   15.13317088 
18.31205699   15.54278095 
18.85524247   16.62568485 
3.34033825   12.40408009 
3.46691540   12.06620509 
3.68010092   12.23929750 
7.90252246   10.42803969 
8.01687484   10.20648433 
8.12717416   10.47400871 
3.13862612   12.08668907 
3.96092734   3.35848369 
4.53006867   3.36311094 
4.51697931   3.85763512 
4.96846667   3.60429417 
4.74562706   9.18294269 
4.80650691   9.20237314 
4.76119532   9.25882387 
4.83956442   9.25035730 
3.82251785   9.95633406 
3.73622630   9.79227338 
3.90824051   9.63278067 
3.96414216   10.00827645 
4.66848407   9.15974933 
4.73762199   9.11771948 
4.81221597   9.13739534 
4.85808217   10.09754308 
4.78526709   10.08517758 
4.83290069   10.03083501 
5.52200217   11.13161495 
5.44213945   11.12195023 
5.48173880   11.06476542 
4.75462848   10.01305751 
5.47424551   11.19691979 
5.30563139   9.94545017 
5.27300052   9.97010184 
5.25997805   9.92145025 
9.56530475   16.06004178 
5.32249048   9.99827978 
5.13202653   6.07420580 
4.77800542   6.09751854 
4.90072345   5.80056443 
3.09192151   9.62173560 
3.34558145   9.65017776 
3.23514449   9.90883845 
2.78441962   9.56280496 
2.97331416   9.31592282 
2.65708469   9.28323981 
4.96654046   6.35655505 
7.73329619   10.30418859 
16.66892681   1.59023035 
16.31920838   0.83997813 
17.19100913   0.88819460 
6.99781901   16.28286896 
7.31240179   15.93368075 
7.07255226   15.47337772 
4.65279535   10.78510675 
4.64947048   10.85710225 
4.59578411   10.82139911 
5.86742614   6.70115218 
5.66282820   6.45658668 
5.97190222   6.40155576 
5.77242200   6.10162341 
3.93364791   12.15551045 
3.99488087   11.98468663 
4.14841200   12.09393148 
4.15677066   11.86446437 
4.02247924   10.54651948 
3.90740080   10.40265393 
3.97387701   10.71311930 
10.73144474   15.52902787 
10.78092832   14.96507706 
10.22249533   15.59322005 
4.25211340   5.92061977 
4.45967670   6.15631155 
4.09909206   6.28515449 
4.54657965   5.86462428 
4.95535552   10.08406585 
5.01375152   10.05644583 
4.90427974   10.04092508 
3.97345847   11.09172734 
4.11534289   11.12033828 
4.03287717   11.26092112 
3.07168365   6.97144482 
2.89343244   6.60417117 
3.38862724   6.59179098 
2.60486775   6.91180493 
3.40042243   13.42950987 
2.92252357   13.40010669 
3.11025379   13.07560044 
2.69421084   13.08386335 
7.67890997   6.35112804 
7.92791971   6.54875027 
7.60919133   6.66530634 
7.94871337   6.21328506 
5.61845271   9.85344712 
5.55525497   9.79521221 
5.62281558   9.77270663 
5.54623508   9.85544355 
4.26587197   10.15989959 
4.34059306   10.06868550 
4.37969309   10.17081739 
4.22130342   10.03987108 
4.73645148   9.84467240 
4.73064377   9.90126770 
4.66924734   9.87658715 
4.67903383   9.93842613 
4.11578396   10.98430320 
3.06316759   12.42120878 
4.66483418   6.32867003 
4.21553973   9.58848142 
4.23638495   9.48630312 
4.32103027   9.56594394 
4.34122069   9.46542942 
23.54671877   5.32093076 
24.07483887   5.95543641 
23.23168176   6.19472942 
24.07381920   6.69938819 
4.56592053   13.55575263 
4.86277715   13.55221462 
4.68739457   13.85610997 
5.01128173   13.80486805 
8.59194891   5.74935291 
8.87495791   5.38458927 
8.95176870   5.91272369 
6.98230189   11.25915725 
7.13556202   11.39127086 
6.98014535   11.46955700 
8.33925389   5.38668796 
8.55428097   4.91002819 
7.22897772   11.19558104 
4.25998837   8.95350660 
4.30344511   8.85849971 
4.24904021   8.75638420 
2.82041529   12.67741094 
4.99750448   10.51190085 
4.95992821   10.55662717 
4.94184565   10.51433584 
5.00691289   10.56749742 
5.18987803   10.78670667 
5.17973155   10.83657254 
5.15227542   10.79483145 
5.09698529   10.69530528 
5.12314737   10.73337183 
5.08343214   10.73173894 
15.17428458   18.68661730 
14.42187391   19.03072562 
5.15187279   10.69883494 
5.04307277   10.73105870 
5.20800281   10.86579409 
5.23541413   10.89350199 
5.19090151   10.91221157 
5.23539017   10.93555720 
8.34553081   12.79366763 
8.41822342   13.03245064 
8.11277696   12.98951196 
8.26974378   13.32924314 
4.93531441   10.18804521 
4.88621565   10.19326800 
4.91686513   10.13774211 
4.85209255   10.16391683 
4.92336453   10.22271341 
4.88594553   10.24713929 
4.97076117   10.16247996 
21.54660027   12.79619322 
21.37054220   11.99022755 
21.99215842   12.30534405 
4.91128856   9.30732072 
4.96434232   9.32205413 
4.88731546   9.27162790 
20.73025103   12.58410019 
27.68167481   11.02626784 
27.10341636   10.49333234 
27.70056845   10.08183533 
26.89112067   11.15124122 
5.14104591   10.24759252 
5.10246021   10.27681003 
5.18762502   10.27314552 
7.46256956   13.56173046 
7.29108110   13.38698971 
4.79526486   10.63923603 
4.83875332   10.68749114 
4.77585459   10.69699390 
12.66265122   10.89434153 
13.07894075   11.29036464 
12.59231324   11.43157094 
4.83794669   8.94748754 
4.86420080   8.98766825 
4.80852647   9.00102832 
4.89059553   8.94652737 
13.12406193   10.75318443 
8.83813458   13.48823221 
8.62629406   13.23859627 
8.91455149   13.19314942 
11.86928420   15.79091661 
11.56419533   16.49328393 
12.64001400   15.78317356 
11.27264612   16.97469174 
11.03988449   16.49206828 
10.61652159   16.90321311 
8.58033962   13.57726801 
7.13732157   12.47849546 
7.17900651   12.23366117 
7.38368682   12.29276205 
6.94384489   12.32985118 
13.64892369   10.98562129 
13.56138193   11.60634833 
14.04034133   11.83271785 
13.49779777   12.23285846 
7.32472717   4.18881298 
6.98213793   4.36807300 
6.99661710   4.02699833 
7.19985797   4.72296680 
6.73474535   3.76779673 
7.33372680   3.55009620 
6.84004322   3.20565275 
6.13819081   6.11628498 
6.32764168   5.82933753 
14.22004389   12.40071589 
5.97418332   5.84413804 
6.01344265   5.51566898 
9.55819309   4.82796256 
9.81945660   5.36740061 
9.35271877   5.26931843 
10.12560285   5.02596086 
20.62781933   17.08149313 
19.77906417   17.33938354 
19.92555662   16.49554457 
4.32686531   13.44737059 
4.11004882   13.62366506 
4.08133438   13.32074580 
3.81638380   14.61534947 
3.39937876   15.04057029 
3.28217489   14.38349309 
3.82704778   13.56331537 
3.91988255   15.12839928 
3.73301293   15.64729904 
5.18329086   13.50802868 
4.53616871   13.25966153 
4.73469693   13.35244543 
10.30732533   14.08400025 
4.24057481   5.60534657 
4.67011038   5.56108571 
3.70192273   8.73482586 
13.57514711   8.16106932 
13.02042605   8.19312939 
13.41882782   7.59312873 
12.81300153   7.50864465 
4.75812996   9.39473454 
4.81453747   9.42957105 
4.72457067   8.96900436 
4.77668122   8.95489043 
4.75114329   9.01423885 
4.93928184   12.91560640 
4.99407830   13.23608295 
4.75280986   13.10040246 
18.81147763   9.29645182 
19.81774864   9.22274963 
5.18991364   12.96467436 
5.21128793   6.99794967 
5.26193484   6.76031129 
5.41677736   6.94943213 
5.03499545   6.87426217 
9.34390598   13.77706498 
9.54223050   13.17627860 
18.86264330   17.86009653 
19.06970054   19.06693163 
18.28449557   18.49595782 
9.89715190   12.90104603 
7.73417492   13.51383368 
7.64662034   13.78542942 
7.88994135   13.23981655 
8.01187711   13.49455138 
5.28279404   10.90679633 
5.33001257   10.94482142 
5.28204263   10.96308743 
5.33364106   10.90018118 
4.71070663   9.43686492 
4.76109779   9.46688844 
14.02553132   10.46512052 
13.46130318   10.33751089 
14.51489851   9.94581340 
14.57161703   10.59492182 
15.19797206   10.20283730 
5.12395644   10.82659989 
23.33347663   10.71152042 
22.58925444   10.95056101 
22.94537968   9.90391889 
8.15318007   14.47587756 
22.05843151   10.14949366 
23.34143185   11.52154262 
5.38235264   10.97229735 
5.38024328   10.91142990 
5.43502742   11.01309784 
5.36311951   11.03526405 
5.42125767   11.06044874 
3.96334127   10.89058794 
4.15087121   10.80463832 
4.82999276   10.39678695 
4.83378417   10.35019090 
4.87215187   10.37647212 
4.88585648   10.33630625 
4.30420019   11.52120826 
4.41139551   11.40487737 
4.47610989   11.50332577 
18.13557396   17.21275505 
4.28748091   11.36026014 
10.02321924   5.84283267 
10.27836021   5.52008961 
9.61390359   5.74041720 
5.09758375   11.03614631 
5.13287375   11.00032523 
5.13861413   11.04421830 
5.09199303   10.99772098 
5.18517039   11.05447393 
5.14266485   11.08999578 
4.53581168   13.01238825 
4.29290736   12.91147408 
4.50526529   12.81805807 
4.36103039   12.65500957 
5.05395803   9.48001336 
5.08692334   9.43393906 
5.05154740   9.39490213 
1.04347456   19.44634274 
4.72378898   10.07795641 
4.68171252   10.13229628 
3.81686700   11.26870485 
3.67555376   11.14209445 
1.07730720   0.58221055 
3.47307626   11.16346209 
4.64563116   10.18790271 
4.61562532   10.12192378 
13.37473661   3.16177269 
13.09962996   3.85514562 
12.80430296   2.68238630 
12.95351172   4.57735789 
4.56495545   10.17714033 
9.17569283   12.99998028 
9.54500313   12.74234853 
6.18037189   14.06844401 
5.94172896   14.24614320 
5.89028661   14.52222311 
6.13451842   13.72470960 
6.49760713   13.87234088 
9.11973593   12.64916676 
9.37307253   12.27941693 
5.24382966   10.99230139 
5.21517048   11.02213911 
5.20449468   10.97025856 
5.17519765   11.00322677 
5.28026448   11.00886889 
5.32573655   10.99047440 
5.36790277   10.73187942 
5.31914866   10.77524112 
5.31146259   10.72382773 
5.26619517   10.75442464 
4.68230670   10.91862218 
4.72206762   10.98877142 
4.64257288   10.97414778 
14.02956266   1.62478744 
14.71365519   2.01810496 
13.65352384   2.36105385 
14.31864365   3.09573436 
13.77653287   0.83425435 
14.64290880   0.94859473 
4.75575962   10.92875435 
4.59955447   11.03077925 
4.57447562   10.96494844 
4.51031787   11.01447480 
9.75068388   7.23113701 
9.36770920   6.98319090 
9.77454329   6.77237850 
9.41071142   6.56262657 
5.13863132   10.60533268 
5.16075100   10.64871517 
5.11027239   10.64556909 
4.95791260   8.36377974 
5.04862461   8.26841000 
5.05026819   8.39815030 
20.84387755   2.90448254 
21.34513292   2.05662421 
21.86795639   3.16609009 
4.90572437   8.29672333 
12.50830737   7.02762578 
12.71259545   6.47576899 
13.12479925   6.97347907 
12.07207578   6.74212886 
21.63942035   13.57943509 
21.03143149   13.23937357 
3.43165371   6.08706471 
12.81838130   5.80787343 
12.23517877   6.05696436 
5.39016660   17.86250794 
5.84547545   17.66193909 
7.59278969   5.98036058 
7.08846625   6.01485089 
7.30915394   5.55334304 
7.35201310   6.38243895 
11.77992594   6.17270871 
11.82338353   5.67481089 
11.34899626   5.88084297 
3.72771332   6.89267621 
3.99651785   6.81896116 
3.96192301   7.08533173 
4.21496814   6.89008901 
12.99227895   9.41305975 
13.65938995   9.23360907 
13.35836300   9.78753107 
13.90568357   9.81515963 
10.84795863   6.37088294 
10.63267587   6.86109414 
10.28225723   6.56280225 
11.10407630   7.02766936 
3.59902801   13.92733619 
4.92659480   17.57575937 
15.03310872   9.39369116 
5.22245752   8.81268517 
5.19112470   8.85448490 
5.17917471   8.80232070 
5.23830540   8.86140706 
5.13583664   8.79901420 
5.16312235   8.75480621 
5.10074456   8.76498688 
4.05984220   11.67763541 
3.83161163   11.71262817 
3.95851180   11.48865857 
4.24706593   11.67567549 
4.72472977   9.71496427 
4.74231655   9.77502726 
4.66787410   9.73555644 
4.77924091   9.72047044 
24.94160794   8.10720120 
24.17426707   7.48554237 
24.82664900   7.17504929 
20.07190342   5.99456942 
20.77162464   6.92348307 
19.75595825   6.83125181 
19.89082017   7.60506103 
12.22533749   11.76832858 
11.78042120   12.07677325 
11.66851923   11.52090543 
11.19584892   11.93929958 
12.32653420   12.36940153 
11.83963647   12.65025467 
5.01001171   6.57661570 
4.84786279   6.78394361 
4.71437073   6.58509085 
4.41590003   11.63651577 
5.23244278   6.52063309 
5.23409191   6.31315133 
5.44393995   6.44594171 
5.44636381   6.21947747 
5.17384338   10.11164788 
5.18164358   10.06225305 
5.22206036   10.11245681 
5.13394904   10.08636377 
12.29753987   10.57596188 
11.79128833   10.59989544 
12.09913949   10.11906293 
19.86437385   3.00629269 
11.55929617   10.07164234 
19.87212699   1.02914482 
12.78312693   10.17476826 
4.09014172   12.74599250 
4.03544115   13.02785595 
3.76256250   13.20477542 
4.78649175   10.32029661 
4.83820057   10.30722547 
4.78186369   10.36950159 
4.83518968   10.26199727 
4.88126136   10.28915955 
4.30916895   9.97135349 
4.39404223   9.98417375 
4.43760692   9.91823896 
4.48316343   9.98791985 
4.51802127   9.90579304 
5.36120133   10.84835891 
5.30997748   10.86559969 
5.31783545   10.82405430 
4.60938970   10.25225929 
4.67377891   10.24900235 
4.71264443   10.20432838 
4.56829915   10.32263127 
4.53365501   10.24827966 
4.48024973   10.33073418 
4.62882933   11.11018818 
4.53725256   11.10129088 
4.72277346   11.10544313 
4.66603109   11.17611307 
4.74659127   11.19622245 
5.57101563   11.20497022 
5.61591904   11.13223406 
5.65913007   11.21022663 
5.61847362   11.30017721 
6.57024445   6.45521344 
6.83134439   6.60412511 
6.62813636   6.76201231 
6.86246501   6.32237911 
6.65510772   6.98626807 
6.40181184   6.95347596 
6.48666043   7.17814273 
4.35744094   11.80350004 
4.49983812   11.75243451 
5.26015907   10.70604563 
5.20672920   10.67832658 
5.25076268   10.63962669 
4.37039960   10.38434991 
4.30553946   10.31934979 
4.40166581   10.28214115 
4.31083263   10.24254455 
5.22857538   9.88324397 
5.20365175   9.92153466 
5.22255352   9.97250878 
5.22424405   9.83582163 
5.27608099   9.86013330 
5.27439974   9.78984713 
5.32306074   9.89807654 
4.54034536   9.02403263 
4.61758481   9.00117235 
4.61025533   9.08724291 
4.57761111   8.92192250 
4.71050478   10.45285599 
4.76403796   10.48769303 
4.71257187   10.51730247 
4.78059422   10.43094826 
4.74093304   10.58964200 
4.64891991   10.56291566 
4.67208091   10.62956810 
4.53445234   9.48613458 
4.42767895   9.51935660 
4.45693596   9.43366072 
4.96727201   11.29710811 
5.03173856   11.28937471 
5.00882548   11.33884285 
4.51628260   9.57279786 
4.47996825   9.35163959 
4.40821866   9.27296516 
5.50997214   11.00653831 
4.41533975   9.61793474 
6.04846847   8.27655182 
6.07220319   8.13728430 
6.19153143   8.21589301 
6.18982080   8.03549542 
4.27817336   7.13200259 
4.42462236   6.96619021 
4.57557563   7.14258811 
7.77965034   12.92770625 
12.93148463   12.82741952 
13.67784429   12.90416428 
5.51384110   13.15222408 
5.29218449   13.20567299 
5.42852040   12.98040273 
5.46687812   13.37056637 
4.38937669   9.14763446 
4.33109115   9.04181411 
4.44524219   9.03928540 
4.25018344   9.08916370 
4.47010335   8.94772994 
4.83160069   10.43685874 
4.87957290   10.46037960 
4.82583058   10.48854027 
4.87996194   10.41675007 
12.46151929   7.93472724 
12.52178434   8.43447548 
5.59056268   10.32837066 
5.63601611   10.37541229 
5.57223898   10.38432034 
12.53360177   8.99626230 
4.48791086   8.27004070 
4.35734389   8.35002813 
4.35740750   8.21030258 
4.23581323   8.25725670 
5.14191965   10.46396194 
5.14374410   10.50593728 
5.16546497   10.42663522 
11.50718592   7.51048770 
11.27686026   7.96748398 
11.05947265   7.54769900 
10.72658494   7.93840105 
11.62673952   7.03245748 
12.08497481   7.42650067 
5.76513605   10.96584739 
5.81344252   11.06412096 
5.72164834   11.03627719 
5.72008892   11.13008146 
7.69462086   12.62685295 
7.46626295   12.89034073 
8.02935365   12.61457169 
7.24334020   13.13204319 
7.15964353   12.81554811 
7.00523044   13.08804231 
5.60596378   10.44088985 
5.54975808   10.28706909 
5.61117409   10.27347779 
5.42252833   10.86364731 
23.06251437   2.09627893 
5.46358871   10.80467086 
5.49011278   10.87635572 
5.52921384   10.81497643 
6.85354724   11.93130129 
7.03962610   12.09112111 
6.79601680   12.18169680 
4.75155877   9.61286018 
4.79868119   9.63578330 
4.75853391   9.67091893 
4.81159539   9.67980059 
4.68612305   9.57753235 
4.76345887   9.54240627 
4.69695667   9.50122059 
4.73319860   10.27801328 
4.73633104   10.33710664 
4.79557242   10.27974176 
12.23075469   13.04322229 
12.88431250   12.07112129 
7.72034764   11.80112148 
7.63108733   12.08005221 
7.52304525   11.83330284 
7.34634353   12.02886667 
23.98320954   3.56176295 
5.68687827   10.84966456 
5.58400438   10.87487987 
5.60816096   10.77834511 
1.12589625   6.87549076 
1.16414577   13.02589884 
10.81781761   14.34384305 
10.74274846   13.79315465 
4.59980779   9.85116590 
4.59834942   9.92109048 
4.53376830   9.82738906 
4.59581324   9.77936878 
4.52222497   9.75300857 
3.68075098   12.50164501 
3.88649234   12.34030843 
3.94691389   12.53948053 
4.16611603   12.53035126 
8.20242120   6.76157976 
8.27306778   6.41308028 
8.42518626   7.05185861 
8.08302466   7.05972551 
8.16476367   7.35918111 
5.54742289   10.94288519 
5.59289604   11.00422429 
5.55531862   11.06890337 
4.62131637   9.99240462 
4.54370404   9.98333013 
4.47627711   10.20287124 
4.61362571   9.53577648 
4.63284793   9.44237254 
4.54966995   9.40052689 
4.60265217   9.62066439 
4.68389825   9.66168430 
6.41756821   7.45425372 
6.67058391   7.33045568 
6.68087946   7.60019483 
0.70435241   2.06079812 
6.90705457   7.39797531 
0.68245798   17.93629389 
0.85055695   18.71763516 
7.61004092   12.35396350 
7.87534541   12.30313067 
24.47368123   2.73576210 
5.79715664   2.05826008 
5.55653047   2.45931240 
5.22034462   1.92888395 
5.61659327   1.48376836 
5.00388104   2.48093486 
28.93962347   18.33693344 
28.58399123   19.15626978 
0.43459937   11.51195992 
28.92406662   1.68851722 
28.58153807   0.85124754 
0.56445366   8.09910508 
1.68223149   10.93265607 
6.65603671   0.55744151 
6.15227386   1.09682800 
1.65701165   9.81451128 
9.65839702   1.01666505 
4.41743550   6.44128219 
4.18714844   6.60113945 
7.74298864   8.82916466 
7.69348123   8.61317543 
7.96564928   8.64116530 
10.29405567   1.25187587 
2.06777104   2.53452444 
1.67758350   3.02467490 
2.20846188   3.10773566 
13.17134762   19.00577925 
12.70000052   19.40754723 
12.47553799   18.70643710 
10.90205040   1.69949547 
3.85533328   6.58047498 
9.13616826   19.32692081 
9.73050065   19.15630513 
29.42373022   19.10601006 
10.33274743   19.33538444 
29.42072855   0.89948460 
22.89139200   0.64454097 
9.13988544   1.41448205 
9.72424675   1.63849422 
6.33845576   16.00571498 
5.93009466   15.72420891 
6.65404995   16.28266224 
6.30610863   16.48256027 
6.34397803   15.20277404 
5.96685209   15.36192319 
2.73506589   7.78054279 
2.38281070   7.63341224 
2.80184959   7.39788313 
2.49832227   12.41674687 
2.78291237   12.23906412 
0.44736452   19.30938093 
0.47274693   0.69593864 
13.78041735   19.32031138 
1.32242147   16.03631419 
0.64925166   16.46367332 
4.90574831   16.95836136 
27.30448868   6.02467924 
23.70271396   0.52642414 
24.61015340   17.23595322 
29.27489352   13.10275714 
23.84581941   19.30446072 
7.77911368   2.94393774 
7.97789241   3.43153473 
8.29804831   3.04987184 
23.61417923   9.23680115 
23.85272717   10.05261022 
7.86633768   16.58835115 
7.74627782   17.05953043 
7.39477694   16.55583481 
8.29257030   16.95796279 
1.55891078   12.52893984 
1.84277045   12.98132509 
5.73109402   18.30838961 
5.34598352   18.75735003 
2.75717429   11.18094599 
3.00013638   11.37681348 
2.46299890   11.12782356 
6.41249894   4.60156174 
22.86520526   8.88775653 
6.04007508   4.38454782 
3.24104907   18.49975605 
2.81859150   18.70514218 
3.84520780   18.30353757 
3.00570442   1.42670871 
23.37128844   15.81587918 
2.81464854   9.10852556 
15.96289682   6.20014271 
16.70708341   5.88029723 
16.64738842   6.74921203 
7.97653920   11.95081578 
17.42323346   6.49299923 
6.17041780   11.68100086 
6.24334715   11.81643790 
6.11139245   11.81755135 
3.80822862   10.11697044 
22.20193311   9.35021465 
5.19122233   9.10040609 
6.17653021   11.97128098 
17.28420951   18.35184827 
16.55018961   18.69326730 
16.37790555   17.97234968 
5.19451536   9.48167050 
5.15679462   9.52136163 
5.14254323   9.46122800 
5.10156787   9.50872153 
23.16033865   18.93758723 
22.56046115   19.29766229 
9.25845550   18.61415214 
9.81162397   17.68460683 
25.03162845   6.31711461 
24.57907560   5.23909646 
11.69053347   1.44642002 
12.18935215   2.17870979 
11.99456241   0.66138838 
6.20076703   3.08714315 
5.54888642   2.91792563 
6.02128236   2.55339961 
5.80417430   3.45720583 
5.87312716   19.06208835 
5.15953154   19.33646961 
1.81640941   11.35446740 
1.54379444   9.41353752 
2.06527978   9.58231375 
25.01916367   14.48153109 
24.18672461   14.02172113 
8.44545881   16.41119486 
2.80003494   17.33226254 
2.76684364   16.64053792 
3.29005726   16.93486523 
4.78770262   11.13977240 
4.80131456   11.08557751 
2.31395384   16.97367756 
2.72032070   3.39623807 
3.27840372   3.07682454 
6.41041374   18.01782918 
23.82643419   17.58103319 
23.18364815   18.17284276 
3.23669059   11.18552654 
4.75595660   11.03896951 
6.64273887   2.63414237 
5.90778739   16.17178856 
23.44817441   2.79886038 
4.00428113   0.83448064 
4.87236146   1.20423410 
6.90933525   14.20427990 
4.68082219   11.04153965 
5.56863336   10.23133782 
7.72086068   10.92314835 
7.78705254   8.40818494 
7.02503668   2.21245487 
7.22212895   2.82164877 
10.76632265   18.87880458 
17.17578989   8.08911488 
7.44859539   10.99437532 
7.52599055   10.71933924 
1.28783681   3.96508257 
4.59581596   9.69929352 
4.51282255   9.66261184 
2.10260339   11.00984967 
2.24416283   11.41648329 
7.23075380   17.19963175 
7.05978509   17.73697214 
6.83932329   16.79973030 
0.84226798   14.57668858 
4.67119774   9.80290032 
5.60592628   12.63101898 
5.78373248   12.73385000 
5.57061069   12.81649827 
4.97642363   10.99573485 
4.97262553   10.94682713 
5.02309377   10.98406094 
4.99631018   11.03627025 
5.68403993   12.98297670 
4.35788624   12.16167561 
4.30915652   11.96825811 
26.21185635   6.26798487 
2.72191528   10.88802303 
6.73133789   13.64926014 
6.45650338   13.58107870 
6.66415608   13.41444601 
6.46336225   13.23898626 
6.32386161   19.49619581 
6.99872552   19.45754316 
6.63703921   18.96134750 
28.30137661   7.49497168 
6.33568336   10.93441920 
6.51173417   11.02549482 
6.34025586   11.13212069 
0.84353366   5.44405929 
15.54216036   0.73964600 
15.76216382   1.75402929 
7.63420001   17.67653185 
8.17863943   17.55130071 
6.50863350   11.21952298 
5.18735906   10.21689761 
5.13665185   10.19036358 
4.08380170   7.31746271 
5.24099983   9.07634705 
4.21621380   7.57779140 
3.91619567   7.50676089 
4.01574708   7.71138741 
2.47512726   9.58855332 
2.29971378   9.23140075 
23.80577271   4.41805128 
13.84710415   15.83508063 
13.31604190   16.02400085 
13.27270147   15.44135725 
18.10387149   5.75881131 
19.03383739   6.10496101 
11.11089445   10.47213132 
11.42260382   10.98930858 
16.91883813   11.38872751 
11.02972413   11.40083296 
6.37590968   11.31127900 
6.53013653   11.38677121 
6.41345784   11.46655021 
5.93290355   3.93015877 
5.44386232   3.75901701 
5.18803416   10.38171504 
5.24765813   10.37249043 
4.96739821   11.11765887 
9.65385569   7.63761721 
10.16974841   7.62059542 
9.24294429   7.38907157 
11.77076859   18.65107689 
11.77196813   17.25325219 
8.20335473   2.46813872 
7.63953090   2.34233618 
6.00885926   10.27403851 
6.10187054   10.34812557 
5.29796896   3.31632364 
4.95760077   3.07115986 
5.76540054   9.14706822 
5.71626600   9.21719430 
5.68209306   9.14422697 
4.55483149   10.41606240 
4.64342975   10.39856888 
4.66925089   10.31742614 
5.09232043   4.03231895 
0.61254542   3.54629296 
4.62717509   10.47651010 
1.52477770   13.47582537 
6.85586500   1.03661891 
6.00543748   11.48771227 
6.04048432   11.60249379 
5.89675762   11.58592573 
5.98375414   11.73475140 
5.77880095   10.63926681 
5.89904404   10.67401903 
5.80573010   10.75728271 
1.99631037   13.57602014 
5.78575267   9.24035918 
12.81099133   0.70124672 
13.27495602   1.49183568 
5.57248012   10.49731205 
5.54345718   10.55040743 
5.48479728   10.49205289 
23.36333615   16.70447248 
5.23012761   10.25716803 
5.24582695   10.21450906 
5.26423578   10.16713523 
5.29895799   10.21177251 
5.33326546   10.16030788 
8.59251278   1.27258386 
8.59976455   18.76659887 
19.85163311   13.82820575 
11.29510799   14.67712124 
0.55742864   13.47211796 
11.92035237   14.40332958 
11.80912261   15.04510565 
12.27382782   14.79396227 
6.59037104   12.96743626 
6.83351248   12.87027088 
6.76125564   13.16443016 
5.58250779   10.17141340 
5.51805567   10.19734650 
5.52335398   10.11998321 
4.63959310   7.78966224 
4.86585447   7.71875218 
4.83723993   7.93593562 
4.34876038   11.19916979 
4.46927111   11.17043213 
4.45509296   11.28736945 
4.41540721   11.07713004 
28.96515688   8.74035074 
5.39265400   9.89659351 
5.39946759   9.97333367 
5.34866084   9.94234673 
8.48350063   4.10495689 
8.46344752   3.62479907 
8.89930954   3.85002643 
8.24612367   11.66185610 
6.36046837   10.61035229 
6.50042401   10.68399516 
6.38768339   10.77346674 
6.86303165   12.57837975 
6.99837731   12.68567355 
8.09614288   4.03596084 
8.74095360   4.43578853 
6.61706696   12.69023462 
7.39832103   12.58153331 
4.45661994   10.45880367 
9.65801132   2.97792719 
4.33468183   10.50876559 
0.58519834   6.60267666 
4.24340641   10.40719850 
5.48279756   10.57436831 
6.49237788   10.54851134 
5.02883004   8.87071630 
5.04957168   8.89901574 
5.43723702   10.73666714 
5.52153455   10.73840526 
5.41546220   10.67286877 
12.06599876   19.32275535 
4.56767237   0.50909790 
4.97938864   10.27896303 
4.97316286   10.32079628 
5.34649167   10.67256925 
5.47227369   8.41559748 
5.63173667   8.47351990 
5.42261893   8.26692082 
3.18944491   11.69593890 
3.53695383   11.77644180 
5.28038164   8.61663612 
5.19269828   8.64810564 
5.20283873   8.54625268 
5.13058947   8.60231973 
5.30414810   10.33856456 
5.23601158   10.30992171 
5.20290836   10.34390672 
5.36742286   10.30266616 
5.37435375   10.37869796 
5.43765270   10.31909949 
7.38746294   18.15626423 
6.88564306   18.38058006 
4.30518432   10.75689175 
4.35191114   10.64116882 
4.43959167   10.72751870 
7.46805416   18.79681174 
4.23778281   10.65179397 
5.57031220   7.13468587 
5.65972073   6.89161624 
6.37609693   2.14351058 
6.11539156   1.66650885 
5.32024076   7.19801048 
12.69151092   14.21019803 
12.08974321   13.73971078 
11.54113338   13.21697476 
7.69475208   3.94519139 
4.83162856   8.39377215 
4.78186625   8.26207865 
28.82800905   12.52483426 
6.30509168   10.29096592 
6.20862283   10.32998257 
6.22403661   10.23630688 
5.23569941   9.45251078 
5.23639186   9.40063361 
5.27194980   9.43070229 
5.28845131   9.37894084 
6.85355279   10.13788034 
6.69679682   10.09725238 
6.85624701   10.00409123 
7.99341387   7.74276117 
8.45184107   7.62825784 
8.26564713   8.01245839 
8.08019145   8.31373743 
6.71578562   9.92489927 
4.72032906   10.38440125 
5.41619884   10.60144097 
5.41107625   10.51707648 
12.49489461   1.40558904 
12.88423083   2.02408266 
5.36476224   10.62347671 
7.99323324   5.03838819 
8.21599348   4.58973078 
5.53009114   10.42907840 
5.45521509   10.40699167 
5.51788714   10.35080179 
3.54278776   0.41840957 
5.65139060   10.50278109 
6.10778028   12.86488125 
6.01092958   12.70692122 
6.22329491   12.73125124 
6.11951690   12.55844074 
5.10155495   9.15118360 
5.06563050   9.18365551 
6.11934193   6.88206541 
6.19730943   7.16787110 
5.10114054   9.20145727 
9.09455576   10.58392198 
9.37372342   10.33223099 
9.53727960   10.72420255 
9.74853683   10.34108301 
7.74127113   4.51955218 
18.94673249   4.55833772 
18.65075893   5.26883436 
5.40600226   10.18879128 
5.46178578   10.16760932 
5.46109052   10.24034674 
7.39417180   1.82440292 
6.77151530   1.60194357 
7.48177128   1.23328083 
4.78951531   8.47270808 
4.79271893   8.54990652 
4.71836311   8.53486241 
4.85822406   8.50230033 
24.17912513   16.79364813 
7.15300409   11.59227398 
6.95483536   11.70804470 
9.68484108   17.10069797 
6.79758965   11.52651088 
10.00373356   16.58173422 
7.32696674   11.45147787 
7.34082928   11.71482068 
7.57661847   11.54165314 
4.30485621   15.40497044 
4.31706125   14.85900709 
4.90662223   12.39812784 
4.78228269   12.23869640 
4.97532754   12.20596452 
4.67845687   12.40271929 
28.06250212   12.74162742 
27.29444007   12.67276351 
28.04273026   11.92190528 
5.89210544   10.83023728 
5.78738378   10.87075414 
5.75078884   8.65532990 
5.83341749   8.62317511 
5.81044042   8.71946863 
5.40366606   10.45247921 
1.47029210   6.50219681 
5.35086891   10.48838136 
5.34220565   10.56006007 
1.91880165   6.45629849 
2.27921241   13.19646117 
5.14886561   9.12910561 
5.14366523   9.17971637 
11.19999436   19.25487033 
5.19799235   9.64496566 
5.17002094   9.58687436 
5.23882975   9.58967992 
5.13615992   9.63955879 
5.89791739   8.68788802 
5.19312418   9.15631827 
10.16232526   17.27128578 
10.57653130   17.52717126 
6.78510552   7.84287215 
7.01766456   7.67132622 
6.98253728   7.92714156 
5.55036279   14.68583476 
5.26627133   14.51996322 
5.58501963   14.32541616 
5.20255669   14.24738831 
4.17567991   10.53019882 
4.10836844   10.66910050 
10.14486685   8.80989369 
10.20996499   8.24281267 
10.59261681   8.52734608 
4.21432725   7.85850953 
4.43531940   7.67965363 
4.67587948   7.53189466 
5.06778961   7.67655486 
4.93344405   7.51222508 
5.16675037   7.53131410 
19.36630631   3.77620944 
5.10448396   7.33535412 
5.32717798   7.41689008 
4.82523680   7.28603520 
5.83718738   8.09614812 
5.97938378   7.98285802 
5.95181145   8.17562322 
6.32419817   3.99070927 
6.60774823   4.26021274 
6.96197484   8.13992275 
6.79903511   8.23188424 
6.80085116   8.03444448 
6.30613860   3.57311108 
5.75395653   7.95477364 
6.76396503   4.68180227 
9.29803907   8.64860423 
9.58177353   8.81437034 
9.15091980   8.87986691 
4.97008879   8.92903852 
5.00146508   8.89700531 
5.01377958   8.93116762 
5.00335397   8.97067316 
21.05892183   18.56643932 
21.80525051   19.21108656 
21.04386540   19.38018947 
5.48804108   10.04658998 
5.53312092   9.97993972 
5.55584205   10.04862742 
5.59212459   10.69682409 
22.82173960   17.51014510 
22.05247595   17.40908116 
22.24448849   18.33963768 
6.27282376   18.57486591 
5.56036663   10.62443664 
5.66426185   10.64700504 
5.47229027   9.98131623 
4.64751949   8.25442395 
4.74662938   8.12028513 
5.51107463   10.25325928 
5.48969129   10.30068289 
4.57966943   8.39199446 
4.44076096   8.46132624 
2.19593696   8.91163040 
4.57873110   9.18796471 
5.13653203   10.37969788 
5.01920915   9.51693866 
4.97532790   9.52076819 
5.10849722   10.42350696 
5.08704688   10.37101587 
8.01824954   18.28501683 
5.10441568   12.72863548 
4.85796048   12.63686076 
2.28379926   8.64232415 
4.73651306   12.82698236 
6.03953501   8.40873416 
5.94054567   8.31889944 
5.40016895   10.11668255 
5.33530220   10.08851771 
5.38124758   10.04373540 
10.85647791   13.21751733 
11.23457043   12.58162967 
9.00123163   11.93835506 
8.60583581   11.76142737 
8.92936130   11.48870108 
8.59650261   12.18274957 
8.13115376   1.75975714 
6.16281299   8.37318774 
18.02086720   4.77978359 
9.38888982   9.18451738 
6.65774926   11.14650972 
6.69814436   10.95154017 
1.81873236   17.23842230 
9.43679923   3.88103888 
6.56647828   10.82113750 
6.08560497   10.85029328 
6.10259382   10.72342274 
6.22509760   10.79592647 
5.98359953   10.76257574 
15.81314546   8.65930937 
15.69946761   9.39536352 
9.04634773   9.22098188 
8.26691505   8.82305040 
8.26061516   8.55704462 
5.84561332   11.20202367 
5.93154431   11.09045398 
5.63197327   12.45459600 
5.43551192   12.52133998 
5.39709862   12.33233152 
15.66668551   7.85762282 
6.72367348   11.73601957 
7.11899761   11.84134956 
4.48809517   8.64527605 
4.38810908   8.77402589 
4.31081399   8.61121307 
2.82234383   8.09620502 
2.88600782   8.33451246 
3.14407698   8.25442766 
5.67793112   10.43648247 
5.70715780   10.36433283 
5.73618076   10.28486560 
5.78288838   10.36274492 
5.82912870   10.29401682 
5.35828138   12.75045824 
7.18669811   7.43076170 
7.38415857   7.65759531 
9.97869876   10.06990229 
9.53052273   10.01079529 
9.74433201   9.72447499 
6.18059866   12.28686030 
6.34786423   12.13426484 
6.38724379   12.34244590 
10.17301929   9.70861905 
6.64806672   12.41575281 
6.37630381   12.56422886 
5.26114397   11.33942814 
5.25266101   11.39690058 
5.19723400   11.35622210 
5.17746424   11.42425243 
4.96798565   12.01067101 
5.12588637   12.08836563 
4.80188741   12.07695592 
4.60525512   11.46700734 
4.52620424   11.38467091 
4.98369235   9.73650474 
4.59370424   11.60567497 
7.83794800   9.48194098 
7.71557900   9.30853303 
8.03786370   9.24130437 
7.79190376   9.10126635 
11.00193380   9.93160134 
10.51369318   10.14589998 
3.79653851   11.02550865 
4.50798377   9.11524651 
5.63085841   10.20936094 
5.65707891   10.14630929 
5.59823122   4.98207952 
5.59752260   10.10061429 
5.67922945   10.25106387 
5.65873466   10.30870065 
7.21239705   0.68392030 
5.61918073   10.56866262 
5.71797846   10.57778034 
6.17487173   10.42006806 
6.21958330   8.63040310 
6.12279273   8.49764540 
6.25932184   8.49421921 
2.35462953   17.62368252 
8.05345235   9.55341872 
6.00927062   8.53585267 
6.26250274   10.50335207 
6.38306236   10.47234824 
5.43288121   8.54181261 
5.53993112   8.58966841 
5.44194011   8.67594009 
3.24876507   3.76696203 
6.28847623   10.40458494 
19.95805023   18.44186430 
5.64016286   9.07845512 
5.60931233   9.15874954 
5.65249236   9.21914556 
5.92158364   8.57916108 
5.74839713   8.55857069 
5.99082142   8.65053720 
6.09943259   8.63666730 
9.13737575   11.12663927 
9.21525046   10.83514876 
9.48966038   11.09942408 
5.00526894   10.12047101 
5.02466306   10.17930009 
5.26870871   11.97462866 
5.28921163   12.18836813 
4.97936555   10.22402258 
6.34550905   8.12977095 
6.49360390   8.20402049 
6.33484390   8.32304354 
8.86844975   9.01965021 
8.58133999   8.98136133 
6.50421902   8.38084549 
6.40269386   8.44668697 
5.67818052   11.39121930 
5.73895377   11.29342315 
5.05045010   8.47874546 
5.13633698   8.45729415 
4.95331729   8.46184289 
5.25750916   8.43949306 
5.31511388   8.54019398 
5.63604841   9.93032163 
5.57460509   9.92528182 
2.88635409   11.62409928 
2.82714618   11.87329388 
2.38500786   7.27129159 
4.90458829   10.77764003 
4.90892182   10.71265310 
25.91192233   7.26600009 
5.70802526   9.88311181 
5.10161340   9.38446017 
6.43297834   10.25326534 
6.38545629   10.36943361 
4.92582599   11.74894764 
5.05234929   11.77744053 
4.94237602   11.86320281 
5.00232282   11.68180959 
6.37068627   8.59975504 
6.32971564   8.72976787 
6.45057775   8.68517450 
4.11185926   9.17490320 
5.43760120   9.23651791 
5.40606625   9.18690534 
5.47089915   9.18557832 
5.43599569   9.13527598 
8.47292283   9.33919372 
8.27882703   9.13667551 
5.46417019   9.29389927 
5.40300749   9.27426727 
15.22521780   6.49633282 
15.28796462   5.73135090 
5.39009050   9.32662234 
9.50637365   9.46355545 
9.20515788   9.43903196 
15.15118219   7.19949931 
14.53463536   6.61669183 
9.35975761   9.73170479 
5.86531423   10.22553152 
5.94190871   10.20242195 
5.91487652   10.29421019 
5.85358295   10.14094797 
6.45908757   10.02168841 
6.41186613   10.15278252 
6.34718357   10.03891680 
6.52574912   10.12424944 
5.42445490   9.42188935 
5.39137491   9.37678754 
5.44892082   9.36505126 
4.93653621   9.50542788 
4.88060597   9.49588979 
5.65415315   8.63842082 
5.45440310   9.47016077 
5.38981748   9.47188311 
5.41774023   9.51960088 
5.35457134   9.69168565 
5.30037784   9.68977372 
5.32739993   9.64152130 
5.31852748   9.73611066 
4.87658995   10.57863477 
4.92881976   10.59480384 
4.89789457   10.64514045 
6.77908962   9.32418481 
6.88131250   9.17818210 
6.93358628   9.32514861 
9.84276636   9.28929774 
6.72288820   9.18077468 
7.09477913   9.32769758 
6.99831048   9.47290393 
7.15796145   9.48260146 
5.11785230   11.68357257 
5.07379233   11.58411687 
5.51097843   9.92285688 
5.59912706   9.98461182 
23.28759646   7.22230075 
23.74376212   8.23368431 
4.92231612   11.25666271 
4.89820559   11.22106517 
7.28113238   9.31013184 
7.46145956   9.32918452 
7.35533634   9.49139729 
7.58425536   9.54123505 
7.17814814   9.16933686 
7.70217394   16.15926350 
7.02083955   9.20649260 
3.59146984   10.97757054 
6.15343035   8.89729098 
6.05444015   8.92761731 
6.08973638   8.83144342 
6.00224075   8.84676006 
6.27591004   8.86585491 
6.21601368   8.98983237 
5.56546199   9.72211302 
5.51088491   9.68635666 
5.57361065   9.63457308 
2.37132669   12.80296301 
6.33707760   8.96799155 
6.64734602   8.13239560 
6.65846102   7.97522063 
3.29417339   16.20050073 
6.64968226   8.30375955 
7.35425056   10.81469562 
7.14928831   10.77214040 
7.29156766   10.62578614 
7.21202643   10.95746449 
4.90764708   8.82119744 
4.91296452   8.86769991 
6.95169633   10.74749554 
6.80148933   10.65302806 
6.91407506   10.56770011 
6.76177966   10.79443311 
6.04917848   8.73047575 
5.95191944   8.76993484 
5.34718942   9.58917076 
5.36782146   9.53012827 
5.40141557   9.57998805 
5.29477049   9.59942750 
5.26338113   9.65523457 
5.21466241   12.55723751 
5.26303171   12.37468440 
5.39810917   12.06216565 
5.52696596   12.06058918 
6.04160967   10.52317193 
5.95185631   10.57232992 
5.96479124   10.46720601 
6.01584101   10.63978836 
5.95748111   8.94848819 
5.86988870   8.97000621 
5.91068891   8.87260084 
5.82017787   8.89211116 
2.66529609   9.94153704 
5.99881280   9.03146275 
13.85963485   6.91170838 
14.06568464   5.96963167 
4.81744729   11.32486079 
4.73328712   11.34728358 
4.75656120   11.27078325 
6.10674620   9.01247410 
4.92477841   8.90779121 
4.96199348   8.88049080 
5.86282102   8.79628691 
5.76920989   8.82213463 
5.71537392   8.73510168 
5.84494095   9.14111033 
5.93346115   9.13230690 
5.88206600   9.22016779 
5.97584820   9.22013956 
4.79365194   9.06495519 
5.80383945   9.06026995 
5.72129514   9.05494375 
7.37455341   9.66328320 
7.54632159   9.74909256 
7.39963836   9.84553380 
7.57457121   9.93019703 
7.20156775   9.64455906 
6.93482904   8.34938188 
6.89423861   8.54849440 
6.78960181   8.41410411 
7.07192994   8.50782481 
6.63801576   8.47163080 
4.91993516   8.98634994 
6.14339055   10.51118509 
3.58053308   9.60324987 
6.11990785   10.61026799 
5.22168609   11.17333052 
5.50463202   9.49573799 
5.46741713   9.54214890 
6.63288928   9.31807406 
6.48473200   9.31225934 
6.58049074   9.18760946 
5.05982407   10.70120336 
6.44094144   9.19446168 
21.26186807   15.83813848 
21.47297978   16.79317899 
6.68333088   9.44883469 
6.83562446   9.46355983 
5.05054087   10.09596252 
5.09323665   10.11088637 
5.05872051   10.13974407 
5.10330809   10.15161949 
9.16686222   10.01939847 
8.87417879   10.09407622 
9.04482468   9.76922869 
4.91273592   10.55006207 
5.00248261   10.72950013 
4.88682570   10.51482415 
5.18882992   9.21016587 
27.62999923   9.33212895 
28.45994598   9.48861684 
3.45680157   9.21359217 
3.22117177   9.19086333 
5.07809739   10.05798937 
5.13508293   8.89724482 
5.09044627   8.91067025 
24.50624286   9.16334331 
2.37630527   10.73597003 
3.90792605   5.53873629 
4.01750210   5.22774835 
3.66829166   5.15870244 
4.95425086   9.81502080 
5.06625168   11.06398599 
5.05328955   11.02262711 
5.09785764   11.08275570 
26.43930388   12.31784355 
5.43287428   5.92535587 
5.17655455   5.79268469 
5.09592531   10.59427278 
4.95974393   9.77381119 
4.92294295   9.79049280 
4.97024224   9.00761266 
4.89722120   9.02301991 
17.57889539   3.84121568 
16.67858027   3.66775790 
4.69497629   9.30840237 
4.69650671   9.37948122 
14.87526280   19.41538844 
24.38210466   13.19554407 
7.82576121   5.52168205 
4.90713827   10.83926198 
11.20176775   4.81228421 
11.51799609   4.21797587 
12.04603142   4.75908083 
12.21528653   4.03361561 
9.07449392   4.80125904 
4.76420902   5.21172258 
5.10106420   5.41326755 
5.30887325   11.15933678 
5.26939725   11.18012612 
5.30934309   11.21694027 
3.25574555   9.40843739 
3.44568281   9.45833266 
17.01784305   4.54647926 
19.18178329   11.13549814 
19.28800345   10.49586702 
5.06677595   9.35319896 
5.11315119   9.33915688 
19.92037417   12.75483966 
19.15349962   13.27429906 
17.55162533   19.21829437 
5.07199229   9.31032680 
22.22358795   4.75136660 
22.95199381   4.66465714 
22.71415640   5.41834857 
8.91992968   13.79568741 
5.23344066   10.06313329 
5.20784009   10.02290392 
19.60584541   11.80211593 
19.15913351   12.54843195 
3.75201205   8.02398260 
4.05412714   8.11851209 
18.46917280   3.82915970 
5.13900150   10.91729481 
5.16647861   10.95611532 
5.15706827   10.87169545 
16.89404630   19.12187702 
5.11468900   10.95935204 
2.16472552   6.91251131 
7.54567292   5.08191198 
5.08747973   10.92016745 
17.34067333   7.25372993 
4.86992995   8.90318160 
13.91034640   13.56832282 
14.32507627   12.98727003 
14.72418479   13.65328276 
14.24927751   14.18265871 
23.53518226   13.26279307 
23.09254675   14.03884350 
22.51579815   13.07867887 
15.85212871   10.13892313 
15.66333809   10.78460357 
5.10889635   11.11929437 
5.17548177   11.16837287 
3.61160136   4.67516981 
14.63627919   5.41187524 
15.24082882   4.99463072 
14.71124426   6.01075625 
10.77028096   5.73695295 
10.38080620   6.09039719 
3.61814273   9.38572842 
3.75846268   9.53865114 
3.30652143   4.88632817 
5.10117672   9.91020184 
5.08442577   9.87010031 
5.14503188   9.92436851 
7.09957657   10.61462275 
5.70499320   5.73431880 
5.06729405   10.96804074 
4.78092652   10.98619446 
5.32437009   5.08871920 
5.57216205   5.36702049 
29.11554944   11.69688600 
28.46186467   11.23126151 
29.21108882   10.88435425 
4.92678215   8.94668567 
4.95846654   8.96887397 
4.92362316   10.43214618 
4.92669575   10.47370423 
3.44318875   8.08265063 
5.28886894   11.28524679 
5.36026101   11.27063392 
5.32988395   11.35755992 
4.82321006   9.49601950 
5.04965924   9.67060324 
3.50059567   7.36628969 
3.69296987   7.49765887 
3.72215506   7.21253588 
20.36557059   14.46400653 
5.02910590   10.22706310 
5.07081952   11.17226779 
5.07307865   11.12990197 
16.55985727   7.47825477 
15.87836604   6.99562723 
5.03799102   10.33001043 
29.32599285   9.26270209 
4.88234763   9.85483439 
4.78764975   9.89214931 
5.05784634   9.22945167 
4.89561688   9.66062616 
4.93252637   9.70170137 
15.64394801   17.02834796 
15.81100331   17.61476720 
6.82833338   5.07840609 
7.20476000   5.13553961 
6.92229897   5.44312009 
22.38681423   14.56041737 
5.11421795   9.30180384 
5.05879890   10.21442310 
5.08000872   10.18406043 
10.49628615   4.65206451 
10.66789987   5.17266477 
9.21814307   4.35872982 
9.65371762   4.35684687 
4.89754947   11.04274888 
4.82771870   11.02382813 
9.24179973   5.68386699 
9.38584826   6.04294057 
8.26766990   14.05555903 
15.07735629   14.40991672 
15.10449572   15.08816113 
25.53493615   10.63986345 
26.42782920   10.51791638 
26.31737771   11.36921830 
16.36263355   8.20286428 
2.95842524   9.83490040 
4.80250402   9.76700521 
4.79484140   9.81992411 
5.03868783   9.28129531 
4.93528684   9.86527342 
25.49996848   11.84523855 
23.00904081   3.63769603 
22.70628931   2.75530109 
16.45435326   2.61238776 
27.11110790   11.74320662 
21.33277295   17.66261786 
20.53995232   17.78587684 
4.79760279   10.73843622 
5.31383014   8.98892287 
5.29729590   9.05561579 
5.18424980   9.25692583 
20.44487620   1.92704522 
3.77246058   11.96803666 
5.42399928   11.33471576 
6.85159847   9.87300783 
7.02026916   9.90455546 
15.94240989   18.67428637 
16.25237680   19.34597517 
15.56857726   19.35959928 
14.85748904   7.83391195 
14.47241653   7.23999389 
14.11882780   7.79688057 
3.12032647   5.75841671 
3.21755418   5.33367885 
3.55596418   5.65555056 
4.81528015   10.58389808 
17.32741489   5.44190043 
4.78386045   10.53419801 
5.10399847   9.82311584 
5.11537560   9.77575205 
5.16551656   9.81074657 
5.02670521   10.47735040 
5.03888055   10.50459334 
4.91382658   10.38091615 
20.34041527   15.76540612 
20.73676104   16.40153202 
13.70359600   16.67705389 
4.86591920   14.11581292 
4.53504462   14.19330166 
4.20139283   10.28051485 
4.14141676   10.15696417 
10.06379051   16.02604185 
6.47488884   5.41606780 
6.73232911   5.77942793 
5.23233823   9.25229670 
5.21575408   9.29814002 
5.26175485   9.30921642 
6.44875088   14.16074714 
22.29988948   4.09914930 
21.44686845   4.27593661 
4.00764433   9.34664971 
12.72587667   15.03535085 
12.22227656   15.27582722 
4.56633305   9.33295567 
4.52232711   9.26977079 
4.85779227   11.07460495 
4.89665420   11.09177267 
4.85594369   11.13084694 
4.85439393   9.68091822 
4.83267674   9.72590620 
5.20803047   10.63989138 
5.17613821   10.61306146 
5.43255278   13.59168257 
5.65241822   13.52046560 
4.93637517   11.08223153 
5.84440232   13.72851702 
5.92244994   13.48176142 
15.51764058   18.12161157 
4.95376914   11.04049171 
5.05011435   10.58179153 
5.04172713   10.53937854 
5.08399801   10.55240202 
5.07295253   10.51808606 
5.01420249   9.36153196 
16.90994526   15.45433189 
17.47607324   15.74495729 
5.13052472   9.86876502 
5.18299892   9.87405704 
13.77748652   3.64714086 
5.24672617   9.18861900 
18.28235299   19.34008312 
4.85006446   10.62360255 
20.67402910   9.60885672 
20.08483156   10.19165764 
20.78719736   8.88446185 
5.03321921   10.92431595 
6.28018222   6.38362099 
22.64638569   7.97182963 
21.72489880   7.59152515 
22.45520723   7.30348706 
21.80064530   6.76028238 
5.06230689   10.25277962 
4.27487481   9.22222542 
3.89825007   9.47514293 
8.59650741   6.18571439 
8.27320891   6.02949252 
6.99947918   10.08695211 
8.19534112   5.71608716 
9.96174369   4.60295671 
3.89866228   10.24736919 
4.04351663   10.27132361 
2.90945974   4.66545445 
2.29353958   9.94824848 
3.23055634   4.41023373 
4.70877418   14.77231635 
3.94086188   8.73321850 
2.51770062   14.55579734 
4.86350168   14.49117408 
18.76716255   10.02637781 
16.21106032   11.24442187 
4.92998151   10.26109197 
5.38652491   11.09892786 
7.69019801   14.38743107 
5.37965302   11.17511732 
20.87388567   7.99784476 
5.09790993   10.22891224 
4.69043851   10.00104960 
4.74392871   9.95064542 
2.94018028   5.04411363 
6.93987030   9.76459109 
7.08345833   9.75314481 
4.97143016   9.68179558 
6.67592602   14.09075199 
4.26153994   11.08624174 
4.20445169   11.22625840 
5.20879922   10.73684567 
23.33338262   12.35261642 
23.97633008   11.77386185 
24.01358298   12.51716514 
22.61797043   11.96165695 
8.75727231   9.82662552 
15.91883341   5.35140764 
4.85232908   8.85464752 
4.81192257   8.90310128 
24.63317345   10.29597320 
24.70784886   11.23926472 
25.22640007   9.73950360 
25.54323779   5.61684696 
4.72035002   10.75208413 
4.65932827   10.69880779 
4.56856581   10.73454179 
21.80164425   8.59222401 
5.28339765   11.07714122 
5.30409810   11.04458411 
5.32645491   11.10185894 
3.23956590   7.36703769 
21.12431190   11.29741640 
20.50904462   11.96754078 
19.35045133   9.84894386 
20.30294300   11.37654494 
7.65989911   14.04849681 
7.99368110   14.16088247 
7.94252152   13.82785841 
4.68836488   9.23249837 
4.61726515   9.27163276 
4.64264140   9.21343919 
4.08798337   8.36293799 
3.44172347   7.06696254 
6.81201896   13.92501450 
8.79360820   10.37980098 
8.76894884   10.63039014 
3.73173658   4.31974294 
3.00502348   15.16005482 
2.96097450   14.80293573 
3.73290078   6.29312760 
3.94948879   3.92920179 
14.94182695   12.57590525 
10.54932788   16.15442628 
8.92596819   7.64670672 
8.74312977   7.27121172 
8.62205964   8.02650508 
4.92628147   11.47285951 
4.85984443   11.48285323 
4.87242721   11.39996800 
13.23090214   13.51956274 
4.93056343   10.30455398 
4.14180328   9.47364274 
12.20471065   5.46849528 
11.63085028   5.32618255 
5.21585475   11.29001698 
5.18318200   11.22496597 
5.24900508   11.23118071 
21.89229388   10.84459576 
21.93579707   11.56119876 
19.77956726   10.97718406 
15.72433535   11.44549718 
20.49594582   10.83846753 
21.18807537   10.34953460 
3.99098727   10.14354864 
4.09916599   10.40632372 
4.22398374   14.42195224 
3.92317889   14.20415085 
22.18286917   6.05341664 
21.69347922   5.25253206 
4.95146737   11.37883762 
4.08995715   10.06038798 
16.56581213   5.11729209 
9.03330170   10.33098456 
4.59424231   10.89916092 
21.51167552   9.47264130 
4.50128578   10.92715213 
4.00751946   9.51490151 
5.07917656   9.79126983 
21.09603724   3.49811636 
4.97286909   10.60596165 
5.50339560   11.29612352 
5.42726720   11.25174250 
9.86037892   6.23614391 
4.78795813   11.43404275 
2.06458822   14.39052436 
10.18005130   6.99741779 
20.04420097   8.41245463 
26.84809837   9.74659422 
4.26687704   9.78439062 
4.23400752   9.90085007 
4.34337707   9.87424061 
5.09415710   11.20205240 
13.32305807   6.24867219 
5.16413275   11.31767692 
5.12974093   11.36367688 
5.11730843   11.30173477 
5.16741650   11.27539825 
5.02761522   8.71919181 
4.98103095   8.70241257 
5.03943971   8.67416027 
5.55770465   8.70709243 
19.22267098   1.47813501 
5.12103810   11.24314825 
16.19106084   15.60886740 
12.67443862   5.18605966 
15.67409236   14.97797290 
3.96314856   7.89208638 
9.01954998   6.42987801 
5.06984190   11.34122739 
5.27873299   10.10785668 
5.20046577   10.16271475 
8.64705070   6.61824364 
5.20912699   9.53714249 
5.09758000   11.91075787 
6.66241654   8.75855375 
6.52533533   8.79582871 
6.58783395   8.63750516 
5.00222977   8.55431609 
5.09626408   8.54212320 
5.05513940   8.61381107 
4.84361836   10.21927721 
5.20741052   9.75119171 
5.21529488   9.69617352 
5.26323193   9.71972189 
4.96708614   10.48172445 
6.80018899   8.72260003 
6.73769037   8.88092358 
5.16729835   9.31894100 
6.90597901   8.86371093 
7.05406152   10.90662516 
14.31584000   3.87416838 
6.98626769   8.70116466 
6.73112870   8.59283178 
9.84095302   12.45236146 
4.26342343   8.43069703 
13.53010821   14.12726353 
5.76787952   8.97985284 
6.19752854   13.40726511 
5.05771898   9.51926646 
5.11113584   9.72847987 
5.08082512   9.74737025 
4.35227921   13.80815799 
4.00889056   13.87385987 
4.24176067   14.11653379 
5.89912588   9.04648992 
6.87457269   9.61948170 
7.04262350   9.62288034 
5.70712725   10.20420836 
2.96478254   14.46905416 
11.16021210   5.36158112 
4.84689158   9.63461669 
4.81865735   9.58883594 
7.23219961   9.83295086 
7.58004363   9.15626694 
7.40557913   9.11148744 
6.71955118   9.59015760 
6.75269488   9.76475559 
21.00449899   5.97445045 
5.78908738   10.20912769 
4.81575439   9.54738872 
4.85558568   9.54429271 
4.90519076   9.54150470 
3.96311319   11.84149018 
6.56557278   9.56542805 
6.53694661   9.43741599 
7.91394812   10.69331344 
5.28859878   9.12690193 
5.36443002   9.14808316 
5.31020140   9.18829358 
8.93977810   10.85469584 
4.78478150   10.23117616 
22.27956420   13.90643699 
8.20678151   10.76208366 
5.58049281   8.80816711 
5.63513976   8.74966274 
5.67246569   8.82483590 
6.36175490   9.31585055 
6.23673102   9.32080976 
6.31703016   9.20314096 
6.19837359   9.21094450 
8.44273078   10.50349410 
4.64930509   10.06308943 
5.05825013   10.47636695 
5.10105303   10.48041569 
6.40443286   9.42992813 
5.40867343   9.70178315 
5.45624896   9.66013234 
5.45621480   9.71309516 
5.37628382   9.74716945 
6.14846609   9.11164268 
6.26803701   9.09749011 
6.38457776   9.08133066 
28.48425745   10.48391129 
4.92067019   11.12600152 
4.12863120   11.36983933 
9.77282264   8.04984068 
5.44070995   9.93071722 
5.46965138   9.87401688 
6.50647440   8.53593159 
8.55793895   13.89874278 
4.55526213   10.05137911 
4.52337671   10.12638185 
15.85673562   14.32198983 
6.65980631   9.04582307 
6.82208960   9.03179877 
6.59800671   8.91270121 
7.02486124   9.04137823 
6.43728165   9.55446004 
6.47176632   9.68083840 
6.60159827   9.70599400 
4.67833779   8.67168094 
4.75202689   8.68902794 
4.70715240   8.75454552 
4.79750398   8.75455077 
6.31062641   9.54533849 
6.27983465   9.42786707 
4.59945466   8.73509183 
6.39843038   8.83442383 
6.17773566   8.75652377 
6.46389332   8.93954427 
16.32492792   17.08083181 
17.21495800   17.26983528 
16.78534799   16.44709623 
13.34667087   5.36468602 
5.84057205   9.31143070 
5.91925346   9.31618271 
4.82528681   7.00984353 
4.65248659   6.87166046 
6.01413176   9.31744799 
5.94384470   9.41374502 
6.04418032   9.41712247 
5.28483739   8.80267243 
5.29365432   8.86519181 
6.04162232   9.12140009 
6.08422338   9.21818289 
4.48344643   9.20146683 
4.74086979   8.89929266 
4.92908348   10.34362929 
5.15160107   9.75352993 
5.15830259   9.69943045 
5.71670743   8.90640652 
5.67536853   8.99537945 
5.38736214   5.61800335 
4.19062282   9.68692267 
8.92490102   9.51647704 
4.32173794   9.67178458 
8.64347533   9.58945466 
8.76977749   9.27843508 
5.29260100   10.66502655 
5.41691660   9.83119568 
5.48268818   9.81375247 
5.21789272   9.79690176 
5.49587626   9.75381047 
6.12141837   9.31897203 
3.95405466   8.52705589 
6.15729412   9.42085846 
7.13134089   8.27843106 
7.29877684   8.58819563 
7.29321341   8.76372743 
7.16375676   8.69384468 
5.08295893   9.63758391 
5.10909662   9.59634136 
7.13276728   8.87257964 
7.27762699   8.38002026 
7.49962452   8.45723929 
7.36202073   8.22991821 
17.95637606   17.83809859 
5.49751679   9.11799559 
5.53674415   9.17687011 
5.57781160   9.23558111 
5.02474081   9.31871525 
4.99244397   9.28388436 
6.51118156   8.04313973 
4.83578472   9.85163827 
6.37736437   7.92221651 
5.94407346   10.09855797 
6.02207002   10.05928433 
6.37035917   9.80044863 
6.50177086   9.80999808 
6.34297685   9.66901591 
6.62134296   9.83956002 
6.56239973   9.96316972 
6.57023961   7.84890518 
6.52344175   9.06381125 
4.38292749   8.92504577 
6.10419110   6.64925254 
5.05791406   11.09574721 
6.40844576   7.70978720 
6.35353706   6.68990877 
5.15700920   9.36621048 
5.13701183   9.41270269 
5.18791707   9.41694922 
8.26999668   13.71310628 
5.58979989   9.01309478 
23.97697483   10.92072002 
5.51947003   9.03862199 
5.53688147   8.95108830 
5.11271311   10.77172961 
5.47880761   8.98284049 
4.58619152   8.63604663 
4.66903653   8.59544600 
5.26547523   10.57136722 
4.59806994   8.53003425 
5.57852962   9.31102420 
5.62963825   9.27934299 
4.43154447   10.97881965 
4.38333382   10.87475447 
4.51047326   14.54337062 
6.85263971   10.40178584 
7.02494113   10.46333813 
6.97015639   10.27292952 
5.75032858   10.12452277 
5.67794652   10.06908733 
4.00091098   9.04340965 
5.62145264   10.03681963 
5.67908696   9.98140873 
5.33984296   7.58423743 
5.50495398   7.49179887 
5.47797697   7.69466289 
5.27923190   8.30820178 
5.17356272   8.22327697 
5.31154855   8.17676758 
5.15496752   8.35882956 
5.67018547   7.48827221 
7.14772686   14.87154716 
4.91527733   11.65004912 
4.83823985   11.71322563 
4.83463902   11.62776193 
4.74607359   11.65856232 
8.52527064   11.37972559 
5.51857125   9.34257022 
4.94961244   10.64440426 
5.17296697   14.00322045 
5.58052322   9.39576844 
5.65055464   9.35789641 
5.45833094   9.59969471 
5.51506358   9.62120974 
5.33652709   8.91361279 
5.35288662   8.84502061 
5.40053796   8.90651112 
5.43105672   8.83070965 
4.93585816   9.66132843 
7.24169739   9.01883346 
9.19586446   13.42770416 
7.44618617   10.42477339 
7.55028495   10.17530592 
7.70608543   10.54600212 
17.78864996   16.47006003 
22.65275332   6.72015694 
5.86421654   9.50113863 
5.96413137   9.51625213 
5.85905804   9.41416519 
5.09854589   9.68160714 
6.07101061   9.52418913 
5.98327012   9.61743431 
4.91183403   9.82293472 
6.08928227   9.63697259 
7.56274721   6.99311135 
7.29367344   6.81584445 
7.85827809   6.87782026 
4.94003506   9.53962831 
8.30323910   10.25620956 
8.25967911   10.00359356 
5.33640837   9.48222264 
4.72730195   10.66772199 
8.54793336   10.13593889 
4.81189285   8.81706091 
4.79377871   8.85910791 
4.75187926   8.82143717 
6.18790548   9.53649481 
6.21483580   9.65112813 
5.41027667   11.44179724 
5.48405851   11.39063363 
5.52511191   11.49035991 
5.56790388   11.39466399 
4.66007784   8.84406524 
4.75646510   8.61579162 
5.76697040   9.47824473 
5.78008499   9.56961182 
5.87725796   9.59789602 
5.66314720   9.45926033 
5.75306212   9.36561704 
5.69133522   9.80944177 
5.49331673   8.77544511 
5.51520784   8.86968524 
4.44244833   7.88742711 
4.29459404   8.07106240 
5.45972097   8.91806323 
6.11131625   9.76036567 
6.23963652   9.77572830 
6.25678992   9.91302114 
5.32263427   9.32018446 
6.41626514   9.92454046 
8.32343374   9.65056560 
8.50832070   9.85457764 
5.70716783   9.63681379 
5.78673209   9.67146665 
5.69596516   9.54749373 
5.87977996   9.71001129 
5.77756416   9.78420452 
5.89143047   9.81047693 
5.81318217   9.95156013 
5.74879937   9.94105964 
5.80489000   9.88189923 
5.89033860   9.92098235 
5.86238323   10.02924401 
5.96486279   9.99042319 
5.15642507   10.75371095 
7.98703250   9.96052704 
7.77782330   10.04452611 
7.79858960   9.76521374 
5.36213362   9.03781496 
5.39583420   8.96754458 
15.22687229   1.42337033 
8.08219565   9.78281748 
20.43321193   13.27918397 
5.99431647   9.73087679 
6.00528294   9.86229064 
6.13630140   9.87736153 
4.89544743   11.32214800 
4.86686258   11.26076414 
4.46344078   8.09436642 
11.16742494   15.95567861 
5.23208545   9.12944767 
4.44142385   6.73690893 
5.86593845   7.84520665 
5.88078673   7.70059113 
4.81189015   11.18077196 
4.85817169   11.20081233 
5.97448614   10.86837820 
5.89662417   10.96004210 
6.01449660   10.93874262 
4.43219573   9.71734865 
4.36838508   9.77519351 
7.54472930   13.22917909 
4.45079705   9.82445891 
5.97885091   13.26428692 
6.23190653   13.15339700 
5.21636810   9.35557594 
6.06995180   13.03502374 
12.00704578   8.69373479 
11.58883052   9.03320155 
5.07031046   10.33697352 
11.45805468   8.51028936 
5.07634737   11.23197618 
11.27388670   15.32947697 
5.05358862   7.11690919 
5.35975195   8.37877470 
12.09992459   11.14019906 
5.19927890   8.08176591 
5.99055010   11.90701545 
4.70530316   11.52291136 
4.63951612   11.78479188 
5.84025108   11.84728984 
4.33102466   12.40117166 
4.48838328   12.27527054 
4.49319132   12.47792060 
10.30494009   13.08845166 
5.87768624   13.06242401 
5.72698126   13.24532427 
4.90858984   8.19557613 
5.05201074   8.14551083 
9.85165009   11.05600133 
9.71529450   11.43039104 
5.85544791   12.50937141 
5.72248564   10.70587000 
5.65889594   10.71619475 
5.70473935   10.76960070 
5.34459818   9.09274513 
5.39837031   9.08300622 
8.73677149   12.81123420 
12.64411839   13.48000825 
15.18442007   4.46567608 
5.67007092   12.09442966 
5.85486091   10.58542987 
5.87732999   10.49916338 
5.08174019   9.55612891 
3.33301271   11.92268543 
5.23916656   9.50117011 
9.46306474   11.79934109 
5.28425579   9.48393899 
4.61823364   7.99357746 
9.94535350   11.77789894 
5.11414793   10.52339813 
5.42398016   9.02132307 
5.45902343   9.06317722 
5.56550101   9.09729785 
6.18551195   10.68168460 
5.13240196   10.55748767 
6.22474719   10.60157380 
29.20486139   9.98930479 
10.26843365   12.60592435 
6.60000045   11.54488573 
6.67755928   11.34571690 
4.45034397   10.08460409 
5.92235339   12.89767948 
7.85152634   8.20743768 
8.03275016   8.03379960 
5.66932068   6.67404314 
5.47813779   6.67122347 
7.77004068   7.99442776 
5.38372843   9.79992320 
5.34055663   9.78038280 
5.42886371   9.76629489 
5.34568506   10.43167490 
5.30668642   10.39940977 
5.30210525   10.45278521 
11.00279848   8.36782798 
11.05754940   8.90909371 
8.43052856   12.52056965 
10.60961003   9.00343419 
6.11317602   10.99613098 
5.78724564   10.52748065 
5.71480936   10.49555917 
8.38307052   11.03720868 
8.57373713   10.82639113 
5.59982708   11.94052655 
4.92828610   9.56767195 
5.63127831   11.80790400 
5.71168788   11.86789033 
5.74136417   11.76443250 
7.78906419   7.22078365 
5.22776366   7.66262301 
6.63892792   10.63848241 
3.84503807   8.62852563 
4.58005033   8.13378824 
11.30980536   9.50200463 
10.82514609   9.39363065 
5.48088917   10.66079546 
5.25723646   10.01375280 
5.26164440   8.68033216 
5.21884540   8.74254075 
4.93250020   10.67439351 
4.91668368   8.08044883 
6.59136614   10.25733825 
6.50909266   10.39785517 
5.29201091   10.50862392 
4.63810346   11.36089248 
4.69210574   11.42456855 
4.89009554   9.59611760 
6.30113344   12.96747378 
5.03473671   7.84388713 
9.33307921   7.89744134 
9.01649022   8.14827649 
10.72683219   12.78224383 
5.36712610   8.46366037 
13.21712116   8.72788341 
8.00827125   8.92965863 
5.83308022   8.24199764 
5.29381546   10.27136623 
4.48251316   8.86045875 
5.76600713   11.39539639 
5.74902419   11.49685114 
5.34391388   9.83659317 
7.49054416   11.26136326 
5.86553026   11.44785921 
6.53408622   11.73456337 
6.42992053   11.59093227 
6.34329665   11.71063248 
5.72814889   8.32531731 
6.95677273   6.88308253 
4.92553594   9.63139261 
6.79973916   11.23556738 
6.84563752   11.10050463 
5.46203942   10.10669181 
7.06562122   6.55431876 
6.77288655   10.25952263 
4.68235503   9.02519644 
4.72944972   9.06393589 
7.70274218   7.53288179 
7.45367163   7.29809660 
5.65601979   11.69732367 
5.54094529   11.72232172 
3.88979762   5.92115283 
11.36280171   13.95387954 
4.90654077   11.17238995 
6.98432856   5.69593605 
9.41655267   8.36800316 
9.85315027   8.51079913 
5.75447670   7.29945148 
5.98010025   7.30784554 
5.89174294   7.49974419 
5.94527041   7.11199332 
4.99147026   8.63325551 
5.03894853   8.00493642 
4.91477208   10.08766918 
6.21767015   12.43013603 
10.22771764   10.93572847 
10.59830272   11.12075037 
9.31825299   11.43310254 
4.57121250   11.29227493 
4.57132607   11.19990088 
5.61508893   9.54883727 
5.57083136   9.47713861 
4.84450913   10.53811223 
4.66717821   8.94344226 
10.66268895   7.32749887 
6.23383079   10.04946759 
6.15412489   9.97831194 
4.11954071   12.30680238 
5.19951155   11.80162833 
5.12299331   9.55253288 
5.23826316   11.46974392 
5.13615990   11.50074149 
5.22690236   11.55081931 
4.67630318   9.09733844 
17.20757167   12.19356073 
3.81657259   16.13879370 
5.07537554   8.71498458 
5.14279883   8.71445502 
5.17562356   9.96034878 
4.61456952   12.14849130 
4.49411703   11.93780379 
5.52455785   7.33818483 
10.16208855   10.48854144 
9.90971759   10.72701385 
4.62748220   9.35639822 
11.42627484   6.53396052 
5.40337130   10.25563841 
10.93009702   10.91206390 
5.09848390   11.41980670 
5.05052661   11.48715555 
5.35047255   10.23175708 
6.89890539   10.94888385 
4.96308995   10.12529875 
5.75326230   11.97473490 
5.45172377   10.93927320 
7.03698508   11.06136940 
6.23467977   11.02141973 
6.20190402   10.91559792 
7.95938212   5.89464227 
5.36738530   9.22347121 
5.28409346   10.05558916 
5.33430474   10.04693458 
5.29498313   9.25016057 
5.87065993   11.98744310 
5.30673236   10.61742416 
5.76652866   11.62531007 
4.40814932   7.39035377 
5.44808261   7.86656930 
5.37504688   8.03195572 
4.51380058   10.83075452 
9.02005476   6.88951880 
5.14024246   10.13559931 
4.15983443   11.51309840 
6.41509867   11.90172384 
3.64902654   14.26987350 
5.10600687   8.66130605 
10.61186853   9.69599675 
10.36010939   9.31965326 
7.13676390   7.15183649 
5.53952760   10.67655774 
5.07246398   10.44282215 
7.09745863   6.31804243 
4.25399533   10.93046048 
4.57639947   8.83272477 
5.51977759   11.83536765 
6.17446475   7.81825239 
6.29969492   7.31394267 
6.14655486   7.43235237 
5.38420604   10.79778844 
5.52117091   8.50122462 
6.59890539   12.04110486 
5.42998703   11.66878817 
5.42962247   11.78801940 
5.53151458   11.61758211 
4.69897312   11.94631755 
8.20538783   12.24625421 
5.86939535   6.93471246 
11.89099197   8.06111573 
8.91639376   12.38756894 
5.43334646   11.56613138 
4.61507420   7.34203098 
4.80439063   11.80795818 
4.60618857   12.64366756 
4.30141978   13.15833431 
4.83935799   11.92190421 
4.70437284   8.44528798 
21.43777263   15.24119681 
7.18539336   8.06621325 
5.64361654   11.05462669 
7.18129824   10.39849716 
7.63184241   8.21635449 
7.37260459   7.08081676 
4.34916415   10.98948128 
4.67159299   11.26163752 
6.80215721   7.15462680 
24.62571016   11.95993125 
7.44629618   7.98125093 
9.06934985   8.53056175 
4.98716649   11.45952015 
4.98026879   11.55643611 
8.70157845   6.96680686 
5.65582825   10.95603976 
4.90651450   11.55954197 
5.43284283   10.06723762 
8.66962497   12.47494062 
4.26761530   10.84147621 
6.05711737   11.10897287 
6.18256721   11.13006361 
6.09283247   11.24667432 
6.22121615   11.26383537 
5.22351422   11.66145419 
5.31547272   11.73109153 
7.66441512   7.78496272 
5.74125262   11.21106100 
5.64144460   11.56544338 
5.98962206   10.36666498 
5.88642494   10.38762104 
4.87421455   8.73012102 
4.86009097   8.79368335 
5.90261945   10.76145984 
6.84906638   11.36025043 
5.31197674   11.43419699 
4.82511595   8.67588142 
5.98968767   7.80008040 
4.93280961   8.71960086 
6.44842868   10.87690801 
6.29400598   11.55988888 
5.09079923   12.38958999 
5.15090643   12.25923926 
6.25077389   11.40554419 
5.03424509   12.54228641 
6.05061618   7.64559492 
6.23015815   7.61490058 
5.02728823   11.40231198 
5.63570285   9.68760917 
5.64379018   9.61597991 
5.70073173   9.72872148 
6.06090987   10.42878857 
4.80958736   11.23903582 
6.03345504   12.40873568 
5.26341788   9.54154387 
6.13283010   12.14570843 
5.31435771   9.53790420 
5.96160588   11.38716425 
5.86304008   11.33707205 
5.97223617   11.28905002 
7.31014020   10.20164865 
8.75074504   11.12965269 
5.32441470   11.51155272 
5.33145310   11.84206347 
5.32572281   11.60662745 
6.30399387   10.16825736 
5.34511820   9.37609594 
5.31490596   9.42942017 
5.36325227   9.42462031 
6.55295916   12.22343254 
6.14605457   11.52307866 
6.62794623   11.87420987 
5.33738188   8.67852889 
5.36816212   8.76016305 
5.37261267   8.60640335 
6.00259169   11.01886851 
5.71588922   10.90785018 
5.51407879   9.25498605 
5.26616820   10.42224554 
5.69796101   9.27992591 
5.75099878   7.08001394 
9.17476125   11.65411866 
5.52928209   9.55990576 
8.34651573   11.95013116 
4.70899072   8.34835651 
11.13270893   13.50302278 
5.07586087   11.27439203 
7.60782217   11.08895561 
5.43920916   11.92905151 
6.67752032   10.38839783 
6.74096766   10.51702911 
9.71348678   12.08210445 
4.91438878   8.77226300 
5.83943389   11.70451572 
5.97243454   11.18848216 
10.55734885   10.65450765 
7.12651958   10.18638157 
6.42126727   12.78134070 
5.50269308   9.42743451 
5.43679805   10.02233386 
5.60703753   8.91494877 
6.27670170   10.69260078 
4.49992844   8.76130365 
5.15562358   11.59498593 
5.62872053   11.46680389 
8.43433537   7.32626168 
6.09789074   11.37288365 
7.48650943   8.72651728 
5.81880092   10.45491282 
5.74813887   10.44025214 
7.19721840   7.84274271 
6.06502849   9.97217982 
5.76220943   10.02484928 
5.41967331   8.14800900 
5.09522674   9.47051950 
5.35540762   9.28007063 
5.74628518   10.81024706 
8.24068343   9.39867014 
5.39334786   9.63671208 
7.37476951   10.00151001 
7.56932074   8.95670755 
5.43349822   8.76107617 
7.35484790   8.90830880 
5.29955035   8.73169860 
7.18178273   10.02342383 
4.80672214   11.54761226 
7.71438794   10.70659371 
6.60424205   10.49716280 
5.80526760   10.07712944 
7.93172972   7.49309131 
