BCnode   BCtype
228  4
outBCNode	outBCNum
1   1 
11   1 
14   1 
28   1 
32   1 
137   1 
141   1 
145   1 
161   1 
164   1 
169   1 
172   1 
3522   1 
3524   1 
3531   1 
3532   1 
3534   1 
3541   1 
3543   1 
3590   1 
3592   1 
3594   1 
3600   1 
3601   1 
3604   1 
5   2 
7   2 
62   2 
66   2 
70   2 
74   2 
78   2 
82   2 
86   2 
90   2 
3525   2 
3526   2 
3528   2 
3530   2 
3557   2 
3559   2 
3561   2 
3563   2 
3565   2 
3567   2 
3569   2 
2   3 
4   3 
8   3 
10   3 
21   3 
25   3 
37   3 
41   3 
45   3 
49   3 
53   3 
57   3 
97   3 
101   3 
110   3 
114   3 
118   3 
122   3 
126   3 
130   3 
3523   3 
3527   3 
3529   3 
3533   3 
3538   3 
3540   3 
3546   3 
3548   3 
3550   3 
3552   3 
3554   3 
3573   3 
3575   3 
3578   3 
3580   3 
3582   3 
3584   3 
3586   3 
1079   4 
1083   4 
1084   4 
1091   4 
1102   4 
1113   4 
1123   4 
1160   4 
1184   4 
1225   4 
1234   4 
1238   4 
3914   4 
3915   4 
3917   4 
3918   4 
3920   4 
3924   4 
3928   4 
3931   4 
3944   4 
3952   4 
3967   4 
3970   4 
1639   4 
1641   4 
1645   4 
1651   4 
1664   4 
1673   4 
1676   4 
1692   4 
1696   4 
1738   4 
1771   4 
1801   4 
4102   4 
4103   4 
4104   4 
4106   4 
4108   4 
4113   4 
4116   4 
4117   4 
4123   4 
4125   4 
4139   4 
4150   4 
2205   4 
2207   4 
2210   4 
2214   4 
2220   4 
2228   4 
2234   4 
2240   4 
2250   4 
2254   4 
2290   4 
2300   4 
4293   4 
4294   4 
4295   4 
4296   4 
4298   4 
4300   4 
4303   4 
4305   4 
4307   4 
4311   4 
4313   4 
4325   4 
3226   4 
3230   4 
3232   4 
3236   4 
3241   4 
3249   4 
3335   4 
3345   4 
3451   4 
3483   4 
3501   4 
3519   4 
4636   4 
4637   4 
4639   4 
4640   4 
4641   4 
4643   4 
4646   4 
4673   4 
4677   4 
4708   4 
4718   4 
4724   4 
3028   4 
3032   4 
3038   4 
3054   4 
3061   4 
3069   4 
3072   4 
3094   4 
3117   4 
3170   4 
3189   4 
3212   4 
4568   4 
4569   4 
4571   4 
4573   4 
4579   4 
4581   4 
4584   4 
4585   4 
4593   4 
4601   4 
4618   4 
4625   4 
2730   4 
2731   4 
2736   4 
2738   4 
2741   4 
2748   4 
2753   4 
2759   4 
2767   4 
2797   4 
2810   4 
2814   4 
4469   4 
4470   4 
4471   4 
4472   4 
4473   4 
4474   4 
4477   4 
4479   4 
4481   4 
4484   4 
4494   4 
4499   4 
