0.99993   0.98437 
0.00000   0.98437 
0.99993   0.00000 
18.99940   0.99993 
18.99940   0.00000 
20.00000   0.99993 
19.00010   18.99940 
20.00000   18.99940 
19.00010   20.00000 
1.00060   19.01630 
1.00060   20.00000 
0.00000   19.01630 
0.61507   16.54240 
0.61507   17.48980 
0.00000   17.08520 
1.50250   17.62420 
0.88743   18.16700 
1.88803   19.15070 
2.52247   18.51910 
2.63564   19.36840 
3.63557   19.36840 
3.00113   20.00000 
4.16808   18.75600 
4.53358   19.38760 
5.53351   19.38760 
5.00100   20.00000 
0.51953   14.97040 
0.51953   15.79170 
0.00000   15.31660 
1.13460   16.19620 
0.50787   13.46230 
0.50787   14.21740 
0.00000   13.74020 
1.02740   14.69250 
6.09054   18.62490 
6.55797   19.23730 
7.55790   19.23730 
7.00087   20.00000 
8.15221   18.47550 
8.59511   19.23820 
9.59504   19.23820 
9.00073   20.00000 
10.17370   18.41560 
10.57930   19.17740 
11.57930   19.17740 
11.00060   20.00000 
12.14840   18.31750 
12.56970   19.14020 
13.56970   19.14020 
13.00050   20.00000 
14.16650   18.24080 
14.59720   19.10070 
15.59720   19.10070 
15.00030   20.00000 
16.24030   18.22190 
16.64340   19.12120 
17.64330   19.12120 
17.00020   20.00000 
18.64330   18.12060 
17.81880   17.48760 
19.17560   17.36580 
19.17560   16.36590 
20.00000   16.99890 
18.28610   15.84830 
19.11050   15.48140 
19.11050   14.48140 
20.00000   14.99900 
18.23460   13.96370 
19.12410   13.48130 
19.12410   12.48140 
20.00000   12.99910 
18.25830   11.95230 
19.13430   11.47010 
19.13430   10.47020 
20.00000   10.99930 
18.28610   9.92817 
19.15190   9.45731 
19.15190   8.45738 
20.00000   8.99940 
18.32030   7.91238 
19.16840   7.45447 
19.16840   6.45453 
20.00000   6.99953 
18.34050   5.92361 
19.17210   5.46868 
19.17210   4.46875 
20.00000   4.99967 
18.46020   4.11448 
19.28810   3.64547 
19.28810   2.64553 
20.00000   2.99980 
18.31350   2.62535 
19.02550   1.97969 
18.02490   0.97975 
17.38770   1.69903 
17.36170   0.71928 
16.36170   0.71928 
16.99890   0.00000 
15.91230   1.56017 
15.54950   0.84089 
14.54950   0.84089 
14.99900   0.00000 
17.59470   3.36311 
17.33220   2.69726 
16.66900   2.43678 
15.85670   2.55839 
17.47880   4.18639 
14.12940   1.68791 
13.57890   0.84703 
12.57900   0.84703 
12.99910   0.00000 
12.16970   1.69945 
11.58990   0.85242 
10.59000   0.85242 
10.99930   0.00000 
10.19880   1.63637 
9.60810   0.78395 
8.60817   0.78395 
8.99940   0.00000 
8.15243   1.55334 
7.54372   0.76939 
6.54379   0.76939 
6.99953   0.00000 
6.07031   1.38548 
5.52612   0.61609 
4.52618   0.61609 
4.99967   0.00000 
4.15653   1.24802 
3.63008   0.63193 
2.63014   0.63193 
2.99980   0.00000 
2.51547   1.48172 
1.88520   0.84979 
0.88526   1.83416 
1.49744   2.37557 
0.61218   2.51015 
0.61218   3.45744 
0.00000   2.91603 
1.12743   3.79997 
0.51526   4.20585 
0.51526   5.02708 
0.00000   4.68454 
1.02659   5.30285 
0.51133   5.78154 
0.51133   6.53660 
0.00000   6.26083 
2.96107   1.93068 
2.21612   2.14854 
1.94303   2.82453 
2.42139   3.21953 
1.70271   3.44656 
1.60579   4.19497 
4.58171   1.79821 
3.68560   1.81404 
3.38625   2.48087 
2.06339   4.44540 
1.48811   4.79881 
1.48419   5.55328 
0.93526   6.81440 
0.42393   7.29368 
0.42393   8.03957 
0.00000   7.76177 
0.40952   11.95430 
0.40952   12.70020 
0.00000   12.23920 
0.91739   13.17740 
0.89296   8.21168 
0.46903   8.67977 
0.46903   9.42619 
0.00000   9.25408 
0.45375   10.55950 
0.45375   11.30600 
0.00000   10.74690 
0.86326   11.76690 
1.01948   9.42275 
0.55045   9.99707 
1.00420   10.55610 
6.34637   1.99878 
5.32870   1.84547 
4.85777   2.41150 
16.83110   17.25480 
17.36340   16.50000 
17.29830   15.61550 
15.78480   17.23420 
16.44830   15.12510 
17.37100   14.47340 
17.38460   13.47330 
16.52100   12.95040 
17.38450   12.44070 
17.39470   11.42940 
16.56240   10.86990 
17.43620   10.38150 
17.45380   9.36865 
16.62950   8.80145 
17.47950   8.34810 
17.49610   7.34518 
16.69930   6.76685 
17.54010   6.33113 
17.54380   5.34528 
16.67840   4.59390 
13.67240   17.40970 
14.69990   17.37020 
15.29070   16.40310 
14.61020   15.71990 
15.69510   15.58400 
15.76780   14.44190 
11.69450   17.47280 
12.68490   17.43560 
13.21840   16.56500 
9.75309   17.63700 
10.73740   17.57620 
11.27390   16.69420 
12.75660   15.69460 
13.74410   15.66880 
14.14840   14.84960 
10.79790   15.83900 
11.75500   15.73560 
12.28070   14.83950 
14.83230   13.93370 
15.58550   13.47490 
15.58540   12.44230 
13.96610   13.88260 
14.81110   11.85160 
15.74660   11.32710 
15.78810   10.27920 
14.96230   9.67868 
15.77810   9.22148 
15.80370   8.20093 
15.00190   7.62028 
15.85340   7.20025 
15.89750   6.18620 
15.17880   5.72693 
16.02460   5.29352 
15.95960   4.13463 
14.83450   4.08792 
15.48820   3.38830 
14.73150   2.51168 
13.76090   2.51782 
7.82064   17.79020 
8.85785   17.79110 
9.42153   16.95170 
8.89049   16.31320 
9.78573   16.15910 
10.26690   15.20050 
5.35219   18.17180 
6.37665   18.02150 
6.33575   17.32480 
7.07411   17.77790 
7.77974   17.09350 
1.97665   5.56677 
1.51513   6.07082 
1.79612   6.51203 
1.30366   6.49854 
1.21625   7.25562 
3.77511   2.93383 
3.05058   3.05047 
2.81025   3.67249 
3.20310   4.00226 
2.57391   4.17133 
2.45623   4.77517 
5.12300   2.93248 
4.37601   2.88521 
4.04034   3.45481 
2.83888   4.97039 
2.32836   5.24446 
2.35930   5.76200 
7.44862   16.55480 
8.19516   16.56710 
8.55936   15.77450 
3.70259   18.18470 
4.60059   18.20390 
4.88669   17.60050 
2.22159   17.85450 
2.96920   18.07210 
3.40171   17.52000 
1.94923   17.17720 
1.61452   15.79650 
1.71006   16.54720 
2.42915   16.77740 
2.80912   16.33250 
3.04829   16.96260 
3.78168   17.07510 
1.49202   14.43040 
1.50367   15.18340 
2.07913   15.53430 
2.46948   15.18520 
2.58032   15.79830 
3.19947   15.98340 
4.06019   16.52920 
4.41360   17.08660 
5.16520   17.05460 
5.32771   16.55870 
5.80080   17.07260 
6.49826   16.82890 
6.40106   16.36820 
6.93600   16.62050 
7.35142   16.09410 
3.46291   15.56230 
3.69171   16.09650 
4.32363   16.10800 
1.17560   12.72450 
1.27396   13.48670 
1.75771   13.46070 
1.49950   13.91350 
1.97577   14.40430 
2.40125   14.18540 
2.39377   14.70220 
2.89496   14.96620 
3.22455   14.68640 
3.30026   15.16930 
3.79251   15.28240 
4.37716   15.64000 
4.74564   16.07270 
5.11230   15.78470 
5.05877   16.25270 
5.69438   16.27070 
5.80007   15.82410 
6.06901   16.13010 
6.50675   15.92170 
4.00188   14.93510 
4.16453   15.32810 
4.58653   15.29280 
6.57871   15.49190 
6.91075   15.73000 
7.42338   15.66430 
7.46693   15.11200 
7.90759   15.47610 
8.60292   15.22220 
1.68893   7.44790 
1.32054   7.76377 
1.36564   8.40396 
1.83865   8.61686 
1.41108   9.06477 
1.49250   9.63565 
1.30511   11.55330 
1.26087   12.20160 
1.61744   12.51090 
1.48567   10.35840 
1.38897   10.92090 
1.78658   11.35560 
1.87727   10.00050 
4.35211   3.88574 
3.75121   3.93436 
3.51487   4.43320 
3.76959   4.74366 
3.22148   4.81156 
3.09361   5.28085 
8.85772   2.20740 
7.79327   2.19285 
7.73204   2.89670 
7.02675   2.24264 
6.28514   2.70263 
10.77660   2.58197 
9.79470   2.51349 
9.43555   3.15300 
12.78310   2.56299 
11.79410   2.56839 
11.39000   3.44551 
13.38530   3.38676 
14.48410   4.99900 
14.01270   4.25267 
13.03500   4.29785 
14.35700   5.89168 
6.41013   3.25073 
5.72975   3.00687 
5.24799   3.48058 
5.48959   3.88229 
4.88284   3.80790 
4.59371   4.28745 
5.16825   15.42310 
5.48138   15.60310 
5.85602   15.46250 
4.68346   14.96980 
4.89609   15.28170 
5.26517   15.10010 
5.86774   15.05980 
6.18643   15.28080 
6.59044   15.08920 
4.92884   4.49627 
4.39811   4.57412 
4.47077   4.93080 
4.13563   4.72198 
3.84225   5.10034 
11.92790   13.95960 
12.92950   13.91850 
13.61340   13.00270 
13.04490   12.26060 
14.08150   12.22460 
14.24270   11.10950 
13.46400   10.53500 
14.19370   10.16190 
14.18360   9.10422 
13.30560   8.42973 
14.07430   7.94647 
14.12390   6.94580 
13.42930   6.21787 
12.54540   6.26817 
12.77850   5.21406 
12.15110   4.34815 
11.13360   4.36172 
12.27410   12.01160 
12.74230   11.23360 
12.69320   10.28600 
11.93690   9.89440 
12.65870   9.19585 
12.54930   8.03810 
11.62070   7.88032 
12.26760   7.11421 
11.61680   6.11039 
11.09030   13.83000 
11.73920   12.90910 
11.43650   11.88210 
9.65834   14.83540 
10.67050   14.51530 
10.48180   13.46480 
8.43400   14.58340 
9.08577   14.88180 
9.48943   14.19660 
9.21710   13.69210 
9.78967   13.64570 
10.20950   12.96040 
9.57117   12.54400 
10.26330   12.36310 
10.09230   11.58130 
10.73060   11.99770 
11.26550   11.10020 
10.62340   10.51460 
11.32920   10.39900 
11.29470   9.30879 
10.56480   9.02571 
11.17250   8.52114 
10.89080   7.59724 
10.79520   6.16384 
11.07300   5.31780 
10.31190   4.41517 
10.15660   7.52364 
10.60480   6.88283 
10.06100   6.09024 
9.64772   4.83456 
9.70831   3.87848 
8.77133   3.57239 
8.46384   4.01903 
8.19108   3.29355 
7.42455   3.34335 
7.38248   3.88478 
6.92344   3.48793 
6.36806   3.79217 
6.43682   4.26021 
5.92350   4.02301 
5.55835   4.35034 
5.67662   4.72473 
5.24271   4.58400 
5.04711   4.87066 
9.31006   6.23440 
9.50041   5.51542 
8.89679   4.97873 
8.30345   5.18084 
8.45076   4.49998 
7.87051   4.22115 
7.36940   4.36573 
7.33938   4.80639 
6.85135   4.47002 
6.40679   4.70087 
8.16339   5.61083 
7.71736   5.13209 
7.19931   5.23638 
6.43006   5.07683 
6.01552   4.86702 
5.69988   5.10069 
7.18082   5.58725 
6.80284   5.26155 
6.41156   5.42770 
6.63207   14.66410 
7.02435   14.87520 
7.50856   14.68690 
7.49999   14.22440 
7.94257   14.46120 
8.42543   14.12080 
8.23546   13.69180 
8.72689   13.81400 
9.02713   13.26310 
8.55622   12.95080 
9.04644   12.82890 
9.10026   12.23170 
9.48741   11.24560 
9.95474   10.88020 
10.01840   10.17890 
8.56443   12.01910 
9.08917   11.73420 
8.95157   11.03300 
9.42929   9.86568 
10.09790   9.50014 
9.97568   8.71248 
9.28958   8.54454 
9.75649   8.07012 
9.47052   7.35570 
8.93736   7.36028 
9.33749   6.81380 
8.77691   6.23898 
8.39141   6.60862 
8.36399   6.02923 
7.77790   5.98047 
7.57851   6.30492 
7.37792   5.88652 
6.98144   5.91169 
8.57007   7.61693 
8.43704   7.07503 
8.02412   6.86528 
7.71682   7.12838 
7.67120   6.66197 
7.27122   6.56802 
9.04082   8.99822 
8.82163   8.35586 
8.30267   8.49890 
8.55143   8.04522 
8.05110   7.75998 
8.90515   10.11850 
8.98463   9.43972 
8.51668   9.25104 
8.37888   11.05780 
8.77712   10.56930 
8.33246   10.14330 
7.65622   7.94947 
7.67486   7.52118 
7.32194   7.31787 
5.22348   14.75410 
5.49564   14.89540 
5.82605   14.71380 
5.71651   14.45170 
6.08862   14.61610 
6.21746   14.32890 
6.32700   14.59090 
6.76091   14.37690 
6.57866   14.06930 
6.88373   14.14250 
6.98875   13.78130 
7.17100   14.08890 
7.60501   13.86310 
7.45401   13.40460 
7.78300   13.54010 
8.08446   13.23320 
8.10377   12.79900 
6.06794   14.13100 
6.30632   14.10580 
6.42914   13.87140 
5.57126   14.28720 
5.83383   14.18960 
5.92269   13.96650 
7.66372   12.63810 
8.13548   12.35570 
8.12438   11.85820 
7.68234   11.76990 
8.11129   11.43330 
7.93684   10.96950 
6.78370   13.54910 
7.07097   13.49550 
7.24896   13.17240 
6.25172   13.68320 
6.52406   13.64670 
6.60628   13.36090 
6.93621   12.94270 
7.31925   12.85180 
7.35097   12.40840 
7.01123   12.22920 
7.35570   12.01550 
7.34260   11.59060 
6.39160   13.19650 
6.65124   13.09900 
6.72153   12.77830 
6.49168   12.61090 
6.77665   12.45460 
6.78138   12.06170 
5.79509   13.80050 
6.02920   13.74190 
6.12412   13.51720 
5.98547   13.38970 
6.20798   13.33100 
6.25294   13.06900 
6.06436   13.02680 
6.24798   12.89230 
6.13789   12.71290 
6.32647   12.75520 
6.38159   12.43150 
5.11295   5.17140 
4.79909   5.08367 
4.53661   5.23154 
5.72540   5.38407 
5.38649   5.24178 
5.13847   5.45478 
6.52435   5.68825 
6.15158   5.50353 
6.04993   5.74441 
5.93713   5.48386 
5.62375   5.62495 
6.86019   6.18449 
6.66310   5.88522 
6.40311   5.96105 
7.06466   6.79090 
6.97198   6.43386 
6.65364   6.40738 
7.05294   7.46548 
7.09490   7.07268 
6.79566   6.93852 
6.26544   6.15439 
6.12669   5.95742 
5.91225   5.93775 
6.51259   6.59214 
6.40080   6.34277 
6.12438   6.33914 
6.61413   7.08742 
6.58390   6.80564 
6.33106   6.74104 
5.74555   6.06717 
5.66879   5.85416 
5.45705   5.75437 
5.28671   5.90118 
5.24167   5.67197 
4.96813   5.60159 
4.56269   14.71760 
4.87224   14.70650 
5.10271   14.50180 
4.96865   14.32140 
5.31988   14.36890 
5.43720   14.10680 
3.87297   14.66340 
4.24499   14.70900 
4.43378   14.44580 
3.17378   14.35920 
3.57909   14.56220 
3.82220   14.33620 
2.29111   13.78550 
2.70910   14.08340 
2.84571   13.77940 
2.95586   14.17930 
3.31039   14.05510 
1.90670   13.00380 
2.13224   13.43060 
2.44010   13.32870 
1.99197   12.48090 
2.66453   13.11070 
2.82339   13.46560 
3.07015   13.56140 
2.06558   12.10340 
2.35484   12.59630 
2.63762   12.43410 
2.56401   12.81160 
2.94731   12.94850 
2.16012   11.12340 
2.07625   11.75570 
2.43912   11.87120 
5.27958   14.05090 
5.53097   13.96920 
5.46784   13.81050 
5.62546   13.86630 
5.73197   13.64180 
3.28780   13.45500 
3.31012   13.76880 
3.52804   13.94870 
3.73530   13.79630 
3.73557   14.08260 
4.02945   14.18380 
4.17108   14.01410 
4.25771   14.26760 
4.57541   14.27610 
4.60561   14.08300 
4.78168   14.26120 
4.99885   14.12830 
4.95640   13.97830 
5.14337   14.03850 
5.23713   13.90090 
2.76129   11.79400 
2.75062   12.14170 
2.95979   12.35700 
5.19442   13.78190 
5.33064   13.79430 
5.42513   13.69140 
5.35375   13.58490 
5.49095   13.60110 
5.53249   13.48750 
5.60387   13.59400 
5.77350   13.52820 
5.70839   13.38430 
5.83650   13.43210 
5.92036   13.24590 
5.80266   13.16250 
5.95163   13.12010 
5.94667   12.94340 
5.47312   13.40190 
5.58603   13.39480 
5.64903   13.29870 
5.56658   13.21840 
5.68894   13.20790 
5.72021   13.08210 
3.24338   12.38450 
3.13037   12.67700 
3.23090   12.97600 
3.48327   12.95690 
3.30020   13.22850 
3.54017   13.43590 
3.74553   13.32440 
3.73313   13.55090 
3.94065   13.68480 
4.09309   13.58680 
4.09526   13.83220 
4.32351   13.91600 
4.41077   13.78430 
4.48659   13.96620 
4.69286   13.95130 
4.71524   13.81560 
4.83426   13.93250 
4.97878   13.84270 
4.96528   13.72070 
5.08741   13.76650 
5.18092   13.65990 
3.63854   12.83970 
3.70785   13.09210 
3.90081   13.20710 
3.32951   12.11890 
3.50010   12.43890 
3.69280   12.35740 
3.60667   12.62300 
3.83125   12.75820 
5.13621   13.54990 
5.24322   13.56520 
5.30904   13.47490 
5.27128   13.39070 
5.38181   13.41040 
5.43536   13.31780 
5.37433   13.24580 
5.46564   13.23730 
5.50555   13.14640 
8.04032   9.37725 
8.09651   8.93575 
7.82631   8.62511 
7.48693   8.73660 
7.69309   8.29975 
7.31685   8.06095 
7.88426   10.23870 
8.01229   9.78796 
7.59212   9.47268 
7.53341   10.97140 
7.80101   10.59600 
7.48084   10.24060 
7.02519   11.47360 
7.35183   11.22800 
7.21600   10.85440 
6.51993   12.02090 
6.75451   11.79540 
6.57458   11.56490 
6.83603   11.60580 
6.84526   11.24310 
6.16618   12.42650 
6.33139   12.28210 
6.17638   12.13450 
6.39179   12.13960 
6.36492   11.87330 
2.20270   6.50952 
1.99122   6.93724 
2.09551   7.44539 
2.70874   5.82234 
2.35704   6.14465 
2.55214   6.56986 
3.39010   5.50533 
3.00750   5.66417 
3.00524   6.04682 
4.03855   5.32279 
3.67250   5.34447 
3.58640   5.72779 
4.61277   5.45881 
4.28445   5.30594 
4.11470   5.55007 
4.86776   5.80770 
4.76456   5.59051 
4.51240   5.66492 
3.25942   6.25824 
2.96066   6.41641 
2.80632   6.78128 
3.84059   5.78848 
3.55819   5.94934 
3.71102   6.16973 
3.45683   6.10904 
3.41225   6.47862 
4.29335   5.73671 
4.04744   5.75356 
4.01923   5.97511 
4.44514   5.86841 
4.13988   6.15819 
3.93303   6.19311 
3.83168   6.35280 
4.60574   5.94267 
4.38669   6.01446 
4.45068   6.17584 
4.29008   6.10158 
4.20388   6.31958 
4.95572   5.96474 
4.75215   5.95366 
4.69370   6.09971 
5.34200   6.04932 
5.12663   5.96692 
5.01101   6.11288 
5.83529   6.22302 
5.59183   6.13943 
5.55070   6.28744 
5.46096   6.13158 
5.30087   6.19733 
6.06176   6.53033 
5.92639   6.34195 
5.77267   6.41421 
6.22604   6.88261 
6.15473   6.66910 
5.95673   6.67190 
4.73123   6.24462 
4.58482   6.23362 
4.48822   6.32075 
5.09854   6.19618 
4.92763   6.19400 
4.93145   6.31957 
4.84393   6.23628 
4.73505   6.37019 
5.30577   6.32146 
5.18682   6.23920 
5.10343   6.32031 
5.09805   6.42691 
5.00977   6.38389 
4.92606   6.42617 
4.90286   6.51731 
4.82454   6.45299 
4.71185   6.46133 
3.91549   6.52825 
3.69349   6.50486 
3.49607   6.65407 
3.09879   6.89995 
2.69028   7.05340 
2.79785   7.44397 
2.50538   7.32529 
2.20309   7.83596 
3.65742   6.88604 
3.37618   6.85980 
3.26014   7.13193 
2.54193   8.10152 
2.13205   8.22162 
2.17749   8.88242 
4.50293   6.44912 
4.36879   6.39134 
4.21860   6.44795 
4.26984   6.60650 
4.10492   6.53474 
3.96674   6.68680 
4.69729   6.57061 
4.60780   6.48781 
4.48838   6.55840 
4.04953   6.83255 
3.86010   6.82606 
3.74022   7.03180 
4.51702   6.67366 
4.41215   6.63497 
4.29848   6.72176 
4.33012   6.83975 
4.18781   6.81128 
4.08117   6.95055 
5.71027   6.53975 
5.61916   6.42082 
5.48830   6.41298 
5.45285   6.51293 
5.38438   6.37955 
5.27033   6.42142 
5.26936   6.51505 
5.19075   6.45696 
5.09708   6.52054 
5.88892   6.80268 
5.79595   6.66391 
5.64245   6.67052 
5.44923   6.60603 
5.34532   6.57261 
5.26574   6.60815 
5.62412   6.76989 
5.53843   6.64573 
5.43090   6.70540 
4.00166   13.07680 
4.03934   13.30900 
4.19778   13.30650 
4.09693   13.43690 
4.25153   13.58430 
4.36769   13.51140 
4.36385   13.66130 
4.52692   13.71150 
4.59473   13.60560 
4.64164   13.72860 
4.78304   13.70980 
4.80322   13.61380 
4.87682   13.70080 
4.98545   13.62470 
4.95522   13.53590 
5.04368   13.55580 
5.10598   13.46110 
3.92118   12.62530 
3.95305   12.84200 
4.09976   12.80970 
4.00984   12.94260 
4.14837   13.04450 
5.04917   13.39960 
5.14170   13.39360 
5.14397   13.31970 
5.20078   13.38120 
5.27355   13.31680 
5.23376   13.25920 
5.30426   13.26870 
5.33454   13.18820 
2.18785   9.63786 
2.18102   10.36070 
2.57657   10.39360 
2.26600   10.75620 
2.55567   11.15630 
2.57017   8.85655 
2.27677   9.25179 
2.58053   9.61198 
2.87240   11.07990 
2.76653   11.44710 
3.07803   11.71770 
3.28567   11.54270 
3.28043   11.88960 
3.53715   11.94400 
5.12898   6.59091 
5.03628   6.56086 
5.00084   6.63104 
4.96894   6.56066 
4.86742   6.58748 
5.26387   6.67833 
5.18790   6.62077 
5.12711   6.66110 
4.88223   6.65664 
4.81614   6.61328 
4.77627   6.67767 
4.76147   6.60851 
4.65742   6.63500 
4.67833   6.71930 
4.61416   6.68140 
4.53793   6.75796 
4.59574   6.82697 
4.49860   6.81924 
4.48157   6.91155 
4.42376   6.84254 
4.31309   6.93206 
4.80858   6.73802 
4.75390   6.73325 
4.71064   6.77965 
4.74399   6.83605 
4.66842   6.82210 
4.62910   6.88337 
5.45721   6.78498 
5.36801   6.74528 
5.33353   6.80451 
5.30721   6.72494 
5.22938   6.73757 
4.92162   6.69660 
4.87035   6.72240 
4.84798   6.77798 
5.03262   6.67309 
4.96528   6.67289 
4.95340   6.73865 
5.13426   6.71848 
5.07533   6.68863 
5.03977   6.73047 
5.21727   6.78950 
5.17393   6.74289 
5.12215   6.77042 
5.04379   6.77598 
5.00107   6.76044 
4.95741   6.78416 
5.12148   6.81460 
5.08181   6.79020 
5.04311   6.82016 
4.96868   6.82316 
4.92101   6.80137 
4.89791   6.83930 
4.88664   6.80029 
4.82488   6.81591 
4.84342   6.87802 
4.80475   6.85571 
4.76253   6.89816 
4.91390   6.86782 
4.87953   6.86674 
4.85941   6.90654 
4.99380   6.83458 
4.95740   6.85180 
4.96664   6.88248 
4.94151   6.87106 
4.92314   6.89850 
5.05616   6.85801 
5.01814   6.84379 
5.00685   6.87242 
5.01294   6.89481 
4.98861   6.88560 
4.97273   6.90486 
5.93947   12.69750 
6.01796   12.56040 
5.96776   12.41110 
5.81678   12.92010 
5.92951   12.82680 
5.80957   12.67420 
5.62165   13.02340 
5.73538   12.97800 
5.71822   12.86140 
5.44544   13.08550 
5.54639   13.06660 
5.56155   12.96250 
5.27365   13.15610 
5.34372   13.13310 
5.32396   13.07160 
5.38485   13.10370 
5.42568   13.02400 
5.61031   12.81680 
5.69171   12.75880 
5.70167   12.62960 
5.47718   12.92520 
5.55245   12.88200 
5.52594   12.77950 
5.36181   12.98930 
5.42240   12.97100 
5.41330   12.89050 
5.27174   13.04880 
5.31287   13.01950 
5.30959   12.96650 
5.63573   6.86238 
5.53172   6.83758 
5.46883   6.87746 
5.97090   6.90723 
5.81011   6.89924 
5.80079   7.01297 
5.71881   6.90842 
5.62641   6.97611 
6.25048   7.05372 
6.07414   6.98178 
5.99534   7.07834 
6.60125   7.29811 
6.38949   7.16523 
6.23759   7.26441 
6.97794   7.71506 
6.75090   7.46988 
6.52625   7.54769 
7.10222   8.31102 
7.06536   7.96074 
6.76331   7.96513 
5.94316   7.19601 
5.83992   7.12145 
5.74862   7.13064 
6.19305   7.41316 
6.05404   7.30165 
5.89862   7.34476 
6.44756   7.72753 
6.29791   7.55577 
6.11437   7.59301 
6.62516   8.13852 
6.53775   7.89284 
6.30941   7.90092 
5.68430   7.18953 
5.64517   7.08105 
5.56209   7.03500 
5.51292   7.10235 
5.49416   6.99741 
5.42366   7.00698 
5.47284   6.93963 
5.39833   6.88703 
5.34390   6.93169 
5.33990   6.86952 
5.27910   6.84918 
5.24965   6.88589 
5.24328   6.82089 
5.18782   6.82622 
5.17676   6.86702 
5.15075   6.83563 
5.11041   6.85541 
5.10863   6.88988 
5.07936   6.86885 
5.05439   6.89248 
5.05379   6.92568 
5.03059   6.91484 
5.01235   6.92801 
4.99735   6.92399 
5.01553   6.94204 
5.07619   6.92507 
5.05240   6.94743 
5.06338   6.95840 
5.04242   6.95757 
4.98447   6.94204 
4.98235   6.92801 
4.96037   6.92489 
4.94868   6.94388 
4.93906   6.92073 
4.91144   6.91748 
4.93770   6.95486 
4.95757   6.95758 
5.12977   6.90716 
5.09872   6.92060 
5.09733   6.94235 
5.20021   6.89295 
5.16313   6.90237 
5.15322   6.93309 
5.23602   6.92124 
5.08361   6.96475 
5.07219   6.97635 
5.07621   6.99135 
5.05796   6.98447 
5.10614   6.96029 
5.16915   6.95539 
5.13580   6.96018 
5.12207   6.98259 
5.13819   7.00121 
5.10854   7.00131 
5.10566   7.02225 
5.08955   7.00364 
5.07334   7.01229 
5.06932   7.02729 
5.05796   7.01553 
5.36049   6.98417 
5.30206   6.96666 
5.27183   7.00742 
5.25524   6.95494 
5.20580   6.96200 
5.18837   6.98909 
5.38182   7.04195 
4.92595   6.98925 
4.92997   6.97426 
4.94204   6.98447 
4.91963   6.95911 
4.89748   6.96132 
4.90521   6.94192 
4.88930   6.91969 
4.85318   6.93097 
5.19750   7.02000 
5.16086   7.01339 
5.14732   7.03211 
5.27870   7.05263 
5.23188   7.04091 
5.20437   7.06521 
5.39403   7.08944 
5.33086   7.06662 
5.29091   7.10012 
5.50004   7.17715 
5.43211   7.13956 
5.38115   7.16424 
5.67963   7.28355 
5.57618   7.23396 
5.49537   7.27117 
5.86456   7.47035 
5.75368   7.36471 
5.64556   7.40913 
6.05112   7.72998 
5.94626   7.58738 
5.80131   7.60732 
6.18086   8.05047 
6.09067   7.88516 
5.92257   7.87953 
5.14087   7.05505 
5.11820   7.04286 
5.09921   7.04519 
5.09099   7.05980 
5.07845   7.03919 
5.06109   7.04190 
5.05011   7.05288 
5.04243   7.04242 
7.22535   8.94333 
7.09213   8.61797 
6.84064   8.51776 
6.64927   8.64877 
6.65935   8.34183 
6.43379   8.26954 
6.31443   8.38176 
6.28024   8.17846 
6.06151   8.16270 
7.28458   9.66057 
7.31261   9.24985 
6.91781   9.13122 
7.12605   10.35180 
7.20931   9.99456 
6.92980   9.77174 
6.92291   10.86950 
7.10450   10.61290 
6.83297   10.36690 
6.52722   11.13500 
6.71638   11.00280 
6.60488   10.76130 
4.92859   7.02611 
4.92457   7.01111 
4.94204   7.01553 
4.91052   7.00036 
4.88694   7.00535 
4.88833   6.98350 
4.87391   6.96631 
4.84402   6.95315 
4.83130   6.99098 
4.81057   6.95565 
4.76598   6.97808 
4.77870   6.94025 
4.71794   6.92059 
4.68766   6.97502 
4.67149   6.93293 
4.59881   6.93781 
4.57723   7.00982 
4.53484   6.96027 
4.45999   6.98356 
4.76517   7.02237 
4.73330   7.00696 
4.68684   7.01931 
4.67787   7.07826 
4.63223   7.04632 
4.56826   7.06878 
4.85093   7.01807 
4.81748   7.02057 
4.78480   7.04946 
4.87312   7.03494 
4.80968   7.08084 
4.75737   7.08264 
4.74663   7.13829 
4.72175   7.10690 
4.66714   7.13391 
4.89778   7.04909 
4.86177   7.06181 
4.86741   7.10059 
4.84275   7.08644 
4.81531   7.11962 
4.93909   7.04622 
4.91964   7.04233 
4.90829   7.06920 
4.95007   7.05720 
4.95758   7.04243 
4.92211   7.09369 
4.90026   7.10045 
4.88123   7.12508 
4.96116   7.07265 
4.94123   7.07789 
4.93320   7.10914 
4.99328   7.07629 
4.97828   7.07227 
4.98447   7.05796 
4.96944   7.09296 
5.02649   7.07114 
5.01149   7.07516 
5.01553   7.05796 
5.00477   7.09146 
5.06646   7.07038 
5.04635   7.06946 
5.04283   7.08864 
5.08722   7.07638 
4.97673   7.11493 
4.95960   7.11531 
4.94049   7.13111 
5.01582   7.10976 
4.99762   7.11089 
4.98778   7.13323 
5.05901   7.11119 
5.03916   7.11287 
5.03201   7.13230 
5.10713   7.09003 
5.08260   7.10061 
5.07893   7.12484 
5.16460   7.07536 
5.13548   7.08611 
5.13086   7.11035 
5.19898   7.09627 
5.31721   7.15262 
5.26505   7.13862 
5.24885   7.17656 
5.22255   7.12406 
5.18278   7.13421 
5.35529   7.20274 
5.16709   7.16657 
5.14352   7.13879 
5.11518   7.14271 
5.09159   7.15328 
5.49481   7.34754 
5.41867   7.29073 
5.36281   7.33611 
5.36337   7.25975 
5.29943   7.24813 
5.25809   7.27514 
5.25000   7.21813 
5.20750   7.20357 
5.16825   7.20815 
5.59124   7.50642 
5.51719   7.42527 
5.44049   7.44483 
5.74760   7.71089 
5.66590   7.59386 
5.53753   7.60999 
5.82984   7.97532 
5.79029   7.82015 
5.65488   7.80669 
6.01606   8.31411 
5.91667   8.18612 
5.78732   8.24223 
5.83276   8.09082 
5.70049   8.03143 
5.09886   7.18599 
5.06261   7.16813 
5.03919   7.19187 
5.03193   7.15916 
5.00859   7.15604 
4.98770   7.16009 
5.16530   7.25383 
5.12490   7.21684 
5.09591   7.23168 
5.25059   7.32666 
5.20116   7.29667 
5.15781   7.30536 
5.35478   7.40358 
5.29948   7.37259 
5.24256   7.39412 
5.37716   7.48130 
5.08305   7.26365 
5.05701   7.23281 
5.02633   7.22384 
5.13876   7.35010 
5.10290   7.30726 
5.06400   7.30839 
5.01217   7.25527 
4.99436   7.21433 
4.96131   7.21774 
4.97547   7.18631 
4.95466   7.16350 
4.92825   7.15733 
4.90971   7.18979 
4.89554   7.15741 
4.86269   7.15755 
4.83810   7.18977 
4.82380   7.15744 
4.79073   7.15184 
4.75512   7.17611 
4.94856   7.25453 
4.92966   7.22651 
4.89695   7.22659 
4.87624   7.26731 
4.85628   7.23060 
4.81739   7.23049 
4.78564   7.26925 
4.76746   7.22841 
4.72336   7.21486 
4.67894   7.25190 
4.66660   7.19959 
4.62272   7.17095 
4.55933   7.20785 
4.55987   7.14217 
4.50487   7.10568 
4.42405   7.13491 
4.43243   7.06152 
4.37916   7.01280 
4.28553   7.01001 
4.24822   7.12686 
4.18214   7.04612 
4.04387   7.06739 
4.41542   7.22881 
4.34298   7.18465 
4.23960   7.22075 
4.56370   7.28887 
4.50086   7.26010 
4.41979   7.30983 
4.69516   7.31968 
4.63839   7.30440 
4.57992   7.35665 
4.81124   7.32359 
4.76131   7.32151 
4.72076   7.37402 
4.90790   7.31075 
4.86723   7.31476 
4.84290   7.36702 
4.98398   7.28502 
4.95233   7.29378 
4.94333   7.34123 
5.01595   7.29452 
5.03580   7.33813 
5.04299   7.38758 
4.99494   7.37372 
4.95051   7.39068 
4.94176   7.44751 
4.89014   7.41503 
4.83415   7.42385 
4.80628   7.48650 
4.75904   7.43850 
4.69289   7.43667 
4.64474   7.50472 
4.60646   7.44023 
4.53177   7.42470 
4.46006   7.49647 
4.43352   7.41289 
4.34808   7.38160 
4.24884   7.45173 
4.23511   7.34868 
4.14035   7.29088 
4.00801   7.35401 
4.01250   7.22608 
3.91153   7.13051 
3.70885   7.19050 
3.74245   7.39842 
3.57113   7.29971 
3.40385   7.55405 
3.37026   7.34613 
3.09286   7.38627 
2.90797   7.65817 
4.02086   7.52228 
3.89301   7.45748 
3.75530   7.56670 
3.13894   7.85898 
2.84393   7.91667 
2.77290   8.30233 
3.61134   7.70896 
3.41046   7.75537 
3.34642   8.01388 
3.76190   7.76802 
3.06969   8.40500 
2.76768   8.58985 
2.86697   8.95922 
4.28165   7.58029 
4.16867   7.54736 
4.05368   7.65084 
4.50525   7.59212 
4.40700   7.58031 
4.32684   7.67594 
4.70148   7.57318 
4.61506   7.57675 
4.56200   7.66058 
4.86996   7.53503 
4.79485   7.54967 
4.76517   7.62170 
5.01173   7.48074 
4.95136   7.50508 
4.93993   7.56825 
5.11105   7.40361 
5.07019   7.43919 
5.07979   7.49676 
5.16596   7.40170 
5.21485   7.44764 
3.55691   8.13472 
3.28539   8.23832 
3.28018   8.52584 
4.12987   7.79616 
3.98206   7.77107 
3.83810   7.91334 
3.97017   8.05270 
3.75001   8.04964 
3.68898   8.27409 
4.40960   7.78318 
4.28425   7.78316 
4.21264   7.90339 
4.30564   8.02182 
4.15126   8.03482 
4.06317   8.17113 
4.64248   7.72771 
4.53268   7.74309 
4.49009   7.85031 
4.85043   7.66894 
4.75706   7.69245 
4.72775   7.77495 
5.02164   7.60078 
4.94025   7.63073 
4.93214   7.70147 
5.17524   7.51907 
5.11678   7.56061 
5.11709   7.62309 
5.25184   7.51149 
5.33755   7.55274 
5.49459   7.69789 
5.41993   7.61045 
5.29461   7.64063 
5.27799   7.71576 
5.19561   7.65805 
5.10047   7.69822 
5.59040   7.88561 
5.54771   7.77636 
5.43011   7.77682 
5.38968   7.84756 
5.33656   7.76909 
5.23756   7.78650 
5.09844   7.76036 
5.01992   7.72539 
4.93011   7.76361 
5.21709   7.84946 
5.15852   7.79613 
5.07797   7.82331 
5.61381   8.08893 
5.61089   7.97344 
5.50372   7.94311 
5.44451   7.99982 
5.42402   7.91200 
5.33047   7.90427 
5.29292   7.95925 
5.25859   7.89481 
5.17955   7.90444 
4.96024   7.82358 
4.87245   7.79966 
4.83633   7.85737 
4.80620   7.79740 
4.69162   7.83266 
5.07879   7.88090 
5.01871   7.84513 
4.96106   7.88118 
5.16229   7.95745 
5.12080   7.91209 
5.06154   7.93391 
4.73221   7.90079 
4.65376   7.87834 
4.62148   7.95146 
4.58088   7.88333 
4.45781   7.92342 
4.49902   8.01554 
4.40823   7.98251 
4.34685   8.11394 
4.86563   7.90520 
4.79938   7.90294 
4.76152   7.94862 
4.97652   7.93183 
4.91805   7.91028 
4.88110   7.95585 
5.06056   7.98221 
5.01856   7.95102 
4.97555   7.98013 
4.66868   8.00680 
4.59580   8.01179 
4.54622   8.07088 
4.80174   7.99360 
4.73457   7.99145 
4.70889   8.05178 
4.90842   8.00032 
4.85601   7.99524 
4.82905   8.03808 
4.98806   8.01830 
4.94603   7.99911 
4.92094   8.03850 
6.38237   10.66110 
6.58891   10.52780 
6.61046   10.26670 
6.34444   10.21560 
6.58851   10.05470 
6.45196   9.84369 
6.71797   9.89475 
6.79325   9.56075 
6.52068   9.47140 
6.73251   9.34838 
6.64525   9.04186 
6.39865   9.04607 
6.58396   8.82891 
6.40267   8.65298 
6.20335   8.70152 
6.26866   8.52138 
6.11511   8.43031 
5.97028   8.45373 
5.10706   13.26770 
5.16614   13.25530 
5.19685   13.20720 
5.16293   13.17030 
5.23054   13.17430 
5.23973   13.11920 
5.19521   13.09670 
5.23832   13.07850 
5.22723   13.02630 
5.12432   13.15330 
5.15801   13.12040 
5.15661   13.07970 
6.24051   9.81235 
6.36998   9.65242 
6.30924   9.44005 
6.11553   9.46756 
6.26624   9.28653 
6.09901   9.19189 
6.29272   9.16438 
6.23143   8.95142 
6.02351   8.95781 
6.12945   8.83950 
5.99544   8.70791 
5.82591   8.71966 
5.89981   8.58168 
5.80075   8.46549 
5.67912   8.47738 
5.74959   8.34943 
5.66568   8.25412 
5.56935   8.28341 
5.60708   8.17621 
5.51748   8.11821 
5.44907   8.15520 
5.45580   8.06792 
5.37610   8.03681 
5.32960   8.07714 
5.31831   8.00904 
5.24643   7.99958 
5.21672   8.04279 
5.19133   7.99299 
5.13258   8.00065 
5.11771   8.04289 
5.08867   8.00734 
5.04569   8.02445 
5.04025   8.06479 
5.01214   8.03966 
4.98262   8.05865 
5.93779   9.22421 
5.96426   9.10206 
5.86229   8.99014 
5.98842   9.52797 
5.94542   9.37446 
5.81068   9.28463 
4.98152   8.09259 
4.95744   8.07123 
4.91983   8.07244 
4.92455   8.10471 
4.88804   8.07198 
4.86098   8.10388 
4.85626   8.07162 
4.80199   8.06998 
4.78674   8.11460 
4.75953   8.08106 
4.69364   8.09640 
5.70882   9.00908 
5.76807   8.86483 
5.67244   8.73861 
5.56576   8.78698 
5.62360   8.64181 
5.50781   8.60119 
5.61449   8.55282 
5.56333   8.43676 
5.46689   8.43322 
5.53152   8.35779 
5.47292   8.27987 
5.39841   8.29464 
5.43624   8.22027 
5.37456   8.16997 
5.32233   8.19459 
5.33516   8.12952 
5.27737   8.10176 
5.24343   8.13071 
5.23787   8.07833 
5.18278   8.07174 
5.16008   8.10580 
5.13892   8.07027 
5.09501   8.07696 
5.08202   8.10710 
5.06081   8.07973 
5.02726   8.09494 
5.02391   8.12494 
5.00335   8.11000 
4.97817   8.12258 
5.03891   8.12896 
5.01553   8.14204 
4.96317   8.12660 
4.98447   8.14204 
5.06083   8.12671 
5.05192   8.14579 
5.06290   8.15677 
5.04242   8.15757 
5.09503   8.12394 
4.94777   8.14474 
4.94094   8.12330 
4.90915   8.12284 
4.93679   8.15572 
4.95757   8.15758 
5.18207   8.12848 
5.13821   8.12701 
5.13820   8.15261 
5.11621   8.12993 
5.09501   8.14954 
5.24448   8.16930 
5.20498   8.14587 
5.18312   8.16707 
5.10216   8.16900 
5.08098   8.16300 
5.07005   8.17623 
5.07407   8.19123 
5.05796   8.18447 
5.16981   8.19413 
5.14690   8.17674 
5.12489   8.17967 
5.11086   8.19313 
5.11049   8.21464 
5.08776   8.20397 
5.07369   8.21274 
5.06967   8.22774 
5.05796   8.21553 
4.92520   8.19014 
4.92921   8.17514 
4.94204   8.18447 
4.91796   8.16086 
4.89182   8.16585 
4.89940   8.14642 
4.88301   8.12783 
4.85123   8.12746 
4.84311   8.16107 
4.82108   8.13712 
4.77862   8.14820 
4.88831   8.19132 
4.86974   8.17688 
4.83959   8.18653 
4.92505   8.21076 
4.91024   8.20090 
4.88816   8.21193 
4.92907   8.22576 
4.94204   8.21553 
5.07642   8.24547 
5.05871   8.24773 
5.04773   8.25871 
5.04243   8.24242 
5.12735   8.23334 
5.10425   8.24417 
5.09328   8.26417 
5.19290   8.21270 
5.15668   8.22237 
5.15043   8.25191 
5.26839   8.19904 
5.22994   8.21420 
5.21681   8.24245 
5.30779   8.23949 
5.36407   8.34489 
5.32739   8.28528 
5.27345   8.28974 
5.41350   8.48563 
5.38169   8.40666 
5.31067   8.39730 
5.43382   8.65348 
5.42470   8.56449 
5.33950   8.53792 
5.24413   8.32051 
5.22454   8.27472 
5.18749   8.27322 
5.15816   8.28419 
5.26503   8.43257 
5.24741   8.37079 
5.19850   8.35578 
5.28694   8.57901 
5.27573   8.50016 
5.21247   8.47365 
5.16602   8.32367 
5.12897   8.30236 
5.11511   8.32414 
5.10725   8.28466 
5.07943   8.28596 
5.16930   8.37395 
5.07383   8.30980 
5.05986   8.28931 
5.03973   8.30040 
5.04532   8.27656 
5.02759   8.26981 
5.01259   8.27383 
5.01553   8.25796 
5.47459   8.84149 
5.42575   8.74469 
5.34265   8.70798 
5.26190   8.73762 
5.26997   8.64641 
5.20620   8.60865 
5.17768   8.51484 
5.16698   8.44725 
5.11920   8.45202 
5.15399   8.41083 
5.12152   8.37873 
5.09095   8.38630 
5.10625   8.34942 
5.08454   8.33172 
5.06497   8.33507 
5.13819   8.62636 
5.15516   8.55896 
5.10967   8.53255 
5.05700   8.52596 
5.07952   8.48185 
5.06653   8.44543 
5.03310   8.43802 
5.07279   8.40820 
5.05752   8.37889 
5.02639   8.37043 
5.04455   8.34853 
5.03384   8.32660 
5.01930   8.31386 
4.99945   8.31701 
5.00533   8.29081 
4.99274   8.27698 
4.97774   8.27296 
4.98447   8.25796 
5.68257   9.11614 
5.58835   8.99083 
5.47990   9.03635 
5.50615   8.92930 
5.36615   8.88700 
5.72119   9.36642 
5.71355   9.21618 
5.59308   9.19793 
4.69908   8.15315 
4.64844   8.12388 
4.60061   8.17342 
4.59517   8.11667 
4.49839   8.12041 
4.77831   8.19036 
4.74398   8.16783 
4.69877   8.19531 
4.84069   8.22036 
4.81406   8.20455 
4.77941   8.22418 
4.49424   8.20838 
4.44529   8.16259 
4.34270   8.20190 
4.89305   8.23907 
4.87112   8.22949 
4.84558   8.24750 
4.93694   8.24481 
4.91796   8.24056 
4.90092   8.25812 
4.94792   8.25579 
4.95758   8.24243 
4.96693   8.29164 
4.95919   8.27064 
4.93711   8.27447 
4.98475   8.33716 
4.97079   8.31410 
4.95223   8.31179 
5.00817   8.39794 
4.99520   8.36757 
4.96654   8.36467 
5.00191   8.43517 
4.92628   8.29869 
4.91501   8.28383 
4.89010   8.28235 
4.93014   8.32116 
4.94540   8.38669 
4.93495   8.35628 
4.90900   8.34318 
4.97843   8.46698 
4.95350   8.42689 
4.92192   8.41850 
5.02451   8.56830 
4.99435   8.51760 
4.94595   8.50932 
5.10332   8.68050 
5.05229   8.63081 
4.98965   8.62244 
5.22433   8.80262 
5.15165   8.74105 
5.06575   8.74550 
5.29763   8.95435 
5.26607   8.86654 
5.15581   8.86997 
4.86904   8.30445 
4.85495   8.27873 
4.82453   8.26960 
4.88473   8.36775 
4.87992   8.33263 
4.84478   8.32901 
4.79586   8.29495 
4.78649   8.26372 
4.75075   8.24953 
4.71893   8.27604 
4.71185   8.23651 
4.66695   8.22182 
4.63161   8.26924 
4.61853   8.22804 
4.56526   8.22083 
4.51216   8.26301 
4.81871   8.36176 
4.80783   8.33358 
4.76980   8.32770 
4.73260   8.35910 
4.72063   8.32046 
4.68174   8.30744 
4.63331   8.31366 
4.88729   8.44422 
4.87918   8.40401 
4.85011   8.39346 
4.81316   8.39803 
4.90483   8.54442 
4.88891   8.49380 
4.84617   8.47932 
4.94405   8.67146 
4.91627   8.60895 
4.85923   8.59343 
5.01064   8.80864 
4.96231   8.74809 
4.88893   8.73460 
5.10967   8.93122 
5.06793   8.86730 
4.96449   8.86989 
4.78932   8.44549 
4.75793   8.41379 
4.70876   8.40655 
4.79094   8.49507 
4.80113   8.63151 
4.78969   8.56697 
4.73284   8.53315 
4.81696   8.78510 
4.79869   8.70847 
4.72916   8.68200 
4.61889   8.37907 
4.56876   8.34087 
4.49774   8.32842 
4.64422   8.43376 
4.66672   8.57516 
4.66796   8.50326 
4.57809   8.47578 
4.64027   8.72746 
4.64272   8.65050 
4.57783   8.62062 
4.44283   8.39901 
4.38622   8.32114 
4.28779   8.27249 
4.21205   8.37721 
4.16852   8.25797 
3.98743   8.27585 
3.97006   8.44046 
3.86471   8.35363 
3.67161   8.43870 
3.70122   8.64895 
3.52549   8.56941 
3.30979   8.73609 
3.42119   8.97373 
3.17588   8.93016 
2.97837   9.19686 
4.51224   8.55472 
4.48850   8.48522 
4.37698   8.47795 
4.48824   8.63006 
3.19859   9.42226 
2.88968   9.45132 
2.80075   9.83739 
3.10042   9.96655 
2.79127   10.12720 
2.87625   10.52270 
3.16712   10.52660 
2.95241   10.79290 
3.16327   11.08380 
4.29914   8.57180 
4.25347   8.48559 
4.13421   8.47107 
4.01149   8.54884 
4.43428   8.74331 
4.36869   8.67741 
4.24518   8.68505 
4.07121   8.69353 
3.90706   8.66292 
3.76094   8.79363 
4.14076   8.79913 
3.86230   8.96000 
3.65646   8.94602 
3.52255   9.14009 
3.68832   9.29984 
3.45305   9.32755 
3.36435   9.58201 
3.59383   9.70480 
3.33937   9.79951 
3.32990   10.08930 
3.58077   10.14380 
3.34183   10.31080 
3.41799   10.58100 
3.42242   10.99470 
3.34241   11.28170 
3.54482   11.45360 
3.62684   10.56520 
3.45213   10.78100 
3.63126   10.97890 
4.21624   8.92700 
4.04227   8.93548 
3.93779   9.08787 
4.05979   9.21014 
3.87982   9.23466 
3.81032   9.42211 
3.96975   9.52840 
3.77824   9.59359 
3.75326   9.81109 
4.54519   8.78431 
4.42564   8.83165 
4.45505   8.95191 
4.34414   8.91091 
4.24566   9.04726 
4.63163   8.81581 
4.81680   8.86184 
4.72656   8.83571 
4.63148   8.89255 
4.94597   8.93857 
4.88868   8.87991 
4.79828   8.93052 
4.66109   8.97578 
4.56616   8.95588 
4.48466   9.03514 
4.81993   9.00413 
4.74805   8.98607 
4.68273   9.04940 
4.98035   8.98742 
4.90454   8.99744 
4.85431   9.05299 
5.13943   8.99263 
5.05155   8.98996 
5.01012   9.04884 
5.32585   9.01554 
5.22578   8.99508 
5.16766   9.05382 
5.47224   9.11303 
5.39005   9.05149 
5.31820   9.09222 
5.55133   9.26479 
5.52035   9.16475 
5.43049   9.17989 
3.96883   9.88879 
3.78442   10.00000 
3.79634   10.22150 
3.97426   10.29620 
3.77062   10.44000 
3.80475   10.64000 
4.33718   9.15455 
4.20928   9.17064 
4.15131   9.31743 
4.53900   9.10504 
4.42789   9.10107 
4.39152   9.22444 
4.25803   9.41024 
4.10854   9.44975 
4.07646   9.62122 
4.22461   9.67512 
4.08581   9.75378 
4.11697   9.94269 
4.70928   9.12792 
4.62231   9.11764 
4.56554   9.18356 
4.90477   9.09188 
4.82016   9.09857 
4.82161   9.15649 
4.77114   9.11760 
4.71072   9.18584 
5.03363   9.10242 
4.96243   9.09988 
4.92829   9.14546 
5.21111   9.09167 
5.12477   9.08923 
5.12595   9.13889 
5.08250   9.10105 
5.03481   9.15209 
5.31874   9.15362 
5.25455   9.11767 
5.21166   9.15307 
5.41345   9.24473 
5.36535   9.19301 
5.30170   9.21846 
5.53099   9.33607 
5.45826   9.30289 
5.39311   9.31601 
5.70496   9.45747 
5.60784   9.38902 
5.51476   9.42711 
6.02031   9.65650 
5.85020   9.56340 
5.79008   9.65726 
5.75820   9.52873 
5.64485   9.55132 
6.13769   9.96807 
6.05571   9.77680 
5.91749   9.81223 
6.19085   10.33560 
6.16890   10.12360 
5.98410   10.08800 
5.81162   9.88346 
5.77622   9.76316 
5.68422   9.72849 
5.84939   10.17660 
5.81819   10.02110 
5.67691   9.97207 
5.19846   9.20049 
5.15502   9.17449 
5.11275   9.18631 
5.29143   9.26782 
5.24482   9.22843 
5.18818   9.24985 
5.37127   9.36772 
5.32647   9.30956 
5.26959   9.31953 
5.09445   9.22164 
5.06538   9.18605 
5.01652   9.18742 
5.01169   9.23170 
4.98113   9.19773 
4.94746   9.22331 
4.95228   9.17903 
4.89462   9.17103 
4.88251   9.22052 
4.85851   9.18695 
4.80950   9.20597 
4.79595   9.25234 
4.75904   9.22188 
4.69717   9.23220 
4.94866   9.25747 
4.91982   9.23877 
4.88371   9.25468 
4.89716   9.28770 
4.85985   9.26945 
4.84311   9.30464 
4.82965   9.27162 
4.77920   9.28753 
4.49973   9.24620 
4.40902   9.29968 
4.46406   9.38875 
4.35584   9.36699 
4.31307   9.49931 
4.58305   9.25880 
4.70194   9.30239 
4.65361   9.26635 
4.58781   9.32899 
4.43939   9.54859 
4.34158   9.59185 
4.35093   9.72440 
4.62138   9.40816 
4.55081   9.40061 
4.49763   9.46792 
4.52615   9.56045 
4.78973   9.33754 
4.75603   9.31825 
4.71247   9.35240 
4.72834   9.40193 
4.67425   9.38607 
4.63725   9.45769 
4.86613   9.33138 
4.83593   9.33355 
4.81276   9.36428 
4.92355   9.30409 
4.89969   9.31886 
4.89252   9.34778 
4.83927   9.39213 
4.79308   9.39612 
4.79126   9.44019 
4.76474   9.41233 
4.72652   9.44600 
4.97247   9.27463 
4.94482   9.29009 
4.94735   9.32126 
5.03201   9.25375 
4.99662   9.26406 
4.99278   9.29668 
5.11298   9.24878 
5.06561   9.24852 
5.05054   9.28088 
5.19442   9.28923 
5.14806   9.26128 
5.11922   9.28816 
5.25736   9.36051 
5.22232   9.31877 
5.18220   9.33021 
4.74609   9.49660 
4.70968   9.48619 
4.65682   9.50828 
4.68249   9.57631 
4.61006   9.54781 
4.55182   9.62848 
6.19703   10.75290 
6.18105   10.51940 
6.00550   10.42740 
5.88223   10.49730 
5.89203   10.31350 
5.72611   10.24660 
5.52158   9.50011 
5.44473   9.44716 
5.39934   9.49451 
5.39252   9.42151 
5.32588   9.41507 
5.60378   9.63921 
5.55054   9.56795 
5.48051   9.58800 
5.58991   9.74512 
5.29715   9.45405 
5.27590   9.40025 
5.22863   9.39949 
5.42324   9.63001 
5.39427   9.56217 
5.34207   9.53652 
5.30229   9.56412 
5.30735   9.49646 
5.25737   9.48164 
5.57197   9.82509 
5.49153   9.73581 
5.41977   9.77262 
5.43772   9.69265 
5.35148   9.66682 
5.57952   10.04040 
5.57296   9.90275 
5.47457   9.89345 
5.38447   9.91438 
5.38348   9.83672 
5.32966   9.79356 
5.65074   10.33960 
5.60810   10.20280 
5.47695   10.21950 
5.55233   10.12640 
5.44837   10.05710 
5.25557   9.78235 
5.29186   9.71825 
5.27738   9.65561 
5.21474   9.65061 
5.27436   9.59918 
5.23965   9.55912 
5.19555   9.54843 
5.22348   9.51337 
5.21327   9.47096 
5.17523   9.46249 
5.20913   9.43076 
5.19059   9.39103 
5.15567   9.39443 
5.17517   9.36316 
5.14728   9.33361 
5.12094   9.34660 
5.12797   9.31365 
5.09288   9.30115 
5.07541   9.32164 
5.06666   9.29615 
5.03307   9.30138 
5.02460   9.32832 
5.00847   9.31305 
4.98431   9.32363 
5.03960   9.33234 
5.01553   9.34204 
4.96931   9.32765 
4.98447   9.34204 
4.94804   9.34165 
4.93706   9.35263 
4.95757   9.35758 
5.05769   9.33093 
5.04809   9.34663 
5.05907   9.35761 
5.04242   9.35757 
5.08391   9.33593 
4.92885   9.37468 
4.91787   9.35731 
4.88431   9.36982 
4.92483   9.38968 
4.94204   9.38447 
4.89183   9.39606 
4.86648   9.38652 
4.84680   9.41836 
4.92676   9.40743 
4.91159   9.39711 
4.89376   9.41381 
4.93078   9.42243 
4.94204   9.41553 
5.11471   9.36910 
5.09540   9.34914 
5.07768   9.35844 
5.07057   9.37082 
5.07459   9.38583 
5.05796   9.38447 
5.13576   9.41856 
5.12034   9.39069 
5.09481   9.39324 
5.08022   9.40741 
5.07620   9.42241 
5.05796   9.41553 
5.15586   9.48203 
5.15171   9.44184 
5.11638   9.43810 
5.11028   9.45874 
5.09433   9.43547 
5.07009   9.44305 
5.07246   9.46503 
5.05433   9.45197 
5.04335   9.46295 
5.04243   9.44242 
5.03886   9.48118 
5.02551   9.47018 
5.01051   9.47420 
5.01553   9.45796 
5.11550   9.48306 
5.09345   9.48043 
5.07768   9.48935 
5.13902   9.50372 
5.07553   9.51029 
5.05455   9.49489 
5.03671   9.50212 
5.17327   9.57706 
5.15710   9.53132 
5.11674   9.53235 
5.10134   9.56374 
5.08326   9.53614 
5.06013   9.54168 
5.16999   9.67149 
5.16697   9.61506 
5.12852   9.59795 
5.09504   9.60174 
5.22363   9.83531 
5.18583   9.76000 
5.11745   9.77051 
5.14938   9.71754 
5.10161   9.68200 
5.05594   9.68792 
5.07655   9.64187 
5.04937   9.60766 
5.01774   9.61772 
5.03623   9.57759 
5.00848   9.56148 
5.04011   9.55141 
5.03238   9.52557 
5.01669   9.51185 
4.99492   9.51392 
4.99925   9.49047 
4.98874   9.47627 
4.97374   9.47225 
4.98447   9.45796 
4.98253   9.56989 
4.98641   9.54371 
4.96897   9.52234 
4.94642   9.53315 
4.95492   9.50336 
4.93532   9.49268 
4.95787   9.48187 
4.95413   9.46158 
4.94315   9.45060 
4.95758   9.44243 
4.92184   9.45979 
4.92672   9.43920 
4.90946   9.43163 
4.88971   9.43058 
4.91201   9.50379 
4.91496   9.48230 
4.89853   9.47090 
4.87604   9.47573 
4.88292   9.45322 
4.86722   9.43540 
4.84001   9.44101 
4.84347   9.48146 
4.82305   9.46442 
4.79472   9.48064 
4.85908   9.49914 
4.77788   9.52082 
4.92693   9.55367 
4.91289   9.53469 
4.89253   9.52431 
4.85996   9.53004 
4.85486   9.56682 
4.82141   9.54165 
4.77278   9.55761 
4.78639   9.61446 
4.74286   9.59364 
4.69610   9.63317 
4.71187   9.70497 
4.65150   9.68764 
4.56759   9.70028 
4.56827   9.79776 
4.46858   9.73860 
4.35161   9.82187 
4.41980   9.93995 
4.30215   9.92575 
4.18517   10.06080 
4.29145   10.16880 
4.10627   10.18570 
4.08054   10.40430 
4.97523   9.60206 
4.95317   9.58430 
4.91963   9.58584 
4.98838   9.63213 
4.90786   9.62849 
4.88162   9.59787 
4.84308   9.60947 
4.81316   9.64551 
5.01640   9.71892 
4.99134   9.67879 
4.94883   9.66313 
4.91082   9.67515 
5.08951   9.82055 
5.05307   9.77809 
4.98847   9.76896 
4.88963   9.72477 
4.84866   9.69014 
4.79196   9.69513 
4.74737   9.74960 
4.96547   9.82679 
4.92880   9.76762 
4.86664   9.78260 
4.84398   9.85167 
4.80481   9.80883 
4.72471   9.81867 
4.69730   9.90953 
4.63987   9.85030 
4.54086   9.88861 
4.49140   9.99249 
5.21165   9.89353 
5.14191   9.87119 
5.07753   9.87877 
5.37615   9.99624 
5.28505   9.93951 
5.20333   9.97538 
5.34896   10.08220 
5.03997   9.94343 
4.98757   9.89280 
4.92791   9.89145 
4.86608   9.91768 
4.86194   9.99403 
4.77800   9.95425 
4.69316   9.98588 
4.68700   10.07430 
4.60630   10.02960 
4.48524   10.08090 
4.52740   10.18660 
4.41250   10.14950 
4.33360   10.27440 
5.18558   10.04290 
5.11218   9.99692 
5.02222   10.01100 
5.01245   10.08740 
4.94024   10.03390 
4.85217   10.07050 
5.32289   10.15590 
5.25066   10.09500 
5.15951   10.11660 
5.42889   10.29470 
5.37311   10.21820 
5.27482   10.23110 
4.85648   10.14550 
4.77818   10.10570 
4.69132   10.14940 
4.71935   10.22790 
4.62818   10.19660 
4.55543   10.26510 
5.14369   10.18720 
5.07860   10.13500 
4.99663   10.15800 
4.99446   10.22710 
4.92830   10.17950 
4.85431   10.21460 
5.24649   10.29660 
5.19626   10.23420 
5.11535   10.25270 
4.86630   10.28150 
4.79447   10.24760 
4.73134   10.29480 
5.10006   10.31580 
5.04749   10.26880 
4.97917   10.29030 
4.97125   10.34540 
4.91822   10.30370 
4.85838   10.33670 
6.45466   11.36060 
6.32579   11.12030 
6.14393   11.19410 
6.21649   10.96850 
6.01517   10.82670 
6.37314   11.55030 
6.16526   11.83620 
6.29340   11.71750 
6.17348   11.51310 
6.00310   12.12870 
6.06350   11.98610 
5.99198   11.83030 
5.82443   12.40000 
5.97265   12.26610 
5.85977   12.11770 
5.53449   12.62760 
5.65235   12.54300 
5.54644   12.44440 
5.71362   12.44640 
5.71852   12.30140 
5.97556   11.53180 
6.05530   11.36460 
5.94601   11.21270 
5.84810   11.84040 
5.94986   11.69040 
5.83168   11.54180 
5.79397   11.23310 
5.88260   11.06270 
5.77957   10.96510 
5.93161   10.94480 
5.91214   10.72920 
5.75966   10.74240 
5.84322   10.62440 
5.72975   10.51040 
5.63819   10.55090 
5.67719   10.42380 
5.55918   10.38010 
5.49860   10.44590 
5.47214   10.36170 
5.36830   10.36050 
5.33068   10.42550 
5.28742   10.35850 
5.20886   10.36160 
5.19082   10.41050 
5.14988   10.34860 
5.08202   10.36470 
5.08789   10.40920 
5.03807   10.37640 
5.01014   10.41330 
5.00428   10.36890 
4.94333   10.38240 
5.62037   12.23210 
5.73117   12.18580 
5.76162   12.04840 
5.63248   12.01360 
5.76108   11.94550 
5.71896   11.80560 
5.39508   12.77260 
5.45295   12.70730 
5.40363   12.62070 
5.34736   12.88510 
5.40214   12.83930 
5.32914   12.76710 
5.24938   12.94760 
5.29832   12.91740 
5.28715   12.86620 
5.17987   13.01470 
5.21329   12.98500 
5.20202   12.93600 
5.12487   13.06760 
5.16207   13.04390 
5.14813   13.00260 
3.96286   10.72290 
3.81908   10.84820 
3.78937   11.06190 
4.20872   10.40980 
4.07671   10.52030 
4.18307   10.62570 
4.05489   10.62010 
4.06922   10.82830 
4.41855   10.35030 
4.29750   10.36960 
4.29367   10.48570 
4.60606   10.33490 
4.50528   10.32480 
4.46918   10.42010 
4.76248   10.35720 
4.68736   10.33750 
4.63720   10.39730 
3.98144   11.10860 
3.79363   11.23940 
3.90111   11.41350 
3.70904   11.36670 
3.65230   11.62780 
3.85748   11.70710 
3.69326   11.79400 
3.74234   12.02330 
3.92492   12.05180 
3.76882   12.20180 
3.87539   12.38590 
4.04522   12.34860 
3.96920   12.50420 
4.09100   12.58800 
4.87225   10.39300 
4.82033   10.37080 
4.77634   10.41360 
4.94770   10.42900 
4.91467   10.40550 
4.87661   10.43970 
4.38381   10.55360 
4.29503   10.59370 
4.27321   10.69350 
4.54047   10.47100 
4.45374   10.49650 
4.45510   10.60450 
4.68130   10.44290 
4.60001   10.44020 
4.58457   10.51660 
4.80063   10.46720 
4.74278   10.45360 
4.70558   10.49660 
4.89501   10.48010 
4.85258   10.46750 
4.81902   10.50760 
4.35636   10.78470 
4.24440   10.81670 
4.15237   10.91950 
4.26327   11.01140 
4.08809   11.02300 
4.09235   11.20050 
4.23167   12.56950 
4.18364   12.69060 
4.24043   12.79120 
4.34102   12.76930 
4.25714   12.88850 
4.34496   12.95500 
4.24437   12.97690 
4.23620   13.11110 
4.35748   13.13980 
4.26148   13.20740 
4.31907   13.33520 
4.42865   13.31480 
4.36495   13.41390 
4.47727   13.49100 
4.56561   13.41360 
4.56834   13.51120 
4.68306   13.52830 
4.74806   13.44460 
4.77445   13.53910 
4.86822   13.53010 
4.92645   13.46120 
4.89177   13.39680 
4.97878   13.40260 
5.01449   13.33520 
4.98694   13.28780 
5.05733   13.28480 
5.07951   13.22030 
5.04171   13.19550 
5.09144   13.17840 
5.08653   13.12850 
4.71583   13.37490 
4.80722   13.38570 
4.85954   13.32720 
4.54065   13.32860 
4.63171   13.34880 
4.69087   13.28990 
4.49476   13.24990 
4.41803   13.07570 
4.44331   13.17200 
4.55530   13.18580 
4.42808   12.90690 
4.41532   12.99530 
4.50114   13.02750 
4.82400   13.28870 
4.90856   13.29980 
4.90956   13.24860 
4.94509   13.28710 
4.98794   13.23670 
4.96314   13.20040 
5.00499   13.20110 
5.01692   13.15920 
4.56909   13.11920 
4.62054   13.19710 
4.68022   13.15940 
4.66644   13.22600 
4.75055   13.25220 
4.77091   13.20060 
4.79534   13.26450 
4.84436   13.23710 
4.56053   12.98110 
4.56324   13.06150 
4.62847   13.07280 
4.85774   13.18890 
4.88640   13.21320 
4.92294   13.20040 
4.93999   13.16490 
4.42218   12.73070 
4.43889   12.82800 
4.50925   12.86820 
4.57965   12.83670 
4.56884   12.91560 
4.63094   12.94960 
4.67962   13.04440 
4.68547   13.10200 
4.73137   13.13100 
4.77802   13.10200 
4.77276   13.15930 
4.81755   13.17160 
4.85959   13.14760 
4.67852   12.92320 
4.67021   12.98880 
4.72721   13.01800 
5.05474   13.12410 
5.08762   13.09900 
5.06810   13.07620 
5.09989   13.08060 
5.10535   13.04470 
4.99201   13.13240 
5.02873   13.12670 
5.02983   13.09730 
4.92413   13.13540 
4.96434   13.13540 
4.97615   13.10290 
4.85379   13.11190 
4.89398   13.12920 
4.91833   13.09970 
4.78488   13.06540 
4.82627   13.09370 
4.86066   13.07530 
4.75031   12.98540 
4.75973   13.04110 
4.80799   13.03280 
5.01442   10.44940 
4.98063   10.44190 
4.95197   10.46510 
4.96369   10.49860 
4.93076   10.48570 
4.90673   10.51360 
5.11515   10.42830 
5.07120   10.44000 
5.06915   10.47160 
5.04188   10.45240 
5.01237   10.48100 
5.20819   10.45760 
5.14921   10.44460 
5.13253   10.47540 
4.07047   11.44290 
3.98588   11.57030 
4.02684   11.73650 
4.23799   11.22620 
4.13134   11.31190 
4.21611   11.46860 
4.17405   11.72690 
4.04565   11.86380 
4.16594   11.95210 
4.01873   11.96170 
4.04522   12.14010 
4.21337   12.14520 
4.11957   12.23530 
4.21338   12.35360 
4.35610   12.33990 
4.28176   12.45320 
4.37440   12.55580 
4.48466   12.52850 
4.43457   12.64470 
4.53245   12.70340 
4.29144   11.93680 
4.26452   12.03470 
4.33887   12.12990 
4.27106   11.68360 
4.28988   11.81080 
4.38846   11.89350 
4.33768   11.43470 
4.27681   11.56580 
4.39264   11.64970 
4.47393   12.12950 
4.42279   12.23990 
4.49117   12.33950 
4.61747   12.34040 
4.55079   12.44040 
4.61096   12.52940 
4.61387   12.68530 
4.60148   12.77120 
4.66108   12.81860 
4.72313   12.81010 
4.70130   12.87560 
4.74057   12.91480 
4.68845   12.52230 
4.62232   12.61040 
4.69135   12.67820 
4.78379   12.90580 
4.76101   12.95350 
4.79353   12.97650 
4.82483   12.97150 
4.81414   13.00340 
4.83929   13.02770 
4.87337   13.01530 
4.86722   13.04470 
4.89473   13.06290 
4.91607   13.04800 
4.90951   13.07860 
4.93967   13.08480 
4.95042   13.05790 
4.95924   13.07890 
4.98691   13.07590 
5.00191   13.07990 
4.98447   13.05800 
5.01553   13.05800 
5.01691   13.07590 
5.04292   13.07330 
5.05518   13.05480 
5.06616   13.04380 
5.04243   13.04240 
4.93944   13.04690 
4.95758   13.04240 
4.92467   13.03110 
4.92065   13.01610 
4.94204   13.01550 
4.86996   12.99410 
4.89788   13.01110 
4.91723   12.99490 
4.90461   12.97490 
4.92738   12.97990 
4.93140   12.96490 
4.94204   12.98450 
5.06928   13.02490 
5.08348   13.03870 
5.10847   13.02580 
5.07330   13.00990 
5.05796   13.01550 
5.09020   12.99860 
5.11207   13.00460 
5.12987   12.97540 
5.07690   12.98870 
5.07288   12.97370 
5.05796   12.98450 
4.85624   12.97470 
4.88075   12.97050 
4.89090   12.95550 
4.83563   12.94790 
4.92718   12.94390 
4.94382   12.94900 
4.95480   12.93800 
4.95757   12.95760 
4.88214   12.93490 
4.90600   12.93920 
4.91842   12.92330 
4.82651   12.91970 
4.85792   12.92300 
4.87302   12.90670 
4.80608   12.88100 
4.73643   12.76210 
4.77666   12.81900 
4.81564   12.79960 
4.80234   12.84760 
4.84507   12.86150 
4.75237   12.63930 
4.74392   12.71420 
4.79745   12.72310 
4.84613   12.71530 
4.83864   12.76320 
4.86432   12.79180 
4.87660   12.84560 
4.88034   12.87890 
4.90455   12.89080 
4.89959   12.80920 
4.92574   12.89550 
4.93528   12.87320 
4.94914   12.90570 
4.96673   12.89950 
4.95719   12.92180 
4.97239   12.93190 
4.98739   12.92780 
4.98447   12.94200 
4.91973   12.77340 
4.93201   12.82720 
4.96476   12.81550 
4.94462   12.85140 
4.96803   12.86150 
4.99038   12.86390 
4.98103   12.88570 
4.98908   12.90190 
5.00169   12.91400 
5.01692   12.90230 
5.01523   12.92830 
5.03023   12.93230 
5.01553   12.94200 
5.04834   12.92500 
5.04811   12.94070 
5.05909   12.95170 
5.04242   12.95760 
5.08002   12.95530 
5.09183   12.93430 
5.10561   12.95630 
5.14168   12.95430 
5.13918   12.91880 
5.16343   12.93790 
5.19952   12.90050 
5.08450   12.91000 
5.11010   12.91090 
5.13185   12.89450 
5.04165   12.89970 
5.05953   12.90810 
5.07781   12.88470 
5.02811   12.88540 
5.00190   12.84200 
5.01491   12.86620 
5.03964   12.86360 
4.98588   12.79150 
4.99849   12.81560 
5.02302   12.81800 
5.05188   12.83710 
5.06509   12.85630 
5.09006   12.85820 
5.04847   12.81070 
4.93679   12.74030 
4.96921   12.75830 
5.00294   12.75840 
4.86303   12.66350 
4.90422   12.70360 
4.95370   12.68850 
4.76518   12.57930 
4.81775   12.61530 
4.87584   12.60360 
4.75383   12.49830 
5.11374   12.82980 
5.12646   12.85830 
5.15554   12.86620 
5.19412   12.86420 
5.19816   12.81700 
5.24214   12.85130 
5.29118   12.81890 
5.28413   12.75220 
5.03728   12.73900 
5.05395   12.77220 
5.08281   12.79130 
5.11921   12.79140 
5.13843   12.74970 
5.16936   12.78820 
5.21738   12.77520 
5.25533   12.72340 
4.98173   12.64940 
5.01430   12.68600 
5.06530   12.69990 
4.89939   12.54780 
4.94468   12.59600 
5.00528   12.59360 
4.77718   12.43050 
4.85392   12.48760 
4.92275   12.48000 
5.10299   12.64970 
5.12597   12.70260 
5.17612   12.69950 
5.24287   12.67640 
5.03985   12.53720 
5.07689   12.59060 
5.13756   12.59330 
4.95302   12.42590 
4.99850   12.48610 
5.07012   12.48310 
5.19070   12.53760 
5.21679   12.59670 
5.29601   12.62070 
5.37755   12.54100 
5.31970   12.45980 
5.42731   12.45980 
5.48859   12.36320 
5.40442   12.29440 
5.52355   12.27890 
5.53620   12.16330 
5.14350   12.46630 
5.22274   12.46970 
5.27250   12.38860 
5.10215   12.41530 
5.19311   12.32030 
5.29007   12.31030 
5.32503   12.22610 
5.01957   12.36390 
5.09295   12.34720 
5.11052   12.26890 
4.94382   12.35780 
4.73763   12.36440 
4.83772   12.35370 
4.90427   12.29170 
4.67801   12.26350 
4.48731   12.04020 
4.57123   12.15020 
4.65299   12.10900 
4.63961   12.19840 
4.75977   12.22240 
4.45546   11.83780 
4.45702   11.96370 
4.55431   11.98450 
4.81702   12.16310 
4.85541   12.22830 
4.96151   12.23240 
4.98930   12.16110 
5.03815   12.22450 
5.13831   12.19760 
4.46308   11.58920 
4.45733   11.70700 
4.53572   11.71290 
4.46528   11.77330 
4.53384   11.84360 
5.43537   12.11500 
5.53219   12.06820 
5.53166   11.96530 
5.25938   12.18050 
5.37373   12.16460 
5.36972   12.06940 
5.12354   12.13180 
5.19591   12.17620 
5.24461   12.11470 
5.20619   12.05780 
5.26966   12.06220 
5.33130   12.01260 
5.08173   12.08980 
5.13933   12.06840 
5.16438   12.01590 
4.95297   12.11860 
5.02961   12.11060 
5.04540   12.04730 
4.76704   12.12320 
4.86268   12.12910 
4.85549   12.07810 
4.90547   12.11800 
4.94578   12.06750 
4.65368   12.04640 
4.72207   12.09460 
4.76773   12.06060 
4.58350   11.93100 
4.61379   12.00740 
4.68287   11.99290 
4.60622   11.81020 
4.59640   11.87460 
4.65588   11.89760 
4.77837   12.01230 
4.82334   12.04090 
4.86613   12.02980 
4.69451   11.94150 
4.73440   11.98050 
4.79001   11.96080 
4.70741   11.88510 
4.88487   11.99490 
4.91701   12.03210 
4.96452   12.03260 
4.97512   11.99020 
5.00389   12.02570 
5.05601   12.00490 
4.78641   11.91710 
4.83039   11.94900 
4.85955   11.92270 
4.86315   11.96630 
4.91403   11.96860 
4.72118   11.84240 
4.75981   11.88630 
4.80018   11.87440 
4.92987   11.93430 
4.95159   11.96290 
4.99096   11.95600 
4.59229   11.75170 
4.65484   11.78270 
4.69077   11.74450 
4.70471   11.80300 
4.75711   11.80420 
4.58434   11.68540 
5.44361   11.93040 
5.54390   11.87580 
5.53294   11.78500 
5.62099   11.81990 
5.70800   11.71480 
5.28089   11.96480 
5.38096   11.97210 
5.39320   11.88260 
5.61189   11.62710 
5.70987   11.61280 
5.73557   11.45410 
5.59691   11.39940 
5.71872   11.32850 
5.65532   11.17840 
5.13145   10.50380 
5.09739   10.48760 
5.06807   10.50000 
5.04593   11.96300 
5.08744   11.98460 
5.11332   11.94600 
5.12341   11.98790 
5.19026   11.97730 
4.99340   11.92370 
5.01693   11.95110 
5.04836   11.93070 
5.18533   11.92370 
5.22631   11.95170 
5.27596   11.91120 
5.09647   11.90940 
5.13244   11.91270 
5.16848   11.88710 
5.03592   11.90340 
5.06492   11.91530 
5.08403   11.88200 
4.98371   11.89430 
5.00969   11.88940 
5.02624   11.87400 
5.04124   11.87000 
5.01553   11.85800 
4.96389   11.90560 
4.98018   11.87120 
4.96518   11.86720 
4.98447   11.85800 
4.90879   11.92050 
4.94634   11.91480 
4.94281   11.89170 
5.06074   11.84300 
5.04976   11.85400 
5.04243   11.84240 
5.06100   11.87200 
5.09256   11.86600 
4.85598   11.89150 
4.88874   11.90890 
4.90521   11.88940 
4.80881   11.84130 
4.83541   11.87220 
4.86461   11.85840 
4.77902   11.77170 
4.79549   11.81110 
4.83072   11.80890 
4.92836   11.88090 
4.94590   11.87170 
4.95073   11.85640 
4.93975   11.84550 
4.95758   11.84240 
4.90831   11.86930 
4.87555   11.83180 
4.89612   11.85110 
4.91926   11.84270 
4.92755   11.82720 
4.92353   11.81220 
4.94204   11.81550 
4.84327   11.78620 
4.85658   11.81640 
4.88809   11.80910 
4.89054   11.78530 
4.90950   11.80070 
4.92597   11.78840 
4.92999   11.77350 
4.94204   11.78450 
5.07438   11.81290 
5.07036   11.82790 
5.05796   11.81550 
5.07914   11.84090 
5.10217   11.85100 
5.11114   11.82260 
5.12456   11.84770 
5.15689   11.82980 
5.14792   11.85810 
5.20081   11.86920 
5.20912   11.82670 
5.22969   11.85570 
5.27875   11.82010 
5.27044   11.86250 
5.32503   11.87560 
5.38768   11.83390 
5.15297   11.79740 
5.17633   11.80780 
5.20520   11.79430 
5.09362   11.80390 
5.11601   11.80070 
5.13545   11.77870 
5.07924   11.79100 
5.07522   11.77600 
5.05796   11.78450 
5.34954   11.78500 
5.41771   11.79200 
5.43243   11.70570 
5.47057   11.75460 
5.54766   11.69870 
5.54952   11.59670 
5.25285   11.77460 
5.29360   11.78140 
5.32364   11.73940 
5.22006   11.75560 
5.46214   11.60880 
5.52637   11.53720 
5.43381   11.47770 
5.52119   11.46550 
5.50434   11.33990 
5.36370   11.69320 
5.41656   11.65590 
5.39341   11.59640 
5.30777   11.68960 
4.92256   11.75640 
4.94061   11.75300 
4.95159   11.74200 
4.95757   11.75760 
4.87253   11.76990 
4.89393   11.76150 
4.90456   11.74100 
4.84666   11.76230 
4.77756   11.73670 
4.81594   11.74360 
4.84520   11.72730 
4.68203   11.70460 
4.73189   11.72490 
4.76881   11.69680 
4.59136   11.62860 
4.64793   11.66740 
4.68905   11.64780 
4.48958   11.51610 
4.55427   11.57340 
4.61786   11.55540 
4.39266   11.34240 
4.45336   11.43960 
4.54455   11.42380 
4.33123   11.12410 
4.37022   11.23550 
4.48589   11.24040 
4.39550   11.02070 
4.43793   10.73360 
4.40912   10.85670 
4.52643   10.87640 
4.44486   10.92760 
4.51281   11.04040 
4.55191   10.61790 
4.48198   10.67500 
4.53474   10.74700 
4.65186   10.53810 
4.59232   10.56880 
4.61920   10.63930 
4.71334   10.54880 
4.84827   10.53810 
4.79632   10.53770 
4.78959   10.58540 
4.76034   10.55490 
4.70661   10.59640 
4.92283   10.54320 
4.88707   10.53760 
4.86437   10.56770 
4.73749   10.64960 
4.69049   10.64340 
4.65008   10.69250 
4.68561   10.75300 
4.61431   10.74890 
4.57027   10.80750 
4.60600   10.87840 
5.04277   11.73660 
5.05375   11.74750 
5.04242   11.75760 
5.07080   11.73380 
5.06901   11.75630 
5.09228   11.76220 
5.10915   11.73570 
5.11536   11.75540 
5.15232   11.75220 
5.16223   11.71900 
5.18232   11.74220 
5.22996   11.72250 
5.21521   11.67610 
5.25295   11.68950 
5.29302   11.64330 
5.26741   11.58840 
5.32222   11.58850 
5.36780   11.54140 
5.36262   11.46980 
5.00972   11.72580 
5.02472   11.72980 
5.01553   11.74200 
5.03748   11.71840 
5.07481   11.71110 
5.09007   11.71990 
5.11315   11.71310 
5.03532   11.69530 
5.05337   11.70200 
5.07264   11.68810 
5.12139   11.67830 
5.14046   11.69410 
5.17046   11.68420 
5.19345   11.65130 
5.16712   11.61490 
5.21188   11.60690 
5.24108   11.55200 
5.09245   11.67140 
5.11976   11.65250 
5.09828   11.61570 
5.12722   11.62250 
5.14564   11.57810 
5.07101   11.66230 
4.97278   11.72950 
4.98778   11.72550 
4.98447   11.74200 
4.99750   11.71130 
4.95437   11.72350 
4.99112   11.68920 
5.01306   11.68950 
5.02894   11.67320 
5.02519   11.64430 
5.04745   11.65010 
5.06726   11.63350 
5.07472   11.60350 
5.01992   10.51200 
4.99245   10.50900 
4.97124   10.52960 
4.95624   10.53360 
4.98447   10.54200 
5.04351   10.50320 
5.02360   10.53120 
5.03860   10.53520 
5.01553   10.54200 
5.07176   10.51920 
4.95757   10.55760 
4.94526   10.54460 
4.92561   10.56860 
4.92159   10.58360 
4.94204   10.58450 
5.08135   10.53060 
5.05679   10.53380 
5.04820   10.54660 
5.05918   10.55760 
5.04242   10.55760 
4.91955   10.60620 
4.90113   10.58990 
4.87916   10.61210 
4.88120   10.58940 
4.84240   10.58990 
4.93348   10.63230 
4.92946   10.61730 
4.94204   10.61550 
4.90901   10.62360 
4.83627   10.63260 
4.81944   10.61090 
4.78346   10.62810 
4.76734   10.67510 
4.89082   10.63600 
4.87089   10.63550 
4.84792   10.65650 
4.90073   10.64700 
4.86849   10.68410 
4.83387   10.68120 
4.82732   10.72070 
4.80675   10.69310 
4.76079   10.71450 
4.78534   10.77110 
4.74592   10.75310 
4.71016   10.80950 
4.75039   10.86550 
4.69007   10.86540 
4.64623   10.93440 
4.70765   10.99480 
4.62359   11.00780 
4.57423   11.10080 
4.67915   11.14990 
4.56838   11.18250 
4.59082   11.28940 
4.68757   11.30920 
4.60508   11.36710 
4.64131   11.44360 
4.71638   11.45180 
4.65584   11.50840 
4.69294   11.56360 
4.74819   11.56640 
4.71021   11.61340 
4.74430   11.65060 
4.78997   11.66230 
4.80430   11.62800 
4.82881   11.67420 
4.86388   11.66610 
4.84955   11.70040 
4.88028   11.71920 
4.90891   11.71410 
4.90949   11.69010 
4.93377   11.71190 
4.95496   11.69950 
4.94884   11.67290 
4.96945   11.68450 
4.98501   11.66270 
4.87898   11.63300 
4.89973   11.65930 
4.92459   11.65710 
4.93908   11.64210 
4.97364   11.63220 
4.99531   11.63700 
5.01382   11.61390 
4.94939   11.61640 
4.86299   10.74370 
4.83587   10.75550 
4.82101   10.79410 
4.86156   10.83050 
4.81103   10.84600 
4.79093   10.90190 
4.84630   10.94670 
4.78567   10.96630 
4.76302   11.03960 
4.84155   11.08280 
4.76354   11.11140 
4.75768   11.19300 
4.80713   11.59060 
4.84597   11.60250 
4.88182   11.59570 
4.78986   11.54090 
4.89593   11.55190 
4.92894   11.58240 
4.96350   11.57260 
4.77120   11.42320 
4.78574   11.48800 
4.84468   11.51230 
4.89180   11.49910 
4.76899   11.27180 
4.78326   11.34950 
4.85262   11.38570 
4.85337   11.23320 
4.95202   10.65880 
4.94104   10.64780 
4.95758   10.64240 
4.92648   10.65010 
4.90829   10.66250 
4.92289   10.68830 
4.89714   10.68520 
4.88309   10.70990 
4.89164   10.74470 
5.07871   10.55970 
5.07149   10.57210 
5.07551   10.58710 
5.05796   10.58450 
5.09367   10.54510 
5.15242   10.52090 
5.11728   10.53310 
5.11464   10.56220 
5.24993   10.47390 
5.20832   10.50790 
5.22376   10.54870 
5.18202   10.53240 
5.16785   10.56170 
5.37957   10.48490 
5.29868   10.48290 
5.29882   10.53320 
5.53200   10.52090 
5.44496   10.50260 
5.41297   10.55990 
5.58455   10.60760 
5.72098   10.86310 
5.65207   10.75820 
5.56717   10.80290 
5.60584   10.68220 
5.49965   10.65220 
5.67198   10.98100 
5.51539   11.16360 
5.59065   11.06820 
5.53206   10.96620 
5.43759   10.95530 
5.51892   10.86810 
5.47270   10.79200 
5.39524   10.77250 
5.44349   10.70720 
5.42220   10.63270 
5.35681   10.61500 
5.31885   10.65220 
5.30962   10.57950 
5.26086   10.57050 
5.23456   10.59500 
5.00877   11.57850 
5.03865   11.58580 
5.06967   11.56810 
4.98833   11.54450 
5.07419   11.52660 
5.11025   11.54430 
5.15016   11.53670 
5.16021   11.48790 
5.19560   11.52180 
5.25113   11.50330 
5.23976   11.42610 
5.28525   11.45640 
5.35126   11.39260 
5.31402   11.30970 
5.39138   11.32310 
5.46710   11.25700 
5.40243   11.14680 
4.88965   11.44070 
4.94090   11.48030 
4.98349   11.44070 
4.98565   11.49910 
5.03092   11.50490 
5.07151   11.48120 
4.90171   11.36700 
5.08147   11.42870 
5.12473   11.45040 
5.17017   11.43550 
5.20429   11.38860 
4.98141   11.38040 
5.02616   11.39920 
5.07938   11.36840 
4.94438   11.32540 
4.92726   11.18180 
4.93857   11.26050 
5.01827   11.27400 
5.09055   11.24060 
5.09636   11.30560 
5.15166   11.33510 
5.22126   11.32570 
5.26139   11.25620 
5.18257   11.19420 
5.27532   11.17820 
5.32361   11.08480 
5.10447   11.16270 
5.23860   11.03870 
5.36571   11.00730 
5.35257   10.90920 
4.91811   11.11510 
5.00331   11.14240 
5.09532   11.09600 
4.91760   11.04340 
4.90677   10.91700 
4.90150   10.98130 
4.97806   11.01360 
5.05315   11.03070 
5.15432   11.05090 
5.19643   10.97340 
5.03706   10.96860 
4.90883   10.81240 
4.89885   10.86430 
4.95404   10.89890 
4.93009   10.73770 
4.90999   10.77150 
4.94728   10.80540 
4.95115   10.68070 
4.94000   10.70340 
4.95835   10.73020 
4.96913   10.67390 
4.98413   10.67790 
4.98447   10.65800 
4.99958   10.86490 
5.00750   10.91750 
5.08259   10.93460 
5.11312   10.88170 
5.14268   10.93280 
5.22695   10.92050 
5.23203   10.84940 
5.28578   10.89010 
5.35765   10.83810 
5.32845   10.75330 
5.26803   10.76720 
5.30562   10.70160 
5.25843   10.66610 
5.18357   10.83480 
5.24240   10.80440 
5.21957   10.75260 
5.07914   10.84240 
5.13922   10.84060 
5.14959   10.79560 
4.98323   10.82470 
5.03669   10.84340 
5.06279   10.80230 
4.98439   10.78390 
4.98455   10.72070 
4.97463   10.75510 
5.01059   10.77450 
5.00626   10.68220 
4.99039   10.70010 
5.00667   10.72500 
5.03657   10.66840 
5.02157   10.67240 
5.01553   10.65800 
5.02783   10.69460 
5.02964   10.74170 
5.03940   10.77050 
5.08185   10.76950 
5.03549   10.72110 
5.05080   10.71130 
5.10045   10.73100 
5.12385   10.76290 
5.16819   10.75710 
5.19382   10.71990 
5.06638   10.69000 
5.07404   10.71640 
5.11603   10.70970 
5.05050   10.65490 
5.05707   10.67130 
5.08030   10.67650 
5.06148   10.64390 
5.04243   10.64240 
5.16616   10.68810 
5.21753   10.68370 
5.23076   10.63430 
5.19366   10.61260 
5.16524   10.62820 
5.16904   10.58890 
5.13943   10.57740 
5.11582   10.58940 
5.10677   10.67750 
5.13319   10.69210 
5.15690   10.65590 
5.13227   10.63220 
5.10782   10.64040 
5.11617   10.61280 
5.09138   10.59760 
5.07586   10.61050 
5.07184   10.62550 
5.05796   10.61550 
5.09746   10.65880 
5.08136   10.63940 
0.00000   0.00000 
1.99987   0.00000 
0.00000   1.96875 
20.00000   0.00000 
20.00000   1.99987 
17.99880   0.00000 
20.00000   20.00000 
18.00010   20.00000 
20.00000   17.99880 
0.00000   20.00000 
0.00000   18.03260 
2.00120   20.00000 
0.00000   16.13790 
1.23014   16.94690 
1.77486   18.30150 
3.27007   18.73680 
4.00107   20.00000 
5.06608   18.77520 
6.00093   20.00000 
0.00000   14.49530 
1.03906   15.44550 
0.00000   12.98510 
1.01575   13.93950 
7.11500   18.47460 
8.00080   20.00000 
9.18941   18.47650 
10.00070   20.00000 
11.15800   18.35470 
12.00050   20.00000 
13.13890   18.28030 
14.00040   20.00000 
15.19400   18.20130 
16.00030   20.00000 
17.28650   18.24250 
18.35120   16.73280 
20.00000   15.99890 
18.22100   14.96380 
20.00000   13.99910 
18.24810   12.96360 
20.00000   11.99920 
18.26860   10.94100 
20.00000   9.99933 
18.30370   8.91529 
20.00000   7.99947 
18.33690   6.90947 
20.00000   5.99960 
18.34420   4.93776 
20.00000   3.99973 
18.57610   3.29120 
18.05090   1.95950 
16.72450   1.43856 
15.99890   0.00000 
15.10000   1.68178 
13.99910   0.00000 
16.61340   3.43501 
13.15870   1.69405 
11.99920   0.00000 
11.18060   1.70485 
9.99933   0.00000 
9.21688   1.56790 
7.99947   0.00000 
7.08798   1.53879 
5.99960   0.00000 
5.05263   1.23218 
3.99973   0.00000 
3.26042   1.26386 
1.77052   1.69958 
1.22436   3.05155 
0.00000   3.86332 
1.03051   4.54839 
0.00000   5.50576 
1.02267   6.05732 
0.00000   7.01589 
2.66171   2.59751 
2.18106   3.84156 
4.11079   2.36423 
1.94571   5.04923 
0.84786   7.57148 
0.00000   8.50766 
0.00000   11.49340 
0.81903   12.41520 
0.93806   8.85187 
0.00000   10.00050 
0.90750   11.11860 
1.10090   9.99363 
5.60476   2.45877 
16.37560   16.26710 
16.52110   13.98310 
16.52090   11.91780 
16.60390   9.82200 
16.65520   7.78090 
16.74330   5.75280 
14.20580   16.53910 
15.01460   14.90080 
12.23100   16.59080 
10.31680   16.79760 
13.28230   14.79840 
11.27910   14.88050 
14.65000   12.96670 
14.97230   10.73640 
14.95230   8.62096 
15.05160   6.61961 
15.30590   4.83425 
14.36300   3.34159 
8.52628   17.10580 
9.25469   15.52060 
5.63829   17.56850 
7.03321   17.08120 
2.00760   6.08432 
1.58464   6.93975 
3.43944   3.50342 
2.96676   4.50110 
4.64123   3.40619 
2.71101   5.43969 
7.86404   16.02840 
4.13510   17.63250 
2.66832   17.40750 
2.18998   16.14740 
3.42827   16.51770 
1.96829   14.92120 
2.97067   15.44920 
4.69211   16.54070 
5.96332   16.57660 
6.83879   16.15980 
3.95515   15.67540 
1.53217   13.03390 
1.98325   13.88740 
2.81925   14.48330 
3.62986   14.88950 
4.79917   15.60470 
5.42544   15.96470 
6.17470   15.68350 
4.37390   14.98080 
6.98272   15.30030 
7.95114   14.92370 
1.79322   7.95605 
1.88409   9.27767 
1.70272   11.98800 
1.87045   10.72330 
4.06298   4.36530 
3.47620   5.12202 
8.49857   2.84690 
6.96552   2.94650 
10.37250   3.45909 
12.40750   3.43194 
13.66240   5.16376 
5.85474   3.55497 
5.12444   4.20961 
5.53733   15.24150 
4.99301   14.95870 
6.19815   14.87810 
4.73325   4.78293 
4.20829   5.07866 
12.57680   13.03860 
13.51310   11.48250 
13.41500   9.58749 
13.19620   7.27198 
11.89460   5.26436 
11.97140   10.98460 
11.90240   8.80422 
11.33900   6.95643 
10.90160   12.77950 
10.06200   14.15010 
8.91686   14.24300 
9.51734   13.14120 
9.62500   11.94680 
10.55970   11.21590 
10.68700   9.81337 
10.44260   8.23806 
10.25130   5.37125 
9.87064   6.80922 
9.04409   4.29787 
7.88359   3.74019 
6.88137   4.02936 
5.99226   4.49106 
5.36097   4.95839 
8.74948   5.65959 
7.85742   4.70210 
6.82133   4.91068 
7.57730   5.56208 
6.03878   5.24298 
6.78434   5.61242 
7.06598   14.45010 
7.93400   13.99860 
8.53692   13.38490 
8.57553   12.51660 
9.34982   10.54450 
8.55333   11.52160 
9.50877   9.18691 
9.07040   7.90218 
8.80433   6.81837 
7.97849   6.39887 
7.17853   6.21097 
8.06974   7.33169 
7.36391   6.92507 
8.57287   8.80954 
8.03246   8.18826 
8.46048   9.69254 
8.20443   10.59410 
7.27998   7.71067 
5.45394   14.54940 
5.97908   14.35410 
6.45584   14.30370 
6.70148   13.83490 
7.27602   13.72760 
7.63201   13.08150 
6.15680   13.90790 
5.68858   14.02510 
7.69543   12.19480 
7.66925   11.34500 
6.86591   13.26330 
6.34664   13.45850 
7.00650   12.62210 
7.01596   11.83630 
6.43656   12.93460 
6.54680   12.28720 
5.90161   13.57600 
6.06933   13.20350 
6.05940   12.85000 
6.21638   12.57580 
4.86493   5.38441 
5.41201   5.52516 
6.26437   5.76408 
5.83548   5.72474 
6.54186   6.15802 
6.76542   6.65674 
6.82589   7.22030 
5.98902   6.15076 
6.25975   6.52753 
6.40237   6.95455 
5.50209   5.98357 
5.07133   5.81878 
4.75148   14.45430 
5.18581   14.18850 
4.11608   14.43730 
3.52831   14.23500 
2.59896   13.68350 
3.09246   13.87520 
2.28123   12.97380 
3.04783   13.24760 
2.42845   12.21880 
2.84679   12.64940 
2.44979   11.52350 
5.37335   13.91340 
5.56233   13.70760 
3.52777   13.66240 
3.94282   13.93030 
4.39934   14.09790 
4.81189   14.06810 
5.10092   13.88850 
3.07279   12.06460 
5.28792   13.67520 
5.41957   13.49460 
5.64540   13.48040 
5.77139   13.28820 
5.83394   13.03680 
5.52667   13.30920 
5.60649   13.12750 
3.41396   12.70450 
3.55258   13.20930 
3.93849   13.43940 
4.24769   13.73420 
4.57384   13.83450 
4.85664   13.79680 
5.07391   13.64460 
3.86313   12.97480 
3.58623   12.17330 
3.79938   12.54160 
5.19851   13.45520 
5.34405   13.32630 
5.40460   13.16530 
7.62015   9.06196 
7.35371   8.41123 
7.56409   9.88339 
7.39758   10.59780 
7.03441   11.11100 
6.49306   11.75460 
6.65610   11.37530 
6.11598   12.27710 
6.23677   11.99200 
2.39781   6.93473 
2.70648   6.20499 
3.30400   5.88865 
3.86880   5.56692 
4.36060   5.53322 
4.66419   5.79662 
3.21483   6.62782 
3.81237   6.01003 
3.60967   6.32942 
4.22609   5.94020 
4.05368   6.37619 
4.54729   6.08871 
4.35408   6.26297 
4.84011   6.11070 
5.18192   6.11506 
5.68157   6.29528 
5.41983   6.27959 
5.86377   6.53314 
6.04970   6.81067 
4.62236   6.37853 
5.01515   6.27729 
4.84775   6.36185 
5.19172   6.36333 
5.00438   6.49049 
4.80134   6.54413 
3.77731   6.68031 
2.98275   7.17207 
2.61296   7.71586 
3.53753   7.09178 
2.47089   8.48718 
4.38351   6.51971 
4.15617   6.69329 
4.59325   6.59709 
3.94290   6.97181 
4.44079   6.75023 
4.21945   6.92928 
5.55676   6.54636 
5.34894   6.47951 
5.18977   6.55059 
5.72813   6.79469 
5.34170   6.66571 
5.52010   6.74510 
4.14020   13.17870 
4.25537   13.43430 
4.48001   13.58850 
4.70944   13.62280 
4.89699   13.60490 
5.01346   13.46700 
4.04297   12.70910 
4.15655   12.91030 
5.08488   13.33210 
5.20305   13.30730 
5.26447   13.21110 
2.49160   9.99805 
2.66154   10.78910 
2.66946   9.22592 
3.08326   11.37070 
3.48808   11.71470 
5.06818   6.63124 
4.93350   6.63084 
5.18603   6.69095 
4.83095   6.68244 
4.72160   6.67290 
4.63507   6.76570 
4.55642   6.88825 
4.40673   6.93485 
4.78621   6.79360 
4.70177   6.87850 
5.39433   6.82485 
5.27272   6.78418 
4.90974   6.76237 
4.99706   6.71494 
5.08249   6.74601 
5.16182   6.79482 
5.00509   6.80595 
5.08113   6.83438 
4.93228   6.84038 
4.86354   6.83822 
4.82330   6.91782 
4.89552   6.89525 
4.98252   6.86321 
4.95075   6.90174 
5.03119   6.88163 
4.99470   6.90798 
5.81954   12.54500 
5.79961   12.80350 
5.63682   12.91930 
5.48628   13.00570 
5.28283   13.10100 
5.36509   13.04220 
5.58381   12.71420 
5.46808   12.84480 
5.35853   12.93630 
5.26065   12.99670 
5.54334   6.93007 
5.89209   7.00379 
5.70949   7.02215 
6.09859   7.15290 
6.37660   7.37592 
6.67590   7.71945 
6.85073   8.21081 
5.78774   7.23912 
6.00950   7.45040 
6.21923   7.73561 
6.39960   8.06623 
5.58085   7.13994 
5.44499   7.06476 
5.40233   6.94920 
5.28547   6.91418 
5.21383   6.85761 
5.13968   6.87643 
5.07758   6.90333 
5.03000   6.94804 
5.00000   6.94000 
5.07480   6.94681 
5.05196   6.97000 
4.97000   6.94804 
4.92736   6.93971 
4.94804   6.97000 
5.11986   6.93788 
5.18658   6.92830 
5.09242   6.98269 
5.06000   7.00000 
5.15173   6.98249 
5.12465   7.01993 
5.08667   7.02458 
5.05196   7.03000 
5.31865   7.01914 
5.22501   6.99570 
4.94000   7.00000 
4.91190   6.97851 
4.88307   6.94413 
5.16999   7.04430 
5.23875   7.08613 
5.34307   7.11411 
5.41923   7.21437 
5.57151   7.32798 
5.71961   7.49029 
5.88301   7.72435 
5.96212   8.03471 
5.11175   7.06579 
5.07023   7.05380 
5.03000   7.05196 
6.83056   8.82470 
6.46798   8.47284 
6.16089   8.29069 
7.00507   9.43774 
6.85453   10.10570 
6.81141   10.62800 
6.39835   10.89460 
4.94804   7.03000 
4.90913   7.02221 
4.86475   6.98848 
4.79785   6.99348 
4.73411   6.96268 
4.64120   6.98736 
4.51326   7.03228 
4.73249   7.05125 
4.62326   7.10527 
4.83711   7.04766 
4.78224   7.11402 
4.71102   7.16255 
4.88643   7.07596 
4.84838   7.12522 
4.93015   7.06244 
4.97000   7.05196 
4.91408   7.12494 
4.95232   7.09334 
5.00000   7.06000 
4.98656   7.09259 
5.02297   7.09033 
5.06269   7.08696 
4.96689   7.13728 
5.00867   7.12919 
5.05534   7.13541 
5.10251   7.11427 
5.15921   7.10642 
5.29135   7.19112 
5.20634   7.16200 
5.12784   7.17115 
5.41810   7.36710 
5.30752   7.30513 
5.20866   7.24514 
5.46287   7.52256 
5.61219   7.69743 
5.69757   7.91594 
5.87122   8.33754 
5.70341   8.14693 
5.06988   7.20084 
5.00851   7.18290 
5.12195   7.26252 
5.19367   7.34819 
5.29145   7.44005 
5.04414   7.26477 
5.08385   7.35200 
4.98021   7.24577 
4.94242   7.18971 
4.87699   7.18987 
4.79921   7.18966 
4.91691   7.26330 
4.83557   7.27132 
4.73571   7.26717 
4.62218   7.23662 
4.49649   7.17907 
4.35160   7.09075 
4.14484   7.16296 
4.33436   7.27855 
4.50522   7.34112 
4.65461   7.37218 
4.78691   7.37585 
4.89890   7.35820 
4.98775   7.32427 
5.00212   7.42317 
4.88139   7.47186 
4.73117   7.50115 
4.55831   7.50829 
4.36181   7.48465 
4.13586   7.41880 
3.88016   7.28921 
3.60473   7.50764 
3.20298   7.60047 
3.90587   7.62575 
3.07490   8.11748 
3.61794   7.91028 
3.06447   8.69252 
4.20149   7.67592 
4.45219   7.67596 
4.67180   7.64521 
4.85854   7.59820 
5.02133   7.53831 
5.13825   7.45522 
3.49588   8.35917 
4.05826   7.91639 
3.88208   8.18901 
4.36701   7.89039 
4.24426   8.15325 
4.61317   7.81022 
4.84233   7.73969 
5.02195   7.66325 
5.21222   7.58292 
5.37699   7.69835 
5.17899   7.73318 
5.48323   7.85529 
5.29614   7.83983 
5.01789   7.78754 
5.13805   7.85909 
5.52421   8.03093 
5.36480   7.96871 
5.22105   7.94979 
4.90258   7.85963 
4.77007   7.85511 
5.01953   7.90272 
5.10354   7.96510 
4.69435   7.94646 
4.54860   7.95645 
4.44944   8.07462 
4.82869   7.95077 
4.93351   7.96093 
5.01758   7.99932 
4.64300   8.06713 
4.77478   8.03644 
4.88332   8.03971 
4.95855   8.03729 
6.36640   10.42760 
6.32249   10.00360 
6.58142   9.68377 
6.45994   9.25902 
6.33737   8.83311 
6.06934   8.56993 
5.12923   13.20320 
5.19662   13.13740 
5.19381   13.05600 
5.11941   13.10340 
6.15854   9.62107 
6.07253   9.31404 
6.12549   9.06973 
5.92154   8.84589 
5.73028   8.59344 
5.62796   8.36132 
5.51075   8.20549 
5.38739   8.10490 
5.27181   8.04938 
5.16162   8.03620 
5.07380   8.04958 
5.00670   8.08001 
5.80304   9.13438 
5.81831   9.43488 
4.95634   8.10517 
4.89275   8.10425 
4.82920   8.10352 
4.74429   8.12567 
5.61460   8.88378 
5.51692   8.69019 
5.49870   8.51220 
5.43509   8.35425 
5.36173   8.23504 
5.28293   8.15414 
5.20393   8.10728 
5.11622   8.10433 
5.04782   8.10987 
5.00000   8.14000 
5.03000   8.14804 
4.97000   8.14804 
5.07384   8.14354 
5.05196   8.17000 
4.92554   8.14143 
4.94804   8.17000 
5.16020   8.14968 
5.11619   8.15553 
5.20603   8.18446 
5.08813   8.18246 
5.06000   8.20000 
5.13359   8.20380 
5.08739   8.22548 
5.05196   8.23000 
4.94000   8.20000 
4.91039   8.18028 
4.87326   8.15141 
4.81296   8.17072 
4.86623   8.20235 
4.91009   8.22151 
4.94804   8.23000 
5.06546   8.26547 
5.03000   8.25196 
5.12111   8.26287 
5.17976   8.24095 
5.25385   8.24395 
5.29305   8.33553 
5.32830   8.45907 
5.35071   8.61677 
5.19522   8.30550 
5.20177   8.40606 
5.22317   8.54124 
5.13682   8.34184 
5.09340   8.30645 
5.05427   8.31315 
5.02519   8.28766 
5.00000   8.26000 
5.33459   8.79919 
5.18922   8.67605 
5.13219   8.48843 
5.10621   8.41561 
5.07568   8.35700 
5.08715   8.57667 
5.02684   8.47526 
5.03936   8.40079 
5.01341   8.34006 
4.98548   8.29396 
4.97000   8.25196 
5.56210   9.09789 
5.39771   8.97481 
5.62406   9.29797 
4.65387   8.18063 
4.54735   8.16621 
4.74367   8.20999 
4.81516   8.23837 
4.44114   8.25055 
4.87601   8.25663 
4.92584   8.25961 
4.94838   8.28933 
4.95609   8.33425 
4.97698   8.39508 
4.90419   8.30806 
4.91381   8.37830 
4.93002   8.45871 
4.96187   8.55994 
5.01743   8.68495 
5.11408   8.80605 
5.19755   8.93388 
4.83390   8.30083 
4.85566   8.35719 
4.75783   8.28906 
4.68004   8.26302 
4.58318   8.27546 
4.78177   8.36633 
4.68344   8.35186 
4.84456   8.42973 
4.84779   8.52890 
4.87067   8.65797 
4.90720   8.81123 
5.02179   8.92855 
4.73409   8.46125 
4.73160   8.60504 
4.72672   8.75896 
4.55435   8.40628 
4.60184   8.54528 
4.55383   8.69596 
4.33131   8.39173 
4.09278   8.36268 
3.84735   8.51824 
3.55510   8.77966 
3.28728   9.16780 
4.42265   8.56416 
3.10990   9.67672 
3.09095   10.25640 
3.24329   10.79680 
4.17563   8.57945 
4.31473   8.79065 
3.96678   8.80761 
3.75782   9.11238 
3.61881   9.48729 
3.56885   9.92231 
3.59270   10.36520 
3.60155   11.19260 
3.66097   10.76520 
4.11776   9.06335 
4.00182   9.35693 
3.93767   9.69988 
4.53654   8.87265 
4.37355   9.03117 
4.72641   8.91245 
4.87016   8.94858 
4.59577   9.03912 
4.76970   9.05968 
4.93892   9.04629 
5.08132   9.05138 
5.25400   9.05627 
5.38239   9.12817 
5.47860   9.23161 
3.99999   10.07770 
3.94853   10.51480 
4.30080   9.27792 
4.48223   9.17096 
4.21526   9.54257 
4.23396   9.80767 
4.64885   9.19616 
4.87062   9.13746 
4.77259   9.17551 
4.98595   9.15346 
5.16822   9.12707 
5.08368   9.15071 
5.25510   9.17907 
5.34831   9.25785 
5.43792   9.37416 
5.59161   9.48006 
5.88209   9.69193 
5.69808   9.62258 
5.95289   9.93253 
6.01531   10.24360 
5.67035   9.83440 
5.68348   10.10970 
5.14182   9.22190 
5.23454   9.27779 
5.30463   9.36127 
5.04708   9.22139 
4.97631   9.24201 
4.91861   9.20461 
4.84640   9.23643 
4.74549   9.26824 
4.92102   9.27293 
4.87330   9.30247 
4.81291   9.30681 
4.51724   9.32144 
4.41087   9.45605 
4.65838   9.33654 
4.46791   9.64113 
4.58439   9.47978 
4.76656   9.36826 
4.69011   9.43560 
4.85896   9.36029 
4.92608   9.33526 
4.81959   9.42397 
4.76292   9.45641 
4.96862   9.30726 
5.01694   9.28611 
5.08413   9.27566 
5.15430   9.30066 
5.21009   9.35976 
4.72925   9.53678 
4.63573   9.61584 
5.99570   10.61120 
5.76875   10.38340 
5.45154   9.52016 
5.34713   9.46886 
5.50948   9.65584 
5.24717   9.43923 
5.33700   9.60418 
5.26758   9.52406 
5.47358   9.81578 
5.36596   9.72946 
5.47557   9.97111 
5.29337   9.85766 
5.53273   10.29590 
5.42118   10.14300 
5.21776   9.70704 
5.21172   9.59418 
5.17938   9.50269 
5.17108   9.42230 
5.14025   9.36656 
5.10163   9.32664 
5.04919   9.31665 
5.00000   9.34000 
5.03000   9.34804 
4.97000   9.34804 
4.94804   9.37000 
5.06619   9.34522 
5.05196   9.37000 
4.90967   9.37936 
4.94000   9.40000 
4.87400   9.41276 
4.91352   9.41485 
4.94804   9.43000 
5.08918   9.37165 
5.06000   9.40000 
5.10044   9.41483 
5.05196   9.43000 
5.13233   9.46138 
5.08822   9.45611 
5.05669   9.47395 
5.03000   9.45196 
5.02103   9.48840 
5.00000   9.46000 
5.09867   9.50475 
5.05240   9.51583 
5.13482   9.55995 
5.06786   9.56753 
5.12221   9.63594 
5.15389   9.81297 
5.08100   9.72805 
5.03088   9.64779 
5.00459   9.58766 
5.01236   9.53530 
4.97748   9.49255 
4.97000   9.45196 
4.96046   9.55212 
4.93237   9.51417 
4.93826   9.47119 
4.90541   9.44840 
4.89166   9.49341 
4.86043   9.45805 
4.82651   9.50487 
4.89340   9.55521 
4.81631   9.57843 
4.75646   9.65050 
4.66728   9.75944 
4.46926   9.83607 
4.37035   10.04380 
4.21255   10.29370 
4.94587   9.61647 
4.86985   9.64052 
4.95180   9.70979 
5.02513   9.82813 
4.82747   9.73976 
4.90581   9.82544 
4.78215   9.87790 
4.61246   9.94115 
5.12993   9.92940 
5.27673   10.02140 
4.95001   9.95746 
4.77386   10.03060 
4.60014   10.11800 
4.45466   10.25510 
5.09443   10.06440 
4.93047   10.11030 
5.22459   10.16870 
5.32505   10.29350 
4.78249   10.18070 
4.65621   10.27510 
5.06278   10.20570 
4.92613   10.24860 
5.16793   10.29970 
4.80646   10.31450 
5.03220   10.33190 
4.91030   10.35890 
6.25323   11.34590 
6.03464   11.04230 
6.09374   11.68030 
5.89022   11.98030 
5.82933   12.25510 
5.48517   12.54100 
5.60771   12.34770 
5.85738   11.38320 
5.80597   11.70050 
5.73057   11.08300 
5.82858   10.84720 
5.69074   10.63750 
5.58563   10.46420 
5.41156   10.42760 
5.24979   10.42350 
5.13184   10.39750 
5.04393   10.42080 
4.97636   10.40590 
5.63302   12.11650 
5.63195   11.91070 
5.32209   12.70040 
5.33619   12.83380 
5.23810   12.89850 
5.16593   12.97340 
5.13034   13.03180 
3.97718   10.93110 
4.20489   10.52590 
4.16125   10.72550 
4.38245   10.44560 
4.55591   10.39460 
4.71850   10.39990 
3.98570   11.28620 
3.81653   11.54090 
3.89844   11.87340 
3.95141   12.23020 
4.13903   12.46690 
4.83419   10.42720 
4.91904   10.45220 
4.38517   10.66160 
4.52503   10.54730 
4.64410   10.48580 
4.76706   10.50730 
4.87097   10.50790 
4.32755   10.90790 
4.19900   11.11480 
4.32431   12.67200 
4.35773   12.86660 
4.33220   13.04340 
4.38277   13.23610 
4.47454   13.39340 
4.65667   13.43380 
4.83945   13.45530 
4.94409   13.33820 
5.02978   13.23740 
5.05364   13.15350 
4.77498   13.31610 
4.60675   13.26370 
4.50385   13.10800 
4.49843   12.94710 
4.87302   13.26140 
4.94609   13.23590 
4.98020   13.16490 
4.63432   13.13040 
4.72612   13.18830 
4.81570   13.21280 
4.62262   13.01510 
4.89978   13.16500 
4.52006   12.78930 
4.63925   12.88400 
4.73662   13.07360 
4.81941   13.13030 
4.71779   12.96240 
5.05584   13.09470 
5.08036   13.05770 
5.00382   13.09990 
4.94848   13.10590 
4.88818   13.09350 
4.83314   13.05710 
4.78284   13.00850 
4.98490   10.47800 
4.94248   10.51920 
5.09847   10.45910 
5.03983   10.48400 
5.16658   10.49160 
4.15523   11.59960 
4.27698   11.33750 
4.19287   11.85410 
4.13902   12.05000 
4.28772   12.24030 
4.42449   12.43960 
4.54484   12.61740 
4.39002   12.01950 
4.38689   11.76750 
4.39838   11.53190 
4.55785   12.23950 
4.67709   12.44130 
4.68290   12.75320 
4.76336   12.86710 
4.69981   12.60330 
4.80422   12.94460 
4.84545   12.99830 
4.90129   13.03220 
4.93085   13.06370 
4.97000   13.05200 
5.00000   13.06000 
5.03000   13.05200 
5.05196   13.03000 
4.94804   13.03000 
4.94000   13.00000 
4.89447   12.98990 
4.91475   12.95980 
4.94804   12.97000 
5.08659   13.01980 
5.06000   13.00000 
5.09381   12.97730 
5.05196   12.97000 
4.86704   12.95120 
4.93960   12.92800 
4.97000   12.94800 
4.89724   12.91860 
4.84881   12.89490 
4.78996   12.77100 
4.84133   12.82820 
4.80494   12.67520 
4.88731   12.75540 
4.91187   12.86300 
4.95869   12.88340 
4.97478   12.91570 
5.00000   12.94000 
4.95215   12.79140 
4.97737   12.83970 
5.00338   12.88800 
5.03045   12.91660 
5.03000   12.94800 
5.06623   12.93330 
5.11742   12.93520 
5.16093   12.90240 
5.10278   12.88660 
5.05284   12.88280 
5.02643   12.84440 
5.01961   12.79160 
5.07733   12.82970 
4.98627   12.72510 
4.92113   12.65190 
4.83056   12.55540 
5.15014   12.82990 
5.24617   12.80400 
5.08828   12.75280 
5.18858   12.74650 
5.04232   12.64700 
4.96823   12.54020 
4.87727   12.41980 
5.16365   12.65240 
5.11146   12.53420 
5.02877   12.43200 
5.26994   12.54090 
5.36946   12.37860 
5.43938   12.21010 
5.17554   12.39850 
5.21068   12.24200 
5.01036   12.29580 
4.79817   12.28750 
4.58460   12.06090 
4.72138   12.15720 
4.52402   11.90800 
4.91266   12.16910 
5.06594   12.15320 
4.52777   11.64660 
4.54367   11.77920 
5.43137   12.01990 
5.30808   12.11900 
5.18114   12.11030 
5.23124   12.00530 
5.09752   12.02650 
4.99329   12.06810 
4.81270   12.08920 
4.89828   12.06700 
4.72276   12.03200 
4.64298   11.95390 
4.66878   11.84120 
4.83399   11.99260 
4.74603   11.92900 
4.93575   11.99720 
5.01450   11.98330 
4.82679   11.90530 
4.89232   11.94000 
4.77358   11.84350 
4.96743   11.92860 
4.64091   11.72420 
4.74063   11.76480 
5.45585   11.84090 
5.61003   11.72900 
5.33055   11.92430 
5.61376   11.52510 
5.58006   11.27380 
5.09631   10.51600 
5.07736   11.94260 
5.14929   11.94940 
5.01937   11.91880 
5.22138   11.89810 
5.11559   11.87610 
5.05248   11.88800 
5.00000   11.86000 
5.03000   11.85200 
4.96036   11.88250 
4.97000   11.85200 
4.92526   11.90100 
5.05196   11.83000 
5.06952   11.85600 
4.88517   11.87770 
4.84404   11.83920 
4.81740   11.77860 
4.93145   11.86090 
4.94804   11.83000 
4.90706   11.82440 
4.94000   11.80000 
4.86913   11.79370 
4.91194   11.77690 
4.94804   11.77000 
5.06000   11.80000 
5.08875   11.82590 
5.13353   11.81940 
5.18025   11.84020 
5.23799   11.81330 
5.31951   11.82700 
5.17242   11.77540 
5.09849   11.78200 
5.05196   11.77000 
5.37957   11.74300 
5.48529   11.66830 
5.26770   11.73590 
5.43899   11.54930 
5.42862   11.40600 
5.34783   11.64340 
4.93319   11.73590 
4.97000   11.74800 
4.87593   11.74610 
4.81448   11.70850 
4.72315   11.68500 
4.65495   11.61060 
4.58077   11.50030 
4.50833   11.34730 
4.46346   11.13340 
4.49070   10.80560 
4.56216   10.94730 
4.57878   10.68840 
4.65961   10.59030 
4.82557   10.56820 
4.75361   10.60260 
4.90317   10.56720 
4.72137   10.69660 
4.64984   10.80940 
5.03000   11.74800 
5.05554   11.72510 
5.08606   11.74250 
5.13223   11.72890 
5.19222   11.70910 
5.23820   11.64320 
5.29661   11.53350 
5.00000   11.74000 
5.01943   11.71160 
5.09407   11.69720 
5.05120   11.67890 
5.14870   11.65930 
5.18555   11.57050 
5.09082   11.64570 
5.10574   11.58570 
4.97556   11.71100 
5.00668   11.66740 
5.04370   11.62120 
5.00000   10.54000 
4.97000   10.54800 
5.04720   10.52240 
5.03000   10.54800 
4.94804   10.57000 
4.94000   10.60000 
5.06639   10.54520 
5.05196   10.57000 
4.89909   10.61250 
4.85923   10.61160 
4.94804   10.63000 
4.91893   10.63470 
4.81330   10.65360 
4.88254   10.65940 
4.85444   10.70880 
4.80020   10.73250 
4.77048   10.80960 
4.73030   10.92140 
4.68501   11.06820 
4.67330   11.23150 
4.70184   11.38700 
4.73092   11.51660 
4.76546   11.61620 
4.84313   11.63980 
4.88463   11.69230 
4.93435   11.68790 
4.96334   11.65790 
4.91483   11.62620 
4.98394   11.60650 
4.87154   10.77860 
4.85157   10.88240 
4.84104   11.01110 
4.84207   11.15450 
4.84881   11.56510 
4.94305   11.53870 
4.84056   11.45940 
4.86468   11.31200 
4.97000   10.65200 
4.93404   10.66560 
4.91174   10.71090 
5.09103   10.57430 
5.06000   10.60000 
5.13825   10.55020 
5.25006   10.52420 
5.19746   10.57320 
5.34757   10.54220 
5.47836   10.57770 
5.61339   10.87890 
5.52095   10.72680 
5.45073   11.05340 
5.42444   10.85730 
5.36604   10.68770 
5.27166   10.61670 
5.03360   11.55040 
5.11477   11.50290 
5.20564   11.47300 
5.27389   11.37930 
5.35414   11.24020 
4.93874   11.42200 
5.02825   11.45940 
5.13469   11.39800 
5.02408   11.33890 
5.01246   11.20910 
5.16864   11.27220 
5.19649   11.11620 
5.28070   10.96110 
4.99415   11.07570 
4.96197   10.95150 
5.11215   10.98560 
4.94612   10.84620 
4.94844   10.76450 
4.96826   10.69580 
5.00000   10.66000 
5.05303   10.88350 
5.17320   10.87990 
5.29086   10.81900 
5.24520   10.71550 
5.19394   10.78970 
5.10524   10.80140 
5.02035   10.80330 
5.00083   10.74560 
5.01252   10.70440 
5.03000   10.65200 
5.04315   10.68480 
5.05846   10.73770 
5.14245   10.72440 
5.08961   10.69510 
5.07100   10.65780 
5.05196   10.63000 
5.18987   10.65190 
5.14062   10.60460 
5.12392   10.65980 
5.09173   10.62100 
