BCnode   BCtype
102  4
outBCNode	outBCNum
4   1 
13   1 
18   1 
23   1 
40   1 
48   1 
54   1 
59   1 
62   1 
67   1 
1350   1 
1353   1 
1360   1 
1361   1 
1364   1 
1367   1 
1374   1 
1378   1 
1380   1 
1383   1 
1384   1 
7   2 
9   2 
115   2 
128   2 
193   2 
1354   2 
1355   2 
1357   2 
1359   2 
1404   2 
1409   2 
2   3 
6   3 
10   3 
15   3 
26   3 
34   3 
79   3 
93   3 
105   3 
109   3 
119   3 
123   3 
1351   3 
1356   3 
1358   3 
1363   3 
1368   3 
1372   3 
1390   3 
1396   3 
1400   3 
1406   3 
1266   4 
1268   4 
1271   4 
1273   4 
1277   4 
1282   4 
1291   4 
1302   4 
1309   4 
1328   4 
1341   4 
1348   4 
1788   4 
1789   4 
1790   4 
1791   4 
1792   4 
1793   4 
1795   4 
1798   4 
1802   4 
1804   4 
1810   4 
1814   4 
852   4 
855   4 
863   4 
868   4 
872   4 
879   4 
888   4 
891   4 
1019   4 
1035   4 
1055   4 
1098   4 
1653   4 
1654   4 
1655   4 
1658   4 
1660   4 
1662   4 
1664   4 
1667   4 
1668   4 
1711   4 
1716   4 
1723   4 
