2.53621   0.91036 
1.01104   0.91036 
1.52517   0.00000 
1.01104   2.32679 
0.00000   1.41643 
18.02110   1.99987 
18.02110   0.00000 
20.00000   1.99987 
18.02180   17.99950 
20.00000   17.99950 
18.02180   20.00000 
1.01957   17.66750 
1.01957   19.08340 
0.00000   18.58410 
2.54532   19.08340 
1.52576   20.00000 
0.77775   15.54160 
0.77775   16.65960 
0.00000   16.05010 
1.79731   17.15900 
1.78344   2.82935 
0.77240   3.33542 
0.77240   4.45338 
0.00000   3.95082 
5.24895   0.81576 
3.81045   0.81576 
4.48885   0.00000 
3.29632   1.72612 
3.99303   2.42266 
2.71879   2.51726 
2.48015   3.52589 
3.32342   18.25170 
3.82961   19.16820 
5.26809   19.16820 
4.48999   20.00000 
2.50587   16.44900 
2.74770   17.45690 
4.03198   17.54170 
0.62880   13.68660 
0.62880   14.60420 
0.00000   14.01450 
1.40655   15.21370 
1.99584   14.70780 
2.14479   15.64510 
3.09517   15.94310 
1.40229   4.77516 
0.62990   5.39056 
0.62990   6.30805 
0.00000   5.98627 
3.07288   4.01984 
2.13753   4.33193 
1.99503   5.26911 
0.58325   12.04780 
0.58325   12.84620 
0.00000   12.29850 
1.21206   13.43590 
1.22161   6.54876 
0.59171   7.14447 
0.59171   7.94289 
0.00000   7.70218 
0.46687   10.53770 
0.46687   11.28750 
0.00000   10.75020 
1.05013   11.83530 
1.05806   8.13339 
0.46635   8.69110 
0.46635   9.44095 
0.00000   9.25046 
0.99142   9.42609 
0.52507   9.98545 
0.99194   10.52280 
1.75625   13.14510 
1.80180   13.98550 
2.54004   14.41690 
2.54640   5.54533 
1.81117   5.98856 
1.77298   6.82498 
8.14579   0.98156 
6.66591   0.98156 
7.40723   0.00000 
5.98751   1.79732 
6.42526   2.57636 
5.00831   2.41056 
4.43078   3.20170 
4.88212   3.82540 
3.86684   3.83750 
3.52423   4.64354 
3.97412   5.13168 
3.18016   5.31402 
2.99630   6.03347 
6.03045   18.16260 
6.69083   18.99440 
8.17073   18.99440 
7.40837   20.00000 
4.50682   16.73760 
5.08255   17.53240 
6.50529   17.35850 
3.53548   15.29290 
3.89657   16.09680 
4.94713   16.08750 
2.96892   13.91240 
3.16296   14.63460 
3.96436   14.78840 
11.41550   1.19574 
9.76258   1.19574 
10.54000   0.00000 
9.02125   2.17730 
15.00140   1.45489 
13.07690   1.45489 
14.11760   0.00000 
12.29940   2.65063 
18.49410   4.33546 
16.51510   2.33559 
15.47440   3.79049 
18.49410   6.33532 
20.00000   5.99960 
9.08320   17.79310 
9.80074   18.79870 
11.45370   18.79870 
10.54130   20.00000 
12.36470   17.27760 
13.10520   18.47890 
15.02990   18.47890 
14.11890   20.00000 
15.54600   15.99190 
16.55970   17.51300 
18.53790   15.51240 
18.53790   13.51260 
20.00000   13.99910 
1.36734   11.36970 
1.48372   12.12990 
2.01340   12.13960 
1.69619   12.60520 
2.28593   13.15480 
1.44495   10.22050 
1.38676   10.77280 
1.82036   11.06740 
2.73730   12.76510 
2.79736   13.30500 
3.42029   13.52270 
1.34682   9.11837 
1.40553   9.66286 
1.80035   9.91280 
1.52036   7.83922 
1.39500   8.58743 
1.80912   8.82420 
2.31426   6.80336 
1.72470   7.36356 
2.06164   7.81760 
3.44989   6.38413 
2.81613   6.61544 
2.76785   7.15402 
9.72786   3.05000 
8.11107   2.83582 
7.94629   3.68066 
7.23968   2.80796 
6.26048   3.42120 
6.52660   4.20837 
5.71218   3.97677 
5.14824   4.61257 
5.40617   5.12639 
4.57612   4.97502 
4.23205   5.64550 
4.69594   6.00092 
4.09394   6.15757 
3.91378   6.73955 
6.47108   16.36880 
7.41899   16.99910 
8.19461   16.22310 
8.22881   17.21290 
9.85882   17.01710 
5.13554   15.34560 
5.74579   15.98640 
6.65949   15.62690 
4.24711   14.22040 
4.61963   14.87870 
5.41828   14.77760 
3.77898   13.12960 
3.95054   13.73700 
4.60581   13.82730 
13.17830   3.91584 
11.51690   3.65668 
11.43590   4.71408 
10.55700   3.44887 
9.64679   4.10739 
15.82370   5.47408 
14.31000   4.59339 
13.52750   5.59944 
18.40990   7.98673 
16.90400   6.32258 
15.73950   7.12548 
18.64410   11.53820 
18.64410   9.53834 
20.00000   9.99933 
17.05400   9.52560 
17.18200   13.05160 
14.41860   15.15450 
15.94840   14.18860 
16.05460   12.21420 
11.58630   16.26790 
13.23770   15.94810 
13.64020   14.14480 
9.75471   15.95190 
10.60910   16.53210 
11.48220   15.20260 
14.69450   11.60460 
15.92810   10.46750 
15.69390   8.91594 
14.61360   8.06743 
13.67260   8.73413 
13.71810   6.94368 
12.58650   6.26613 
11.89090   6.97355 
11.70030   5.62931 
10.74030   5.42149 
12.62840   13.58760 
13.80930   12.79400 
13.68280   11.04730 
12.51920   11.09230 
13.40440   9.90284 
12.50890   8.77909 
10.73560   14.54400 
11.71270   14.27980 
11.88180   12.92900 
11.63610   9.10972 
11.90420   7.94100 
11.01810   7.30417 
10.97960   12.65660 
11.89530   11.96440 
11.61700   10.81990 
10.74900   10.84250 
11.37280   9.97039 
10.76810   9.13230 
8.20573   15.30060 
9.01555   15.51440 
9.76584   15.02930 
9.99640   14.10650 
6.63124   14.89280 
7.35654   15.27530 
8.17749   14.56650 
9.28697   13.71600 
10.25670   13.23070 
10.27020   12.26610 
7.75478   13.95390 
8.60398   13.97920 
8.86426   13.10340 
5.51111   14.16480 
6.02702   14.63160 
6.72407   14.28000 
6.59112   13.75970 
7.19534   14.02090 
7.62183   13.43360 
4.81509   13.36440 
5.11166   13.84780 
5.72040   13.70190 
5.78681   13.16390 
6.18626   13.48090 
6.65753   13.22180 
9.53890   12.07660 
10.26180   11.50250 
10.01770   10.65300 
8.30769   12.74040 
8.99068   12.47730 
8.98232   11.71360 
7.20019   13.01480 
7.75963   12.94780 
7.88605   12.32160 
6.79533   12.73600 
3.02231   7.47657 
2.52044   7.66448 
2.31610   8.14015 
2.65113   8.41774 
2.19233   8.57086 
2.14415   9.10180 
2.49657   9.29243 
2.11335   9.54577 
2.15277   10.10340 
4.30635   6.87221 
3.66230   7.09877 
3.80187   7.51895 
3.40930   7.38628 
3.16188   7.89675 
10.13570   5.92729 
9.87122   5.01206 
9.04211   4.61319 
8.49286   5.23836 
8.26843   4.33369 
7.39704   4.30582 
6.84874   4.86140 
10.30110   7.69583 
10.28790   6.72838 
9.41873   6.31895 
10.04550   9.32801 
10.30880   8.46733 
9.57856   7.89153 
9.34257   10.65120 
9.82970   9.99124 
9.37040   9.32627 
8.41841   11.53270 
8.96662   11.13200 
8.77865   10.47030 
7.48677   12.03160 
8.03483   11.82420 
8.01913   11.24260 
6.40618   12.58920 
6.94883   12.38220 
6.76913   12.02150 
7.15828   12.16820 
7.30707   11.67090 
3.40927   8.18543 
3.02228   8.27572 
2.89852   8.70643 
3.15541   8.93674 
2.78426   9.07877 
2.75346   9.52275 
8.75933   6.81508 
8.60714   6.01399 
7.83346   5.73449 
7.37792   6.17145 
7.26364   5.39582 
6.39320   5.29836 
6.25843   5.96381 
5.84353   5.42939 
5.27140   5.79185 
5.13330   6.30392 
9.03545   8.23441 
9.02780   7.46291 
8.21621   7.15795 
8.80099   9.48072 
9.01679   8.81749 
8.46603   8.38886 
8.24996   10.46270 
8.62591   9.98197 
8.27230   9.47318 
7.57257   11.11640 
7.95614   10.82480 
7.80340   10.33650 
6.94316   11.48760 
7.27165   11.35100 
7.20866   10.93320 
7.24702   6.72527 
6.67720   6.38660 
6.12753   6.51764 
7.96496   7.63630 
7.69648   6.98846 
6.99576   7.20362 
8.03359   8.65143 
8.05225   8.06836 
7.53251   7.89887 
6.02116   6.96722 
5.60240   6.54443 
5.02693   6.75350 
5.13002   7.14361 
4.66092   6.90309 
4.40944   7.26232 
7.83870   9.59228 
8.01377   9.09103 
7.59999   8.77053 
7.40572   10.32740 
7.69954   9.96530 
7.44101   9.58316 
6.87294   10.84400 
7.17386   10.60940 
7.07001   10.23820 
7.16533   8.14332 
7.07804   7.71126 
6.62857   7.44807 
6.37470   7.75941 
6.29242   7.25176 
5.76729   7.27856 
7.28875   8.96597 
7.30857   8.52637 
6.85410   8.33876 
5.70970   7.64104 
5.43844   7.35650 
5.07243   7.50609 
7.10938   9.65803 
7.24853   9.28501 
6.95712   9.04084 
6.78401   10.19730 
7.01586   9.91532 
6.82338   9.61717 
6.34688   8.08035 
6.01072   7.88405 
5.68188   7.96199 
6.72813   8.61338 
6.58489   8.23033 
6.22091   8.35498 
6.69812   9.18216 
6.73835   8.86312 
6.46914   8.75470 
6.56194   9.67073 
6.65546   9.41344 
6.43669   9.23572 
6.26946   8.88113 
6.25925   8.63139 
6.02124   8.48141 
6.23239   9.32234 
6.27505   9.09105 
6.06516   8.96775 
5.86664   8.66685 
5.82830   8.39044 
5.57887   8.39140 
5.73347   8.20595 
5.43245   7.96295 
5.26436   8.18382 
5.21276   7.93986 
4.91156   7.99626 
5.07965   7.77539 
4.77123   7.56249 
4.51466   7.80993 
4.50743   7.54063 
4.15287   7.50975 
3.89987   7.79727 
4.09439   8.02004 
3.74339   8.02924 
3.60379   8.40820 
4.65210   8.05659 
4.38831   8.03472 
4.23183   8.26669 
4.78521   8.22105 
5.90081   9.07566 
5.89522   8.86574 
5.70228   8.77476 
5.46870   8.53670 
5.37388   8.35222 
5.15419   8.32913 
5.07688   8.50872 
4.96736   8.34032 
4.70790   8.40065 
5.57233   8.87697 
5.54374   8.67808 
5.33874   8.63891 
6.45125   11.91500 
6.66070   11.70100 
6.62528   11.38110 
6.35326   11.28300 
6.63572   11.06960 
6.60092   10.74590 
6.36285   10.75270 
6.60008   10.52710 
6.42035   10.36860 
6.65841   10.36170 
6.60427   10.03890 
6.37640   10.03580 
6.50199   9.87144 
6.33407   9.66771 
6.13727   9.71986 
6.19722   9.51916 
6.03559   9.37449 
5.89647   9.44068 
5.93163   9.24386 
5.76169   9.14185 
5.68246   9.24796 
5.65164   9.07976 
5.51557   9.09961 
5.59480   8.99350 
5.43625   8.89682 
5.25846   8.77800 
5.18342   8.63662 
4.99659   8.64781 
5.35010   8.99391 
5.32763   8.87737 
5.17231   8.87509 
3.84644   8.47119 
3.51231   8.62739 
3.64962   8.89241 
3.40697   8.82943 
3.29271   9.20177 
4.35143   8.45051 
4.05752   8.43582 
3.96604   8.65501 
4.71922   8.59571 
4.53707   8.47645 
4.36276   8.64558 
4.96733   8.79077 
4.86078   8.66287 
4.68995   8.73867 
5.12148   9.00129 
5.05231   8.90191 
4.91650   8.91697 
2.56102   10.12850 
2.24803   10.49550 
2.51812   10.84940 
2.10987   10.82430 
2.09045   11.42120 
2.52765   11.57000 
2.23815   11.81310 
2.45061   12.28840 
2.96204   12.43860 
3.06811   9.64705 
2.78042   9.86071 
2.87567   10.25280 
3.51818   9.35039 
3.26662   9.45770 
3.29358   9.79566 
3.04036   12.01790 
3.32705   12.49460 
3.73997   12.30600 
3.66165   12.72670 
4.19190   12.94100 
4.46275   12.60770 
4.58009   13.01060 
5.08594   13.03110 
5.19236   12.66860 
5.42737   13.02240 
5.89323   12.80140 
5.72730   12.39590 
6.08675   12.53740 
6.24025   12.18370 
6.13182   11.86320 
2.72056   11.21460 
2.86825   11.60650 
3.23326   11.66250 
2.85872   10.88590 
3.18136   10.29030 
2.96196   10.55810 
3.16440   10.92340 
3.55151   9.87251 
3.35300   10.06190 
3.43929   10.36710 
5.44722   9.18500 
5.39037   9.09874 
5.28175   9.07930 
5.23704   9.15842 
5.19676   9.05359 
5.07677   9.08041 
5.68799   9.35307 
5.57794   9.29099 
5.51204   9.35122 
5.50652   9.24611 
5.38132   9.24523 
5.85695   9.56416 
5.75299   9.43353 
5.64847   9.47656 
6.11519   9.90613 
5.97834   9.75757 
5.87708   9.84947 
5.89917   9.66321 
5.75569   9.65607 
6.28755   10.22510 
6.18528   10.05770 
6.02634   10.09540 
6.22922   10.39040 
6.18722   10.81010 
6.18638   10.59130 
6.05359   10.44780 
6.18152   11.44570 
6.19196   11.13420 
5.99855   11.14170 
6.17029   10.97900 
5.99382   10.81760 
5.82309   11.87210 
6.03409   11.60340 
5.87280   11.45460 
5.39900   12.37390 
5.59252   12.11000 
5.49480   11.85010 
5.05758   12.38260 
4.33781   12.32040 
4.72599   12.38990 
4.93264   12.09530 
3.71159   11.99470 
4.04619   12.22690 
4.30943   12.00910 
3.32900   11.40520 
3.50111   11.81660 
3.80733   11.73750 
3.44153   10.83880 
3.33829   11.16670 
3.60614   11.32070 
3.66261   10.39680 
3.49097   10.62520 
3.66486   10.86860 
5.69295   11.38820 
5.84039   11.23050 
5.81871   11.07540 
5.27060   11.88010 
5.50117   11.64230 
5.35320   11.53910 
5.57739   11.50900 
5.54498   11.28500 
4.74286   11.90970 
5.07445   11.90240 
5.08082   11.69450 
4.22002   11.77640 
4.51164   11.86990 
4.65345   11.67700 
3.80609   11.48300 
4.01657   11.66120 
4.21878   11.52200 
3.81538   11.24440 
3.88932   10.82600 
3.83989   11.03960 
4.03984   11.20190 
5.69716   11.00990 
5.85532   10.92100 
5.87226   10.75210 
4.21958   11.12070 
4.19507   11.32550 
4.39852   11.44080 
4.53806   11.32110 
4.56178   11.51750 
4.79299   11.55730 
4.89510   11.38780 
4.98677   11.54730 
5.18293   11.52500 
5.25915   11.39180 
5.73210   10.72740 
5.87059   10.62390 
5.79109   10.50210 
5.93126   10.52680 
5.97409   10.32600 
5.81643   10.29300 
5.93877   10.21400 
5.86868   10.06250 
5.73625   10.06990 
5.82382   9.95125 
5.74465   9.85689 
5.63279   9.85708 
5.68605   9.75530 
5.64383   9.65625 
5.54640   9.66142 
5.61604   9.56218 
5.55104   9.48172 
5.46515   9.50761 
5.49757   9.42199 
5.42615   9.37711 
5.35278   9.40110 
5.36725   9.33033 
5.30795   9.26922 
5.23516   9.31653 
5.24923   9.23144 
5.16424   9.20573 
5.20985   11.26840 
5.38012   11.28240 
5.49568   11.16160 
5.40373   11.05200 
5.56860   11.05460 
5.60521   10.90030 
5.50732   10.83710 
5.63588   10.79240 
5.63421   10.66420 
4.78487   11.29760 
4.97865   11.28760 
4.97311   11.14920 
5.08334   11.23940 
5.20431   11.13000 
4.50755   11.17090 
4.67081   11.24760 
4.75436   11.14740 
4.23981   10.97150 
4.39503   11.09510 
4.52778   11.02160 
3.86473   10.65920 
4.03976   10.83030 
4.12589   10.71570 
4.15048   10.88260 
4.32593   10.85690 
3.76819   10.26080 
3.81987   10.51890 
3.97031   10.52310 
4.07564   10.44760 
4.12050   10.58790 
4.23122   10.64020 
4.34665   10.60490 
4.35203   10.73270 
4.44136   10.82160 
4.55352   10.78240 
4.52742   10.90670 
4.63993   10.98250 
4.74569   10.92000 
4.74605   11.03500 
4.86011   11.08500 
4.96480   11.03680 
5.16349   11.02350 
5.29000   11.05260 
5.36291   10.94560 
5.29961   10.86350 
5.41335   10.86300 
5.44402   10.75510 
4.95803   10.94170 
5.07103   11.00590 
5.15672   10.92850 
5.12338   10.84730 
5.21583   10.86490 
5.26627   10.78230 
4.71911   10.82830 
4.82523   10.88080 
4.86606   10.81140 
4.89263   10.90310 
4.99887   10.87230 
4.98951   10.80100 
5.05491   10.83960 
5.11402   10.77600 
4.56430   10.69510 
4.65036   10.78020 
4.72989   10.74100 
5.66627   10.48600 
5.72693   10.38890 
5.69161   10.27700 
5.54067   10.64190 
5.63689   10.57680 
5.57273   10.46370 
5.36963   10.69640 
5.46360   10.67060 
5.46628   10.58320 
5.21946   10.72220 
5.30324   10.72090 
5.32282   10.63630 
5.57427   10.26250 
5.66377   10.16660 
5.61891   10.05540 
5.51672   10.04680 
5.58920   9.95009 
5.53060   9.84850 
5.08390   10.71460 
5.15238   10.72230 
5.18935   10.66090 
4.32511   10.50240 
4.44593   10.59490 
4.49932   10.52230 
4.52086   10.62480 
4.61769   10.62250 
5.44060   9.87455 
5.48420   9.78154 
5.41177   9.74474 
5.50177   9.71869 
5.47397   9.62462 
5.39389   9.63001 
5.43853   9.57274 
5.38507   9.51300 
5.31977   9.52908 
5.34638   9.46396 
5.28748   9.41718 
5.22917   9.44628 
5.23557   9.38342 
5.17685   9.34563 
5.47966   10.51070 
5.50904   10.41990 
5.42464   10.39190 
5.51771   10.34490 
5.48987   10.23450 
5.40259   10.53940 
5.26296   10.58810 
5.32935   10.56360 
5.34273   10.49120 
5.15495   10.62200 
5.22204   10.62190 
5.22857   10.54920 
5.28927   10.45720 
5.36250   10.43300 
5.37117   10.35800 
5.17366   10.54290 
5.21459   10.50910 
5.18323   10.46870 
5.23814   10.47500 
5.25791   10.41690 
5.11439   10.61020 
5.14708   10.57120 
5.13310   10.53110 
5.03235   10.72040 
5.07071   10.66670 
5.03519   10.63970 
5.08674   10.63390 
5.07887   10.58320 
4.92795   10.76700 
4.98399   10.73430 
4.97079   10.68640 
4.86054   10.74470 
4.72795   10.67710 
4.79670   10.72510 
4.85859   10.68080 
4.64124   10.56060 
4.68468   10.63090 
4.75149   10.61510 
4.94667   10.64720 
4.99503   10.63320 
5.01107   10.60040 
4.83906   10.63660 
4.90289   10.65620 
4.92714   10.60300 
4.76027   10.56670 
4.80353   10.61280 
4.84784   10.58820 
4.85771   10.54900 
4.89324   10.57270 
4.93702   10.56370 
5.31130   10.33950 
5.37343   10.29840 
5.35444   10.23530 
5.41432   10.25380 
5.47088   10.17140 
5.38748   10.12700 
5.46303   10.10760 
5.43332   10.00240 
5.33964   9.99608 
5.39333   9.93523 
5.34693   9.86826 
5.21838   10.39100 
5.26951   10.37320 
5.27177   10.31370 
5.29326   10.22010 
5.33414   10.17540 
5.32629   10.11170 
5.22505   10.30310 
5.26683   10.26940 
5.24654   10.20950 
5.25177   10.10330 
5.30511   10.05480 
5.26512   9.98765 
5.00342   10.56710 
5.04358   10.57360 
5.07123   10.54980 
4.93621   10.53120 
4.97010   10.56150 
5.00261   10.53460 
5.06082   10.51440 
5.09611   10.52400 
5.12269   10.49570 
5.10195   10.46460 
5.13894   10.47170 
5.16249   10.43770 
5.13787   10.41300 
5.18215   10.41000 
5.19376   10.36630 
5.16062   10.35050 
5.19685   10.33150 
5.19191   10.28720 
5.20010   10.22750 
5.22652   10.17820 
5.16434   10.16080 
5.21077   10.14270 
5.18959   10.08580 
5.14935   10.28620 
5.17755   10.25770 
5.15753   10.22650 
5.09927   9.24971 
5.08708   9.17669 
5.01180   9.12440 
5.12842   9.37532 
5.12800   9.30843 
5.05084   9.27940 
4.98758   10.51570 
5.02091   10.52140 
5.02268   10.49340 
5.03771   10.51230 
5.06259   10.48640 
5.04572   10.45720 
5.06883   10.45930 
5.08508   10.43540 
5.03474   10.46810 
5.04243   10.44240 
5.07884   10.39900 
5.07482   10.41400 
5.05796   10.41550 
5.10794   10.41930 
5.12760   10.39160 
5.10953   10.37550 
5.13946   10.36920 
5.14255   10.33440 
5.00294   10.48120 
5.01974   10.47220 
5.01553   10.45800 
5.07116   10.38160 
5.09000   10.38060 
5.10186   10.35820 
5.06714   10.36660 
5.05796   10.38450 
4.99098   10.49410 
4.98804   10.47290 
4.97304   10.46880 
4.98447   10.45800 
4.97269   10.50730 
4.92091   10.50750 
4.95400   10.50520 
4.95740   10.48360 
4.95435   10.46670 
4.94337   10.45570 
4.95758   10.44240 
5.10727   10.33210 
5.12843   10.31340 
5.11406   10.28390 
5.08773   10.33710 
5.05592   10.35390 
5.07111   10.35050 
5.07651   10.32440 
5.04494   10.34290 
5.04242   10.35760 
5.01709   10.32490 
5.03209   10.32890 
5.01553   10.34200 
5.04704   10.32380 
5.06366   10.31040 
5.05086   10.28590 
5.08033   10.28660 
5.10125   10.25940 
5.08464   10.22900 
5.11836   10.22630 
5.14092   10.19600 
5.12517   10.16060 
3.67647   9.67233 
3.73589   9.93852 
3.91565   9.90202 
3.79070   10.10220 
3.94795   10.22420 
4.05871   10.16710 
4.03620   10.32570 
4.18639   10.39050 
4.26139   10.28150 
4.30083   10.40340 
4.40011   10.39340 
3.70600   9.22503 
3.67991   9.48096 
3.86429   9.54697 
3.86422   8.83809 
3.75888   9.04014 
3.92061   9.17071 
4.07530   8.80273 
4.43090   8.80328 
4.24526   8.77734 
4.14345   8.96043 
4.70925   8.87461 
4.56770   8.80745 
4.45020   8.93922 
4.89545   9.01601 
4.81046   8.90487 
4.68821   8.97365 
4.94102   9.18814 
4.93071   9.09185 
4.82468   9.07975 
4.25489   9.08343 
4.08492   9.10881 
4.03205   9.29371 
4.16576   9.37873 
4.00144   9.44062 
3.99800   9.63199 
4.14154   9.67677 
4.00439   9.78312 
4.05920   9.94679 
4.20602   9.94996 
4.11728   10.06890 
4.20553   10.17030 
4.31996   10.18320 
4.51964   9.05294 
4.38285   9.04877 
4.32432   9.19715 
4.72896   9.07163 
4.62775   9.04136 
4.56039   9.15091 
4.76422   9.14746 
4.42127   9.28708 
4.29331   9.32174 
4.26271   9.46866 
4.35851   9.54038 
4.23096   9.59737 
4.23735   9.74849 
4.35917   9.77923 
4.26976   9.85863 
4.32784   9.98070 
4.62728   9.22034 
4.51917   9.23192 
4.48816   9.35651 
4.80652   9.21551 
4.71081   9.20738 
4.66958   9.28839 
4.95383   9.25311 
4.87275   9.22057 
4.81933   9.28048 
5.03159   9.33054 
5.00285   9.27182 
4.93458   9.30425 
4.57294   9.38410 
4.47505   9.43926 
4.51789   9.52714 
4.43311   9.49955 
4.40136   9.62826 
4.49381   9.66751 
4.41921   9.70834 
4.45162   9.81848 
4.72371   9.33635 
4.64018   9.34931 
4.62708   9.43206 
4.85114   9.33473 
4.78491   9.32968 
4.75551   9.39060 
4.95051   9.35358 
4.90149   9.33487 
4.86707   9.38407 
4.44929   9.98489 
4.38555   10.07620 
4.44141   10.18740 
4.54960   9.82678 
4.48955   9.89767 
4.54726   9.99320 
4.52538   10.16400 
4.45979   10.27100 
4.54236   10.32010 
4.45839   10.34360 
4.48268   10.44260 
4.55760   10.47250 
4.60270   10.42160 
4.61934   10.50130 
4.68633   10.50970 
4.71409   10.46680 
4.73599   10.52600 
4.78803   10.52380 
4.79999   10.49070 
4.82427   10.53140 
4.86968   10.51590 
4.86032   10.48430 
4.89377   10.50190 
4.91156   10.47590 
4.90150   10.45990 
4.92865   10.46550 
4.93332   10.43980 
4.91197   10.43240 
4.92670   10.42260 
4.92268   10.40760 
4.94204   10.41550 
4.60529   10.28210 
4.60389   10.35470 
4.66563   10.38350 
4.70961   10.35640 
4.70841   10.42340 
4.75807   10.43970 
4.79530   10.41230 
4.80097   10.45570 
4.83721   10.46330 
4.86130   10.44920 
4.87177   10.42170 
4.89488   10.44270 
4.90890   10.39510 
4.92623   10.38750 
4.93025   10.37250 
4.94204   10.38450 
4.85435   10.40620 
4.88793   10.39970 
4.89148   10.37960 
4.78654   10.37790 
4.82944   10.39390 
4.84559   10.37190 
4.71441   10.31730 
4.75720   10.35720 
4.79134   10.33880 
4.85011   10.34860 
4.87502   10.36100 
4.89600   10.35630 
4.79746   10.30490 
4.82680   10.32570 
4.85623   10.31480 
4.90482   10.33770 
4.92127   10.35630 
4.93906   10.35380 
4.95004   10.34290 
4.95757   10.35760 
4.59000   9.55009 
4.54805   9.61038 
4.56591   9.69046 
4.68091   9.45423 
4.61367   9.48901 
4.64383   9.57226 
4.79351   9.43230 
4.73231   9.43897 
4.71891   9.49593 
4.63982   9.70483 
4.58557   9.76196 
4.62350   9.84115 
4.89425   9.42290 
4.84390   9.42277 
4.82070   9.47114 
4.58407   10.12700 
4.60245   10.21060 
4.66398   10.24510 
4.70979   10.20480 
4.71263   10.27630 
4.76022   10.27700 
4.79568   10.26390 
4.63972   9.97055 
4.59946   10.05780 
4.67653   10.10440 
4.70499   9.83933 
4.66901   9.90416 
4.72121   9.96873 
4.74399   10.08420 
4.72860   10.15350 
4.77725   10.18460 
4.82421   10.17460 
4.80540   10.22600 
4.84264   10.25390 
4.88066   10.25060 
4.87095   10.28860 
4.89426   10.31150 
4.91953   10.31150 
4.93538   10.29850 
4.94593   10.32470 
4.96589   10.32990 
4.98089   10.32590 
4.98447   10.34200 
4.97926   10.30500 
4.99837   10.31910 
5.01546   10.30390 
5.00632   10.27850 
5.02504   10.28430 
5.04172   10.26050 
5.02844   10.23430 
5.05425   10.23590 
5.07136   10.20280 
4.96327   10.28730 
4.98075   10.28040 
4.99034   10.26090 
4.93687   10.27400 
4.97388   10.23350 
4.99946   10.23160 
5.01199   10.20700 
4.91621   10.25270 
4.94411   10.24140 
4.95323   10.21220 
4.88790   10.21800 
4.86022   10.13870 
4.88837   10.18010 
4.92392   10.18210 
4.95370   10.17420 
4.80604   9.96404 
4.77675   10.03040 
4.82882   10.07950 
4.89299   10.08500 
4.97897   10.14230 
5.00828   10.17230 
5.03726   10.17500 
5.06765   10.16810 
5.09107   10.13280 
4.92075   10.04480 
4.95215   10.10400 
5.00673   10.10210 
5.03452   10.05710 
5.06134   10.09530 
5.11886   10.08780 
5.15986   10.04830 
4.93376   9.99848 
4.99292   10.01750 
5.04753   10.01080 
5.07995   9.96701 
5.12155   10.00660 
5.19228   10.00460 
5.22682   9.94588 
4.82357   9.90867 
4.87911   9.97038 
4.95128   9.94311 
4.71601   9.77845 
4.76152   9.84145 
4.80531   9.81205 
4.79428   9.87294 
4.86735   9.87927 
4.67654   9.65984 
4.69620   9.73134 
4.75274   9.73346 
4.69528   9.54900 
4.67161   9.61007 
4.72799   9.63659 
4.74668   9.53375 
4.85285   9.49152 
4.80246   9.50106 
4.81447   9.54193 
4.78231   9.52155 
4.75869   9.57462 
4.79837   9.59677 
4.76274   9.60897 
4.76768   9.65874 
4.81258   9.66780 
4.77784   9.69542 
4.79765   9.74252 
4.84333   9.73768 
4.81823   9.77573 
4.85099   9.80721 
4.89527   9.79871 
4.88235   9.83503 
4.91163   9.87076 
4.96332   9.84931 
4.94832   9.89355 
5.00297   9.92165 
5.04252   9.88639 
5.04547   9.93594 
5.11950   9.93175 
5.13151   9.88235 
5.16599   9.91341 
5.23883   9.89647 
5.22326   9.83773 
5.28409   9.87020 
5.33136   9.80952 
5.27873   9.75489 
5.34156   9.75296 
5.35914   9.69011 
5.32369   9.63823 
5.26742   9.64408 
5.30218   9.58398 
5.26350   9.53494 
5.21976   9.55212 
5.23734   9.49722 
5.18543   9.46346 
4.84820   9.55347 
4.82805   9.57396 
4.83210   9.60831 
4.86506   9.61832 
4.83538   9.64113 
4.84554   9.67781 
4.88145   9.67902 
4.85866   9.70569 
4.87924   9.73890 
4.91419   9.73199 
4.89886   9.76399 
4.93023   9.79180 
4.96972   9.77360 
4.96613   9.80832 
5.00282   9.83110 
5.04536   9.80432 
5.04255   9.84531 
5.08505   9.85960 
5.13155   9.84127 
5.12769   9.79119 
5.17415   9.81393 
5.21941   9.78765 
5.22961   9.73109 
5.18373   9.71596 
5.24305   9.68320 
5.22154   9.62896 
5.17716   9.63152 
5.20153   9.59239 
5.17537   9.55468 
5.04291   9.76559 
5.08264   9.77980 
5.12525   9.75246 
5.10639   9.72183 
5.15144   9.73321 
5.16488   9.68533 
5.13334   9.67651 
5.16563   9.65925 
5.14562   9.62269 
4.95756   9.74686 
4.99346   9.76338 
5.00261   9.73567 
5.01478   9.76240 
5.05206   9.73788 
4.92326   9.70201 
4.94288   9.72710 
4.96662   9.71688 
4.89628   9.65571 
4.90939   9.68359 
4.93808   9.67871 
4.88475   9.60170 
4.88803   9.63452 
4.91597   9.63910 
5.07899   9.70353 
5.10519   9.68428 
5.10594   9.65821 
5.03336   9.71497 
5.06149   9.71816 
5.06029   9.68062 
4.99020   9.71483 
5.01152   9.71386 
5.02095   9.69414 
4.97553   9.69508 
4.94711   9.65613 
4.96097   9.67454 
4.98456   9.67250 
4.99956   9.67652 
4.98447   9.65796 
4.93613   9.64515 
4.95758   9.64243 
4.92788   9.62395 
4.92386   9.60895 
4.94204   9.61553 
5.01456   9.67250 
5.01553   9.65796 
5.03640   9.67361 
5.05389   9.65897 
5.06487   9.64799 
5.04243   9.64242 
4.88688   9.57968 
4.90986   9.59588 
4.92599   9.58693 
4.93001   9.57193 
4.94204   9.58447 
4.86119   9.52647 
4.87477   9.55849 
4.89988   9.55268 
4.87943   9.49655 
4.91104   9.53423 
4.92315   9.55542 
4.94117   9.55349 
4.95215   9.54251 
4.95757   9.55758 
4.89610   9.47861 
4.90444   9.51356 
4.92771   9.51630 
4.93197   9.41730 
4.90880   9.45600 
4.93381   9.47301 
5.07289   9.62550 
5.08580   9.64349 
5.11396   9.63572 
5.07691   9.61050 
5.05796   9.61553 
5.12548   9.60798 
4.94542   9.50260 
4.95202   9.52328 
4.96987   9.52881 
4.95813   9.47999 
4.98487   9.52479 
4.98447   9.54204 
4.99708   9.36556 
4.96399   9.39618 
4.97854   9.42928 
5.04506   9.37314 
5.13224   9.41699 
5.08339   9.37979 
5.04889   9.41481 
5.15727   9.49756 
5.14910   9.44662 
5.10408   9.45109 
5.14504   9.56674 
5.16327   9.52647 
5.12694   9.50962 
5.09505   9.59886 
5.12671   9.58583 
5.11461   9.55762 
5.07814   9.58836 
5.07412   9.57336 
5.05796   9.58447 
5.00401   9.43782 
4.97199   9.45894 
4.98360   9.48853 
5.00438   9.48796 
4.99052   9.50902 
5.00565   9.52422 
5.06916   9.45301 
5.03083   9.44636 
5.02428   9.47602 
5.08602   9.48264 
5.03120   9.49651 
5.02065   9.52824 
5.01553   9.54204 
5.10551   9.53594 
5.09951   9.50703 
5.06459   9.50896 
5.05404   9.54070 
5.04055   9.51630 
5.06502   9.55168 
5.04242   9.55757 
5.08718   9.55504 
0.00000   0.00000 
3.05034   0.00000 
2.02208   1.82071 
0.00000   2.83286 
20.00000   0.00000 
20.00000   3.99973 
16.04210   0.00000 
20.00000   20.00000 
16.04350   20.00000 
20.00000   15.99890 
0.00000   20.00000 
0.00000   17.16820 
2.03914   18.16690 
3.05151   20.00000 
0.00000   14.93200 
1.55549   16.15110 
1.54480   3.83798 
0.00000   5.06878 
5.92735   0.00000 
4.57056   1.63152 
3.41550   3.21380 
4.60771   18.33650 
5.92846   20.00000 
3.45626   16.74690 
0.00000   13.09700 
1.25760   14.27630 
2.73408   15.13920 
1.25979   5.71234 
0.00000   6.90376 
2.73026   4.82588 
0.00000   11.50000 
1.16651   12.59550 
1.18342   7.38518 
0.00000   8.50060 
0.00000   10.00030 
0.93375   11.07500 
0.93271   8.88160 
1.05013   9.97058 
2.34600   13.69470 
2.36254   6.26478 
8.88711   0.00000 
7.40446   1.96312 
5.44606   3.18959 
4.31819   4.46120 
3.63005   5.80215 
7.45320   17.98880 
8.88827   20.00000 
5.55738   16.72830 
4.33688   15.44670 
3.59184   14.13010 
12.19300   0.00000 
10.63800   2.39148 
13.96070   2.90979 
16.98810   4.67118 
20.00000   7.99947 
10.71320   17.59730 
12.19430   20.00000 
14.01620   16.95780 
17.07590   15.02600 
20.00000   11.99920 
1.80094   11.66440 
2.22587   12.61490 
1.83977   10.47050 
3.24873   12.91530 
1.76093   9.35514 
1.85730   8.29326 
2.26598   7.34193 
3.26973   6.96611 
8.81768   3.70852 
7.07490   3.65280 
5.97830   4.76394 
4.83404   5.48884 
4.55783   6.51299 
7.38479   16.00930 
9.00443   16.43690 
5.93419   15.24440 
4.90237   14.31070 
4.30924   13.34390 
12.39580   4.92189 
10.47590   4.50626 
14.65920   6.27698 
16.81980   7.97399 
17.28810   11.07720 
14.82100   13.35120 
12.45930   14.93850 
10.50500   15.46680 
14.56800   9.85789 
12.77710   7.61037 
11.00480   6.33672 
12.79750   12.23680 
12.24080   9.94780 
10.96610   13.62120 
11.03140   8.27163 
10.99310   11.69200 
10.50480   9.99298 
9.02668   14.59180 
7.32829   14.54120 
9.54726   12.84020 
8.18127   13.36660 
6.11984   14.01880 
7.06239   13.50060 
5.32095   13.38490 
6.25267   12.94300 
9.53053   11.31300 
8.43411   12.11430 
7.33799   12.52900 
2.77490   7.98704 
2.52737   8.84845 
2.46576   9.73641 
4.05487   7.23144 
3.54887   7.80646 
9.26654   5.51786 
7.71918   4.95885 
9.57092   7.12003 
9.58621   8.66303 
9.15460   9.98951 
8.40270   10.95100 
7.63556   11.53420 
6.55968   12.23550 
6.97858   11.80750 
3.26967   8.56440 
3.04115   9.30909 
7.94774   6.51012 
6.80810   5.83278 
5.70876   6.09485 
8.48469   7.80579 
8.44737   8.97194 
8.09722   9.97443 
7.50958   10.69860 
6.90774   11.16770 
6.54629   6.94043 
7.44523   7.46681 
7.61980   8.33093 
5.49603   6.99402 
4.76400   7.29319 
7.58017   9.21013 
7.30186   9.95618 
6.83815   10.52020 
6.71085   7.95571 
6.03854   7.56310 
6.99734   8.72180 
5.38085   7.71899 
6.91689   9.35988 
6.72986   9.87445 
5.98290   8.20499 
6.45893   8.50496 
6.47935   9.00443 
6.39402   9.46701 
6.05957   8.75783 
6.07075   9.17767 
5.67370   8.57588 
5.48405   8.20692 
5.04467   8.16072 
4.77845   7.83180 
4.25087   7.78807 
3.93792   8.25201 
4.52575   8.28138 
5.73087   8.97365 
5.26371   8.49753 
4.89005   8.51991 
5.41378   8.78028 
6.34282   11.59450 
6.36369   10.97150 
6.36201   10.53390 
6.47868   10.20330 
6.27412   9.86842 
6.00043   9.57131 
5.79251   9.31004 
5.57241   9.18588 
5.45873   9.01335 
5.10314   8.77571 
5.24147   8.97446 
3.75496   8.69037 
3.54427   9.09446 
4.17712   8.61964 
4.54839   8.67151 
4.83151   8.80583 
5.00148   9.02811 
2.65628   10.52060 
2.37996   11.17810 
2.67535   11.96190 
3.09507   9.98501 
3.49209   9.60632 
3.40537   12.07390 
4.07457   12.53810 
4.85094   12.67730 
5.53378   12.65990 
5.92082   12.13190 
3.06116   11.25120 
3.26764   10.59550 
3.61094   10.13870 
5.32202   9.18413 
5.15205   9.13271 
5.58346   9.39610 
5.44063   9.30634 
5.71347   9.55702 
5.95625   9.94384 
5.79790   9.75511 
6.09643   10.24690 
6.01076   10.64870 
6.02023   11.29690 
5.97688   10.98650 
5.72537   11.61220 
5.26423   12.08800 
4.60105   12.10260 
4.01781   11.91560 
3.59685   11.55930 
3.61542   11.08220 
3.71429   10.65500 
5.66054   11.16420 
5.27698   11.67230 
5.42942   11.40580 
4.88467   11.71670 
4.42223   11.63720 
4.01533   11.40670 
4.06436   10.99710 
5.73377   10.85560 
4.37480   11.24430 
4.70132   11.39780 
5.08887   11.37780 
5.73043   10.59920 
5.85175   10.40500 
5.78111   10.18110 
5.69139   9.95866 
5.57419   9.75549 
5.51861   9.56735 
5.41168   9.44788 
5.29388   9.35431 
5.17644   9.27875 
5.33082   11.15900 
5.47665   10.94500 
5.53799   10.72920 
4.86842   11.19740 
5.07780   11.10100 
4.64029   11.09740 
4.41526   10.94580 
4.01517   10.66340 
4.23660   10.76800 
3.92544   10.38280 
4.22583   10.51240 
4.46746   10.69740 
4.63958   10.86750 
4.85180   10.97260 
5.24917   10.94610 
5.35005   10.78090 
5.06427   10.91090 
5.18249   10.78370 
4.79865   10.78910 
4.93347   10.83360 
5.04555   10.76830 
4.66114   10.69290 
5.60211   10.37290 
5.54334   10.55450 
5.38921   10.61190 
5.25643   10.66080 
5.54644   10.15210 
5.48701   9.94151 
5.12226   10.66100 
4.42439   10.49240 
4.57425   10.55220 
5.39420   9.80759 
5.42934   9.68189 
5.35845   9.57813 
5.28108   9.48004 
5.17726   9.41252 
5.41597   10.46700 
5.43330   10.31680 
5.26950   10.51530 
5.18765   10.58310 
5.30904   10.39910 
5.15968   10.50280 
5.20678   10.43470 
5.10652   10.55940 
5.01916   10.67250 
5.05122   10.60690 
4.92242   10.70040 
4.79476   10.66120 
4.70823   10.56890 
4.97091   10.59400 
4.88337   10.61200 
4.81231   10.56440 
4.90312   10.53350 
5.31356   10.27990 
5.39533   10.19070 
5.37963   10.06320 
5.29966   9.92894 
5.22998   10.34740 
5.27296   10.16020 
5.22011   10.25880 
5.23059   10.04640 
5.03593   10.54020 
4.96929   10.52900 
5.08570   10.48860 
5.11820   10.44070 
5.15753   10.38530 
5.16371   10.31570 
5.18009   10.19620 
5.14859   10.12530 
5.13498   10.25670 
5.02211   9.22068 
5.07957   9.33812 
5.00588   10.50250 
5.03948   10.48430 
5.05196   10.43000 
5.03000   10.45200 
5.06000   10.40000 
5.09767   10.39790 
5.12139   10.35310 
5.00000   10.46000 
5.08233   10.36320 
5.05196   10.37000 
4.97609   10.48570 
4.97000   10.45200 
4.93870   10.48150 
4.94804   10.43000 
5.09314   10.31100 
5.05989   10.33780 
5.03000   10.34800 
5.00000   10.34000 
5.03418   10.30980 
5.06753   10.26210 
5.10174   10.19580 
3.86084   9.73835 
3.97046   10.06570 
4.14696   10.26850 
4.37582   10.29440 
3.86773   9.35560 
3.97348   8.98581 
4.31341   8.93505 
4.58700   8.94339 
4.78942   9.00392 
4.85994   9.15559 
4.19636   9.23182 
4.13515   9.52564 
4.14794   9.82790 
4.26410   10.07200 
4.45228   9.16249 
4.66851   9.13934 
4.39026   9.41167 
4.32676   9.66909 
4.39158   9.88937 
4.58605   9.30135 
4.75311   9.27543 
4.88556   9.28554 
4.98360   9.32296 
4.55983   9.46685 
4.47595   9.58743 
4.51167   9.74759 
4.69432   9.39727 
4.81671   9.38393 
4.91742   9.38420 
4.50700   10.08040 
4.58753   9.90597 
4.54376   10.24750 
4.54096   10.39270 
4.66443   10.45040 
4.76375   10.48310 
4.83623   10.49840 
4.88441   10.47020 
4.91859   10.44960 
4.90535   10.41520 
4.94000   10.40000 
4.66682   10.31660 
4.75239   10.39630 
4.83820   10.42830 
4.91245   10.37500 
4.94804   10.37000 
4.87050   10.38420 
4.82068   10.35950 
4.76200   10.31800 
4.87955   10.33770 
4.83292   10.29190 
4.93009   10.33770 
4.97000   10.34800 
4.62016   9.63333 
4.66751   9.51118 
4.77031   9.48068 
4.65948   9.77632 
4.87108   9.46160 
4.66114   10.17360 
4.75844   10.23600 
4.69191   10.03510 
4.75050   9.90234 
4.79606   10.13330 
4.85235   10.21590 
4.90897   10.28530 
4.96178   10.31180 
4.99674   10.29810 
5.01591   10.25890 
5.04097   10.20970 
4.96476   10.26280 
4.98300   10.20430 
4.92345   10.22010 
4.92439   10.14420 
4.86159   10.02570 
5.03355   10.14040 
4.97991   10.06380 
5.08913   10.05030 
5.00592   9.97121 
5.15398   9.96282 
4.89663   9.91500 
4.77255   9.78057 
4.83807   9.84354 
4.73293   9.68636 
4.72306   9.58682 
4.83462   9.52145 
4.79432   9.56242 
4.80242   9.63113 
4.82275   9.70448 
4.86391   9.77089 
4.92663   9.82652 
5.00001   9.87209 
5.08502   9.90068 
5.17800   9.86401 
5.26852   9.81146 
5.28893   9.69833 
5.24591   9.58984 
5.19360   9.51441 
4.86177   9.58549 
4.86834   9.65114 
4.89457   9.70690 
4.93382   9.75708 
5.00563   9.79011 
5.08509   9.81853 
5.17030   9.76384 
5.19717   9.66808 
5.15714   9.59495 
5.08020   9.74108 
5.13259   9.70258 
5.13410   9.65043 
4.98129   9.73664 
5.02393   9.73469 
4.95194   9.69712 
4.92422   9.66029 
4.90773   9.61790 
5.07778   9.66599 
5.04279   9.69525 
4.99911   9.69303 
4.97000   9.65196 
5.00000   9.66000 
4.94804   9.63000 
4.94000   9.60000 
5.03000   9.65196 
5.05196   9.63000 
4.91199   9.57386 
4.94804   9.57000 
4.88777   9.53149 
4.93431   9.53697 
4.97000   9.54804 
4.92111   9.49562 
4.94652   9.45040 
5.09383   9.62100 
5.06000   9.60000 
4.96973   9.50959 
5.00000   9.54000 
5.01056   9.40816 
5.08722   9.42146 
5.12094   9.48071 
5.13294   9.53852 
5.09627   9.57672 
5.05196   9.57000 
4.99746   9.46747 
5.01130   9.50845 
5.05110   9.48456 
5.03000   9.54804 
5.07808   9.53336 
