BCnode   BCtype
258     4
outBCNode	outBCNum
1	1
256	1
255	1
254	1
253	1
252	1
251	1
250	1
249	1
248	1
247	1
246	1
245	1
244	1
243	1
242	1
241	1
240	1
239	1
238	1
237	1
236	1
235	1
234	1
233	1
232	1
231	1
230	1
229	1
228	1
227	1
226	1
225	1
224	1
223	1
222	1
221	1
220	1
219	1
218	1
217	1
216	1
215	1
214	1
213	1
212	1
211	1
210	1
209	1
208	1
2	1
133	3
132	3
131	3
130	3
129	3
128	3
127	3
126	3
125	3
124	3
123	3
122	3
121	3
120	3
119	3
118	3
117	3
116	3
115	3
114	3
113	3
112	3
111	3
110	3
109	3
108	3
107	3
106	3
105	3
104	3
103	3
102	3
101	3
100	3
99	3
98	3
97	3
96	3
95	3
94	3
93	3
92	3
91	3
90	3
89	3
88	3
87	3
86	3
85	3
84	3
83	3
82	3
81	3
80	3
79	3
78	3
77	3
76	3
75	3
74	3
73	3
72	3
71	3
70	3
69	3
68	3
3	2
67	2
66	2
65	2
64	2
63	2
62	2
61	2
60	2
59	2
58	2
57	2
56	2
55	2
54	2
53	2
52	2
51	2
50	2
49	2
48	2
47	2
46	2
45	2
44	2
43	2
42	2
41	2
40	2
39	2
38	2
37	2
36	2
35	2
34	2
33	2
32	2
31	2
30	2
29	2
28	2
27	2
26	2
25	2
24	2
23	2
22	2
21	2
20	2
19	2
4	2
205	3
204	3
203	3
202	3
201	3
200	3
199	3
198	3
197	3
196	3
195	3
194	3
193	3
192	3
191	3
190	3
189	3
188	3
187	3
186	3
185	3
184	3
183	3
182	3
181	3
180	3
179	3
178	3
177	3
176	3
175	3
174	3
173	3
172	3
171	3
170	3
169	3
168	3
167	3
166	3
165	3
164	3
163	3
162	3
161	3
160	3
159	3
158	3
157	3
156	3
155	3
154	3
153	3
152	3
151	3
150	3
149	3
148	3
147	3
146	3
145	3
144	3
143	3
142	3
141	3
140	3
5	4
6	4
7	4
8	4
9	4
10	4
11	4
12	4
13	4
14	4
15	4
16	4
17	4
18	4
134	4
135	4
136	4
137	4
138	4
139	4
206	4
207	4
257	4
258	4
