0.00000000   0.00000000 
30.00000000   0.00000000 
30.00000000   20.00000000 
0.00000000   20.00000000 
5.00000000   10.65500000 
5.00000000   10.54500000 
5.00000000   9.45500000 
5.00000000   9.34500000 
0.00000000   19.13043478 
0.00000000   18.26086957 
0.00000000   17.39130435 
0.00000000   16.52173913 
0.00000000   15.65217391 
0.00000000   14.78260870 
0.00000000   13.91304348 
0.00000000   13.04347826 
0.00000000   12.17391304 
0.00000000   11.30434783 
0.00000000   10.43478261 
0.00000000   9.56521739 
0.00000000   8.69565217 
0.00000000   7.82608696 
0.00000000   6.95652174 
0.00000000   6.08695652 
0.00000000   5.21739130 
0.00000000   4.34782609 
0.00000000   3.47826087 
0.00000000   2.60869565 
0.00000000   1.73913043 
0.00000000   0.86956522 
0.86689792   0.00000000 
1.74005832   0.00000000 
2.61952653   0.00000000 
3.50534822   0.00000000 
4.39756912   0.00000000 
5.29623567   0.00000000 
6.20139423   0.00000000 
7.11309182   0.00000000 
8.03137560   0.00000000 
8.95629327   0.00000000 
9.88789245   0.00000000 
10.82622189   0.00000000 
11.77133005   0.00000000 
12.72326567   0.00000000 
13.68207804   0.00000000 
14.64781720   0.00000000 
15.62053314   0.00000000 
16.60027594   0.00000000 
17.58709662   0.00000000 
18.58104621   0.00000000 
19.58217615   0.00000000 
20.59053854   0.00000000 
21.60618527   0.00000000 
22.62916944   0.00000000 
23.65954369   0.00000000 
24.69736143   0.00000000 
25.74267679   0.00000000 
26.79554345   0.00000000 
27.85601625   0.00000000 
28.92415004   0.00000000 
30.00000000   1.05263158 
30.00000000   2.10526316 
30.00000000   3.15789474 
30.00000000   4.21052632 
30.00000000   5.26315789 
30.00000000   6.31578947 
30.00000000   7.36842105 
30.00000000   8.42105263 
30.00000000   9.47368421 
30.00000000   10.52631579 
30.00000000   11.57894737 
30.00000000   12.63157895 
30.00000000   13.68421053 
30.00000000   14.73684211 
30.00000000   15.78947368 
30.00000000   16.84210526 
30.00000000   17.89473684 
30.00000000   18.94736842 
28.92415004   20.00000000 
27.85601625   20.00000000 
26.79554345   20.00000000 
25.74267679   20.00000000 
24.69736143   20.00000000 
23.65954369   20.00000000 
22.62916944   20.00000000 
21.60618527   20.00000000 
20.59053854   20.00000000 
19.58217615   20.00000000 
18.58104621   20.00000000 
17.58709662   20.00000000 
16.60027594   20.00000000 
15.62053314   20.00000000 
14.64781720   20.00000000 
13.68207804   20.00000000 
12.72326567   20.00000000 
11.77133005   20.00000000 
10.82622189   20.00000000 
9.88789245   20.00000000 
8.95629327   20.00000000 
8.03137560   20.00000000 
7.11309182   20.00000000 
6.20139423   20.00000000 
5.29623567   20.00000000 
4.39756912   20.00000000 
3.50534822   20.00000000 
2.61952653   20.00000000 
1.74005832   20.00000000 
0.86689792   20.00000000 
5.03889087   10.56110913 
5.05500000   10.60000000 
5.03889087   10.63889087 
4.96110913   10.63889087 
4.94500000   10.60000000 
4.96110913   10.56110913 
5.03889087   9.36110913 
5.05500000   9.40000000 
5.03889087   9.43889087 
4.96110913   9.43889087 
4.94500000   9.40000000 
4.96110913   9.36110913 
5.45063627   9.72343828 
5.38624412   9.69391779 
5.44418584   9.65187806 
5.36402880   9.62671362 
5.83619495   4.16962103 
6.09138090   4.51019726 
5.74840200   4.63288019 
6.31063028   4.06372139 
0.79985339   7.46509949 
1.09664823   8.05764415 
0.55070582   8.12685712 
1.37993353   7.56999793 
6.90019593   4.65471850 
6.46644284   4.56917311 
6.82083914   4.17312469 
1.33521764   3.85413956 
2.15696644   3.72460918 
1.92613002   4.32230096 
1.73305313   3.20279218 
27.65837329   11.93552647 
28.39643709   12.29707765 
27.84880734   13.00304308 
28.41582575   11.43325903 
8.73499829   16.22765361 
9.40847084   16.02055946 
9.38800465   16.47118347 
9.10018212   15.51094413 
6.19215740   15.17611391 
6.38262185   14.88610282 
6.60222818   15.30545211 
5.96915192   14.75980997 
0.49528228   6.25554535 
0.47228192   5.66362236 
0.96970876   5.96733705 
6.05770871   16.17347092 
6.55742389   15.89312843 
6.53949181   16.40337457 
6.17238846   15.60677114 
2.40573428   4.65816423 
1.84819358   4.90954810 
2.58380183   4.19869828 
2.47544987   16.95408815 
2.35146520   16.34323204 
2.86238001   16.52721277 
2.72666262   16.00354375 
3.08091597   12.44742260 
2.69316877   12.51770369 
2.91050197   12.10335429 
2.47061394   12.09947598 
2.84512928   3.59166336 
2.47664929   3.10963585 
3.52900682   3.72741685 
3.13747173   4.13582235 
1.91580691   15.12818120 
2.56760376   15.39319552 
1.97014497   15.83945227 
22.99799372   15.89688558 
22.23130611   16.01724724 
22.33572141   15.03600911 
21.52071486   15.71078459 
10.22126538   16.82184851 
10.76464528   16.44371893 
10.78219715   17.16593048 
29.13653769   3.70635780 
29.07735291   2.74060410 
9.99039739   16.27727291 
5.36708610   2.58883228 
5.08242886   3.20655153 
4.70831088   2.84223407 
2.05894662   13.27858335 
2.32973880   13.66420267 
1.72299949   13.56075576 
2.16091291   12.49713733 
2.41996063   13.02954357 
3.11610721   12.92928838 
5.60823839   3.25512594 
29.07526016   17.25854148 
29.13848095   16.31780399 
11.52466842   3.64011228 
12.16793809   3.91674977 
11.73179614   4.44073960 
3.42218606   10.63662977 
3.68430213   10.73443112 
3.48682856   10.93152601 
28.95573298   14.22610978 
28.96713891   13.05607698 
29.15986794   6.73328346 
29.13462467   5.65418877 
3.61917152   10.48088301 
28.25291212   6.14080467 
24.80759098   18.75227642 
23.97578760   18.87808045 
24.40663416   17.61925513 
25.55041283   18.08427335 
25.30730671   16.70899234 
25.55796569   1.87158056 
24.50652702   2.29944756 
24.71600775   1.14472796 
25.39172083   3.15453637 
12.49465076   4.57478426 
5.96195208   3.66408940 
5.55756016   3.82811447 
1.05653832   10.40357533 
1.22414912   11.16047330 
0.59786399   10.80386989 
5.35245940   4.30658868 
1.33648817   9.46459490 
0.95141560   9.82510986 
0.71936669   9.30585236 
5.43363198   4.76605091 
5.18244041   5.09613622 
5.05295794   4.67411159 
4.56450654   4.98042906 
5.66375773   5.06249476 
6.11298703   4.98232850 
22.59436767   16.84209819 
23.51806146   16.73601223 
23.21141481   17.83981540 
5.48048473   5.52534786 
3.64509085   9.34831130 
3.86808087   9.36114245 
3.75707528   9.51294814 
3.97238672   9.54454806 
3.41655669   9.37643078 
3.48345167   9.10865511 
3.17460599   9.26212635 
8.37858596   3.18993858 
7.81788667   3.49365089 
7.89371074   2.95515113 
8.33792264   3.73186064 
4.88355053   10.02264232 
4.82218577   9.96712265 
4.89475821   9.95474924 
4.85082838   9.90213360 
20.21251827   11.89227059 
21.05931571   11.32595505 
20.78612634   12.44028365 
15.80534705   15.78237024 
15.67564470   14.77189850 
16.59740920   15.07085790 
5.70034247   14.04465598 
6.03564772   13.84698569 
5.98701297   14.29669951 
6.37607068   14.10066924 
7.25716976   3.79691805 
7.83666064   4.01961776 
7.28171020   3.14347061 
3.20610843   15.67232849 
3.13798876   15.09495590 
17.59251718   11.38010935 
18.27147653   10.48202911 
18.54480691   11.44029283 
17.00417825   10.46280179 
8.65448439   15.23921642 
8.52665987   14.63887361 
9.03062758   14.86739580 
8.13056279   15.06875218 
25.82754053   7.31444529 
24.79891622   7.39952242 
25.25914584   6.48905721 
8.91130195   18.92100630 
9.32638218   19.40321891 
8.55943401   19.39630241 
19.97486057   19.23246293 
20.61284386   18.93108083 
24.11437377   6.43213994 
5.58492715   16.06483033 
5.79269844   15.76882882 
5.45690541   15.60159543 
4.00908133   16.18424710 
3.92383570   16.69915838 
3.40227333   16.24584142 
3.35910500   17.09414233 
5.47859559   15.01613324 
4.96525519   15.34729121 
5.05319443   14.75868304 
4.63686617   14.93868812 
4.07347532   3.21538217 
4.12740426   3.91190258 
3.31784588   2.95968500 
20.17463897   11.04413722 
21.24500876   0.78595799 
22.05639494   0.85671667 
15.68134405   5.66265102 
15.27414578   6.23873822 
14.82543686   5.61927080 
15.96300616   6.70022905 
8.56482288   0.65240120 
9.24872416   0.58692514 
8.91829581   1.17227886 
12.14373996   19.16076456 
11.53377627   18.31057498 
12.38427768   18.40710604 
7.56122411   5.70100265 
7.18441446   5.93481891 
7.22219919   5.50236740 
22.66349502   11.20121681 
23.09685090   10.30985849 
23.51744640   11.08851352 
5.02399345   10.39408616 
4.99046044   10.36914876 
5.03659293   10.35202989 
4.98227460   10.42096487 
4.14858858   2.45300859 
4.61185804   3.55129819 
28.33494527   16.72904636 
28.17742625   17.45028260 
28.44936104   3.28850764 
28.10738438   2.59431432 
17.24083647   14.05067853 
17.40740509   13.06074947 
18.13101798   13.58699756 
16.60346597   13.08796419 
7.33946986   10.51414327 
7.65312472   10.57054896 
7.48941314   10.81202790 
7.56654872   10.25747059 
22.20106140   10.28192288 
0.94575003   3.17489690 
0.55886497   2.54670759 
1.09574637   17.59166904 
1.76687567   17.45849392 
1.09903962   18.14766778 
22.00918628   7.05192567 
21.06502994   7.86716913 
20.67006812   6.89032333 
0.54178189   17.45597509 
1.05590534   16.82260067 
11.76781878   1.25418912 
11.32917707   0.62052665 
12.21269421   0.66961232 
26.24075250   19.06231610 
27.25373158   19.06738711 
27.27745058   0.92329510 
26.18477210   0.91488773 
18.53813668   9.30544734 
17.63675352   9.51375144 
10.53800720   7.21592079 
9.92453957   6.80845264 
10.56894886   6.69009435 
16.89639293   9.44557142 
17.16960603   8.84633942 
16.35549525   8.69247271 
15.46534453   13.96611357 
15.61906193   13.07902732 
16.20029380   14.00442334 
10.30325208   6.27976154 
3.61144542   18.76252408 
2.92878527   19.18455636 
2.92577381   18.37344404 
2.79038047   1.47557948 
3.04036291   0.66570633 
3.62395787   1.23711161 
17.62888027   15.09524972 
4.94653303   19.41218710 
4.36382440   19.13131967 
4.96152421   18.73717680 
22.05024320   8.37887034 
4.32748446   18.36164848 
4.96663931   1.22790989 
4.35867325   0.83654369 
4.94389635   0.57903587 
14.80123330   18.79779709 
14.98213359   17.83014899 
15.79559998   18.37256834 
4.31935969   1.62941568 
2.10489981   18.41697296 
8.23210516   11.62214209 
8.67082441   11.72282365 
8.32179346   11.94913115 
4.94245240   10.38446463 
4.94665350   10.33211259 
1.39498075   2.49668758 
5.00240394   10.31885747 
1.83900947   16.59757637 
15.92924988   17.61243293 
27.23623765   17.56741141 
27.74463265   18.22380940 
8.63844291   12.19542605 
5.42713717   10.28967852 
5.36400759   10.34904185 
5.35035544   10.29019344 
27.78186187   1.76539562 
27.40475058   2.36011531 
4.51490207   9.63862738 
4.58737807   9.69618837 
4.48801020   9.73546115 
5.67834823   0.77847797 
29.16101218   15.36825981 
18.29864462   1.77949651 
17.67762648   1.09298370 
18.25880722   0.79235512 
17.28886665   1.95068466 
29.17195323   4.67275237 
4.56813769   9.79677631 
27.68804096   16.77634092 
28.25966808   15.91939736 
16.09043297   12.21747874 
14.62320498   11.72985939 
15.05397897   10.94157273 
15.54338314   11.48309958 
28.22901735   4.18846378 
27.70950708   3.22213863 
14.30877009   10.88196621 
3.45898288   17.99867425 
2.67386391   17.70387150 
3.50611128   2.03300290 
2.71531647   2.35184429 
27.64964853   11.00242744 
26.84300891   11.50809360 
18.05912043   16.02331447 
17.57620919   16.96626456 
17.13799450   15.95144870 
5.29943921   10.32344067 
8.90668411   7.87957827 
8.77392997   7.31484829 
9.31681330   7.58165050 
6.08011345   9.55973623 
5.94017873   9.61864334 
5.97047184   9.47725593 
16.46057949   16.69205436 
25.40775891   19.17977317 
16.77726680   17.80767388 
25.37975675   0.78623925 
21.67478855   9.37060236 
22.61908772   9.39032463 
25.98845511   17.22483739 
26.86463209   16.97776537 
26.69439146   18.04246294 
21.17417532   10.29348011 
23.04892852   8.48300655 
23.56749294   9.43075628 
26.63382312   1.91756880 
26.84170234   2.97703347 
26.05603381   2.70823434 
24.16963166   8.46264491 
1.79749852   9.61955833 
2.11997664   9.23161461 
2.21663066   9.69781849 
8.47829614   7.73077774 
6.38058155   9.31172148 
6.23879884   9.34219069 
6.28228111   9.17446220 
5.69523593   19.20511599 
5.50093607   1.49800746 
9.98040471   4.59256033 
9.68511314   4.03289289 
10.19409990   3.87902577 
9.71718855   3.35695819 
9.97709039   2.59407144 
9.29635282   2.70692377 
9.57459333   2.09467909 
1.33643813   8.94418815 
17.95996242   7.42216418 
18.08768620   6.56038343 
18.84642886   7.13781608 
17.15582715   6.64325663 
18.78589480   8.22592386 
17.94073071   8.54031955 
22.14125794   3.36333955 
21.01947167   3.01304355 
21.97607672   2.50415887 
21.25161973   1.79876789 
2.04876219   10.73423427 
2.51671240   10.82200821 
2.24190634   11.26411637 
5.58656180   18.46430544 
8.54522527   4.68659696 
8.05698772   5.02913639 
7.85661417   4.59193019 
8.56070472   5.40882794 
19.74603530   4.55810280 
20.68446916   4.93450231 
19.65354162   5.25890859 
0.85702748   8.58980281 
20.34936716   3.93383517 
19.14962220   1.08929539 
1.87610151   10.19655355 
18.61810647   15.15363253 
19.33562153   14.75925762 
19.29985699   15.51280973 
18.84467975   14.20900698 
11.03097277   3.24396863 
10.81458210   3.76156636 
18.75121321   17.89997593 
19.08832679   19.01562732 
18.18528091   18.56671214 
6.37849314   10.61254421 
6.54189978   10.76102545 
6.32444079   10.81773004 
6.36631169   9.46782894 
4.96853040   9.79632997 
4.93067898   9.83910884 
4.89925830   9.77890020 
1.53726539   7.11529948 
1.87769297   7.50930464 
6.07970637   9.69453049 
9.33236489   11.13775611 
9.30631131   10.59668377 
9.67799594   10.77775524 
4.19050580   9.49605234 
4.06701776   9.31412518 
4.30718332   9.35985386 
16.47256767   1.71617929 
16.10187027   0.89444548 
16.95471727   0.94238219 
27.58798120   15.06444400 
28.45150720   14.89632324 
27.25533640   16.01414244 
28.42001389   5.14069043 
27.54954828   5.07041500 
27.22482677   3.92439725 
4.42670163   15.75202915 
5.07630654   16.09094688 
9.00388961   10.83655895 
1.13862790   11.94459785 
1.72458574   11.65217268 
1.63406138   12.28766476 
24.16074501   13.88563589 
22.98425867   13.80178504 
23.49441453   12.83565379 
23.41564569   14.89686190 
5.46222266   10.01230911 
5.54657150   10.02559333 
5.48421510   10.08880760 
10.49936351   14.32816351 
10.13440306   14.61810870 
10.09190374   14.06299887 
9.68905413   14.33372490 
5.57309319   10.10257156 
3.14091914   14.48200495 
2.50655345   14.27741533 
2.88695324   13.84909851 
6.11412221   8.83896496 
6.35722641   8.98066949 
6.11254018   9.02651754 
3.80960318   13.43054065 
4.22367233   13.42965754 
4.07115650   13.73324204 
7.55063454   15.95508613 
7.39151619   15.42719256 
7.85664794   15.57236520 
7.58328043   15.08385374 
3.96391383   8.87457670 
3.70621753   8.90525444 
3.76379620   8.63518109 
26.32533098   16.24139712 
26.34387448   3.58714028 
4.40911282   13.77068316 
1.01460512   12.63197582 
1.71793325   12.93879862 
1.04887669   13.29596970 
6.31876942   8.71978064 
1.03442074   6.60328907 
3.44591611   8.76191360 
13.96015824   19.03312537 
13.08488700   19.16191912 
13.28234379   18.28399880 
10.35285875   13.26762493 
10.07917422   13.60886219 
9.82142711   13.15967530 
9.63189137   13.74946218 
3.25170488   6.84295535 
2.76483835   6.80156655 
3.00692364   6.36325378 
27.88716167   14.10537982 
2.48634703   6.41565508 
23.07218059   19.05713578 
24.00699467   1.36635621 
4.71016212   8.81355973 
4.75673846   8.91536860 
4.62832393   8.90207999 
4.69802040   9.01707216 
23.19581770   0.87131318 
20.60652308   16.94591877 
19.56706560   17.09563259 
20.02534080   16.06460628 
12.21639487   15.33852288 
11.70546720   14.67892526 
12.33718808   14.54881677 
3.74618306   7.92649871 
3.73646919   8.29360124 
3.51747371   8.14668110 
11.29962021   15.15154971 
3.95518816   13.03324084 
4.35606640   13.07239241 
4.80352936   9.70939452 
4.86090179   9.67935425 
4.86219442   9.73428858 
26.70041287   15.20760040 
13.63788333   13.44899740 
13.50806505   14.12739006 
13.04273535   13.65939887 
26.67531110   4.50119238 
24.20329039   11.66614129 
24.81009895   12.79863275 
4.18393450   8.90374876 
4.08517613   9.08343672 
25.72989572   15.43843122 
26.08999985   14.27530127 
3.83127838   9.14221456 
26.71877057   5.45639199 
14.15992988   13.93531394 
7.88916592   5.94911787 
8.23037953   5.81369793 
8.16945954   6.19852150 
20.68020416   9.27780858 
20.03186773   10.07286693 
19.62575691   8.99147602 
28.27734817   8.38033915 
28.97841219   9.06769165 
27.77700638   9.25454367 
7.98294625   5.50932154 
8.45397520   6.46249864 
8.07660872   6.60039561 
8.39298795   6.92440429 
25.81482447   4.19178147 
3.70862097   14.83757425 
2.53360330   14.77625235 
23.46917992   1.97154819 
4.24471517   14.57003963 
4.21864083   15.16369778 
4.15715830   10.15610809 
4.03570326   10.07500778 
4.16235713   9.99622644 
22.20070025   18.53691017 
23.79390498   2.97689970 
4.00464970   10.22484010 
22.41056873   1.68426098 
7.09895869   5.06255022 
7.36208226   4.73941632 
7.31837338   4.30744229 
6.76101376   5.40972492 
6.89085553   5.77277603 
6.78054556   10.53319262 
6.56340512   10.53119370 
6.68067576   10.33573627 
7.54699082   13.82903201 
7.13455712   13.71748942 
7.45561223   13.45180380 
29.08775911   7.83467626 
3.97375821   10.76061982 
3.88023645   10.54696864 
3.78761448   10.96180209 
3.97589226   6.98069916 
4.35779629   6.93948083 
4.15650839   7.23817735 
4.49115361   7.24275627 
26.32125165   6.38021181 
25.73929637   5.63190871 
4.36582262   9.91664579 
4.37662445   10.03791430 
4.26092234   9.98979549 
4.27832378   10.08630962 
24.72753798   15.68866776 
7.11268544   13.34775346 
24.91908787   4.09046481 
25.00969427   14.60534171 
13.52814298   1.77592130 
13.15801403   0.80168085 
14.22546128   0.98269718 
11.53748219   2.77877562 
6.48854643   10.30311377 
24.11110925   10.42897785 
25.15964639   10.97091617 
4.66153131   9.92488006 
4.56895267   9.90189609 
4.64794632   9.84447048 
22.90149386   2.62745473 
4.95066893   10.20095022 
5.00496943   10.18900615 
4.98499447   10.23670640 
5.03927200   10.22917609 
4.63768281   7.01178411 
4.59966093   6.71118838 
11.60924918   12.44444491 
12.17357253   12.68979678 
11.74382036   12.89063797 
12.14981129   12.12153918 
4.05548235   5.30350481 
3.93082404   4.86427741 
5.99754991   13.34825096 
5.60170175   13.09220769 
5.87999539   12.87729613 
4.37636363   5.59475559 
12.43457345   16.33181666 
13.26938644   15.66282799 
13.45436081   16.64873319 
14.49116454   16.96888036 
13.61495183   17.42739303 
14.16419242   18.09792010 
6.79488493   13.53898888 
6.69848720   13.94937572 
6.40516019   13.62413267 
14.52498612   2.06626984 
13.67743770   2.67564500 
7.16362882   6.33625789 
7.49907970   6.12080041 
7.45142950   6.44398465 
7.22054650   10.79717534 
7.11201495   11.00735201 
6.97951018   10.85520332 
4.79705856   9.64684247 
4.85312118   9.60944568 
4.25039924   9.05432683 
4.21451307   9.21162829 
6.88943274   11.10358735 
4.37832418   9.11583573 
16.40589984   11.35894269 
17.06276558   12.11542775 
12.64334883   12.48585191 
12.65500112   11.80139098 
13.25228426   12.14880460 
13.16887421   11.39929356 
12.60529348   11.12710931 
12.11895636   11.50669896 
4.91071094   9.65851485 
4.90772853   9.71933198 
4.81785474   9.54785373 
4.79056346   9.49906960 
4.84390254   9.49908270 
4.74944574   9.53746374 
6.51486283   9.39256684 
21.43331229   4.12922204 
21.78169551   5.12414700 
21.23450449   6.00199956 
10.61470740   15.65936232 
11.51570500   15.96211178 
11.53497545   16.85134904 
18.07882143   14.44362288 
6.76949938   6.17570905 
14.05089887   5.79696050 
14.27589675   4.89154234 
14.39320493   6.51306396 
13.42617529   4.40465235 
14.40464165   4.04884004 
8.15615110   13.47505759 
8.01031759   13.04864379 
8.44408454   13.23049666 
10.85765636   13.31694742 
10.58908381   12.91979645 
10.18476867   12.78073597 
4.89560891   10.22051313 
4.91409396   10.16233026 
4.93622019   10.25106920 
4.88039193   10.12650975 
4.93710815   10.11281974 
6.26094384   5.47061642 
6.56262376   5.03094834 
4.90092719   10.07974813 
4.59178792   10.00278152 
9.27452224   12.43421419 
9.31095881   12.91557258 
8.93739928   12.51452733 
6.50065327   9.18155874 
25.33034456   8.27514363 
5.65238716   13.68499901 
9.01933238   12.09827117 
9.42138353   12.05001627 
11.59658749   11.80749874 
11.58823860   11.18574673 
11.04100438   10.90661113 
11.58383809   10.57273544 
11.02600783   10.33150825 
4.65637834   12.75153526 
5.03136489   12.70652407 
4.98304316   13.00595273 
20.16732255   5.99350664 
19.61946762   6.76797031 
19.82568837   7.72945692 
6.70001836   9.32874578 
4.87900409   6.47914461 
5.16498925   6.27992500 
5.12403229   6.63782745 
5.39578502   6.50564993 
5.03515397   10.43319040 
5.08323373   10.43476779 
5.04430748   10.47931064 
4.57537216   6.30216511 
19.81523151   3.04006910 
20.10478677   2.00618799 
20.27464021   1.03345847 
7.73121831   11.28459535 
7.81735894   10.89733046 
8.12132125   11.19111959 
4.19869815   6.58126539 
9.81856999   12.09158479 
10.09014354   12.33694132 
9.70311056   12.53839149 
10.16529817   11.93689738 
13.50491629   14.85698080 
14.12087466   14.65876486 
4.63483692   12.15651059 
4.86592547   12.12567004 
4.79945695   12.42966985 
5.12173150   12.20760733 
4.30476308   10.20215858 
4.18265524   10.28831466 
4.22949933   10.42957322 
4.05008072   10.39481653 
4.09952632   10.56941575 
4.40811741   10.13565481 
4.48921894   10.07132274 
4.47526894   9.96627830 
28.41224297   10.24776211 
4.43869924   10.23327462 
4.34978028   10.32239143 
5.00042454   9.89821137 
5.00702927   9.95874323 
4.95832833   9.93115051 
6.73292041   9.12891756 
4.71804886   7.87267090 
4.41181880   7.80152680 
4.64740283   7.55347209 
4.94732138   7.68390739 
5.19816157   7.80481875 
4.95895128   7.89526216 
4.82971126   8.15962883 
4.11752307   7.55709228 
4.35549989   7.47847160 
4.09679359   7.83307526 
3.87532713   7.64154989 
9.46821307   6.46845573 
9.81219477   6.27734733 
9.39943175   5.97102941 
11.74694268   8.48541641 
12.41424983   8.16434339 
12.29303377   8.96845442 
12.88595608   8.81710267 
7.96167338   7.06647735 
7.67385608   6.70094252 
7.53981947   7.00121181 
7.62925760   7.39000822 
7.02439611   10.57648031 
11.12178238   12.09111485 
10.57550410   12.36265815 
10.67089946   11.74194387 
7.65727712   13.17098031 
7.36425302   13.06283773 
7.68443199   12.76680663 
8.03314138   12.69715971 
7.28175082   12.65710444 
7.81612878   13.46725792 
21.32318924   14.86246720 
21.87014678   14.05652513 
5.24780226   9.81466242 
5.19055921   9.78921375 
5.27272161   9.76929044 
5.21735857   9.70987031 
5.30558612   9.84195387 
5.24364414   9.86621146 
5.26894295   9.91329285 
5.36732958   9.76865686 
5.72596822   7.27855607 
5.88189884   6.98416501 
6.08596496   7.37022649 
6.22247529   7.01576757 
5.74826547   7.54959048 
5.45936286   7.38777510 
5.44909455   7.66734949 
6.04975782   7.70395872 
6.85307114   10.71765141 
6.77759961   10.92897348 
9.14244941   11.62058187 
5.36083373   10.42163699 
5.30858990   10.38380898 
5.42700839   10.47344821 
5.34253242   10.48396895 
5.37956043   10.56512080 
4.38575692   9.24238830 
4.95233187   9.51350887 
4.94015494   9.47632788 
4.97958603   9.48026709 
4.90031645   9.50297814 
11.13424112   13.76456642 
11.49096851   13.32542706 
10.58504231   13.81973223 
8.07634211   7.56293879 
8.32701260   7.30333480 
3.75915190   0.57542631 
3.76662267   19.41866998 
24.54373249   3.33310558 
23.96805796   3.87820440 
3.69994193   9.97119511 
3.53431046   9.83016801 
3.76800207   9.73000395 
3.51410223   9.58847675 
0.73370819   15.96516001 
1.41421578   16.16759116 
9.04433616   18.21260987 
8.31117558   17.93479487 
8.85051592   17.47857710 
8.30934832   17.37937390 
5.34385018   9.91277571 
5.39481211   9.84878733 
0.67097140   4.04847910 
1.57913731   10.59097495 
1.79493553   11.09914967 
8.76472782   6.79887107 
8.95699755   6.35378692 
10.84584483   1.27498058 
10.57806610   0.56520483 
1.62289816   7.95412322 
1.43900600   8.40862289 
1.85254042   8.27497729 
0.55419743   10.05640124 
2.87650744   10.59510601 
2.91604580   10.29660877 
3.14937895   10.43999980 
2.63417609   10.36332889 
27.01963089   14.42804764 
2.56982808   9.72472841 
2.39893246   10.06409710 
2.81307843   9.96955037 
1.16302200   5.32324940 
0.57563092   4.91450373 
6.97338993   16.22498515 
7.02704975   15.64877584 
10.31278689   18.09500906 
10.81642185   18.51152525 
10.23704528   18.67518256 
10.80844320   17.85562841 
4.96385010   7.44516692 
4.58939960   13.41252563 
3.56008364   13.15175091 
4.97398526   9.56186244 
4.98075868   9.61513542 
4.92756525   9.59830086 
2.90765822   11.28166578 
3.20215203   11.20462177 
3.08050909   11.48372759 
2.91154096   9.54823744 
2.83398892   9.10548707 
3.39949320   11.53887419 
1.43030995   9.98459122 
2.65365115   11.18129499 
2.89070079   10.92197798 
1.01245902   1.78257408 
11.35152832   9.91520997 
10.68495168   9.86918346 
11.06553403   9.38205273 
12.56215852   9.53618934 
12.59099113   10.38519839 
11.99705744   10.08685902 
13.22230478   10.00260177 
28.81639003   18.14080963 
28.43798449   19.05541963 
1.40269560   18.85725105 
28.82290874   1.85554452 
3.15301664   8.91782330 
28.44485382   0.94153567 
2.04269056   1.69322585 
1.39149085   1.00061774 
3.32088136   13.50989086 
0.68672701   1.21907530 
2.28378001   10.43260288 
2.48644673   8.83606881 
1.93320890   8.72378255 
2.31224609   8.34507633 
2.09156783   7.90419243 
0.78086235   0.51487638 
10.07976124   19.33299229 
10.64993765   19.14141605 
1.95772816   19.31633691 
0.95040345   19.43924109 
0.68544414   18.77066491 
24.77074971   5.60543005 
25.30997286   4.90383744 
24.29552995   4.75272928 
3.19185109   10.81585001 
2.04770340   12.06130627 
8.48593637   16.86712390 
9.09924030   16.92193692 
8.26922124   2.57437595 
8.74223412   2.77784537 
8.93137342   3.39663250 
29.36308743   19.00638909 
29.36531877   0.99249582 
2.39378477   7.54057174 
2.57784319   7.95051869 
4.79044208   9.58967631 
6.63348530   0.69965546 
7.43702033   0.51532151 
7.40380111   1.22440047 
4.47987309   10.35759031 
4.57756734   10.27105487 
4.52166615   10.16359031 
6.19679763   3.12629432 
6.71254479   3.11228970 
6.36209394   3.54774333 
2.88105477   8.74446444 
5.08918743   9.56262355 
5.10272085   9.51254022 
5.14367497   9.54576106 
6.79083135   3.63954463 
23.79128525   15.78835771 
24.22387009   14.97249806 
26.81494623   7.18354126 
27.32598614   6.14096449 
27.73704913   7.04895867 
2.78720501   8.35169772 
23.08314131   3.62650505 
23.41521060   4.55281052 
28.48391174   7.08582055 
26.05588758   4.95652378 
24.14744096   0.54474416 
8.06092668   16.25384402 
5.14596262   9.48517516 
10.54691263   11.17920836 
10.15080800   11.44424336 
11.29023794   19.18738014 
10.48151798   10.52726415 
1.73353155   9.17247340 
4.00137635   8.17345130 
4.24608262   8.07650930 
4.74767985   10.44061207 
4.79870633   10.41214839 
4.80259035   10.47222328 
17.17322346   7.95025747 
7.59921552   5.15414645 
4.66960438   10.47861591 
4.69425241   10.39202532 
4.60224361   10.39679519 
4.27084109   11.91267811 
4.05838637   12.13117776 
3.98193185   11.81622222 
28.40269895   13.59419869 
2.08614779   0.79395483 
24.42288024   16.66608441 
7.14310906   14.09801599 
3.76288495   12.03518168 
8.47898532   11.33221003 
8.86266223   11.24200319 
26.94377313   13.52549234 
7.21771978   7.58896982 
7.24259289   7.98165097 
6.90908336   7.82750508 
1.87465959   6.49633694 
1.56417573   5.96688341 
2.20911799   5.92721599 
6.91411627   16.87559404 
7.40816279   16.59617214 
9.70691644   16.90849450 
3.35978953   13.99581850 
3.73362235   13.84047810 
3.12687513   10.12027106 
9.77646063   18.13755638 
10.08443731   17.48581162 
6.95267473   8.19450403 
17.97358378   5.67679376 
18.92727817   5.98574976 
16.60526260   18.85053967 
17.43805024   19.19079463 
8.25198379   18.64816859 
1.93274782   14.28176119 
1.27077902   14.66030204 
3.14749930   8.57066969 
3.42810409   8.44387725 
6.21601450   16.78805358 
6.62891700   17.34345010 
26.85372871   12.48687351 
2.53744676   9.35035892 
6.40409820   14.54274531 
7.98736346   0.73850950 
7.51442625   7.80914140 
7.59083167   8.20205493 
20.70425623   15.42874603 
19.96595839   15.08972383 
7.39866525   19.02548043 
6.65032183   19.29137850 
7.87091010   19.41399029 
4.85651903   9.84128370 
4.78595733   9.88690378 
4.78665072   9.81335858 
2.71127801   11.61670660 
12.07685468   2.10359099 
11.30858435   1.99160302 
28.18197041   7.67137968 
12.59908992   1.43763870 
3.18969920   8.20424184 
3.33356976   7.84217152 
18.74260293   4.82268145 
17.81395294   4.70051648 
16.05332482   3.76397631 
15.35581390   2.81405748 
16.31519979   2.63138505 
5.72843636   9.51766284 
5.80725026   9.61022118 
5.68360598   9.60942721 
3.62886724   11.24080807 
0.58742444   11.61276379 
2.25703208   7.04776881 
5.84364954   15.32154209 
22.09742087   19.41740512 
21.38359781   19.15090951 
21.19389811   18.02006094 
2.07706674   2.57992888 
5.72611180   9.70342357 
27.36256815   8.07124137 
9.95799488   8.83864502 
10.09751904   8.26824647 
10.56250251   8.52259434 
10.60949274   7.89890476 
1.89314570   5.47709523 
2.47054051   5.26885258 
7.64519079   18.26858681 
4.95077087   10.53475025 
4.89482672   10.54158637 
4.93092756   10.49472854 
10.00119424   0.93051692 
6.61881445   8.30531295 
6.39760399   8.40016395 
6.38413467   8.18987567 
7.76567849   17.62145295 
4.49217779   11.71536062 
4.49852943   11.96208311 
4.34348152   12.15481402 
7.26866613   17.22572830 
7.89220538   16.99238891 
7.84375249   12.34785975 
7.48386231   12.34464477 
4.15552188   11.27877721 
4.32329012   11.12249870 
4.38215375   11.29212258 
21.65167555   12.22698368 
4.16048519   11.04324834 
4.60495233   11.28106518 
4.53870355   11.47105227 
4.51022411   11.09664101 
21.37423704   13.15541605 
4.72345797   11.61002294 
0.64466300   15.14622263 
1.26515365   15.47051479 
4.76327193   11.87162749 
2.90179748   7.64758686 
2.82396332   7.21982711 
4.91530958   9.44574212 
4.86703158   9.45520093 
4.87824536   9.40105491 
7.08710576   15.08681065 
6.79738023   14.79035097 
19.01270706   13.26906069 
4.80846099   9.43992674 
18.26597598   12.42116195 
4.86915366   8.46359100 
4.75354253   8.67740973 
4.62387070   8.53339913 
6.53154967   8.55556932 
1.16922979   4.52124743 
14.15279078   7.46616202 
14.84382876   7.87490566 
14.21526487   8.50899269 
15.21552606   8.60266638 
14.73018124   9.28810465 
9.49019192   1.45657950 
9.68586392   11.64401283 
5.51262798   10.24506112 
5.52053491   10.32520477 
25.20593875   13.73064874 
5.43769010   10.38549251 
11.12899701   8.84117706 
11.18110639   8.14387036 
11.72482208   7.80637708 
1.24975377   13.90521902 
0.54813149   12.28134575 
4.58368986   10.84715015 
4.72022765   10.86709469 
4.64156728   10.97572714 
4.71365252   13.12804802 
8.54962121   6.00270080 
8.92621071   5.77887186 
9.26954597   10.12110774 
8.93031359   10.39746436 
12.73889250   17.38986318 
9.87592011   7.41322458 
9.62375784   10.30946022 
8.13149111   8.62887364 
8.32829671   8.35993987 
8.47864848   8.61884946 
6.86049317   18.53075842 
5.71417714   10.21165705 
5.59967451   10.20118534 
5.68517793   10.10145200 
7.98243475   8.28291189 
5.63795301   10.32435618 
6.10529188   9.39994465 
5.21135342   9.41913291 
5.20852913   9.47189059 
5.16755014   9.43619237 
5.88491751   9.42981379 
5.96385149   9.33315173 
5.54268007   9.75989410 
5.45777568   9.81308529 
19.89180402   14.04147061 
5.52448085   9.67418719 
6.38613164   7.56010555 
6.45825933   7.21343592 
9.55108802   18.77813624 
10.07842834   10.02994707 
7.00291683   17.92531168 
21.60500666   16.75608942 
6.40919570   10.11392765 
6.32250879   9.94461600 
6.46546724   9.96104540 
6.24493946   10.07582600 
6.62732583   9.85196056 
6.72336236   9.65908802 
6.89926083   9.82792296 
5.96793076   2.60378166 
5.74181671   2.02263414 
6.90683711   9.50329526 
8.60133091   10.61800915 
8.61734055   10.22026346 
15.16916769   0.83948142 
15.54486621   1.76519555 
5.21349307   10.21370244 
5.28941721   10.17483365 
5.29127000   10.24964412 
5.36793195   10.21654153 
7.18903970   9.68262753 
7.15213666   9.99924641 
7.45137827   9.93772656 
19.30019563   3.84058649 
5.50081999   10.55157906 
5.54061371   10.43289093 
6.60796257   7.75032802 
6.31204755   7.92162522 
6.62999425   8.03900151 
8.34129197   10.41702865 
4.22564713   8.36351355 
4.38759762   8.57929594 
4.08190265   8.65848587 
7.97385308   10.55106227 
8.18384357   10.81694051 
6.22568626   9.51459242 
6.11510733   9.24335880 
29.16589394   11.99756189 
6.07939524   9.82605059 
6.05946192   9.93011511 
5.97165697   9.86805583 
6.17498070   9.93290753 
5.86017929   9.87095963 
5.85162864   10.01511187 
5.78695560   9.95176255 
7.63171970   2.44929322 
7.68211410   1.82156730 
8.13343979   2.05267136 
5.97016606   9.99272892 
8.24688501   1.41669373 
5.70564197   9.98889945 
5.73551806   9.88583336 
5.63861041   9.91493121 
0.58796850   13.69559070 
6.38121253   11.58834868 
6.56765805   11.37332801 
6.67101855   11.59835901 
7.10737158   11.46372576 
7.12558297   11.22507063 
7.38300948   11.35077305 
5.76641735   17.91532356 
5.38702306   17.36120864 
5.98502066   17.32654103 
5.54101668   16.68930961 
5.88990182   5.38973354 
5.58649175   9.61079947 
5.63022363   9.52341206 
7.31549237   11.04220600 
5.65666090   9.79952568 
5.62312205   9.69104416 
7.33689799   11.99514108 
7.04988427   12.27110152 
6.37506379   17.92220760 
6.22408076   18.53076412 
7.00716212   11.92684395 
0.64121204   14.32024303 
6.75700764   12.06389090 
5.83278197   10.31552677 
5.73345593   10.29633134 
5.81988393   10.21674315 
15.04720899   7.15414619 
13.49148495   6.40142657 
13.34327861   5.41430404 
5.40850182   9.28186364 
5.49701456   9.29218167 
5.43545005   9.36078634 
5.45952037   9.20857329 
5.67453901   12.00797001 
5.63926097   12.26903610 
5.41410792   12.12836524 
5.38144597   12.38920697 
8.97334505   14.34739688 
5.53887317   9.52852873 
5.47400418   9.45284789 
5.56212400   9.46034406 
5.46990078   9.52615243 
4.87373132   10.48822125 
8.54200548   11.00614024 
9.42907010   17.57858895 
22.16442418   17.59372407 
3.22859924   9.80535065 
3.45120642   10.06462658 
4.94169487   9.75008147 
8.91079094   9.94970275 
4.82746184   9.77187686 
5.84274701   9.72249032 
19.23050722   10.82889406 
5.80891755   10.12987431 
5.91425632   10.08985567 
3.40967370   10.33115327 
5.76929700   10.05549012 
7.09128374   2.60551077 
6.56802581   2.57473589 
4.77859209   10.63827006 
4.84581941   10.59072739 
4.85627970   10.66775769 
5.38001727   9.54829710 
5.42923035   9.59539501 
5.32760976   9.49928469 
5.40874124   9.48639150 
5.36586640   9.42366751 
6.66855415   9.49828872 
5.19500675   10.76645123 
5.12950052   10.71999875 
5.20030198   10.69653767 
5.11520503   10.80222170 
5.20383614   10.95604971 
5.30867102   10.90003148 
5.26454350   11.02780152 
6.87628241   9.26784757 
3.18196400   11.77676962 
4.97428979   11.37476669 
4.87749570   11.24843985 
5.06330343   11.23611366 
11.32103976   17.56491905 
6.76713594   1.38443016 
6.36699430   2.00591325 
6.12821372   1.39889114 
7.07260364   1.99462564 
29.21688441   10.97051521 
4.93520869   11.11815499 
5.04921259   11.50139567 
4.89916136   11.51239764 
4.97493939   11.68552772 
5.51049465   9.59761648 
5.14143934   10.65474316 
5.14200351   10.58823173 
5.20136830   10.62848736 
4.56454998   8.74053137 
5.78500991   10.80955066 
5.89432925   10.90719630 
5.77751590   10.94586724 
5.93948244   10.77692345 
4.63527714   9.13436304 
4.54068880   9.03693598 
8.62908738   9.83173494 
8.35687870   10.03354430 
4.82211088   9.20815689 
4.90164436   9.26740283 
4.83699292   9.28670746 
8.05554867   10.21505586 
8.11148688   9.91580329 
7.80867169   10.00900510 
4.76395587   9.11325179 
4.70064968   9.19958718 
2.24341933   11.74324821 
5.16854144   9.02411056 
5.09996982   8.93344142 
5.22723304   8.90917087 
5.14986531   8.78776166 
5.60376078   9.32083884 
5.58784573   9.22643343 
22.90812773   5.29950576 
22.09428532   6.01759241 
23.05550372   6.27254979 
22.27892251   4.36032139 
11.15989981   5.05090731 
11.17044060   4.27611466 
10.62959558   4.45198227 
8.83563717   2.02135604 
7.78513364   14.07418932 
7.50133212   14.20040517 
7.76513040   14.40440102 
16.47766722   5.88225019 
16.27067750   4.92274907 
17.11415533   5.34817481 
3.24908102   9.51612439 
16.99322335   4.26348274 
7.56238715   11.06083708 
13.47604397   8.81891756 
13.34324937   8.07856607 
5.53707362   9.38406469 
5.53791247   9.10693441 
5.71273156   9.13284214 
21.33448794   8.65412776 
20.50050575   8.49831074 
13.04781242   10.73472301 
15.09463423   15.21652409 
14.89672622   16.06930954 
14.25280987   15.30093314 
12.11132012   10.82370791 
14.80509498   14.51129700 
4.76381562   11.25789541 
4.76883947   11.39366285 
26.82975760   10.57776568 
5.15738270   3.72817198 
5.56433961   13.37162110 
5.29186239   13.19991882 
5.05937353   9.65107793 
5.09220788   9.61189456 
5.11084182   9.64902264 
5.15195597   9.60311497 
5.00144966   9.74013490 
4.95947845   9.69939321 
4.96886607   17.08416891 
5.02890753   16.64115766 
4.53043216   16.54041476 
4.23590374   4.47592011 
4.73175136   4.22135309 
7.79932126   6.33829293 
19.13954901   9.93614269 
2.77811916   5.86019556 
5.29812563   12.91697718 
5.57833755   12.83918198 
20.57408021   13.27538257 
19.84493127   12.76569396 
9.03707174   13.82569180 
8.47453119   13.71594466 
8.88624481   13.34162750 
26.68657187   9.03739118 
25.85443596   8.97833698 
26.32226740   8.18574874 
4.89930353   5.56838314 
4.69639340   10.00224736 
4.67411233   10.08731806 
26.94164733   9.79138185 
25.86150599   9.94309451 
4.90877338   9.89182128 
14.49076564   3.01500127 
15.29816893   3.70450189 
13.64999954   3.49632003 
12.52386126   5.39856346 
12.96450396   4.88753097 
4.83149784   10.25372874 
4.89748499   10.28673674 
4.81959595   10.31757944 
4.88925355   10.34948053 
10.66534828   14.88141375 
6.53759127   5.82043992 
5.05040519   10.16652917 
5.02485996   10.12523905 
4.97709829   10.14492511 
14.76812974   10.11174801 
14.01022186   10.23784630 
2.94921020   7.96580150 
8.35378103   12.79746784 
8.42296704   15.64546259 
14.86186477   13.58835865 
14.77040336   12.67680933 
15.27713079   4.61266879 
4.38082038   10.46785724 
4.51651987   10.47868949 
4.44392168   10.59427640 
4.59750034   10.57392889 
4.75823937   10.28458655 
4.76201614   10.35038042 
13.04040694   3.06327684 
12.82887428   3.77966338 
15.79383222   10.48692658 
5.12134505   9.78455345 
5.08017523   9.82492417 
5.06680234   9.76066343 
5.02342289   9.80194463 
5.13829977   9.84063679 
5.19340027   9.85338460 
25.95915565   13.08833205 
5.85527791   5.74083740 
4.98816115   10.07525705 
5.04454730   10.07535096 
3.38481179   12.14183724 
5.07925887   10.11249269 
3.73102417   15.56256990 
10.23791764   15.26574251 
9.62095497   14.96057783 
17.23129891   2.81414911 
16.86305950   3.39898912 
3.65240158   4.37903760 
3.03137924   4.75962958 
13.95016446   9.47113313 
10.74757670   2.50416852 
12.21946708   3.06287130 
4.95547042   9.64526310 
9.25840214   4.46815804 
9.27547040   3.86776212 
6.16156187   5.94475813 
5.00467986   9.58807315 
5.01973704   9.62822881 
5.04968064   9.59363370 
8.27775441   4.20715515 
4.66838391   9.74613132 
4.66491649   9.64799625 
4.59295814   9.59902963 
11.93067166   17.59340098 
5.86439920   6.64044007 
5.58962901   6.76235218 
5.71231261   6.40881898 
6.17624821   6.72221279 
5.50860700   7.09959990 
3.60518996   11.77611783 
23.28692220   7.40050688 
20.94021592   13.97834532 
20.53887076   14.73145271 
13.81854484   11.55843151 
13.96840481   12.36923651 
11.96566814   5.94158382 
11.87317913   5.18576929 
12.67012923   6.11945207 
14.20902808   13.10248039 
22.54908437   12.04118870 
23.28554614   11.76654282 
4.96356501   10.28267352 
5.01363297   10.27055873 
7.26629665   14.59638750 
6.78090700   14.34625746 
4.73841791   9.93391511 
4.72375600   9.86631831 
12.19788156   7.39283750 
12.77556866   7.55033217 
5.03698606   10.01861246 
5.09391632   10.00610577 
5.09101227   10.05711128 
5.13878547   10.02885870 
5.02802731   14.26528218 
4.72706672   14.53000307 
4.56913393   14.15655317 
25.07482598   9.19931322 
3.33241365   7.36663056 
11.33057817   5.79849328 
3.59465819   7.06278379 
3.73850195   6.71273481 
3.80919058   7.34975279 
3.43267191   6.40032070 
3.80395927   6.23412376 
21.88313456   11.22845788 
2.78001037   13.37226097 
4.01764529   9.76525061 
4.13838000   9.63231375 
4.20127231   9.75311852 
4.29839127   9.62112971 
22.31624041   12.98827720 
5.02507836   10.52242347 
4.98822302   10.50054375 
17.38324769   18.44788434 
15.67845369   19.33681752 
3.85622467   17.69641508 
4.27932635   17.33119524 
5.17961893   10.37446002 
5.12096244   10.41378556 
5.12116904   10.36102882 
19.01257223   16.12529216 
5.07276361   10.39189771 
19.92132420   18.25197079 
5.33038436   12.65334623 
3.88166540   10.09682194 
3.88055255   9.89744100 
4.02012100   9.94715382 
4.14280237   9.85217515 
4.25194330   9.87517854 
4.25724450   6.07772358 
4.61286622   5.86462431 
4.88714263   6.05880444 
3.86877865   5.77386861 
18.50594306   16.90175740 
24.87368814   10.02693394 
7.76755325   14.75161437 
6.47852044   6.47583549 
6.84241359   6.54909355 
6.56078894   6.83786898 
19.09783335   12.59003305 
19.33944960   11.85135657 
3.88661375   12.61474838 
3.47519863   12.54994063 
3.78410479   12.31055337 
4.96045404   10.46424180 
5.00389478   10.46109381 
5.19751361   7.53205352 
5.15009362   7.21911816 
29.29452872   9.86178353 
5.05551833   9.51485915 
5.02565141   9.47955964 
5.08164441   9.47002549 
3.94270181   11.14481304 
4.01468630   10.95461267 
4.48914144   9.32215454 
4.44367256   9.42828491 
4.35967571   9.50434348 
15.34085559   12.19189374 
3.67892213   10.21426394 
18.74336068   2.89782847 
4.41551453   9.67214242 
4.35847163   9.77266335 
4.46699820   9.85098206 
5.32327663   10.03242663 
5.26160722   10.04559121 
5.29318580   9.97613718 
5.29426621   10.09784591 
4.96053228   9.88169190 
13.39228240   7.20895603 
3.85176719   10.34785185 
12.85751692   2.35437160 
6.54530536   11.84904182 
6.44623816   12.13032264 
6.29901496   11.88118476 
6.78418025   11.82010292 
20.92381259   16.16279215 
4.76453405   10.00464667 
3.61201136   7.60133648 
5.03960047   17.89357529 
9.32564105   14.51279021 
16.31593160   9.71249180 
8.78527474   4.08416896 
5.09477134   9.87656618 
4.24756207   12.69790491 
4.75661924   9.75403558 
15.42311064   16.82578852 
13.83934469   6.90526010 
5.22340940   9.97476384 
5.19530548   10.03872370 
5.37590173   9.98732911 
5.38788934   10.07204484 
17.87593417   17.76117493 
5.44469270   9.91782955 
23.80235489   5.48026552 
6.69139754   7.09558800 
6.89305990   6.96336369 
4.17219886   10.85737532 
4.55788592   9.43051320 
4.50050382   9.52790954 
4.13673323   12.39043451 
7.21428416   6.75529277 
4.28584035   10.58478314 
4.34588780   10.74457037 
4.73681438   9.68514927 
5.07133530   9.96254611 
5.12668289   9.97559418 
4.91951312   10.44052853 
5.48335561   14.45470039 
17.90545658   2.60229873 
17.71289314   3.51412820 
5.27726147   10.43821129 
5.25316825   10.37131796 
4.84746678   10.09339021 
4.80630059   10.04615261 
4.60152489   9.51397521 
4.65189524   9.44544480 
3.90903574   11.38962989 
3.85099902   11.60955037 
3.67424488   11.51438948 
4.08459268   11.55139245 
5.15257961   10.10124711 
4.96642840   2.03833169 
5.33824643   13.96575133 
5.27819684   13.53272902 
9.00717447   5.00595291 
4.87781042   13.73684938 
9.18228222   5.43598961 
9.82877173   15.61574319 
4.67544030   9.54821571 
4.73429988   9.47543754 
3.32786049   5.85882945 
15.52975932   9.47468650 
5.14720409   9.73572802 
5.10328998   9.75170488 
4.95608308   13.33752328 
10.33771531   3.07819458 
15.64713074   7.76356872 
13.59608803   10.80247706 
18.43990004   3.92163274 
10.27786797   1.83522844 
13.29788856   12.92104370 
6.51483388   9.61397262 
6.32998371   9.64024110 
4.80216837   7.22620914 
5.02855339   9.55656121 
6.18798531   9.63205822 
5.15244699   9.89287445 
4.99826884   9.51831525 
5.78610916   10.50384623 
5.66549385   10.45757653 
5.74634610   10.40007239 
24.09246097   7.42370353 
4.96076819   9.99873614 
4.83604762   10.37677126 
4.85342690   10.43182030 
5.51676060   6.06381798 
4.89328684   10.39921850 
4.56391687   15.32128564 
8.25634106   12.36044477 
8.61978639   12.53522304 
5.16210347   10.44281611 
5.21339686   10.48154594 
5.16051627   10.50616825 
5.20556665   10.55325797 
5.68714540   10.57171417 
5.12080092   12.48166317 
3.53687526   4.80443326 
3.53977476   5.24233961 
4.12400633   14.06348181 
4.76681064   10.20434836 
4.70324542   10.15975815 
4.76994289   10.11702482 
4.74797688   10.05994275 
25.84056466   11.95008126 
4.68504007   10.23517232 
5.63746609   8.96276510 
4.87965346   9.55238433 
5.07654883   9.28579826 
5.02136968   9.26772217 
5.05922193   9.20473985 
16.45771921   7.55699235 
5.13865821   9.25222015 
5.35312219   11.13686084 
5.18778000   11.16727851 
12.93374820   14.35998723 
5.42968548   7.95095942 
5.15825997   8.11429684 
8.07696092   9.40812577 
8.02013395   9.10977827 
8.35017598   9.26331654 
7.91459836   11.53844900 
7.58863470   11.66906293 
7.97261930   11.93431191 
5.35201858   10.13297369 
4.84368756   10.16826361 
12.75125596   6.85198924 
7.79160615   9.36016286 
5.00311423   9.66908413 
11.97184769   6.68326301 
5.16852588   10.16210038 
5.11214890   10.14947854 
5.13906564   10.20698036 
6.40825640   6.15600134 
5.81715417   6.12756224 
6.09014763   6.35309148 
3.59863828   12.85579383 
5.27294785   10.81568386 
5.20424252   10.85663286 
19.11813532   2.06249354 
12.94461352   15.03198155 
5.19132053   5.85858447 
4.99046053   9.84462596 
5.04553187   9.70435557 
5.09699533   9.70370189 
9.33682656   13.38145549 
24.35934960   9.50972526 
5.05333850   10.29538400 
5.07659768   10.34280528 
12.07106829   17.03659361 
5.10882347   10.30428489 
5.27730218   10.73664515 
4.47863602   12.42413862 
5.75077362   11.09099454 
5.64951713   10.97226508 
5.92043073   11.04810300 
5.78283850   8.88714262 
5.92566930   8.93680888 
5.78654004   9.01761474 
5.89618073   9.08772447 
5.60416778   11.10875872 
6.58723043   8.99399713 
6.55351457   8.79884635 
5.10840128   9.92646160 
5.04514788   9.91949091 
4.58495528   10.09985498 
5.00647312   8.80376398 
4.96383824   8.93966743 
14.07803625   16.13082768 
4.73568626   9.60922396 
4.95175811   9.04195495 
4.83697246   8.99612487 
4.87684046   9.11315024 
3.96188171   8.43591798 
5.21446561   10.41066061 
6.16030313   12.97379043 
6.33667483   13.24097259 
5.77323572   9.41720003 
5.65008814   9.41738933 
7.99306282   13.79406248 
8.17797080   14.19913236 
6.54350541   12.94406450 
9.57859771   4.94783399 
8.09249597   14.60467741 
5.83355784   9.33723042 
4.93576008   10.05111589 
14.87445802   1.39455028 
6.97442103   9.07438052 
7.07572066   9.29440507 
5.19267736   9.31332561 
5.27018452   9.28847265 
5.24901728   9.36676575 
5.22512823   9.22789415 
7.74976704   8.54782686 
7.89772555   8.84764817 
5.09604648   10.24997563 
4.71687521   9.79830294 
7.73871410   9.06096268 
5.23662286   9.59385351 
5.25104507   9.65563968 
5.19770270   9.65050541 
5.93506228   10.36184548 
6.01509596   10.27679018 
6.05533012   10.41854586 
5.17321621   9.99437015 
6.13055895   10.28892891 
5.85209199   10.42108118 
5.16762607   9.94731670 
5.76671130   11.65452985 
5.62038432   11.55913108 
5.78196449   11.50838007 
5.61146698   11.75701100 
12.49516608   13.90124387 
5.78443735   11.36361308 
5.96102953   11.41226357 
5.87146333   11.23921075 
5.06076857   11.10369985 
11.76478162   13.98688947 
5.22223497   10.08751122 
5.81850582   10.65231453 
5.66212965   10.70264319 
5.66503478   10.84709385 
5.52913537   10.97869679 
5.47742988   11.09329433 
5.40482239   10.99597687 
9.62157395   5.50342157 
7.24073467   11.70609965 
10.04731891   5.27709932 
5.04104896   9.85356571 
5.56618281   10.87649578 
5.37591604   11.40945219 
5.31023267   11.26166145 
5.49389168   11.24982958 
5.46367158   11.58373602 
5.21939507   11.58263585 
3.02722332   5.33183414 
5.35505287   11.77655472 
5.45022094   8.99580945 
5.39099362   9.11756334 
4.41779748   9.59283050 
5.12959152   10.89946010 
5.06150840   10.92527998 
5.06372778   10.84596469 
4.99001677   10.87565126 
7.26404059   9.06459585 
7.12617337   8.85727848 
26.12934000   11.07748250 
6.99081254   8.64608411 
7.23120649   8.65256069 
4.92573895   9.54314233 
7.12622347   8.45420432 
4.92642618   9.32594313 
4.91740712   9.36400307 
4.87931775   9.33537471 
5.08267930   10.20457913 
5.37223959   8.87071327 
5.28661804   8.77583637 
5.52123115   8.84506264 
4.34856910   8.78896293 
4.37364603   8.96270350 
10.48430485   5.05285821 
10.64720315   5.72669595 
5.60348740   8.47806563 
5.81864308   8.61278055 
5.67145793   8.74892786 
5.84774209   8.46689603 
5.98332183   8.33809577 
5.88121350   8.12991237 
6.12955418   8.15425074 
5.76033860   8.30618756 
5.05934997   10.73460674 
4.76657900   9.28990639 
4.72999356   9.38250463 
4.69453640   9.29534534 
4.96680205   10.67968222 
5.02163157   10.68588033 
4.97831791   10.73275435 
4.81519053   9.36713683 
5.07896218   9.11036771 
5.04020023   9.03031043 
5.15498675   9.15803082 
5.02501614   10.79243754 
4.96059201   10.80610989 
4.88918927   10.74772934 
18.26713770   19.27963163 
11.57983059   7.25325547 
5.03212239   9.31888478 
4.97265258   9.30182591 
5.12464843   9.31936940 
5.08327235   9.35185323 
5.25940848   9.12885248 
5.30920351   9.01238441 
5.14246387   8.40608160 
5.37636036   8.45966715 
5.24112142   8.62383836 
7.27082157   8.26773054 
4.49978383   8.88901213 
6.70330424   10.69440733 
4.45581870   10.81394322 
4.51578757   10.94114028 
4.35651688   10.94445058 
3.71629719   14.30989476 
5.12902926   11.01061169 
4.59821074   10.47839244 
4.90586302   8.68096823 
5.05249007   8.62766747 
5.37134439   10.68446064 
5.44691562   10.63849667 
5.45048637   10.73136159 
5.53434053   10.66685782 
5.43893084   8.68601590 
25.04477109   11.77375204 
6.67483765   11.15430887 
6.50415576   10.98130391 
6.94842421   11.65819385 
4.50494101   9.18703149 
4.60340708   9.25229965 
4.24062888   11.69745734 
9.72507839   7.93575808 
10.16920350   7.74641093 
5.15367640   9.67532387 
9.66055153   8.43303128 
9.30754352   8.11135165 
5.26365799   9.51581637 
5.19173392   9.53593528 
6.23286364   9.78792197 
6.42437234   9.80730557 
4.67989316   10.32166911 
5.30147959   9.62964877 
22.60019343   7.83493625 
5.31299793   9.57001298 
6.20816304   8.37197730 
5.12194569   9.43262249 
5.08082108   9.42653088 
5.09945584   9.39813627 
9.32953060   14.09841163 
4.76879290   10.98188697 
4.83426409   10.90154837 
4.75890949   10.53827911 
7.65110985   12.05309365 
7.22961496   7.19326622 
7.11351910   10.28438300 
6.29353144   11.02144049 
6.43346954   11.18005478 
5.51248161   10.16546406 
5.44875218   10.21508466 
5.42321266   10.15115321 
4.17774290   10.69973317 
7.81079070   10.32747263 
5.08642864   10.67434778 
11.11377636   12.76098486 
4.65504777   8.33335794 
4.48104615   8.39088281 
4.50962894   8.14258430 
5.30860104   9.69339107 
4.63784532   10.68058149 
4.63956277   10.76756481 
4.52917521   10.71743076 
4.72687580   10.72556694 
5.20398207   9.90791506 
12.33153523   13.23253620 
9.77017343   11.22701005 
10.08367590   10.93493005 
5.01427170   11.93934856 
5.15580509   11.78126587 
5.25611159   11.95932745 
9.97182910   5.83922586 
6.86558448   11.37287468 
6.80279759   7.40105895 
4.62114328   9.35471036 
5.93328106   12.60913902 
6.12012226   12.42155791 
6.21592743   12.68843502 
5.89385588   12.32983253 
4.92282724   6.88495728 
9.14877015   8.88850223 
8.68155778   8.99095316 
8.86304956   8.60885250 
5.26698633   6.88115799 
9.52258521   8.78656951 
9.25806412   8.54795546 
7.33585706   10.18592699 
4.86720689   11.00648178 
4.92249809   10.92310557 
4.99517667   10.99471216 
9.97520408   10.45555068 
6.84772708   12.63958739 
6.70927571   12.38593258 
6.81692939   8.45276320 
6.10396436   10.03396776 
6.16141082   10.16154937 
6.03001492   10.14103652 
6.57685548   13.31462438 
6.80405205   13.22496327 
4.92953878   10.56553372 
5.74488962   7.86644186 
6.02124770   7.95576268 
5.10688587   10.47774292 
4.83579811   10.52789974 
5.85172280   9.22867750 
5.98788050   9.18388601 
16.50576842   15.86095116 
5.28478511   10.60371073 
7.30850573   9.39105092 
7.55285328   9.43630083 
7.43374730   9.62410031 
7.66695183   9.67245072 
8.62713255   14.14554425 
11.47222779   6.37067485 
6.29757640   10.26798766 
6.60208788   10.10042258 
5.63221577   10.02421719 
6.99232897   12.97938513 
5.15936369   10.32045917 
7.83616387   7.87640368 
8.22369084   8.01136684 
7.43271826   8.49543900 
13.22700103   9.33614526 
5.22610000   10.30115194 
4.62448451   10.16961685 
5.62046252   8.10873600 
5.40724464   8.14411358 
6.23441941   11.20134187 
6.37982555   11.34602203 
5.28385049   10.52096928 
8.76135294   12.90845695 
5.51683691   8.28020560 
8.60810507   8.21421443 
20.32401474   17.57633121 
4.31562976   11.50102708 
4.74730088   11.11948263 
5.95770184   9.74277259 
5.98521865   10.65545328 
6.11056795   10.75534816 
6.02227914   10.89808494 
6.05236430   11.88261475 
6.18743662   12.14844403 
5.87875137   12.07889927 
10.50884345   9.22766320 
6.16452118   11.70855070 
5.54513607   9.95913099 
5.54650336   9.85990559 
6.18684583   11.38519422 
5.22341949   10.13954012 
5.35719172   10.78676922 
5.45311304   10.86130634 
5.67286689   12.59006782 
8.97806968   8.29013632 
6.88411042   10.33361321 
6.93133465   10.10203695 
6.77419134   10.16985010 
6.22392546   10.46766384 
6.28328412   8.54528309 
8.25939064   8.91026314 
5.33485404   9.22646323 
27.55339482   10.14411421 
4.96589631   9.22671933 
5.94707180   10.52031859 
6.09990662   10.58006651 
9.24790174   6.93166234 
9.58187868   7.19115450 
11.72533364   9.30056409 
10.92210370   6.26174306 
11.16594052   6.85304817 
8.74234863   9.50713394 
5.16150024   10.26204608 
9.27610951   9.62051209 
5.89760843   8.77066258 
6.03398410   11.21569544 
9.88432282   9.48859430 
5.08638955   10.57209905 
5.12013537   10.53580542 
5.09262679   10.62270521 
11.08009846   14.38896227 
4.69777837   10.61715301 
6.36466745   12.39326094 
4.90517560   10.62824233 
4.92564434   10.68283437 
6.22951421   10.64947097 
4.81302972   10.79754933 
4.68694719   10.54629158 
5.07000757   10.52474941 
5.27543050   9.44114106 
6.38777347   10.44818127 
11.10861781   7.49638569 
11.07888182   11.48658628 
4.80109468   10.71075521 
5.84847800   9.52224585 
5.26702039   10.66996831 
5.76506015   9.78892162 
6.73193178   8.66683508 
6.80970307   8.87786528 
5.48439153   11.91778690 
6.13060386   11.54749374 
5.95941023   11.64311156 
4.90811386   9.18709238 
4.97813157   9.13232053 
9.46963958   9.14381604 
9.02805489   9.24007309 
9.62297639   9.89232921 
6.17313382   10.90970791 
6.11296311   11.04906227 
5.59479569   10.51257927 
5.59583825   10.60132526 
4.84765571   8.83240894 
5.15624006   9.37967475 
5.82505144   11.83549820 
6.76478953   9.99720599 
5.56718748   10.27374938 
5.16849102   11.36121896 
7.51990145   9.17006651 
5.90800185   10.21881030 
5.59981420   11.41763126 
6.07291955   8.59935063 
4.98888333   8.28714036 
7.48685648   8.82818442 
4.89720102   10.58924366 
5.31097831   8.26637003 
7.12423711   9.46526032 
5.71613465   9.29723024 
8.32066396   9.65364497 
7.96345429   9.66740864 
4.90159833   10.84194896 
5.67843394   11.24927683 
5.54985328   10.77574116 
10.27626758   9.66724745 
6.50961732   12.59993619 
5.33784956   9.33379143 
5.30197950   9.39142963 
5.15500943   10.54584113 
