0	0
0	10
10	10
10	0
3.945	5.6
4	5.545
4.055	5.6
4	5.655
3.945	4.4
4	4.345
4.055	4.4
4	4.455
4.04753495130763	4.37233362321913
4.02767193358639	4.35246828330903
4.04753495130763	5.57233362321913
4.02767193358639	5.55246828330903
10	0.25
10	0.5
10	0.75
10	1
10	1.25
10	1.5
10	1.75
10	2
10	2.25
10	2.5
10	2.75
10	3
10	3.25
10	3.5
10	3.75
10	4
10	4.25
10	4.5
10	4.75
10	5
10	5.25
10	5.5
10	5.75
10	6
10	6.25
10	6.5
10	6.75
10	7
10	7.25
10	7.5
10	7.75
10	8
10	8.25
10	8.5
10	8.75
10	9
10	9.25
10	9.5
10	9.75
3.97233362321913	4.35246504869237
3.95246828330904	4.3723280664136
4.02766637678087	4.44753495130763
4.04753171669097	4.42767193358639
3.97233362321913	5.55246504869237
3.95246828330904	5.5723280664136
9.75	10
9.5	10
9.25	10
9	10
8.75	10
8.5	10
8.25	10
8	10
7.75	10
7.5	10
7.25	10
7	10
6.75	10
6.5	10
6.25	10
6	10
5.75	10
5.5	10
5.25	10
5	10
4.75	10
4.5	10
4.25	10
4	10
3.75	10
3.5	10
3.25	10
3	10
2.75	10
2.5	10
2.25	10
2	10
1.75	10
1.5	10
1.25	10
0.999999999999999	10
0.749999999999999	10
0.5	10
0.25	10
4.02766637678087	5.64753495130763
4.04753171669097	5.62767193358639
0.25	0
0.5	0
0.75	0
1	0
1.25	0
1.5	0
1.75	0
2	0
2.25	0
2.5	0
2.75	0
3	0
3.25	0
3.5	0
3.75	0
4	0
4.25	0
4.5	0
4.75	0
5	0
5.25	0
5.5	0
5.75	0
6	0
6.25	0
6.5	0
6.75	0
7	0
7.25	0
7.5	0
7.75	0
8	0
8.25	0
8.5	0
8.75	0
9	0
9.25	0
9.5	0
9.75	0
3.95246504869237	4.42766637678087
3.97232806641361	4.44753171669097
3.95246504869237	5.62766637678087
3.97232806641361	5.64753171669097
0	9.75
0	9.5
0	9.25
0	9
0	8.75
0	8.5
0	8.25
0	8
0	7.75
0	7.5
0	7.25
0	7
0	6.75
0	6.5
0	6.25
0	6
0	5.75
0	5.5
0	5.25
0	5
0	4.75
0	4.5
0	4.25
0	4
0	3.75
0	3.5
0	3.25
0	3
0	2.75
0	2.5
0	2.25
0	2
0	1.75
0	1.5
0	1.25
0	0.999999999999999
0	0.749999999999999
0	0.5
0	0.25
4.0791769949933	4.42712624396737
4.07903099411119	4.37328666155601
4.05730059372659	4.45709220171765
4.02741853977994	4.47992695818711
3.97341869489544	4.47867160725176
3.94368830961737	4.45651848233507
3.91887605102311	4.42694016538249
3.91931215760171	4.36788865336072
3.94513771628779	4.3387666719209
3.98031239957216	4.32172425043921
4.02155715616063	4.32163393205607
4.05532810625134	4.34156277494728
9.62085072153489	0.196200848410457
9.39192456523712	0.224971106661361
9.1310291545362	0.218001223157674
8.875	0.21650635094611
8.625	0.216506350946109
8.375	0.21650635094611
8.125	0.21650635094611
7.875	0.21650635094611
7.625	0.21650635094611
7.375	0.216506350946109
7.125	0.21650635094611
6.875	0.213528548405055
6.625	0.213342231252839
6.375	0.213342231252839
6.125	0.213342231252839
5.875	0.213342231252839
5.625	0.21332776732199
5.375	0.21332776732199
5.125	0.213327767321989
4.875	0.213327767321989
4.625	0.213327767321989
4.375	0.213353105644683
4.125	0.213353105644683
3.875	0.213353105644683
3.625	0.213353105644682
3.375	0.213327852620076
3.125	0.213327852620075
2.875	0.213327852620075
2.625	0.213327852620075
2.37517368991574	0.215351561107862
2.125	0.216506350946109
1.875	0.21650635094611
1.625	0.21650635094611
1.375	0.216506350946111
1.1224358841878	0.216766780877161
0.867528052455167	0.217250501882367
0.606067667005882	0.225059991599553
0.373638875291482	0.200561470090369
0.196200848410457	0.379149278465113
0.229698611229135	0.613460598228409
0.227216461729119	0.870673239033393
0.229910556560927	1.12174372288211
0.21650635094611	1.375
0.21650635094611	1.625
0.216506350946108	1.875
0.21650635094611	2.125
0.215272998209576	2.37518209229249
0.213020960604879	2.625
0.213003399489133	2.875
0.213003399489133	3.125
0.213003399489132	3.375
0.213003399489132	3.625
0.213030737988691	3.875
0.213030737988691	4.125
0.213030737988691	4.375
0.213030737988691	4.625
0.213030737988691	4.875
0.213030737988691	5.125
0.213030737988691	5.375
0.213030737988691	5.625
0.21303073798869	5.875
0.21303073798869	6.125
0.213003505376994	6.375
0.213003505376994	6.625
0.213003505376994	6.875
0.213003505376994	7.125
0.213021148932684	7.375
0.215240861225377	7.62480805144441
0.21650635094611	7.875
0.21650635094611	8.125
0.21650635094611	8.375
0.21650635094611	8.625
0.21650635094611	8.875
0.216810992393597	9.13545603686827
0.221814281093817	9.39046154516472
0.196200848410457	9.62085072153489
0.371202854997424	9.79965443998737
0.608343572939632	9.76730807897798
0.86702234394584	9.77211288742737
1.11748066392542	9.76977465951411
1.375	9.78349364905389
1.625	9.78349364905389
1.875	9.78349364905389
2.125	9.78349364905389
2.37516760604102	9.7846213081186
2.625	9.78667223267801
2.875	9.78667223267801
3.125	9.78667223267801
3.375	9.78667223267801
3.625	9.78664689435532
3.875	9.78664689435532
4.125	9.78664689435532
4.375	9.78664689435532
4.625	9.78667214737993
4.875	9.78667214737992
5.125	9.78667214737993
5.375	9.78667214737993
5.625	9.78667214737993
5.875	9.78665761167236
6.125	9.78665761167236
6.375	9.78665761167236
6.625	9.78665761167236
6.875	9.78647141452702
7.125	9.78349364905389
7.375	9.78349364905389
7.625	9.78349364905389
7.875	9.78349364905389
8.125	9.78349364905389
8.375	9.78349364905389
8.625	9.78349364905389
8.87725553293707	9.78295674887763
9.13067677143248	9.78241577113257
9.39007952674348	9.77572706361978
9.62085072153489	9.80379915158954
9.79943852990963	9.62636112470852
9.76838287885771	9.38883534497012
9.77288234878893	9.12954325126901
9.77182628121601	8.87800318543719
9.78349364905389	8.625
9.78349364905389	8.375
9.78349364905389	8.125
9.78349364905389	7.875
9.78349364905389	7.625
9.78349364905389	7.375
9.78349364905389	7.125
9.78349364905389	6.875
9.78349364905389	6.625
9.78349364905389	6.375
9.78349364905389	6.125
9.78349364905389	5.875
9.78349364905389	5.625
9.78349364905389	5.375
9.78349364905389	5.125
9.78349364905389	4.875
9.78349364905389	4.625
9.78349364905389	4.375
9.78349364905389	4.125
9.78349364905389	3.875
9.78349364905389	3.625
9.78349364905389	3.375
9.78349364905389	3.125
9.78349364905389	2.875
9.78349364905389	2.625
9.78349364905389	2.375
9.78349364905389	2.125
9.78349364905389	1.875
9.78349364905389	1.625
9.78349364905389	1.375
9.77576392482941	1.12173993739597
9.77560909064877	0.869771971420654
9.77083729809248	0.610279764383993
9.79943852990963	0.373638875291481
4.08442999836269	5.57734361681064
4.07821749798689	5.62151576515857
4.06057084256304	5.54359406737414
4.0317432146988	5.51908843944812
3.97325364188782	5.51976642484808
3.94347992119443	5.54368671664402
3.92052910648868	5.57320836891587
3.92123008951421	5.62728249620144
3.94338759804229	5.65681985408688
3.96862847289083	5.68084192617546
4.02704215089652	5.68120526498916
4.05801167555744	5.6570794395177
9.82924682452695	9.82924682452695
9.82924682452695	0.170753175473055
0.16393895291851	9.83421966423476
0.170753175473056	0.170753175473055
4.09764073517684	4.39817369697593
4.09495668098488	4.46585869159876
4.09416146194003	4.33494885557051
4.06531185808747	4.49564035344591
3.99784122539765	4.49689452373689
3.93451400832293	4.49312639160517
3.90402403165162	4.46429982054517
3.89968660877992	4.39692613379309
3.908497858898	4.3327154979697
3.9384240892961	4.30520582972429
4.00168669198858	4.29197905686
4.0635694645675	4.30455503885206
9.26694068577511	0.432366811490906
9.00742934743796	0.434146579469888
8.75	0.433012701892219
8.5	0.433012701892219
8.25	0.43301270189222
8	0.43301270189222
7.75	0.43301270189222
7.5	0.433012701892219
7.25	0.433012701892219
6.99742122052015	0.431517657824151
6.74984091985443	0.426888826185763
6.5	0.426612733039286
6.25	0.426582540233671
6	0.426582540233671
5.74998766282283	0.426575391796849
5.5	0.426568087830286
5.25	0.426568087830286
5	0.426553584041
4.75	0.426553584041
4.50002161113312	0.426566203009939
4.25	0.426578901972541
4	0.426578901972541
3.75	0.426579019371876
3.49997846160601	0.426566363177594
3.25	0.426553786668366
3	0.426553786668366
2.75	0.426568437573752
2.50086962428299	0.429795295528706
2.25108106562208	0.432168795218885
2	0.433012701892219
1.75	0.433012701892219
1.5	0.433012701892221
1.24728533150435	0.432674219048874
0.993140436866543	0.432419039953924
0.734666776562444	0.430184923823691
0.447804160858188	0.742774634260016
0.459165140530698	0.994742917322305
0.440937592045159	1.24962370362024
0.43301270189222	1.5
0.433012701892221	1.75
0.43301270189222	2
0.43211012117929	2.25118057052886
0.429655396643678	2.50085223183745
0.425899746799265	2.7500149541728
0.425890865777926	3
0.425671146894063	3.24996980472627
0.425872813629505	3.5
0.425723483294281	3.74999334637147
0.425752042802326	3.99999231505061
0.425900125085109	4.25
0.425900248722741	4.5
0.425900248722741	4.75
0.425900106123706	5
0.425900106123706	5.25
0.425900106123706	5.5
0.425900267446505	5.75
0.42578507176526	6.00000804889658
0.425760510697117	6.25000164814335
0.425873061771954	6.5
0.425735121691514	6.75000760235316
0.425891176741443	7
0.42590009942637	7.24998497561094
0.42947995314192	7.49903796737198
0.43209325808254	7.74880933811117
0.433012701892221	8
0.433012701892221	8.25
0.433012701892221	8.5
0.433012701892221	8.75
0.430616625561571	9.00641676766793
0.427756637671871	9.26473541925172
0.738354783230929	9.55116254164328
0.986644653196882	9.53946970772679
1.24380628530296	9.56053512513818
1.5	9.56698729810778
1.75	9.56698729810778
2	9.56698729810778
2.2510802744491	9.56781645769849
2.50078562144967	9.57005756400454
2.75	9.57343181094065
3	9.573446415959
3.25	9.573446415959
3.49997838886688	9.57343379699006
3.75	9.57342109802746
4	9.57342109802746
4.25	9.57342098062812
4.50002153839399	9.57343363682241
4.75	9.57344621333163
5	9.57344621333163
5.25	9.57343165966665
5.5	9.57343165966665
5.74998760159031	9.57342431947304
6	9.57341713554258
6.25	9.57341713554258
6.5	9.57338698530883
6.74984102231224	9.5731110690791
6.99742125261917	9.56848232348897
7.25	9.56698729810778
7.5	9.56698729810778
7.75	9.56698729810778
8	9.56698729810778
8.25	9.56698729810778
8.5	9.56698729810778
8.75335959698084	9.56663545750467
9.00709374959709	9.56639371741909
9.26307678749572	9.56881411154448
9.55301977792992	9.25770499891242
9.54120735464825	9.00349864768761
9.56308687234672	8.74970937983344
9.56698729810778	8.5
9.56698729810778	8.25
9.56698729810778	8
9.56698729810778	7.75
9.56698729810778	7.5
9.56698729810778	7.25
9.56698729810778	7
9.56698729810778	6.75
9.56698729810778	6.5
9.56698729810778	6.25
9.56698729810778	6
9.56698729810778	5.75
9.56698729810778	5.5
9.56698729810778	5.25
9.56698729810778	5
9.56698729810778	4.75
9.56698729810778	4.5
9.56698729810778	4.25
9.56698729810778	4
9.56698729810778	3.75
9.56698729810778	3.5
9.56698729810778	3.25
9.56698729810778	3
9.56698729810778	2.75
9.56698729810778	2.5
9.56698729810778	2.25
9.56698729810778	2
9.56698729810778	1.75
9.56698729810778	1.5
9.56698729810778	1.25
9.54811478273453	0.99478963319284
9.55686723687529	0.742247704801609
4.10792902215038	5.60153190627134
4.09686485863727	5.53524384031748
4.09431223774006	5.66543074495815
4.06683402275332	5.50428864817929
4.00421571141642	5.50466981943246
3.93646572883267	5.50512174924696
3.90598040495637	5.53389566764599
3.90098137415143	5.59828045919735
3.90646545857121	5.66647912650746
3.93483977683019	5.69708843689086
3.99723262440316	5.70029230698022
4.06581334786077	5.6963149265576
9.53884195541124	0.461158044588755
9.53601188384609	9.53948495679437
0.457964689274299	9.53503566219296
0.461158044588756	0.461158044588756
9.13731006901759	0.653811079884238
8.8838029731013	0.650583601471514
8.625	0.649519052838328
8.375	0.649519052838329
8.125	0.649519052838329
7.875	0.649519052838329
7.625	0.649519052838329
7.375	0.649519052838328
7.12242116073804	0.650109986865917
6.8727733627435	0.645325220580407
6.62468468066446	0.640111048207967
6.37497425419371	0.639775956444715
6.125	0.639760518985592
5.87498773611526	0.639758333004573
5.62498760396145	0.639714235615225
5.375	0.639711887639254
5.12498763442547	0.639704695942598
4.875	0.639697396529739
4.62502156499714	0.639701326537163
4.37502163120115	0.63971142754912
4.125	0.639715440014397
3.87500010008835	0.639715498713962
3.62497844162489	0.639711558381347
3.37497850755732	0.639701926311569
3.125	0.639698009528172
2.87501249102618	0.639705382959101
2.62675652013041	0.643493565823706
2.37715825740618	0.64731325109907
2.12718095158654	0.650221902251051
1.875	0.649519052838329
1.625	0.649519052838331
1.375	0.649519052838331
1.11795434476238	0.646891453037285
0.865926369956314	0.651161126559523
0.700939183008021	0.866989104446315
0.656267507302284	1.13355596699839
0.654918170919238	1.38049231939738
0.64951905283833	1.625
0.649519052838328	1.875
0.65031836600694	2.12737960390729
0.647211016944153	2.37732105185904
0.642813285414666	2.62701348211043
0.639932183106186	2.87617365043315
0.638645300777198	3.125
0.638360432872185	3.37497449997459
0.638372890377263	3.62498411719631
0.638383790337592	3.87498583513463
0.638398268243521	4.12499143358376
0.638386695789272	4.37500295071851
0.638422111649444	4.6250027675747
0.638415528150148	4.87500364159693
0.638452485664734	5.12500137553771
0.638459590143368	5.37500048651418
0.638461872379541	5.6250015895275
0.638468381973844	5.87500549189843
0.638483780713235	6.12501133960842
0.638449467377344	6.37498928081983
0.638517645264145	6.62498997620678
0.638645950532005	6.875
0.63994478946872	7.1238455751901
0.642924681585239	7.37306896400828
0.64713264271326	7.6226155113409
0.650299695227341	7.87259279492078
0.649519052838331	8.125
0.649519052838331	8.375
0.649519052838331	8.625
0.647214800089507	8.88100922097543
0.643699301974747	9.13299094160249
0.860300256318633	9.29936455792119
1.125	9.35048094716167
1.37562779648615	9.34661582737089
1.625	9.35048094716167
1.875	9.35048094716167
2.12717446990397	9.34976291554028
2.37714371127366	9.35262248360604
2.62689750822275	9.35664219908126
2.87501245188741	9.36029512570796
3.125	9.36030247606418
3.37497843499642	9.36029854606216
3.62497836879884	9.36028857245088
3.875	9.3602845599856
4.12499989991165	9.36028450128604
4.37502155837511	9.36028844161865
4.62502149243652	9.36029819612396
4.875	9.36030211291253
5.1249875918859	9.36029478841753
5.375	9.36028757196931
5.62498754244778	9.36028521237035
5.8749876752341	9.36024129600118
6.125	9.36023909915723
6.37497429048844	9.36022368364931
6.6246848831696	9.35988884503182
6.87277033835267	9.35471928294254
7.12242119283929	9.34989002043225
7.375	9.35048094716167
7.625	9.35048094716167
7.875	9.35048094716167
8.125	9.35048094716167
8.375	9.35048094716167
8.62853609788342	9.35077253206213
8.88204912870454	9.34955152020274
9.13483563980993	9.34619644821712
9.30660210266165	9.13429935410457
9.34361068046293	8.8657355433735
9.34586010002214	8.61943958978602
9.35048094716167	8.375
9.35048094716167	8.125
9.35048094716167	7.875
9.35048094716167	7.625
9.35048094716167	7.375
9.35048094716167	7.125
9.35048094716167	6.875
9.35048094716167	6.625
9.35048094716167	6.375
9.35048094716167	6.125
9.35048094716167	5.875
9.35048094716167	5.625
9.35048094716167	5.375
9.35048094716167	5.125
9.35048094716167	4.875
9.35048094716167	4.625
9.35048094716167	4.375
9.35048094716167	4.125
9.35048094716167	3.875
9.35048094716167	3.625
9.35048094716167	3.375
9.35048094716167	3.125
9.35048094716167	2.875
9.35048094716167	2.625
9.35048094716167	2.375
9.35048094716167	2.125
9.35048094716167	1.875
9.35048094716167	1.625
9.34864694580525	1.37899605796089
9.34700850011322	1.13340238426378
9.31144176402879	0.867018052243806
0.640354077328866	0.631526798781887
0.626116646895064	9.35733685550824
9.35737700367668	9.36585667180209
9.36378483619452	0.636215163805485
4.1231871622813	4.43450821349869
4.12420449727182	5.5668203512522
3.87731000088422	5.56568847565738
4.03379188207653	5.72235839150267
3.96806861799721	4.27981962275684
3.8763605402654	4.43272977895941
3.87628352521661	4.36515739353506
4.03591442190824	4.28094471013874
3.96658487040674	5.72381100507036
3.96667843115053	4.52057016678884
3.88028752130389	5.6329077819546
4.12388733197457	5.63436683554713
3.96883372738116	5.47958052668968
4.11846370646508	4.36612640180073
4.03587179438288	5.47947635707394
4.03412305390777	4.52084753618307
4.10902347271548	4.5105601834986
4.14145930541897	4.47572812534958
4.13947542517005	4.32503692029256
4.11099661360342	4.28745186185033
4.07298596933136	4.54071943137398
3.89195557434672	4.50776027082101
3.92681085791771	4.54110028254053
3.85728927005106	4.47395391047938
3.89227824321995	4.29239982428621
3.85607326633225	4.32531648961678
3.92500855553342	4.25783450555665
4.07517753967755	4.25678315582839
4.10995432476127	5.48998869007601
4.14168734453187	5.52553599642914
4.14526828492131	5.67442134080075
4.11213544316855	5.71040929285666
4.07431262858929	5.45906574251053
3.89338682806888	5.4919683945463
3.92831971989064	5.45832852684046
3.85730013610104	5.52624140206398
3.85768812065258	5.67824154382552
3.89026438780976	5.71323858428776
3.92690566330108	5.74440362095032
4.07909400903571	5.74318108613441
8.76163105132337	0.870405957237344
8.5	0.866025403784438
8.25	0.866025403784439
8	0.866025403784439
7.75	0.866025403784439
7.5	0.866025403784437
7.24605012353864	0.866890131128596
6.99518211455542	0.864226268847922
6.74619449650536	0.858650198633436
6.49954339730045	0.853123000171862
6.24997397254256	0.852776082659304
5.99999200559054	0.852771162648477
5.74995010171238	0.852721374782524
5.49999180192073	0.852658258629281
5.24998769218212	0.852639045998983
4.99998759990542	0.852629123941216
4.75001413000679	0.852626406043142
4.50003020130935	0.852635733942755
4.25001423282934	0.852645147746486
4.00000010003964	0.85264483250563
3.74998591505615	0.852645501949119
3.49997027077734	0.852636356316451
3.24998591753126	0.852627276212829
3.00001252587593	0.852630016476414
2.75376851999895	0.856167357657678
2.50506804859751	0.861525314640135
2.25366095693646	0.868387296829442
2	0.866025403784438
1.75	0.86602540378444
1.49670287316156	0.860760061967074
1.2401691598366	0.86530101817747
0.87879179742444	1.26954860661942
0.872913642560971	1.50674545244293
0.866025403784438	1.75
0.866025403784438	2
0.868616878964475	2.25404162074319
0.861875375010514	2.50490857670703
0.855136127621769	2.75421448344016
0.852368324867544	3.00189927381726
0.851128258382617	3.25001527998866
0.850935636349215	3.50003478923871
0.850805112488288	3.7499791588298
0.850792545760925	4.00000126819186
0.850719400977033	4.24999510862092
0.850871553288558	4.49999498421333
0.850905478107022	4.75000970493881
0.8509333449884	5.00000172103137
0.850961964727642	5.24999926579343
0.850967994683522	5.50000031974414
0.850969601938914	5.75000235967585
0.850990494329077	6.0000136456926
0.850985678851828	6.25000502880932
0.851015009985613	6.49988012879462
0.851129074387226	6.74998466679298
0.852367407559267	6.9981104132933
0.855136767207489	7.24578572184979
0.861314618145485	7.49446736065163
0.86861674058948	7.74595860234055
0.866025403784441	8
0.866025403784441	8.25
0.860781144790136	8.50660487427828
0.865498307271894	8.76111209008093
1.25954224555038	9.12194656727438
1.50082093851215	9.12837633394082
1.75	9.13397459621556
2	9.13397459621557
2.25366111826398	9.13161262724686
2.50484579002905	9.13807985420226
2.75376875251307	9.1438330883225
3.00001248664372	9.14737074702257
3.24998586999482	9.14737348122326
3.49996990719742	9.14736421672315
3.7499857671709	9.1473548667978
3.99999989996036	9.14735518203764
4.25001408494405	9.14735448514968
4.5000298335007	9.14736369217077
4.75001408247026	9.1473728332034
4.999987557263	9.1473701085998
5.24998764982505	9.14736015240347
5.49999176125978	9.14734088867928
5.74995019472072	9.14727809172984
5.99999196589198	9.14722810014255
6.24997400937484	9.14722318922468
6.49954373282529	9.14687663402952
6.74615449268852	9.14151796080079
6.995170704514	9.1358475258407
7.24604450398126	9.13312716491946
7.5	9.13397459621556
7.75	9.13397459621556
8	9.13397459621556
8.25	9.13397459621556
8.50296458108225	9.13864425622955
8.75966354398228	9.13287184254965
9.12120820257556	8.73045139338058
9.12764931650782	8.49312536108804
9.13397459621556	8.25
9.13397459621556	8
9.13397459621556	7.75
9.13397459621556	7.5
9.13397459621556	7.25
9.13397459621556	7
9.13397459621556	6.75
9.13397459621556	6.5
9.13397459621556	6.25
9.13397459621556	6
9.13397459621556	5.75
9.13397459621556	5.5
9.13397459621556	5.25
9.13397459621556	5
9.13397459621556	4.75
9.13397459621556	4.5
9.13397459621556	4.25
9.13397459621556	4
9.13397459621556	3.75
9.13397459621556	3.5
9.13397459621556	3.25
9.13397459621556	3
9.13397459621556	2.75
9.13397459621556	2.5
9.13397459621556	2.25
9.13397459621556	2
9.13397459621556	1.75
9.13215439925991	1.50600259470381
9.12236364328002	1.26945622052513
0.855042178884526	9.02261390512596
9.03580757832874	0.858800542772516
9.02059967082215	9.13555710821197
0.98001043039662	0.850686684713935
3.84965887792955	4.39860712068867
3.84783619143641	5.59987724200371
4.00054000734348	4.24914142730435
4.00011536108498	5.75189593501553
4.15109660930549	5.60018592781646
4.14281188100321	4.39857035423353
4.0008536228393	5.45087975217536
4.00081825120841	4.54916233362118
4.16017836568335	4.52740005912197
4.11723471939034	4.56333939212915
4.16166075603657	4.27875171074916
4.12339769911723	4.23748201100224
3.87852737382844	4.56127913758147
3.83848820475095	4.5234402428117
3.87430190842813	4.23740502789963
3.83547476544048	4.27625286760672
4.11948323905816	5.43764017149101
4.15976535105779	5.47634627253526
4.16534201710072	5.72389542660173
4.12289547233624	5.76187589614839
3.87943601381435	5.43953016404232
3.83788198662066	5.47774583286515
3.83630834393012	5.72446901480855
3.8768823397264	5.7654945042743
8.625	1.08253175473055
8.8971941069739	1.104879065609
8.38182171687563	1.0929654923877
8.1347446193784	1.09680150345298
7.875	1.08253175473055
7.625	1.08253175473055
7.37187368912096	1.08478471372346
7.11808518984176	1.08715013766804
6.86660496532041	1.078221546789
6.61985143942906	1.07149707834988
6.37446250076816	1.06602183121463
6.12497879894427	1.06567051384166
5.87490998479384	1.06542996467481
5.62491719730892	1.06557328065452
5.37497338675398	1.06553681673456
5.12497919935892	1.06546009752064
4.87499855098449	1.06545087250241
4.62503010697973	1.06545527147775
4.37502219903377	1.06534583290259
4.12501251736737	1.0653186823449
3.87499202747325	1.06523248856932
3.62501974834966	1.06535353560991
3.37497036377111	1.06545701320196
3.12500155472786	1.06545269425271
2.87997251267421	1.06894443201033
2.63152043070328	1.07416657431905
2.38130954428404	1.08073598211271
2.12306898733821	1.08998012827787
1.86399454838782	1.09742270001074
1.62012171954369	1.08995964957044
1.37546430395001	1.06350977266269
1.10115741897806	1.10294256652213
1.08253175473055	1.375
1.0944919301123	1.6160760571265
1.09937241866002	1.86284186903122
1.09556520575144	2.11764684712792
1.08224048300729	2.38056369223576
1.07423936042168	2.6321103188322
1.06745468680266	2.88058535164381
1.06454502444562	3.12739001194648
1.06343007574554	3.37536341304279
1.06307618841909	3.6250030552019
1.06270117964382	3.87500365299939
1.06304449380065	4.12498900289916
1.06312773361764	4.37499368338161
1.06300373676394	4.62501303436976
1.06322168551938	4.87500082912323
1.06322340243439	5.12499674400908
1.06323552044102	5.37499409026309
1.06325160942964	5.62500029358461
1.06323273078706	5.87500124449781
1.06329100329759	6.12500762003822
1.06331315506543	6.37495153436392
1.06359496319235	6.62411795378891
1.06455332944722	6.8726805617317
1.06745565063839	7.11941506224229
1.07419005997755	7.36799078683073
1.08181157129026	7.61830038070187
1.08982426626808	7.878559166505
1.09835335278493	8.14011557706524
1.08987341871788	8.38535135241786
1.06361418235002	8.62860694829496
1.10043983792897	8.90551695649382
1.36762622421564	8.92316195805325
1.61612648934399	8.91011538857723
1.86442582753683	8.90306970159464
2.1235855055931	8.90851180094529
2.38190135242549	8.91872778298343
2.63252657816139	8.92570182809362
2.87997288731026	8.93105631555623
3.12500150617701	8.93454849931283
3.37497000123356	8.9345441189594
3.62501735086049	8.93463885955498
3.87499173807879	8.93468148165906
4.12501486597782	8.93477097173164
4.37502151959627	8.93466527341186
4.62502974022542	8.9345435757428
4.87499850018119	8.93454791258835
5.12497912777897	8.93453866753553
5.37497330172396	8.9344621914271
5.62491749532501	8.93442584950773
5.87490601987587	8.93443293098424
6.12497880525299	8.93432857887413
6.37446299668601	8.93397766015683
6.61982319084223	8.92885792735591
6.86637936729379	8.92222783740402
7.11808522842181	8.9128499507099
7.37166742296954	8.91541820029968
7.625	8.91746824526945
7.875	8.91746824526945
8.134299950226	8.90346722553439
8.37886735091903	8.90962084050993
8.62453569605001	8.93649022733731
8.89641502635808	8.89622346238079
8.91746824526945	8.625
8.9072129839275	8.3829899477356
8.90176807714917	8.13580980050095
8.91746824526945	7.875
8.91746824526945	7.625
8.91746824526945	7.375
8.91746824526945	7.125
8.91746824526945	6.875
8.91746824526945	6.625
8.91746824526945	6.375
8.91746824526945	6.125
8.91746824526945	5.875
8.91746824526945	5.625
8.91746824526945	5.375
8.91746824526945	5.125
8.91746824526945	4.875
8.91746824526945	4.625
8.91746824526945	4.375
8.91746824526945	4.125
8.91746824526945	3.875
8.91746824526945	3.625
8.91746824526945	3.375
8.91746824526945	3.125
8.91746824526945	2.875
8.91746824526945	2.625
8.91746824526945	2.375
8.91746824526945	2.125
8.9035997539971	1.86491476762347
8.91206540209878	1.62241815025351
8.92053284647894	1.38344512305565
4.16800630550872	4.43706411930438
4.17070194641796	5.56181290370601
3.9642573540265	4.57103292722721
3.96500292380034	5.77526714362333
3.82453528685928	5.56421956406923
3.8216346090436	4.36162053460199
4.03889841381046	4.22463612411844
3.96669709388558	5.42681682610382
3.82299923666852	4.43898134934024
4.04099234102766	5.76609486913507
3.83329462848739	5.64095609056314
3.96092658838749	4.22827669932681
4.17744453647514	5.63650419508838
4.16113580016819	4.36041896776414
4.0378670233894	5.43839315752736
4.03651248621686	4.56123634501911
9.14492392532042	8.94912972026757
9.14543648876791	1.04640070204211
0.862056047652085	1.04716626926048
1.04340532411565	9.13964020402395
4.1751043521279	4.5826838903211
4.18152149348893	4.22023042140603
3.82002432701667	4.58347209348818
3.81677307590313	4.21546941133966
4.1776770266932	5.41562278128274
4.18221237363012	5.78441783718568
3.81955297200671	5.41838510884634
3.81904120644245	5.7815118024962
8.27520468556359	1.32930022932181
8.00841976340556	1.30972299977745
7.75	1.29903810567666
7.4978392587836	1.30225984184746
7.24462002770784	1.30410047628311
6.9883190333056	1.3006551740564
6.73905737772558	1.29164132928535
6.49422909819164	1.28425251486152
6.24942073197875	1.27882915620822
5.99971045410259	1.27841369971857
5.74988862303653	1.27820449733615
5.49989686962381	1.2782080127749
5.24993297394899	1.27812937551401
4.9999608859115	1.27805317536469
4.74999506760379	1.27805591217963
4.50001578115184	1.27804964151475
4.25001656750814	1.27800897172328
4.00000602037481	1.27794843570973
3.75001262901593	1.27801951725054
3.50028197056774	1.27818306758221
3.25219758964892	1.2789527861171
3.00553538089713	1.28111313666261
2.75857282804741	1.28693361432535
2.51069406282419	1.29394116902432
2.25428964520277	1.30195348916397
1.99496389891341	1.31195685978777
1.72940106899977	1.32589895099663
1.32195779963317	1.48057983912986
1.33175423432805	1.71962517838435
1.32063875787661	1.98758286637336
1.30668997186778	2.24665258959599
1.29688093915066	2.5094699290892
1.2870970075301	2.75831326349727
1.27911283076482	3.00622141353557
1.27656975868443	3.25251473614457
1.27549507683394	3.50032974753315
1.27464629632197	3.7499343575195
1.27500422022749	3.99996020227256
1.27506538595328	4.24996330829146
1.27506791307831	4.49998338244106
1.27530505628445	4.74999567674988
1.27530958875904	4.99998759482194
1.27531625373345	5.24999499423736
1.27522687359662	5.49998830670958
1.27529450358058	5.74998346576306
1.27533359915839	5.99998649780203
1.27540429135098	6.2499562259639
1.27560302948388	6.49962445537246
1.27658657589777	6.74747040452794
1.27911423782599	6.99377887691574
1.28744215012089	7.24067631471249
1.29712551401448	7.4885227807623
1.30482027977229	7.7476275256334
1.30855200815635	8.00490155808669
1.32723860607444	8.27636596749283
1.4834310847292	8.69245815778278
1.72350097177	8.67315386360653
1.99341191576626	8.68702284624407
2.25611224358587	8.69633288956546
2.51328533922267	8.70513611080121
2.75965323353539	8.71235304248244
3.00553593540356	8.71888805607395
3.2521946751328	8.72105035443529
3.50027508729623	8.72182181039071
3.75000371288212	8.72198432200156
3.99999555765283	8.72205314186775
4.2500133304663	8.7219928992329
4.50001256098532	8.721955392527
4.74999290898639	8.72195772753451
4.99996467820156	8.72198111944555
5.2499322307551	8.72193642922586
5.49986035898557	8.72197742924613
5.74982036744391	8.72169713935068
5.99970391957776	8.72155974686015
6.24942132411358	8.72117020926733
6.49450964300325	8.71656066675962
6.73884307649826	8.70904873099619
6.98705836029724	8.70086023326699
7.24309216073699	8.69665683489146
7.49789170053433	8.69839614007093
7.75	8.70096189432334
8.00654705286683	8.69136355547695
8.2685566882814	8.67379360484109
8.68746653903601	8.51913450183425
8.66790325468754	8.27818728991415
8.69004287873179	8.0090028102545
8.6930919778266	7.75370801864452
8.68925079228565	7.50598391092196
8.70096189432335	7.25
8.70096189432334	7
8.70096189432334	6.75
8.70096189432334	6.5
8.70096189432334	6.25
8.70096189432334	6
8.70096189432334	5.75
8.70096189432334	5.5
8.70096189432334	5.25
8.70096189432334	5
8.70096189432334	4.75
8.70096189432334	4.5
8.70096189432334	4.25
8.70096189432334	4
8.70096189432334	3.75
8.70096189432334	3.5
8.70096189432334	3.25
8.70096189432334	3
8.70096189432334	2.75
8.68967994932435	2.49619499976006
8.69413885838261	2.24660260815803
8.69222277582217	1.98981858558779
8.6742265148651	1.72615088594145
8.69419596174851	1.48792820041226
8.51287783790526	1.31808342748938
8.5	8.70096189432334
1.5	1.29903810567667
1.30577934224719	8.51063391025705
4.19262375783003	4.48304386200647
4.19571135335235	5.5168108362788
3.91980014653573	5.80492938432504
3.91448518431678	4.20202627218564
3.79567733064712	4.31677825550905
4.0828621029682	4.19747531046761
4.20721978741612	5.68485815970188
3.80353540197169	5.67975347785442
4.19251865396811	4.32600048156293
4.07945097745398	5.79615190427317
3.79645391181461	5.51892221082517
3.79825267927829	4.48424060587031
4.07384388661768	5.40718561632919
4.06596416822324	4.59449384466154
3.91842557950059	4.59641958136137
3.92118897718991	5.40168048686399
4.0121385739787	5.39754801823125
4.00994747768945	4.60403898441667
4.20469306417305	5.59961706483558
4.20373891287925	4.38720335336528
3.99948600458054	4.19274854272308
3.79175394095115	4.40103564636012
8.72546535515459	1.27343866505335
8.72370847914037	8.73620194218237
1.26669472501725	8.72935341215276
1.27629152085963	1.26379805781763
8.13453901898043	1.53970297357613
7.87619828385524	1.52454657584074
7.62316253007428	1.51878872984603
7.36968646869784	1.52403025059155
7.11280504885957	1.52670043960939
6.85794090982949	1.51810726887946
6.61231978160207	1.50513940847985
6.36956775584319	1.49731462471951
6.1243620378891	1.49128101503739
5.87466679776356	1.49100770211933
5.62481214071464	1.49091223254583
5.37484994610376	1.49078840009419
5.12489502803981	1.49065559626144
4.87494945541805	1.49060824174777
4.62499740789911	1.49063467073391
4.374988376672	1.49059306875372
4.12499412693915	1.49041814250237
3.87499315792133	1.49038515825274
3.62527954639317	1.49073748670888
3.37704389194626	1.49154158914722
3.13030830562477	1.49326911979296
2.88569371665476	1.4982229242991
2.63928515140854	1.50627200673202
2.38153736803933	1.51312589817169
2.13028870833867	1.52752400822721
1.86493892549225	1.5375945396601
1.52794710033552	1.86088755249515
1.52247742383428	2.13158685441733
1.52606165766598	2.37102352050536
1.5086848950297	2.63722705937043
1.49719801035597	2.88589368761736
1.49072807171627	3.13114738946746
1.48852343614101	3.37740177231292
1.48736510692247	3.62523683091312
1.4862031864015	3.87484376815864
1.48647754014722	4.12494615659086
1.48635795874237	4.3748453709038
1.48686424081777	4.6249556585122
1.48717303079275	4.87492881589795
1.48712174142978	5.12501097622557
1.4869731055655	5.37499058171838
1.48695763660837	5.62496432714618
1.48705398392698	5.87487277134988
1.48720024939013	6.1249243102122
1.48745454268686	6.37466109886987
1.48853423672958	6.62256541944572
1.490729924011	6.86885310757856
1.49759461262003	7.11275538215776
1.51047189498187	7.35939479206258
1.52675885618301	7.61967831664155
1.52247877213907	7.86737972859184
1.52369090277574	8.12513685101066
1.86195236570222	8.45630707229784
2.12885833640103	8.47346980111856
2.39275506982722	8.48231150937554
2.64191658944654	8.49187488383889
2.88583222672125	8.50022239365268
3.1303088987818	8.5067327497577
3.37703396954189	8.50846465796445
3.62525700670535	8.5092739029056
3.87495340669832	8.5096184042177
4.12498004034916	8.50958846465024
4.37498311918444	8.50941339187288
4.62499020934035	8.50938593113859
4.87495613905172	8.50944480447444
5.12492974734534	8.50943051337139
5.374885727219	8.50936074313087
5.62477994374112	8.50911567653291
5.87467110111215	8.50897508754201
6.12436262929744	8.508717901844
6.36918711992071	8.50230365637125
6.6123781774554	8.49520996908355
6.85873829929224	8.48447384945045
7.11376355371109	8.47698047729059
7.37132407111636	8.47808076030494
7.62383356264256	8.48196207259309
7.87587127087025	8.47634160252251
8.13221605852434	8.46352138975836
8.46857327603939	8.13768115114773
8.47768456919277	7.87516647722665
8.46083859204153	7.63540123621505
8.47889693413269	7.37977101828951
8.48445554337723	7.12500000000001
8.48445554337723	6.875
8.48445554337723	6.625
8.48445554337723	6.375
8.48445554337724	6.125
8.48445554337723	5.875
8.48445554337723	5.625
8.48445554337723	5.375
8.48445554337723	5.125
8.48445554337723	4.875
8.48445554337723	4.625
8.48445554337723	4.375
8.48445554337723	4.125
8.48445554337723	3.875
8.48445554337723	3.625
8.48445554337723	3.375
8.48445554337724	3.125
8.48445554337723	2.875
8.47721068180514	2.62378208437061
8.46380973171056	2.36690858151115
8.4793902287495	2.1241416840803
8.47642884558695	1.84565392784035
4.05747862617736	4.6549559137896
4.12403734372253	5.3745291717537
4.11754318003955	4.62404233119271
3.77369490568037	5.73092474224508
4.13101485519227	5.82562626960797
4.1365818882837	4.1732534052168
3.86694588715315	4.62340755669122
3.87032253003831	5.38175699049161
3.77155188299315	4.26344829126826
4.22162511182942	4.53488320625086
4.22179018396639	5.46481776833654
3.86465721610132	5.82809557926996
3.77405628124469	5.46400961201434
3.77720082569414	4.53745856965677
4.2247677348968	4.27294662154829
3.86793157173099	4.17742562912925
4.22814551571952	5.73633959623205
4.21832659151278	4.43814698119065
3.7691280537857	5.56515448707332
4.21916487031539	5.55806316868572
8.42680050835072	1.57394240797917
1.57104277669588	8.42211503757652
8.41486081070309	8.42659201151772
1.5824767015681	1.5729997818517
3.76959503602354	4.44138109120008
3.96770726242016	5.82833345538783
3.76854379980472	4.36151428638918
4.03979675061467	4.17309621714449
3.95719344042255	4.1789178680025
3.96219875785825	4.6250786802301
3.96556099738909	5.37902187632294
4.22839009301157	5.63912439196944
4.18986435154551	4.65576897392659
4.24918056577046	4.60214358496227
4.20634359386989	4.1500380861709
4.2583664996272	4.20545027937026
3.75319264426482	4.60572685639875
3.80166220356964	4.65488932813687
3.8038055601017	4.14314180800009
3.749657101715	4.19196662618131
4.24954044195511	5.39743059459198
4.19090645618325	5.34392383503794
4.24882367334309	5.80648234076197
4.19657752890125	5.85643587269284
3.74963069320385	5.3950336727771
3.80317766828379	5.34928144364423
3.74293614138445	5.79654539179781
3.79308758134733	5.84781373421686
3.99568121512976	5.33243742451523
4.26875081634853	4.40712331609307
7.98700447482853	1.75523561222291
7.74388409736474	1.73499320084626
7.49784749926409	1.73606014026682
7.23243973149065	1.75343417867484
6.98888857364617	1.75707112280554
6.72979531849762	1.72925013192326
6.48810387434346	1.72209269730473
6.24359971877972	1.70937792414682
5.99733039476536	1.70500080517902
5.74962040794228	1.7034936558904
5.49971436428234	1.70336370654692
5.24978385186532	1.70314456256369
4.99985859402385	1.70287911371387
4.74996200789097	1.70299269023502
4.50000818668939	1.70304382992407
4.24995898686107	1.70279177907733
4.00012894003423	1.70260116771839
3.75031297324676	1.7028691812997
3.50190315933519	1.7040478580477
3.25472171279053	1.70580846252811
3.01291823679877	1.71115509243394
2.77091980762392	1.71811620354342
2.51910978894425	1.72878314436638
2.2774500682746	1.74730711324081
2.01372261835947	1.75016880997723
1.69875502308621	2.00775896334757
1.77683963550235	2.24009160080978
1.73562571392131	2.51398664000301
1.71852197078121	2.77129902588388
1.7086603180085	3.0136863780902
1.70259878649318	3.25572485817299
1.7002844127744	3.50225331043473
1.69877383679366	3.75000433436101
1.69716503067948	3.99987514768564
1.69761125634658	4.25010760830113
1.69802038043798	4.50007438490698
1.69849288976869	4.74990750269259
1.69851863773971	4.99985528539966
1.69850021469484	5.2500338434693
1.6982474852626	5.49993124021155
1.69827772392525	5.74978056632569
1.69843281034331	5.99965557945388
1.69862682304376	6.24967453318998
1.70026160437087	6.49766192286611
1.70260065971342	6.74427466534353
1.70930993781201	6.98498151699658
1.72063787656892	7.22328627849418
1.74304862568891	7.4793821581035
1.77759403156441	7.7581427696741
1.70076457408598	7.99795615944796
2.0163788502766	8.23928876296506
2.27156148446208	8.25438044957818
2.52517438658665	8.26666433595565
2.77017059265777	8.27506933063537
3.0129532250481	8.28794609748465
3.25472327318267	8.29419521361729
3.5018676531584	8.29596181118063
3.75019780197036	8.29715798619362
4.00004380202701	8.29740470781827
4.24994052425817	8.297234933319
4.4999895649454	8.2969664684207
4.74996494079326	8.29710815099061
4.99993764864776	8.29730212483808
5.24980915664712	8.29688268307485
5.49971333782092	8.29663625278812
5.74961862829541	8.29650624258568
5.99721210388141	8.29499119443564
6.24305172761085	8.29059895834492
6.48655103043503	8.27819588076834
6.73039974774057	8.27129769651425
6.99283391718265	8.25209255298842
7.24061742657615	8.24956451739615
7.49817385034642	8.26535801630185
7.74629557519595	8.26613057682309
7.98667463551986	8.24503638404045
8.29419636549049	8.00428009662523
8.21547301269071	7.7676840812766
8.26794919243113	7.49999999999999
8.27362000857103	7.24389624081534
8.26794919243111	7.00000000000001
8.26794919243112	6.74999999999999
8.26794919243112	6.5
8.26794919243113	6.25
8.26794919243113	6
8.26794919243112	5.75
8.26794919243112	5.5
8.26794919243112	5.25
8.26794919243112	5
8.26794919243112	4.75
8.26794919243112	4.5
8.26794919243113	4.25
8.26794919243112	4
8.26794919243113	3.75
8.26794919243112	3.5
8.26794919243113	3.25
8.26794919243113	3
8.27231588446552	2.75960090352467
8.26605832986742	2.50263179134931
8.21832981758053	2.23074925958228
8.29710344776563	1.99532094637493
4.12130636017168	4.69833385863747
3.73841212259871	5.66927749850048
4.07028682550937	5.86011576528435
4.07951344648584	4.12769053572949
3.92128766990856	4.67077841857549
3.92369247911661	5.33790010165332
3.72183277840586	4.32122175956534
3.92210249308732	5.87957468541182
3.7207626398809	5.51861967635064
3.72608276268999	4.48335888843477
3.92451899897908	4.13682231970617
4.27792586778048	5.67865696885035
3.71602196549619	5.59751134717796
4.27397460393079	5.59607900097731
3.71939888663794	4.40273408194349
4.0024354824475	5.87921838908129
3.99838537565527	4.1231213586548
1.7652027932472	1.77254134341669
1.76384906655804	8.22345458716355
8.22463630708068	8.22463630708068
8.22463630708068	1.77536369291932
4.25387488606001	4.33749152862489
4.25720536665926	4.48049891437811
4.26029235356658	5.52064154838969
3.99279104011354	4.6717922407471
4.06136460532382	5.34749127188779
4.27478649157797	4.68463242914635
4.2009486266533	4.7459288750653
4.28690960331625	4.12182346676237
3.72698034052759	4.68401976383879
3.72068497062285	4.11325833307933
4.27247140320134	5.31410503506523
4.27927445018446	5.88524683467899
3.72673514187432	5.31681563114756
3.71336965000398	5.87945630789639
3.96790455364196	5.26393298950631
4.04617376457432	5.27461488338661
4.33023731807102	4.45488381404967
4.33029880844945	4.36203291145347
7.62103824568629	1.94077027960311
7.3859844442308	1.96304357972748
7.12175645647917	2.00947453394124
6.84925181858015	1.96055330360721
6.60384582875922	1.94217815980287
6.36039574452519	1.92608908657983
6.11925726010943	1.91971037421652
5.87231093869477	1.91694503670496
5.62430789416911	1.91585415848703
5.37459267438569	1.91557758264291
5.12469842756424	1.91515326655562
4.87471112688132	1.91477888238274
4.62491600479701	1.91512733099087
4.3748636999991	1.91496098100099
4.12494643033563	1.91472303936652
3.87557995913744	1.91474529283803
3.62708023989465	1.91609052409664
3.37961014565964	1.91854236279034
3.1392448409562	1.92276593696717
2.89760946279232	1.93015692591224
2.65763180327035	1.94620876175939
2.41743382176494	1.95858971624647
1.96861591789766	2.4356826622842
1.94592036743681	2.66954849506789
1.9295829359057	2.90331497371616
1.92015045240723	3.14075296751707
1.91451407983502	3.38074938502396
1.91135841821084	3.627482953202
1.90933231097309	3.87559481609552
1.90715207899483	4.12523129174598
1.90816421726669	4.37523240417064
1.90926667237907	4.62497290109197
1.90951301037034	4.87486550937004
1.90955693510196	5.12510339606698
1.90923713590572	5.37511749103013
1.90900270342695	5.62474270218859
1.90908623996268	5.87442007551137
1.90916849485874	6.1239765288455
1.91129272755964	6.37238361258721
1.91451617626804	6.61925037467007
1.92068030125666	6.85922924906565
1.93104942795947	7.0966841454428
1.9551600021399	7.32197899168687
1.98567590918155	7.53759777080766
2.41887338351425	8.03801466455945
2.65694292120245	8.0545393879366
2.89787477316971	8.07088684239222
3.139412258267	8.07690613399165
3.37960963251486	8.08146262600472
3.62700333429271	8.08391238713043
3.87523984911502	8.08526337545421
4.12494956668113	8.08532326478503
4.37474350523371	8.08510832269811
4.62487828327449	8.08513584784965
4.87488007435616	8.08559647944737
5.12475394740284	8.08486850568451
5.37459055307479	8.084427754757
5.62429831452953	8.08414393944009
5.87230018269647	8.08304893649525
6.11925871131974	8.0802877312502
6.35929173922599	8.07380348373224
6.597766134168	8.05720881154423
6.85301888472931	8.0392250652213
7.11765513098137	7.99176455217857
7.3811282995151	8.04157541971766
7.62083190473364	8.06250707688891
8.0660216236335	7.58412317994885
8.06346310545771	7.35971360645626
8.05704607452718	7.11720314618647
8.051442841485	6.875
8.05144284148501	6.625
8.05144284148501	6.37499999999999
8.05144284148502	6.125
8.05144284148501	5.87500000000001
8.05144284148501	5.625
8.05144284148501	5.375
8.05144284148501	5.125
8.05144284148501	4.875
8.05144284148501	4.625
8.05144284148502	4.375
8.05144284148501	4.12500000000001
8.05144284148501	3.87499999999999
8.05144284148502	3.625
8.05144284148501	3.375
8.05144284148502	3.125
8.05362261008657	2.88351129713013
8.05962242285247	2.6448835356459
8.06049885010233	2.41907460990387
3.65722782186086	5.64507353751331
4.05192447016544	5.93706552411969
4.03387275314132	4.04296863662574
3.96261231288661	4.74892264992398
3.63810471664224	4.35786859638023
3.9647051145456	5.95770413947559
3.63786652532959	5.55608907045821
3.6427042259743	4.44565832626534
3.94441871664657	4.06449714902771
4.35447757848076	5.62894470970314
4.33801965458396	5.5380584786831
2.16050200747734	8.02614461557801
2.16504290599954	1.96858538079197
7.8514452655294	8.0391329203619
7.84959288965591	1.9611942462094
4.29765079350434	4.53726094335033
4.04167299439639	4.72993925177247
4.29972503239854	5.46016317195755
4.30129661522087	4.27558017144512
4.12205154190809	5.30083690825943
4.12860406281565	5.90291799680524
3.69547292406875	5.72710528938752
4.15156658181429	4.10696523517802
3.7165430390426	4.55406500859204
4.2916388907429	5.7505782764012
3.71004011625722	5.4467357732328
3.70770604002318	4.24763834498228
3.84907725904492	5.89223856317622
3.86969286087173	4.09891524668595
3.85711636529971	5.31855389376621
3.85597600846704	4.68903388290709
8.07594032600978	8.0046724850855
8.07620612180007	1.99628264779216
4.30559870507256	4.78596827022801
4.01951065647828	5.19433267141553
4.11247793579589	5.21401100872535
4.4290858014864	4.40994719258112
4.38925365753503	4.52541820687742
4.39840957701011	4.29573158411286
7.5315101789137	2.16512620820146
7.32981805697492	2.19879042724885
6.91570853322308	2.19619610219651
6.69346917252749	2.16499736890995
6.46435553903864	2.14978809199066
6.23056113657175	2.14003704595167
5.9935792029157	2.13153334702132
5.747226828491	2.12894644868389
5.49930145870881	2.12794455841485
5.24954400027798	2.12757403530183
4.99964198660524	2.12688296703919
4.74989227075685	2.12721602629223
4.49969774031607	2.12691680453181
4.2496515589283	2.12658785572805
4.00087477106322	2.12642613086666
3.75227699880614	2.12712861278271
3.50779935339263	2.1297278254676
3.26569376477283	2.13374928958414
3.02993435788927	2.14268699203525
2.78994950108588	2.15505848802608
2.5566341487465	2.18481409123398
2.32089367870634	2.17325366237869
2.18525728480455	2.57980659237891
2.16065899736732	2.80043020346296
2.14054271004531	3.03031696490629
2.13106663109481	3.26683004265185
2.12614451629942	3.50616026153869
2.12116691977321	3.75317067698247
2.11852771186885	4.00118750773943
2.11629063405793	4.25047945425402
2.11853855265403	4.50001803757042
2.11994959989386	4.74989146618933
2.12016688432128	5.00011107697662
2.11895518642784	5.25032615367486
2.11940648322899	5.49995818205184
2.11869061638622	5.74934430051361
2.11904909787487	5.99884140582926
2.12115351739701	6.24689660084251
2.12614734325136	6.49383950160189
2.13110628657283	6.73338480185821
2.14119747428821	6.97102452885654
2.1698732778583	7.19840772790644
2.21635710708553	7.42071591776452
2.30929477755444	7.82110508201549
2.55316060145439	7.82125966800315
2.79360362201028	7.8445666718801
3.03054847001542	7.85567614336915
3.26612484978725	7.86548194699239
3.510876961833	7.870648575892
3.75227146031299	7.87287117130781
4.0009066354953	7.87365100351252
4.24964462630787	7.87350994666631
4.49972856049293	7.87336803570862
4.75001494711419	7.87382366230056
4.99981979577202	7.87280124865142
5.24957133432742	7.87243960284426
5.49927040771861	7.87206407739525
5.7471777868324	7.87103310944853
5.99357228367227	7.86846862284069
6.23077401692377	7.8604300675969
6.46575396585151	7.84985298668628
6.69322632023901	7.83089428625004
6.92451485988435	7.79741514279952
7.33142233762012	7.80556557827846
7.525011336072	7.8453426904361
7.85594718730452	7.50399817819063
7.83935303137771	7.25637195448424
7.82884585251507	7.00782810383044
7.8349364905389	6.74999999999998
7.8349364905389	6.5
7.83493649053891	6.24999999999999
7.83493649053891	6.00000000000001
7.8349364905389	5.75
7.8349364905389	5.5
7.8349364905389	5.25
7.8349364905389	5
7.8349364905389	4.75
7.8349364905389	4.49999999999999
7.83493649053891	4.25000000000001
7.83493649053889	4
7.83493649053891	3.74999999999999
7.8349364905389	3.5
7.83493649053891	3.24999999999999
7.8335016608279	2.99407508453122
7.84094746640722	2.74671613339432
7.8538138784405	2.49689099107929
3.55859109165747	5.61427980486784
4.0206688991471	6.0341458256072
3.97358785481446	3.96668159976554
4.01843808554302	4.81885982509138
3.5661467895743	4.40020187248112
4.42776993538173	5.56619348676415
4.39372424499803	5.46648858469823
7.71875419414622	7.87441588274068
7.72576688683763	2.12689871948783
3.89041316280313	5.25395955399604
3.88734032492436	4.75465128128852
3.6382262436727	5.47176828518667
4.35015293329777	4.20034817621862
3.64826600571764	4.52952009888625
4.19753838405277	5.2557802920266
4.1210765385704	4.03742061616619
3.87694223821923	5.96518053385187
4.11857151789265	5.99538047154337
3.63340721011922	4.27703399125033
3.60306792133561	5.71567376180965
3.87778831629197	4.0092402203193
4.3628836294678	5.72068843485605
4.33668852172732	4.61449137271059
4.33784414124815	5.38266033112661
4.11340171158498	4.79263136057472
3.79382738140942	4.05546965599724
3.66183984618301	4.18305286709555
3.65447404334644	5.80391349583204
4.33648640809257	5.8142102892018
3.78454633676433	5.93713725415969
4.20460775045692	5.94533374342383
4.21638078733213	4.06279508791125
3.67417940759005	4.61920722738433
3.66952435364546	5.38241116690913
3.79908742107965	5.26883984171767
3.79753753197982	4.73422471305612
7.92795650542611	7.77682493457657
7.92698769620256	2.22287288775675
4.38775099563975	4.09873056308261
4.3048250827602	4.01973906373587
3.62898788961368	4.7062159173655
3.70791496574065	4.77637245699351
3.6182112118941	4.0960806855353
3.6978657247937	4.01574424657543
4.29144113990798	5.2085974325717
4.37518424875222	5.27998886068412
4.3027413266046	5.98215410343441
4.38332709255564	5.90099458809297
3.71368139557096	5.22068120677412
3.63014747362429	5.29199579336199
3.61460366024652	5.90359438620319
3.69559788579666	5.98141968183706
4.0945419278981	5.11122558358593
4.19654299127546	5.14771675305818
4.50231465671821	4.30470256788608
4.44183147893695	4.62423154083727
4.45242000918218	4.19598484493784
6.78662803894483	2.39272938844487
6.56266170463562	2.37624255735435
6.33764511168328	2.3655344445307
6.10608338947917	2.35096841176073
5.86858478208957	2.34318062375741
5.62250652004884	2.34078854714278
5.37433443627347	2.3398515011529
5.12460400667382	2.33946870202555
4.87451051183765	2.33841975215974
4.62470928190064	2.33849933496605
4.37462974091813	2.33826739911383
4.12516123280159	2.33800226518583
3.877601488688	2.33810904787443
3.63328281014097	2.34001465261919
3.38987807131621	2.34467658139911
3.15349653122526	2.34949408939809
2.92405340174527	2.34775483668694
2.69269740099489	2.37940855319825
2.43867739646869	2.44792422467528
2.40528820714838	2.70480909344047
2.36946534283214	2.93084302737292
2.35192526308654	3.15869957472803
2.33767088091892	3.38637537667018
2.33380281602062	3.63197640846611
2.32864728169868	3.88064853781404
2.32512624251627	4.12671565210443
2.32651729734718	4.37506804242375
2.32812925685276	4.62432384538285
2.33061403672277	4.87533700442863
2.32854006030628	5.12601621841791
2.3303342318464	5.37577749055495
2.32803991168256	5.62479816760413
2.32557603413074	5.87337137076596
2.3283374485544	6.11968158064469
2.33380726830841	6.36802083125691
2.33767234590977	6.61362439724551
2.35126498212537	6.84113668558854
2.37396782657202	7.06799928082385
2.40688131280819	7.30035256890234
2.44160436190872	7.56786215094018
2.68902875595566	7.61759562816685
2.92681919946675	7.64291397770465
3.15575649600647	7.64785933912856
3.39045163713122	7.65451089293834
3.63304525989237	7.65878303850151
3.87832526149498	7.66158270943106
4.12522377018201	7.66238365885253
4.37464101486151	7.66207703732839
4.62517220889517	7.66272377565443
4.87480490441891	7.66135564378392
5.12452057614802	7.66074456241521
5.37433548010734	7.66020526778119
5.62223061391706	7.65914736155071
5.86858572885303	7.65682917413167
6.10695982136742	7.64934410196256
6.33792040311728	7.63703861873081
6.56193231711524	7.62273092196714
6.78382583422596	7.60086514445224
7.63334644331091	7.39669351493222
7.60925558404002	7.15000042699907
7.61330671474963	6.88685901937475
7.6184301395928	6.62499999999999
7.61843013959279	6.37499999999999
7.61843013959281	6.125
7.61843013959279	5.87500000000002
7.61843013959279	5.62499999999999
7.6184301395928	5.375
7.61843013959279	5.125
7.6184301395928	4.875
7.61843013959279	4.625
7.6184301395928	4.375
7.61843013959279	4.12500000000002
7.61843013959279	3.87499999999999
7.6184301395928	3.625
7.61843013959279	3.37499999999999
7.61708723363223	3.11625903227691
7.61573043618915	2.85251430216116
7.63608608961105	2.59613415293767
3.49582458381952	5.70032527380963
4.10026627551313	6.1015255275614
3.89217624714421	3.9048617835327
4.09335867019128	4.89946010936968
4.50804038085023	5.48471334976735
4.44851717680352	5.37288928002214
3.81541181229161	5.1654920912924
3.81130540112632	4.83692432491012
3.57014065723629	5.3910371615501
3.57458527642584	4.60452100529073
4.19859993037359	3.96749149273075
3.80263872850055	6.0320747396664
4.20950141576282	6.0468237413867
3.56529287371643	4.19901312535415
3.55095815288295	5.80856166847108
3.78966665934658	3.95456588880981
4.43087758481416	5.79377563149433
7.68648079720861	7.65266322012351
7.68947557988206	2.34483550329192
4.20719636852739	4.86470233879734
4.44673386563916	5.6790926741194
4.37735468018208	4.7116908126605
3.54508085420285	5.50597577922251
3.55278004525632	4.49233470231553
3.54571729499535	4.30713301552976
3.92219061260711	4.83592668450553
3.92916592835415	5.17358802589775
4.08205922452854	3.9487590296862
3.91698070069422	6.05131889657893
4.42869534878218	4.82457204936543
4.33437840736449	4.88420966885432
4.41631110431524	3.97809429923112
4.51112294023408	4.08360742068128
4.29360152400876	3.89743001367372
3.49970887656832	4.70202600604046
3.58892114453282	4.82289043873652
3.68738983034055	4.88073123566807
3.57420607872923	3.98393292910738
3.49381169432012	4.10718181309839
3.68444823620638	3.90026777684299
4.30167279499468	5.09175045935788
4.40264018981736	5.15344784355333
4.49390673775388	5.25460453441317
4.42650952057105	6.01006547197978
4.32474529584546	6.10002849710421
4.50233007641326	5.89111008704844
3.70284244181186	5.11922915930191
3.60303278675118	5.16997684284344
3.50715742606538	5.28500662102183
3.49737352424648	5.92582373125408
3.58738588920775	6.02719360572295
3.70846954634575	6.10100247217409
4.58482295365651	4.20989201082076
4.50954948556239	4.73169652061957
6.66598796171176	2.60347050122449
6.44167344616366	2.59057440009841
6.21507352528966	2.57472052284314
5.98290647586868	2.56264338344887
5.74398912328411	2.55514998162662
5.49711081323927	2.55302765317458
5.24737286590174	2.55402064788757
4.99962842438441	2.55093368310905
4.7494300218244	2.54941383880667
4.49949534059829	2.54910867933425
4.25096615756675	2.54950104631006
3.99999744123621	2.54903398689451
3.75542369372844	2.54949280618945
3.51676611776626	2.55341675905621
3.27999887218916	2.56574428276268
3.0469648599371	2.56847081016189
2.84123897293039	2.55043091290527
2.61783315864697	2.85380504337048
2.58609919827838	3.07262867700984
2.56369414323395	3.28897196453141
2.54538207024917	3.51247767561658
2.53177165522458	3.75765663563423
2.53143445188919	4.00446111987086
2.53299553479436	4.25073954787481
2.53394240617224	4.49969356256952
2.5401219358932	4.75132216686535
2.54257511775187	5.00098608954228
2.54150560020632	5.25147327765396
2.54041804801392	5.50216987191796
2.53404546767749	5.74946483053091
2.53058470896579	5.9963526275958
2.53239418441206	6.24410003327667
2.54538533309702	6.48752341041653
2.56208041011299	6.70940760937946
2.57424429743117	6.93413888006633
2.60616701100697	7.15830065611737
2.8345318529412	7.45372002132294
3.04697293841988	7.43153185001473
3.27673034274253	7.43535096396584
3.51313951940078	7.44481291083554
3.75727872701877	7.44873714914892
4.00395189847932	7.45138402647796
4.25195020084377	7.45240056690912
4.50184843972105	7.45246661284803
4.74960048457952	7.44994853893338
4.99935820228568	7.44932085524929
5.24919757007163	7.4486383969724
5.49742883837304	7.4475815943555
5.74373637250553	7.44501265952564
5.98067589967275	7.43712250109085
6.21265297762474	7.42084900476392
6.4376511161023	7.41004502199221
6.65856573235349	7.3959689334522
7.37789519470771	7.31214016141194
7.39589635052621	7.02722771485528
7.39293810724163	6.76558682158133
7.40192378864669	6.49999999999999
7.4019237886467	6.24999999999998
7.4019237886467	6.00000000000002
7.40192378864667	5.75000000000001
7.40192378864669	5.49999999999999
7.40192378864668	5.25
7.40192378864669	5
7.40192378864668	4.75000000000001
7.40192378864669	4.49999999999998
7.4019237886467	4.25000000000002
7.40192378864666	4
7.40192378864669	3.74999999999998
7.40192378864668	3.50000000000001
7.3998435251143	3.24362663611712
7.40124624482229	2.97787343393964
7.38405132763043	2.69463286243957
3.43720526218568	5.81542101148304
4.21382089001311	6.161650453164
3.78554911303459	3.83609134286182
4.57659792629563	5.36883647262703
3.88099269422655	5.0806669137746
3.8678313592471	4.9563612787814
3.44732591644577	5.42569587956733
3.45954026523323	4.56040154323716
4.15914963786389	3.851435735398
3.83997734314662	6.13823458015944
3.4475263711325	4.24635438408133
4.540932234184	5.75351244212836
4.4949957633102	4.51917514268472
3.9863374526035	4.914797398585
4.54153596110594	5.61193058384462
2.65257565446565	2.63940389997274
2.63667372040071	7.37375947760737
3.98738718408767	5.10192156850176
7.46581031721299	7.58629436097308
7.45973861410948	2.42436863705514
7.01266111138713	7.57309950913936
7.00601410188657	2.41283792249516
4.01100660044803	3.83807190045606
3.98313282557928	6.15493815948862
3.43077935833509	5.5780056981051
4.18153289980188	5.0081036458306
3.45610107467232	4.40412895840695
4.63807865806848	4.35220381660274
4.54056836140182	4.86683236510629
4.4257943837614	3.8321067829756
4.55637297399741	3.94263507974403
4.6641073644915	4.07985911524921
4.26897544035474	3.75543101612008
3.44958234712419	4.8586374870793
3.52926827316887	3.8459844508531
3.42388854852166	3.97940196043779
3.35175373438455	4.1431024231788
3.66773020117369	3.75386564590796
4.52642448212695	5.12202574071837
4.6420245009429	5.23092781482173
4.46614610323441	6.14858956368789
4.57673895975381	6.01620629532666
4.32617176314306	6.24392809948333
4.64185586106094	5.85119315332555
3.45612720986929	5.14562197721419
3.45232185492056	6.06894868977687
3.35158300119184	5.93470851679111
3.58764572893089	6.17482493262031
3.74323708745734	6.23775136491802
6.5469222897897	2.82705565755847
6.31869052221032	2.80285218186546
6.09090102728039	2.79098031771858
5.85564892904777	2.77407683491325
5.61894981017137	2.76753528194425
5.36906653990753	2.76782873169332
5.11691558854733	2.77359734853544
4.87470825462959	2.76261121938057
4.62344278209058	2.7593926731745
4.37297671193212	2.75777944256612
4.13119172651706	2.76503707502913
3.87810498301429	2.75950670102659
3.64537926168631	2.75427169090737
3.40092828430446	2.76892502969023
3.14833797449014	2.78942559026862
2.80351334523357	3.20146265770308
2.77775455790518	3.42466601626839
2.75144366615387	3.64507950912621
2.73226399279957	3.87747160588648
2.73874989444222	4.12673196164468
2.73808691290762	4.37506419054056
2.74727744536643	4.62761714139432
2.76419546862392	4.87856504081226
2.75734976980591	5.12660452998454
2.75578267507159	5.38022359856263
2.75225373899743	5.6346470880196
2.73647977351155	5.87645947307838
2.73211142146115	6.12138477941628
2.75255450134088	6.36075452292404
2.76910779977147	6.59127871558985
2.78994761573667	6.82328461118968
3.14556734663776	7.21090458794085
3.39745143606659	7.2262116383126
3.64239163847786	7.23411992823358
3.88252999595023	7.23920155112957
4.13185399917035	7.24303962034044
4.38058219521468	7.24319344914548
4.62563047626214	7.23910594986718
4.87376084375026	7.23829645472267
5.12405688377752	7.23723733503327
5.37189308567424	7.23562507011942
5.61863386403287	7.23304105816589
5.85377526791108	7.22444720378879
6.08878224919727	7.21434831147045
6.31698715504577	7.19504759614226
6.54626817114407	7.1715894810695
7.18541743770057	7.12500000000014
7.17842742165396	6.88109698840712
7.17091225046861	6.6353764350764
7.18541743770058	6.37499999999998
7.18541743770061	6.125
7.18541743770056	5.87500000000004
7.18541743770056	5.62499999999998
7.18541743770058	5.375
7.18541743770057	5.125
7.18541743770058	4.87500000000001
7.18541743770056	4.62499999999999
7.1854174377006	4.37499999999999
7.18541743770056	4.12500000000004
7.18541743770056	3.87499999999997
7.18541743770059	3.625
7.17224194528323	3.36719522511581
7.18541743770061	3.12499999999999
7.18274804678551	2.89173991760204
3.30596896344171	5.46555685401528
3.31003607371881	4.4995371679934
4.11102131676074	3.71461285067757
3.88347470922081	6.24715057915234
3.31702852666469	4.31734668442258
4.66674165456164	5.67918171674425
2.77127967150309	7.02433865028706
2.78684587873818	2.9913316762115
4.09570253103651	6.20526248391102
3.89013555993279	3.79560206111199
3.38861484562421	5.70472104773975
4.57377285596156	4.62624313593894
4.05378820809905	5.01090033644616
4.64110322436676	5.510935984845
6.87699712306328	7.39623824696251
6.89491225953301	2.60419855172119
3.77660921907339	5.04248534933669
3.95747784821407	5.01171656269734
2.88551485650644	2.79169004600593
2.87330051094126	7.21006705861038
3.77501181618695	4.94279057624992
3.61253289777634	4.99841789805026
4.42797168529977	4.99399840462351
4.41699248743038	3.65963593561849
4.58991346011874	3.77604146658121
4.73479219599596	3.91655588277999
4.23076854482218	3.58932425390332
3.34946290505657	3.79900275780752
3.51519325434787	3.65607755392949
3.25157859511485	4.00807440393977
3.19210455573079	4.20860727928868
4.63369580673519	6.18561749297145
4.47771227499376	6.33328400654311
4.75612849874779	6.00994306046451
4.81031680090863	5.79666762972878
3.42400664324221	6.24561707114253
3.2778635783299	6.09790742065044
3.6128424540302	6.3481714902167
3.84242865126109	6.39846518182932
6.42976854177852	3.03419083227053
6.19346888024275	3.01452649162772
5.96732132446542	2.98948368582154
5.72982644643676	2.98413148490115
5.49334449692647	2.98004364787282
5.24135054457282	2.98076092146555
4.98479855203336	2.99435646804547
4.74859623503449	2.97362081182414
4.49503742839109	2.96754204631656
4.25149199725146	2.98562723147237
4.01151211727076	2.97208593705921
3.77348443913832	2.96265232314536
3.54008448961147	2.96318763850123
3.29153335735449	2.98553943842488
3.0020321509696	3.30942736949978
2.97352139924751	3.54017459044779
2.94630691528047	3.76064118023457
2.92775173487355	4.0022004248177
2.96145355199102	4.24425885221698
2.94513731971282	4.50187999252368
2.97150558637999	4.7550235904833
2.98880360488199	5.00221677524542
2.98624557957907	5.25156201257051
2.9777730296358	5.5219092653156
2.94704206597191	5.77424304414245
2.93687575815297	5.99881723905313
2.93533928371274	6.23785015962184
2.97514660878247	6.46319783505014
2.99281542256831	6.69916953264994
3.28787486704742	7.00966114057108
3.53981590183061	7.01930121545612
3.7717912515448	7.02326520492906
4.01818462106374	7.03618399358039
4.26365629684889	7.03653055493786
4.50278633139616	7.02618239012569
4.74592331054176	7.02804524231738
4.99621843696052	7.02636588967594
5.24352220218515	7.02298665787573
5.49310517984976	7.02113557435042
5.72678879383632	7.01265446066031
5.96186453952618	7.0026712078453
6.19172250518593	6.98281322545989
6.4253604499817	6.96135836483785
6.95619678254765	7.00542851907797
6.93947190811281	6.76799447112735
6.96481783377617	6.50631575897813
6.9689110867545	6.24999999999996
6.9689110867545	6.00000000000006
6.96891108675442	5.75000000000002
6.96891108675447	5.49999999999997
6.96891108675447	5.25
6.96891108675447	5
6.96891108675445	4.75000000000001
6.96891108675448	4.49999999999996
6.9689110867545	4.25000000000005
6.96891108675441	4.00000000000001
6.96891108675448	3.74999999999995
6.96527187051692	3.49320432335884
6.93947729153589	3.23201265561238
6.95695093678876	2.9968389948363
3.14210090197563	4.40354559905334
4.81735721932456	5.56573883274575
7.13185340908797	2.64765186756903
7.13063377629526	7.36692774737173
4.70028045340184	5.07063757569522
4.74288722477023	5.3789380359106
4.74617491207099	4.24079280770648
4.64788170448286	4.75050867523834
6.77128604594513	2.82561679507625
6.76978755308214	7.17303151890499
4.17130561689669	6.30848369909943
3.80662640869657	3.6975290987551
3.28880233676192	5.78888185627359
4.57910831205373	4.98883510258367
3.34880322549624	5.30397824475373
3.28665384886038	5.63699778597164
3.34415809424073	4.69138687700389
3.0167415573834	6.9634064734338
3.02551861320604	3.04294713867991
3.95744315854418	3.69153170727699
4.00913363539904	6.3035900132011
4.62849118166414	4.50076821146745
4.80183433839455	4.42619617080494
4.61245547453353	3.57549598471159
4.40259611298888	3.46098309412682
4.79509060014933	3.71674196082735
3.34210059155215	3.5995520139539
4.66412724547887	6.38496719711392
4.85810744761491	6.20636257712135
4.97398556738552	5.9723168169092
3.64229364175025	6.53908116070697
6.25937222729236	3.24147875449519
6.05169042732136	3.22849021219808
5.83263948959145	3.20390130060597
5.60082921267507	3.19689324049974
5.35783314343018	3.19748694075518
5.11521775979427	3.19307425782247
4.84641876173993	3.22752671710906
4.61728779615049	3.1492460126225
4.38158841296528	3.21814889589469
4.12049576827257	3.18332250463299
3.88270336624946	3.17899156227172
3.65295276246939	3.17657835279874
3.44539134446262	3.15231903178972
3.20551738861956	3.44837189930812
3.15307044850741	3.6753760746254
3.2054278517784	6.55210577624654
3.42905647944779	6.84347687655768
3.65620663908607	6.78283912759083
3.91500853991564	6.83122719417685
4.15414017284406	6.83650187033701
4.38654965848227	6.80815114710108
4.61887786924312	6.80299115058612
4.86685398366636	6.81825244311197
5.11402564819496	6.81208658467617
5.35813740351624	6.80494987990714
5.5969358536824	6.79796282173254
5.8214474551529	6.78619587634809
6.0461064646374	6.76791231879991
6.26031153559749	6.75795227497696
6.74753493026193	6.63596782521347
6.76830235267263	6.36904346002948
6.75240473580844	6.12500000000001
6.75240473580833	5.8750000000001
6.75240473580831	5.62499999999995
6.75240473580838	5.37499999999999
6.75240473580836	5.125
6.75240473580836	4.87500000000003
6.75240473580832	4.62499999999996
6.75240473580843	4.37499999999999
6.75240473580832	4.12500000000011
6.75240473580831	3.87499999999992
6.76835277979311	3.6279250618655
6.74890145870709	3.3612538600139
4.9166946547055	5.3736344886885
3.87250013431544	3.53883256611652
3.1731166020415	5.53854454886132
4.73835179170648	4.61058245178593
4.85104404912923	4.07694819399765
3.22843980917999	6.76013566470191
3.23782267995077	3.23163227710602
4.82329332822095	5.19886094656931
4.28046689543203	6.42833889744475
3.14223492759864	4.62709649876341
3.68438759615404	3.56592791146295
3.16662996639975	5.36459949355529
4.05581388225217	3.5497749869448
4.53639187962888	4.4184811720533
3.39594512169032	5.00094453161199
4.71496098997828	4.89296911957413
3.19793853294423	6.32048850659114
3.15454883715608	5.90561738797417
3.12493533555357	5.69598845852634
6.99189166693418	2.78782269605008
6.97557525173801	7.21537365926327
3.08802243618328	4.08130602283081
6.69474144836714	3.07672949306814
6.6885890978503	6.9176025520328
4.06306165682385	6.47888791602971
3.23670484141929	4.87350384868548
3.23099950663812	5.13616291164152
4.93748316303919	4.60613014348213
4.86478298380842	6.43240373738399
6.15533170612114	3.46654493463438
5.91962099211255	3.42225767886899
5.7012094071641	3.41420156676566
5.47063946237037	3.4136144604691
5.22171870536527	3.42333448965886
5.00983618352576	3.38910706754991
4.74387699405952	6.60576356892234
4.98665297954435	6.60827817806902
5.21644656701697	6.58566161732709
5.45617710596087	6.5836618072014
5.68086060743869	6.57197343435097
5.89814841293457	6.55453600727262
6.14907786661003	6.51759783659272
6.55850461303596	6.47692470279302
6.54861045690383	6.24346896576996
6.54345925465747	5.99823840937288
6.53971454431035	5.75028110814465
6.53589838486225	5.49999999999991
6.53589838486227	5.25000000000001
6.53589838486226	5.00000000000002
6.5358983848622	4.75000000000002
6.53589838486228	4.49999999999989
6.54127775047154	4.24847514228207
6.54479135579986	3.99981815664078
6.54937251702192	3.75482222662185
6.55803433895571	3.52114952413192
5.03062934435839	5.18091081401161
5.01219385700572	5.52801938528082
3.43053504814591	6.64495742440065
4.93268412063939	4.25356496030194
4.88970500243975	4.98581096137603
4.95215924831343	3.88521194924058
3.75088947353512	3.36782651499922
6.5205247767524	3.25114207356095
6.52070838461125	6.74728984909679
4.83518012628909	4.77178133383398
4.4880003988085	6.56878121833701
3.48116978067099	3.40272296997966
4.24702524438223	6.61706132340265
3.12251421848829	3.87818043223158
3.98003362586316	3.37119119139711
4.81479699460132	3.48340460874477
3.86184288664783	6.60780546965171
6.00084389954713	3.60914720163585
5.80132071024674	3.62439124289212
5.57173945491591	3.63142331092692
5.32729308912514	3.63613850896198
5.32717935748812	6.34107358319534
5.55525060504199	6.35110003273889
5.77893448257989	6.35509889440535
5.97438274149979	6.36104695795851
6.33902053467031	6.12258905260134
6.33088004882931	5.87748122404553
6.32292061256435	5.62967562423162
6.3197972571158	5.38226450483352
6.31939203391616	5.12500000000002
6.31939203391612	4.87500000000008
6.31939203391606	4.62499999999988
6.32899662435779	4.36951525560752
6.33301958871076	4.11844005800434
6.34496839970178	3.86882858491024
5.12905843167879	6.1424749052917
6.34419408513828	6.36410305576649
5.1098519292023	4.99979037927705
6.35088474398174	3.62698060983918
5.07526944542738	4.08716085843083
5.14248941555566	5.36598970029543
5.05355115012354	4.7941786259375
3.42832640032716	6.4414439784735
4.99878947679335	4.42871719911524
5.07313078767482	6.37893323709784
5.04535572954027	3.63559846908651
5.2094273613559	5.60488557477449
5.9242480006779	3.85531944995088
5.68966539855942	3.84783246566991
5.43470141474042	3.85582643256521
5.66074251479692	6.1297130368072
5.90692327449571	6.13119475657828
6.11869804297736	5.76137604236809
6.09829565872682	5.51971620348484
6.11149464765712	5.24483536653679
6.10393556596021	4.98425580320994
6.08625090991133	4.74205929452825
6.09481372851822	4.48924740964913
6.12611704211001	4.23193712444507
5.33210697934657	4.85546093930492
5.26749228914394	5.14399130658007
5.19985580281621	3.8696515818824
5.16988584813784	4.31243678037142
5.19482068124975	4.57651975807266
6.36532330147668	6.57515951368274
6.3665979575319	3.42081142621417
5.42357709370487	6.12496507046952
6.13764595502015	3.9809259205422
6.13162702523028	6.01023417270609
5.24654286132026	5.88372242539516
5.56814823234711	4.03219286271262
5.86841529137751	5.65860973453034
5.88311323380194	5.37162890911099
5.90895746720207	5.10600617587559
5.87549469476798	4.8608941559795
5.85133422649317	4.62113316600512
5.86796025104658	4.34384283433951
5.43894098095517	4.60210560454269
5.5019094201978	5.01988960438629
5.38847564003793	4.38044387291002
5.75725158782711	4.0883544839835
5.7502419155875	5.91180087245015
5.35811332791895	5.4205234982257
5.34479122008098	4.10780387509066
5.52775264245235	5.89824456772569
5.96020069321183	4.10526303164847
5.95542360879152	5.89653759321842
5.68372392873143	5.20160092322905
5.64398291992898	5.47323437663346
5.59375852033196	4.25109304518225
5.61822432377187	4.77593935096472
5.43082852395013	5.65734285782842
5.63346092772616	4.49620815565374
2.05590811869359	2.19243272495362
2.04228773495198	7.79310622613534
4.99351536613134	5.73839211845135
4.05209014664634	6.67369203878282
4.61409331601828	3.35811887145513
3.10097996142443	6.1077054848144
4.2976799705208	4.97963100367375
5.71180072898141	4.99521408353945
5.49187125943306	5.2500962413144
6.16745395037945	3.72119314987226
6.13947663674942	6.24024766266052
2.18823729584613	2.37179990631944
2.19186975370275	7.62367279994178
7.24558547545791	2.45813352062384
7.24320574474643	7.55141105461923
1.91391897949734	1.98922398716068
1.91069538456023	7.99673345248542
4.18944619786198	3.39358601555146
7.11981854376991	2.25460235117596
7.12648933477233	7.74408228041506
5.64552834152681	5.71518875368023
3.7874923180723	5.61795442165306
4.01844651925928	5.81069627727598
