424	249	248
215	122	123
395	216	394
324	325	41
328	38	327
187	58	59
681	526	358
465	293	292
431	255	430
349	7	15
499	330	329
291	292	81
332	33	34
392	214	213
244	174	175
353	6	60
913	761	760
246	172	173
362	141	4
341	342	24
208	129	130
224	225	113
210	211	127
217	120	121
196	13	14
212	213	125
196	14	195
903	904	751
195	14	10
220	118	219
222	115	116
216	122	215
575	420	574
553	397	552
223	115	222
219	118	119
193	194	56
225	112	113
245	174	244
226	227	111
669	532	411
364	1	103
364	184	1
364	235	184
234	104	233
236	183	235
231	107	230
568	569	414
238	180	181
231	106	107
412	237	236
230	107	108
229	230	108
228	229	109
227	110	111
396	217	395
228	109	110
248	171	247
423	247	422
417	418	242
679	373	192
192	57	9
373	193	192
426	250	425
191	372	9
224	113	114
253	165	166
250	168	169
254	165	253
190	143	189
437	262	261
576	422	421
264	155	263
260	159	259
438	263	262
358	8	527
282	90	91
267	151	152
273	274	99
259	159	160
270	148	149
275	97	98
531	272	271
277	95	96
277	278	95
276	96	97
279	280	93
269	150	268
268	150	151
266	153	265
267	268	151
265	154	264
675	523	355
441	442	266
264	154	155
281	282	91
284	88	89
286	86	87
294	78	79
261	262	157
439	263	438
288	84	85
289	290	83
293	79	80
495	496	326
787	615	614
297	76	296
298	299	74
323	42	43
299	73	74
318	48	317
484	315	314
310	62	63
361	55	3
309	63	64
312	54	311
480	307	479
311	54	55
308	64	65
313	53	312
474	302	301
310	63	309
304	68	69
302	70	71
318	47	48
317	48	49
319	320	46
303	304	69
295	78	294
376	367	196
321	44	45
654	502	501
186	365	11
647	495	494
1133	690	989
325	40	41
327	38	39
330	35	36
382	203	381
674	349	518
845	684	517
387	209	208
388	210	209
335	30	31
186	11	13
206	207	131
389	390	211
207	208	130
390	391	212
207	130	131
338	27	28
337	28	29
337	338	28
339	27	338
341	24	25
382	204	203
203	135	202
342	23	24
205	132	133
343	22	23
203	134	135
336	337	29
343	23	342
344	21	22
203	204	134
346	19	20
347	19	346
362	197	141
197	140	141
347	18	19
350	7	349
495	326	325
261	157	158
360	101	102
688	188	368
189	143	12
191	9	142
354	353	60
437	438	262
355	61	5
525	357	526
256	162	163
263	155	156
357	144	145
285	88	284
358	145	8
456	284	283
278	94	95
351	349	15
990	674	702
201	136	137
200	201	137
694	696	371
189	12	369
196	186	13
211	126	127
260	158	159
355	5	524
307	65	66
308	65	307
350	102	7
296	76	77
320	45	46
301	71	72
280	92	93
267	152	266
654	501	653
328	37	38
316	50	315
316	317	49
205	133	204
204	133	134
1294	1424	1139
343	344	22
243	244	175
241	177	178
303	69	70
321	45	320
228	110	227
242	176	177
428	253	252
371	191	190
274	98	99
276	277	96
245	173	174
245	246	173
340	25	26
384	206	205
377	378	199
362	4	17
463	291	290
462	290	289
650	651	498
471	299	298
400	222	221
218	120	217
352	6	521
351	15	16
275	276	97
275	98	274
503	334	333
494	324	493
634	481	480
302	303	70
279	93	94
279	94	278
247	171	172
247	172	246
306	66	67
635	482	671
361	62	310
361	3	62
348	18	347
200	137	138
429	254	253
433	258	257
235	183	184
233	104	105
460	461	288
326	40	325
237	181	182
410	231	409
194	10	56
375	195	194
221	116	117
221	222	116
331	332	34
496	327	326
240	179	239
409	231	230
220	117	118
220	221	117
414	239	238
241	242	177
226	111	112
226	112	225
688	369	188
501	332	331
206	132	205
340	26	339
308	309	64
307	66	306
302	71	301
621	468	467
363	2	146
363	100	2
209	128	129
209	129	208
214	215	123
547	391	546
213	124	125
391	213	212
199	138	139
198	140	197
322	323	43
294	79	293
193	56	57
193	57	192
374	194	193
560	561	405
272	146	147
272	363	146
446	271	270
273	363	272
305	306	67
305	68	304
199	200	138
345	346	20
345	20	21
345	21	344
266	152	153
265	153	154
600	670	446
271	272	147
513	343	512
514	345	344
432	256	431
356	524	5
319	46	47
319	47	318
210	127	128
210	128	209
516	347	346
1159	1018	1017
915	916	763
445	270	269
281	91	92
281	92	280
473	301	300
300	73	299
239	179	180
239	180	238
283	89	90
283	90	282
315	50	51
316	49	50
354	60	61
354	61	355
664	512	511
662	663	510
398	220	219
680	376	195
394	216	215
686	186	367
292	80	81
292	293	80
361	311	55
361	310	311
392	393	214
390	212	211
357	145	358
439	264	263
258	160	161
258	259	160
198	139	140
198	199	139
271	147	148
271	148	270
333	32	33
333	33	332
322	43	44
322	44	321
383	205	204
380	202	201
202	135	136
202	136	201
681	358	527
359	101	360
406	227	405
418	243	242
283	284	89
594	595	440
584	585	430
257	258	161
614	461	460
453	454	281
237	238	181
413	414	238
359	8	101
291	81	82
229	108	109
417	242	241
269	149	150
269	270	149
559	404	403
843	680	375
669	412	532
232	106	231
313	52	53
478	306	305
474	301	473
641	488	640
297	75	76
298	74	75
234	235	364
532	234	233
212	125	126
212	126	211
512	343	342
382	383	204
498	329	328
329	330	36
188	369	12
353	521	6
255	163	164
255	256	163
404	226	225
1036	886	1035
234	103	104
234	364	103
672	529	516
348	197	362
252	166	167
252	253	166
360	102	350
619	465	618
339	26	27
340	341	25
509	340	339
206	131	132
324	41	42
324	42	323
455	283	282
526	357	358
456	457	284
460	288	287
352	16	6
352	351	16
312	53	54
481	308	480
295	77	78
295	296	77
262	156	157
262	263	156
456	283	455
287	288	85
314	315	51
484	314	483
257	161	162
257	162	256
273	99	100
273	100	363
356	5	144
356	144	357
305	67	68
476	304	303
504	335	334
334	32	333
420	245	244
419	420	244
525	356	357
260	261	158
290	82	83
290	291	82
423	248	247
251	252	167
251	167	168
251	168	250
434	258	433
439	440	264
336	29	30
336	30	335
214	123	124
214	124	213
426	427	251
678	372	191
490	320	489
464	291	463
593	439	438
435	260	259
249	169	170
249	250	169
188	12	58
188	58	187
511	512	342
656	504	503
377	198	529
836	666	835
449	277	276
604	450	603
297	298	75
467	468	295
470	298	297
519	528	360
334	31	32
334	335	31
287	85	86
287	86	286
326	39	40
326	327	39
348	17	18
348	362	17
289	83	84
289	84	288
216	121	122
216	217	121
218	119	120
218	219	119
236	182	183
236	237	182
240	178	179
240	241	178
765	766	590
440	265	264
243	175	176
243	176	242
232	105	106
232	233	105
491	492	322
492	323	322
595	441	440
603	450	449
464	292	291
463	290	462
423	424	248
728	729	550
648	496	495
642	643	490
329	36	37
329	37	328
331	34	35
331	35	330
569	415	414
406	228	227
480	308	307
796	624	623
190	142	143
190	191	142
485	316	315
491	322	321
223	114	115
223	224	114
300	72	73
300	301	72
314	51	52
314	52	313
185	59	11
185	187	59
665	666	513
875	723	722
254	164	165
254	255	164
248	170	171
248	249	170
285	87	88
285	286	87
383	384	205
542	387	386
373	374	193
408	409	230
487	318	317
642	490	489
445	269	444
446	270	445
415	239	414
407	228	406
616	463	462
443	268	267
386	207	385
389	211	210
706	522	523
685	521	353
528	359	360
469	297	296
419	244	243
419	243	418
617	463	616
458	286	285
429	430	254
581	582	427
395	217	216
950	797	949
683	524	356
611	612	458
489	320	319
487	488	318
378	200	199
377	199	198
531	273	272
771	596	595
426	251	250
583	429	428
481	309	308
482	313	312
444	269	268
444	268	443
634	671	481
477	478	305
430	255	254
431	256	255
519	360	350
470	297	469
450	278	277
450	277	449
410	232	231
568	414	413
541	386	385
507	338	337
379	201	200
379	380	201
411	232	410
532	235	234
493	324	323
493	323	492
436	260	435
591	437	436
529	198	197
529	197	348
557	401	556
396	218	217
470	471	298
703	519	684
508	509	339
185	11	365
600	446	445
447	275	274
454	282	281
454	455	282
500	330	499
673	366	185
461	289	288
461	462	289
518	349	351
649	496	648
1167	1168	1026
687	352	521
647	648	495
644	491	643
405	227	226
558	403	402
498	499	329
651	499	498
421	246	245
421	245	420
472	473	300
649	497	496
826	827	657
502	332	501
601	448	447
448	449	276
416	241	240
416	417	241
497	327	496
819	650	649
479	307	306
479	306	478
658	506	505
979	827	826
407	229	228
564	565	409
532	236	235
532	412	236
510	341	340
510	340	509
504	334	503
505	335	504
451	279	278
451	278	450
466	294	293
466	293	465
747	571	746
733	555	554
617	618	464
620	621	467
678	191	371
429	253	428
442	267	266
442	443	267
472	300	299
472	299	471
368	188	187
689	368	366
367	186	196
389	210	388
605	452	451
780	608	607
379	200	378
515	516	346
381	203	202
381	202	380
452	280	279
452	279	451
506	337	336
506	507	337
387	388	209
656	657	504
415	240	239
415	416	240
396	397	218
749	750	574
531	271	446
778	605	777
402	223	401
403	225	224
486	317	316
486	316	485
816	817	647
523	354	355
487	317	486
475	476	303
413	238	237
413	237	412
477	305	304
477	304	476
376	196	195
728	549	727
572	573	418
562	406	561
522	353	354
685	353	522
457	285	284
457	458	285
768	593	592
598	444	443
747	572	571
404	405	226
673	185	365
674	517	349
422	247	246
422	246	421
434	259	258
434	435	259
531	274	273
531	447	274
792	619	791
464	465	292
658	505	657
543	388	387
401	223	222
401	222	400
515	346	345
515	345	514
816	646	815
517	350	349
511	342	341
511	341	510
539	383	538
662	510	509
534	379	378
835	666	665
645	492	644
627	474	473
427	252	251
427	428	252
393	215	214
393	394	215
505	336	335
505	506	336
484	485	315
632	479	478
618	465	464
617	464	463
529	348	347
529	347	516
639	487	486
962	810	809
750	575	574
574	420	419
684	519	350
622	469	468
425	250	249
425	249	424
488	319	318
488	489	319
385	207	206
385	206	384
192	9	372
679	192	372
497	328	327
497	498	328
585	431	430
587	433	432
408	230	229
408	229	407
366	187	185
366	368	187
758	583	582
404	225	403
530	311	310
530	312	311
625	626	472
644	492	491
448	276	275
448	275	447
436	261	260
436	437	261
399	400	221
730	552	551
584	429	583
708	706	523
663	511	510
538	383	382
500	331	330
500	501	331
468	296	295
468	469	296
399	221	220
399	220	398
624	471	470
630	477	476
533	378	377
672	377	529
467	295	294
467	294	466
397	219	218
397	398	219
675	355	524
523	522	354
359	527	8
676	527	359
494	325	324
494	495	325
459	286	458
613	459	612
530	482	312
671	530	481
483	314	313
483	313	482
453	281	280
453	280	452
459	287	286
459	460	287
604	451	450
584	430	429
411	233	232
411	532	233
579	425	424
581	427	426
686	365	186
657	505	504
1009	850	849
392	213	391
402	224	223
402	403	224
441	266	265
441	265	440
577	422	576
909	757	756
475	303	302
475	302	474
727	549	548
727	548	726
567	413	412
567	568	413
556	401	400
559	403	558
432	257	256
432	433	257
10	194	195
677	375	194
370	190	189
370	371	190
547	392	391
548	393	392
633	480	479
638	486	485
513	344	343
513	514	344
386	208	207
386	387	208
502	333	332
502	503	333
608	455	454
609	456	455
592	438	437
1079	936	935
490	321	320
490	491	321
645	493	492
684	350	517
545	390	389
680	195	375
592	593	438
683	356	525
520	351	352
520	518	351
623	470	469
624	470	623
530	310	309
530	309	481
508	339	338
508	338	507
602	603	449
611	458	457
668	516	515
672	533	377
561	406	405
564	409	408
643	491	490
990	845	674
639	640	487
640	488	487
667	668	515
537	538	382
544	545	389
544	389	388
638	639	486
629	630	476
846	365	686
845	517	674
1278	855	1012
1000	843	677
702	674	518
1002	686	691
908	755	907
761	762	586
749	574	573
743	565	564
662	509	661
661	509	508
682	189	369
682	370	189
575	421	420
575	576	421
551	396	395
677	194	374
557	402	401
557	558	402
626	473	472
627	473	626
770	594	769
608	609	455
715	716	537
666	514	513
1281	1421	1143
997	678	696
578	423	577
577	423	422
715	537	536
664	511	663
590	591	436
589	435	434
672	516	668
672	668	533
981	829	828
1152	846	1002
563	408	407
1043	1131	894
660	661	508
660	508	507
671	482	530
634	480	633
564	408	563
745	746	570
542	386	541
540	385	384
607	454	453
606	607	453
707	522	706
1146	1150	1004
578	424	423
578	579	424
592	437	591
590	436	435
570	416	415
570	415	569
565	410	409
566	410	565
599	444	598
601	670	600
670	447	531
670	531	446
615	461	614
622	468	621
588	433	587
1060	914	913
646	647	494
622	623	469
549	394	393
549	393	548
597	443	442
597	598	443
659	507	506
542	543	387
788	616	615
786	614	613
620	467	466
619	466	465
555	400	399
555	556	400
637	484	636
630	631	477
604	605	451
601	447	670
602	449	448
601	602	448
964	811	963
800	627	799
761	585	760
586	587	432
785	613	612
610	456	609
831	662	661
983	830	982
834	665	664
534	378	533
761	586	585
863	710	864
815	646	645
816	647	646
789	616	788
620	466	619
554	399	398
554	555	399
612	459	458
844	681	527
586	432	431
586	431	585
755	579	754
753	578	577
547	548	392
722	723	544
667	515	514
667	514	666
676	359	528
944	791	943
778	606	605
596	597	442
729	551	550
550	394	549
641	489	488
641	642	489
566	411	410
669	411	566
1011	854	853
687	520	352
652	500	499
652	499	651
625	472	471
624	625	471
700	376	680
982	830	829
540	541	385
539	384	383
596	442	441
596	441	595
632	633	479
629	475	628
536	381	380
535	380	379
535	536	380
535	379	534
615	462	461
615	616	462
571	417	416
571	416	570
817	648	647
701	702	518
1083	939	1082
792	620	619
653	501	500
653	500	652
802	803	630
800	628	627
580	426	425
580	425	579
798	799	626
814	645	644
631	478	477
631	632	478
752	753	577
751	576	575
1040	1041	891
746	571	570
724	725	546
544	388	543
840	566	565
740	562	561
635	483	482
634	635	671
546	391	390
546	390	545
1077	934	933
772	596	771
669	567	412
669	566	567
650	498	497
650	497	649
737	559	558
738	560	559
769	594	593
608	454	607
637	638	485
637	485	484
590	435	589
1062	916	915
821	652	651
944	792	791
582	428	427
582	583	428
636	484	483
636	483	635
862	706	708
581	426	580
843	375	677
732	554	553
708	523	675
762	587	586
735	557	556
732	553	731
1013	858	857
707	685	522
725	547	546
699	677	374
807	637	806
1097	1098	954
710	525	526
934	935	782
719	541	540
540	384	539
716	538	537
877	725	724
599	445	444
599	600	445
613	460	459
613	614	460
562	407	406
562	563	407
949	797	796
814	815	645
764	588	763
769	593	768
655	656	503
825	655	824
1068	921	1067
776	777	604
1274	864	1135
793	794	621
646	494	493
646	493	645
750	751	575
905	753	752
788	615	787
782	609	781
802	629	801
955	803	802
560	405	404
560	404	559
720	541	719
659	506	658
1105	965	964
800	801	628
628	475	474
628	474	627
552	397	396
552	396	551
550	395	394
550	551	395
801	629	628
629	476	475
665	513	512
665	512	664
809	640	639
802	630	629
764	589	588
920	768	767
610	457	456
610	611	457
606	453	452
606	452	605
806	637	636
839	634	633
774	599	598
930	778	777
973	821	820
846	673	365
573	419	418
573	574	419
827	658	657
659	660	507
588	434	433
588	589	434
698	373	679
906	754	753
712	676	528
791	619	618
852	692	700
829	660	659
537	382	381
537	381	536
572	418	417
572	417	571
1691	1566	1683
740	561	739
655	503	502
655	502	654
553	398	397
553	554	398
826	657	656
830	660	829
714	535	713
717	538	716
594	440	439
594	439	593
741	742	563
1158	896	895
705	520	687
850	693	689
931	932	779
1218	1081	1080
777	605	604
778	779	606
961	809	808
799	627	626
713	535	534
714	536	535
789	617	616
943	791	790
775	776	603
776	604	603
1005	635	839
805	632	804
1000	677	699
756	581	580
828	829	659
1252	1117	1116
745	570	569
898	746	745
835	665	834
836	667	666
722	544	543
1025	876	875
824	655	654
1439	1295	1296
786	787	614
940	788	787
696	678	371
997	841	678
735	556	734
736	558	557
767	592	591
767	768	592
782	610	609
783	610	782
840	567	566
744	745	569
876	724	723
721	543	542
1015	861	862
842	524	683
691	686	367
723	545	544
781	609	608
781	608	780
759	584	583
759	583	758
928	775	927
772	597	596
934	782	781
786	613	785
972	973	820
976	824	823
728	550	549
878	725	877
732	733	554
730	551	729
857	701	705
972	819	971
1115	975	974
820	650	819
795	623	622
965	813	812
790	618	617
790	791	618
752	577	576
752	576	751
886	734	733
1040	891	890
695	370	682
1202	1063	1062
760	585	584
760	584	759
1418	1148	1270
848	369	688
731	553	552
730	731	552
812	643	642
953	801	800
957	805	804
804	632	631
748	749	573
737	558	736
1219	1220	1082
998	676	712
822	653	652
822	652	821
971	818	970
818	819	649
692	376	700
995	680	843
848	682	369
1147	853	695
721	722	543
876	877	724
833	664	663
833	834	664
690	366	673
690	689	366
818	649	648
818	648	817
779	607	606
779	780	607
793	621	620
794	622	621
1149	1003	847
847	687	521
906	753	905
1287	997	1144
711	526	681
711	710	526
988	836	835
714	715	536
748	573	572
748	572	747
1549	1424	1426
996	685	707
869	717	716
871	872	719
784	612	611
784	785	612
775	603	602
1079	935	1078
874	722	721
1028	879	878
701	518	520
701	520	705
734	556	555
734	555	733
811	642	641
810	640	809
838	533	668
838	534	533
697	373	698
1057	911	910
773	598	597
772	773	597
724	546	545
724	545	723
796	623	795
797	625	624
954	955	802
811	812	642
766	591	590
766	767	591
693	688	368
693	368	689
808	639	638
808	809	639
841	372	678
908	756	755
1267	1142	860
789	790	617
978	826	825
1277	1141	851
882	883	730
823	653	822
948	796	795
795	622	794
1002	846	686
981	982	829
765	590	589
915	763	762
783	611	610
783	784	611
763	588	587
763	587	762
792	793	620
860	712	704
774	598	773
837	600	599
847	521	685
996	847	685
1095	1096	952
796	797	624
726	548	547
726	547	725
1425	1281	2381
933	781	780
844	527	676
937	938	785
744	569	568
894	742	741
754	579	578
754	578	753
718	540	539
718	719	540
704	712	528
945	792	944
704	528	519
704	519	703
924	772	771
1069	922	1068
851	691	692
995	700	680
825	656	655
825	826	656
945	793	792
813	643	812
852	851	692
1170	1029	1028
837	601	600
837	599	774
887	735	734
736	557	735
805	633	632
961	962	809
798	626	625
798	625	797
841	679	372
757	758	582
1008	602	601
1008	775	602
803	631	630
803	804	631
840	565	743
1007	567	840
820	651	650
820	821	651
717	539	538
717	718	539
902	750	749
855	697	856
1172	1030	1171
1033	884	883
832	833	663
1022	872	1021
1100	1156	1130
961	808	960
873	720	872
873	721	720
842	675	524
1143	708	993
742	564	563
742	743	564
839	635	634
839	633	805
737	738	559
884	731	883
950	951	798
949	796	948
828	659	658
828	658	827
807	638	637
807	808	638
813	644	643
813	814	644
942	943	790
941	788	940
739	561	560
739	560	738
1285	1101	1100
950	798	797
823	654	653
823	824	654
755	580	579
755	756	580
987	988	835
870	717	869
697	374	373
697	699	374
709	683	525
709	525	710
1082	939	938
917	764	916
900	748	747
892	740	739
838	713	534
871	719	718
810	641	640
810	811	641
832	663	662
832	662	831
1287	1154	997
856	697	698
741	563	562
741	562	740
866	838	1006
1006	667	836
757	582	581
757	581	756
969	816	968
968	816	815
881	728	880
880	728	727
1005	636	635
1005	806	636
908	909	756
1276	1422	1144
986	987	834
868	716	715
1007	568	567
1007	744	568
916	764	763
765	589	764
830	661	660
830	831	661
770	595	594
770	771	595
692	367	376
692	691	367
918	766	765
1064	918	917
914	915	762
911	759	758
720	542	541
720	721	542
1210	1071	1070
933	934	781
937	785	784
935	783	782
1153	995	843
1047	901	900
694	371	370
694	370	695
972	820	819
1090	947	946
1217	1218	1080
1076	932	1075
864	710	711
1078	935	934
872	720	719
979	826	978
951	799	798
1382	1383	1231
956	804	803
955	956	803
967	815	814
1130	1156	957
1130	957	956
959	807	806
1393	1242	1392
942	790	789
998	844	676
919	920	767
870	718	717
870	871	718
1051	905	904
888	735	887
952	800	799
952	799	951
863	709	710
1196	1197	1057
903	751	750
889	737	736
1118	978	977
974	822	821
1279	859	1139
973	974	821
859	860	704
1090	946	1089
1079	1080	936
923	770	922
896	744	1007
895	742	894
1065	919	918
1063	916	1062
1031	882	881
876	723	875
1008	601	837
927	837	774
1151	1001	845
859	704	703
893	741	740
893	894	741
1087	1088	944
1014	860	859
1144	696	854
853	694	695
954	802	801
954	801	953
866	713	838
866	836	988
1003	705	687
1003	687	847
964	812	811
966	967	814
977	825	824
977	978	825
1128	987	1127
866	1006	836
883	731	730
1172	1031	1030
890	737	889
892	893	740
1144	997	696
914	762	761
1145	1003	1149
1147	695	991
1136	699	855
902	749	901
999	842	683
999	683	709
1577	1687	1555
977	824	976
849	689	690
849	850	689
1262	1127	1126
985	833	832
867	715	714
867	868	715
904	752	751
904	905	752
907	755	754
906	907	754
958	806	1005
1102	962	961
919	767	766
919	766	918
963	811	810
963	810	962
869	716	868
1020	1021	871
1196	1057	1056
1054	907	1053
1133	849	690
975	976	823
1136	1000	699
882	730	729
926	927	774
929	776	928
1275	1015	862
1422	1287	1144
957	804	956
958	1005	839
971	819	818
970	818	817
967	968	815
965	812	964
1280	1133	989
874	875	722
1006	668	667
1006	838	668
1004	848	688
1004	688	693
1110	969	1109
1152	1002	1141
921	769	768
921	768	920
855	699	697
1038	1039	889
1036	887	886
1038	889	888
888	736	735
888	889	736
1244	1109	1108
1392	1242	1241
1166	1025	1024
983	831	830
986	833	985
987	835	834
1035	886	885
886	887	734
1275	862	1143
1272	849	1133
1125	985	984
1021	872	871
891	892	739
890	738	737
922	770	769
922	769	921
879	727	726
879	880	727
1095	952	951
952	953	800
1026	877	876
1026	1027	877
858	702	701
858	701	857
895	743	742
899	900	747
899	747	746
899	746	898
1082	938	1081
937	784	936
975	823	822
975	822	974
1121	980	1120
1259	1123	1258
958	959	806
1101	1102	961
1150	991	848
1149	847	996
928	776	775
1157	928	927
901	749	748
901	748	900
896	840	743
896	1007	840
939	787	786
939	940	787
936	784	783
936	783	935
938	786	785
938	939	786
910	757	909
1143	862	708
925	773	772
925	772	924
1092	948	1091
1230	1231	1093
1001	703	684
1001	684	845
1150	848	1004
1196	1056	1195
1175	1176	1034
1032	1033	883
993	708	675
993	675	842
912	913	760
1425	2381	1414
1029	879	1028
1010	851	852
881	729	728
881	882	729
1092	949	948
1221	1083	1220
960	808	807
960	807	959
1109	969	968
1105	964	1104
1050	904	903
1340	1187	1339
932	780	779
933	780	932
1066	919	1065
1065	918	1064
910	758	757
910	911	758
1197	1058	1057
914	761	913
929	777	776
929	930	777
1008	837	927
1008	927	775
923	771	770
923	924	771
984	985	832
1126	985	1125
1174	1033	1032
1037	887	1036
873	874	721
980	827	979
1050	903	1049
1347	1195	1194
895	896	743
897	744	896
897	745	744
897	898	745
1155	865	866
865	867	714
854	696	694
854	694	853
958	839	805
958	805	957
1096	953	952
1104	964	963
991	695	682
991	682	848
861	707	706
861	706	862
931	779	778
931	778	930
917	765	764
917	918	765
1097	954	953
1233	1096	1095
947	795	794
947	948	795
1204	1064	1203
1016	863	864
878	726	725
878	879	726
1012	855	856
1045	899	898
946	947	794
1089	946	945
984	832	831
984	831	983
946	794	793
946	793	945
994	698	679
994	679	841
1066	1067	920
1368	1217	1216
1048	902	901
902	903	750
926	774	773
926	773	925
980	828	827
980	981	828
865	714	713
865	713	866
912	760	759
912	759	911
969	817	816
969	970	817
1114	974	973
1247	1112	1111
941	789	788
941	942	789
1285	1100	1130
1238	1103	1102
989	673	846
989	690	673
885	733	732
885	886	733
1043	894	893
1158	897	896
966	814	813
966	813	965
2382	844	998
1225	1088	1087
1067	921	920
1081	938	937
884	732	731
884	885	732
891	739	738
891	738	890
1049	903	902
1039	890	889
1107	1108	967
1111	971	970
1426	1151	1282
1658	1533	1532
1119	978	1118
986	834	833
992	711	681
992	681	844
1343	1190	1342
1414	2381	1140
1017	868	867
1127	987	986
1020	871	870
1319	1166	1165
1131	895	894
1044	1158	1131
1151	845	990
1688	1671	1557
1271	1012	856
1344	1192	1191
1460	1461	1323
1400	1250	1249
1266	1140	863
1059	912	1058
1115	974	1114
1273	1134	858
1024	875	874
1406	1256	1255
1255	1120	1119
1273	858	1013
2381	999	1140
2381	842	999
1091	948	947
1087	944	943
1271	856	1137
1289	1419	1137
1240	1105	1104
1106	965	1105
1072	929	928
1132	926	925
1041	892	891
1048	1049	902
1121	981	980
1120	980	979
1108	968	967
1108	1109	968
1222	1085	1084
1516	1384	1515
1264	857	1145
1277	851	1010
1157	926	1132
1157	927	926
1086	943	942
1087	943	1086
1052	906	905
1052	905	1051
1697	1678	1563
1265	1263	1146
1091	947	1090
1226	1088	1225
1076	933	932
1066	920	919
1019	870	869
1261	1126	1125
1113	973	972
1113	1114	973
1285	1130	1099
1237	1101	1285
1155	866	988
1129	1155	1128
1046	900	899
1046	1047	900
1306	1014	1305
1225	1087	1224
1034	884	1033
1037	888	887
1080	937	936
1080	1081	937
1073	930	929
1073	929	1072
1156	959	958
1156	958	957
1198	1199	1059
1061	914	1060
1157	1072	928
1157	1132	1072
1068	922	921
1207	1068	1067
1098	955	954
1097	953	1096
1027	878	877
1027	1028	878
1381	1230	1229
1112	1113	972
1124	984	983
1020	870	1019
1117	977	976
1117	1118	977
1112	972	971
1112	971	1111
1203	1064	1063
1266	863	1016
1044	1045	898
1186	1047	1046
1088	945	944
1088	1089	945
1058	912	911
1058	911	1057
1042	892	1041
1131	1158	895
1423	1136	1278
1048	901	1047
1219	1082	1081
1201	1062	1061
1279	1014	859
1267	860	1014
1268	1010	852
1178	1037	1036
1030	881	880
1030	1031	881
1272	1009	849
1296	1295	1009
1056	910	909
1056	1057	910
1145	705	1003
1145	857	705
1029	880	879
1029	1030	880
1140	709	863
1140	999	709
1429	1416	1290
1152	989	846
1290	1138	995
1025	875	1024
1148	996	707
1148	707	861
1023	874	873
1023	1024	874
1254	1119	1118
1179	1038	1037
1283	1129	1128
1129	1017	867
1128	988	987
1128	1155	988
1076	1077	933
1366	1215	1214
1055	909	908
1055	1056	909
1246	1111	1110
1116	1117	976
1077	1078	934
1211	1074	1073
1201	1061	1200
1216	1078	1215
1074	931	930
1074	930	1073
1022	873	872
1022	1023	873
1094	951	950
1094	1095	951
1213	1075	1212
1284	1073	1072
1071	925	924
1071	1132	925
1126	986	985
1126	1127	986
1026	876	1025
1165	1024	1023
1106	966	965
1250	1115	1114
1163	1022	1021
1253	1254	1118
1050	1051	904
1190	1051	1050
1034	885	884
1034	1035	885
1059	913	912
1059	1060	913
1264	1013	857
1295	1265	1009
1217	1080	1079
1274	1016	864
1292	991	1150
1418	1293	1148
1085	942	941
1085	1086	942
1255	1256	1120
1589	1463	1462
1153	843	1000
1731	1591	1590
1224	1087	1086
1227	1089	1226
1352	1200	1199
1414	1140	1266
1138	700	995
1138	852	700
1124	1125	984
1162	1163	1021
1166	1167	1025
1321	1168	1167
1437	1150	1263
1438	1264	1145
1093	950	949
1093	1094	950
1042	893	892
1043	893	1042
1436	1282	1134
1255	1119	1254
1032	883	882
1032	882	1031
1142	712	860
1142	998	712
1146	693	850
1146	1004	693
1018	868	1017
1160	1019	1018
1335	1182	1181
1038	888	1037
1110	970	969
1110	1111	970
1141	1002	691
1141	691	851
1116	976	975
1116	975	1115
1099	1130	956
1236	1098	1235
1227	1090	1089
1241	1105	1240
1173	1031	1172
1040	890	1039
1230	1093	1092
1092	1093	949
1215	1078	1077
1206	1207	1067
1053	907	906
1053	906	1052
1193	1194	1054
1192	1053	1052
1234	1235	1097
1103	1104	963
1075	932	931
1075	931	1074
1103	963	962
1103	962	1102
1107	967	966
1107	966	1106
1179	1180	1038
1189	1049	1188
1046	899	1045
1183	1041	1182
1119	979	978
1119	1120	979
1063	917	916
1063	1064	917
1044	898	897
1044	897	1158
1214	1077	1076
1361	1209	1208
1070	924	923
1070	1071	924
1175	1034	1033
1176	1035	1034
1069	923	922
1069	1070	923
1061	915	914
1061	1062	915
1139	859	703
1139	703	1001
1122	982	981
1122	981	1121
1129	867	865
1129	865	1155
1280	989	1152
1326	1173	1172
1263	1150	1146
1400	1249	1399
1154	841	997
1154	994	841
1373	1222	1221
1216	1079	1078
1054	908	907
1054	1055	908
1099	956	955
1099	955	1098
1018	869	868
1018	1019	869
1296	1009	1272
1237	1102	1101
1135	864	711
1135	711	992
1539	1411	1410
1123	982	1122
1188	1049	1048
1278	1136	855
1100	960	959
1100	959	1156
1301	1278	1012
1180	1039	1038
1417	1147	1292
1270	861	1015
1134	990	702
1134	702	858
1123	983	982
1123	1124	983
2382	998	1142
1541	1428	1415
1478	1479	1344
1286	1045	1044
1084	941	940
1084	1085	941
1184	1043	1042
1338	1339	1186
1101	961	960
1101	960	1100
1137	856	698
1137	698	994
1083	940	939
1083	1084	940
1167	1026	1025
1268	852	1138
1204	1065	1064
1619	1493	1492
1415	1142	1267
1288	1420	1135
1226	1089	1088
1693	1445	1305
1284	1072	1132
1205	1066	1065
1159	1160	1018
1162	1021	1020
1231	1094	1093
1389	1390	1239
1203	1063	1202
1363	1212	1211
1220	1083	1082
1682	1666	1541
1187	1047	1186
1181	1040	1039
1175	1033	1174
1290	995	1153
1177	1035	1176
1589	1462	1588
1438	1145	1149
1304	1013	1264
1215	1077	1214
1358	1206	1205
1257	1122	1121
1164	1165	1023
1558	1277	1298
1435	1280	1312
1161	1020	1019
1161	1019	1160
1173	1174	1032
1173	1032	1031
1237	1238	1102
1239	1240	1104
1383	1232	1231
1235	1098	1097
1171	1030	1029
1171	1029	1170
1233	1095	1232
1234	1096	1233
1284	1211	1073
1431	1211	1284
1232	1095	1094
1232	1094	1231
1262	1126	1261
1313	1160	1159
1309	1016	1310
1356	1357	1204
1249	1250	1114
1245	1109	1244
1164	1023	1022
1164	1022	1163
1208	1209	1069
1360	1208	1207
1416	1138	1290
1324	1171	1170
1620	1494	1493
1551	1364	1363
1219	1081	1218
1428	1288	2382
1678	1547	1422
1353	1201	1200
1249	1114	1113
1248	1249	1113
1189	1050	1049
1189	1190	1050
1192	1052	1191
1421	1275	1143
1212	1075	1074
1212	1074	1211
1242	1107	1106
1386	1235	1234
1284	1132	1071
1284	1071	1210
1292	1147	991
1574	1449	1448
1229	1092	1091
1230	1092	1229
1286	1044	1131
1185	1045	1286
1191	1052	1051
1191	1051	1190
1301	1012	1302
1181	1182	1040
1370	1219	1218
1200	1061	1060
1351	1198	1350
1536	1408	1407
1260	1125	1124
1228	1091	1090
1228	1229	1091
1705	1697	1442
1195	1056	1055
1270	1148	861
1440	1413	1295
1260	1261	1125
1455	1318	1317
1359	1207	1206
1206	1067	1066
1427	1154	1287
1340	1188	1187
1283	1128	1127
1317	1163	1316
1243	1108	1107
1243	1244	1108
1283	1127	1262
1411	1261	1260
1288	1135	992
2382	992	844
1342	1190	1189
1343	1191	1190
1241	1106	1105
1241	1242	1106
1182	1041	1040
1302	1012	1271
1375	1224	1223
1223	1085	1222
1251	1252	1116
1401	1251	1250
1510	1378	1509
1243	1107	1242
1282	1151	990
1282	990	1134
1399	1248	1398
1399	1249	1248
1179	1037	1178
1339	1187	1186
1209	1070	1069
1209	1210	1070
1185	1046	1045
1185	1186	1046
1247	1111	1246
1248	1113	1112
1205	1206	1066
1356	1204	1203
1286	1131	1043
1286	1043	1184
1281	1143	993
2381	993	842
1365	1213	1364
1205	1065	1204
1258	1123	1122
1258	1122	1257
1223	1086	1085
1223	1224	1086
1422	1427	1287
1427	1289	1154
1559	1304	1264
1446	1308	1307
1177	1036	1035
1177	1178	1036
1293	1149	996
1293	996	1148
1239	1104	1103
1239	1103	1238
1194	1055	1054
1194	1195	1055
1360	1207	1359
1310	1016	1274
1291	1429	1153
1464	1465	1327
1256	1121	1120
1256	1257	1121
1201	1202	1062
1489	1355	1354
1389	1238	1388
1234	1097	1096
1426	1282	1436
1318	1319	1165
1428	1420	1288
1639	1513	1512
1474	1340	1339
1180	1181	1039
1328	1175	1174
1329	1175	1328
1485	1350	1484
1356	1203	1355
1221	1084	1083
1221	1222	1084
1183	1042	1041
1183	1184	1042
1217	1079	1216
1503	1372	1371
1291	1000	1136
1291	1153	1000
1199	1060	1059
1199	1200	1060
1162	1020	1161
1408	1258	1257
1297	1298	1010
1581	1455	1454
1247	1248	1112
1397	1247	1246
1555	1435	1450
1312	1280	1152
1323	1169	1322
1297	1010	1268
1369	1218	1217
1367	1216	1215
1169	1028	1027
1169	1170	1028
1552	1337	1336
1430	1185	1286
1522	1393	1521
1382	1231	1230
1294	1001	1151
1294	1139	1001
1227	1228	1090
1380	1381	1229
1259	1124	1123
1259	1260	1124
1236	1099	1098
1236	1285	1099
1187	1048	1047
1187	1188	1048
1388	1238	1237
1389	1239	1238
1253	1118	1117
1253	1117	1252
1208	1069	1068
1208	1068	1207
1402	1251	1401
1404	1254	1253
1334	1181	1180
1341	1189	1188
1289	994	1154
1289	1137	994
1168	1027	1026
1168	1169	1027
1466	1329	1328
1341	1342	1189
1298	1277	1010
1467	1468	1330
1251	1116	1115
1251	1115	1250
1701	1389	1571
1805	1671	1688
1420	1274	1135
1376	1225	1224
1198	1059	1058
1198	1058	1197
1283	1017	1129
1283	1159	1017
1379	1227	1378
1390	1240	1239
1276	1144	854
1276	854	1011
1348	1196	1195
1349	1350	1197
1166	1024	1165
1319	1320	1166
1315	1161	1314
1407	1256	1406
1245	1110	1109
1245	1246	1110
1428	2382	1415
1415	2382	1142
1405	1255	1254
1458	1321	1320
1265	850	1009
1265	1146	850
1436	1134	1273
1398	1248	1247
1386	1234	1385
1394	1244	1243
1269	1011	853
1269	853	1147
1213	1076	1075
1213	1214	1076
1193	1054	1053
1193	1053	1192
1468	1331	1330
1477	1343	1342
1338	1186	1185
1337	1184	1183
1346	1194	1193
1601	1475	1474
1517	1386	1385
1515	1384	1383
1360	1361	1208
1561	1414	1266
1409	1258	1408
1455	1317	1454
1550	1549	1426
1413	1263	1265
1565	1275	1421
1879	1880	1750
1526	1398	1397
1521	1393	1392
1378	1227	1226
1378	1226	1377
1500	1501	1369
1362	1210	1209
1591	1465	1464
1405	1406	1255
1391	1392	1241
1774	1636	1635
1413	1265	1295
1444	1303	1304
1384	1233	1232
1384	1232	1383
1365	1214	1213
1362	1209	1361
1397	1398	1247
1524	1525	1396
1333	1180	1179
1334	1180	1333
1336	1182	1335
1604	1478	1477
1538	1410	1409
1315	1162	1161
1425	1421	1281
1565	1307	1275
1750	1751	1611
1488	1353	1487
1371	1219	1370
1369	1370	1218
1393	1243	1242
1393	1394	1243
1385	1234	1233
1385	1233	1384
1443	1301	1302
1344	1191	1343
1355	1203	1202
1353	1354	1201
1578	1558	1677
1400	1401	1250
1711	1695	1445
1374	1222	1373
1407	1257	1256
1407	1408	1257
1675	1570	1417
1437	1292	1150
1357	1205	1204
1358	1205	1357
1305	1014	1279
1695	1682	1560
1329	1176	1175
1467	1330	1329
1288	992	2382
1470	1333	1332
1483	1348	1482
1334	1335	1181
1475	1341	1340
1371	1220	1219
1372	1373	1221
1542	1416	1429
1588	1462	1461
1424	1279	1139
1651	1652	1526
1419	1271	1137
1419	1289	1427
1434	1141	1277
1451	1312	1434
1494	1360	1359
1494	1359	1493
1353	1200	1352
1535	1406	1534
1318	1165	1164
1952	1669	1823
1299	1276	1011
1531	1532	1403
1677	1298	1441
1377	1226	1225
1376	1377	1225
1320	1167	1166
1320	1321	1167
1350	1198	1197
1698	1565	1676
1506	1375	1374
1306	1267	1014
1772	1634	1633
1573	1440	1439
1430	1338	1185
2360	2375	1552
1433	1159	1283
1433	1313	1159
1681	1694	1567
1502	1371	1370
1351	1199	1198
1351	1352	1199
1405	1254	1404
1456	1319	1318
1349	1197	1196
1349	1196	1348
1372	1221	1220
1372	1220	1371
1395	1245	1244
1395	1244	1394
1431	1363	1211
2361	1551	2376
1403	1253	1252
1403	1404	1253
1354	1202	1201
1354	1355	1202
1382	1230	1381
1523	1395	1394
1314	1161	1160
1314	1160	1313
1379	1228	1227
1380	1229	1228
1316	1163	1162
1315	1316	1162
1364	1213	1212
1364	1212	1363
1426	1294	1151
1426	1424	1294
1567	1274	1420
1367	1215	1366
1430	1286	1184
1430	1184	1337
1437	1417	1292
1417	1269	1147
1332	1179	1178
1332	1333	1179
1572	1554	1313
1452	1453	1315
1490	1356	1355
1368	1216	1367
1472	1334	1471
1340	1341	1188
1473	1336	1335
1475	1340	1474
1840	1709	1718
1689	1413	1440
1724	1583	1723
1533	1405	1404
1374	1223	1222
1374	1375	1223
1336	1183	1182
1336	1337	1183
1696	1562	1680
1327	1328	1174
1309	1266	1016
1561	1266	1309
1432	1237	1285
1432	1285	1236
1308	1270	1015
1569	1418	1270
1347	1348	1195
1544	1419	1427
1410	1260	1259
1410	1411	1260
1434	1152	1141
1434	1312	1152
1534	1406	1405
1457	1458	1320
1325	1172	1171
1325	1326	1172
1396	1245	1395
1525	1397	1396
1358	1359	1206
1493	1359	1358
1369	1217	1368
1502	1370	1501
1325	1171	1324
1441	1298	1297
1449	1438	1311
1311	1293	1418
1693	1564	1686
1514	1382	1513
1379	1380	1228
1509	1378	1377
1843	1844	1711
1457	1320	1319
1322	1169	1168
1322	1168	1321
1317	1164	1163
1317	1318	1164
1323	1170	1169
1323	1324	1170
1402	1252	1251
1402	1403	1252
1423	1291	1136
1568	1278	1301
1432	1388	1237
1701	1571	1553
1649	1523	1648
1522	1394	1393
1331	1178	1177
1331	1332	1178
1492	1358	1357
1811	1716	1694
1376	1224	1375
1636	1510	1509
1499	1368	1367
1624	1497	1623
1396	1246	1245
1396	1397	1246
1391	1241	1240
1391	1240	1390
1482	1348	1347
1611	1485	1484
1701	1518	1389
1387	1235	1386
1387	1236	1235
1387	1432	1236
1539	1410	1538
1534	1405	1533
1330	1331	1177
1667	1542	1548
1699	1308	1446
1442	1299	1300
1346	1347	1194
1470	1332	1469
1303	1273	1013
1303	1013	1304
1330	1177	1176
1330	1176	1329
1300	1011	1269
1300	1299	1011
1365	1366	1214
1546	1421	1425
1416	1268	1138
1423	1568	1548
1587	1461	1460
1463	1326	1325
1409	1259	1258
1409	1410	1259
1412	1262	1261
1412	1261	1411
1307	1015	1275
1307	1308	1015
1311	1149	1293
1311	1438	1149
1429	1290	1153
1429	1291	1423
1431	1284	1210
1431	1210	1362
1327	1174	1173
1327	1173	1326
1508	1509	1377
1445	1306	1305
1494	1495	1360
1501	1370	1369
1479	1345	1344
1745	1606	1605
1435	1272	1133
1435	1133	1280
1529	1401	1400
1439	1440	1295
1481	1346	1480
1488	1489	1354
1345	1346	1193
1808	1698	1676
1345	1193	1192
1345	1192	1344
1505	1373	1504
1527	1398	1526
1433	1283	1262
1433	1262	1412
1281	993	2381
1636	1509	1635
1520	1521	1392
1492	1357	1491
1887	1757	1886
1532	1404	1403
1655	1529	1654
1799	1664	1663
1453	1316	1315
1524	1396	1395
1513	1382	1381
1672	1553	1517
1553	1387	1386
1571	1387	1553
1571	1389	1388
1587	1588	1461
1677	1558	1298
1465	1328	1327
2129	2030	2029
1517	1553	1386
1644	1519	1518
1569	1270	1308
1700	1570	1675
1459	1322	1321
1459	1321	1458
2054	1722	1947
1452	1315	1314
1563	1422	1276
1563	1276	1299
1876	1746	1875
1568	1423	1278
1467	1329	1466
1469	1332	1331
2360	1552	1600
1473	1335	1472
1828	1545	1666
1496	1365	1364
1490	1355	1489
1491	1357	1356
1488	1354	1353
1487	1353	1352
1514	1383	1382
1514	1515	1383
1608	1481	1607
1480	1346	1345
1532	1533	1404
1820	1686	1549
1679	1559	1575
1821	1573	1439
1484	1350	1349
1676	1421	1546
2263	2208	2207
1807	1700	1675
1631	1632	1505
1816	1686	1820
1526	1397	1525
1656	1531	1530
1663	1537	1662
1664	1539	1538
1471	1334	1333
1472	1335	1334
1454	1317	1316
1454	1316	1453
1558	1434	1277
1558	1451	1434
2376	1551	1363
1495	1361	1360
1548	1429	1423
1548	1542	1429
1481	1347	1346
1824	1813	1683
1528	1400	1399
1528	1529	1400
1660	1534	1659
1537	1538	1409
1512	1381	1380
1512	1513	1381
1499	1367	1498
1498	1367	1366
1641	1515	1514
1519	1391	1390
1821	1439	1687
1524	1395	1523
1480	1345	1479
1880	1751	1750
1792	1657	1656
1687	1296	1555
1560	1415	1267
1560	1267	1306
1476	1342	1341
1476	1477	1342
1456	1318	1455
2027	2028	1914
1527	1399	1398
1789	1654	1653
1470	1471	1333
1596	1597	1470
1674	1569	1699
1675	1417	1543
1547	1427	1422
1547	1544	1427
1694	1310	1567
1567	1310	1274
1510	1379	1378
1511	1379	1510
1486	1352	1351
1486	1487	1352
1598	1471	1597
1475	1476	1341
1575	1559	1449
1847	1714	1848
1468	1469	1331
1466	1328	1465
1597	1471	1470
1602	1476	1475
1610	1483	1609
1699	1569	1308
1551	1496	1364
2372	1761	1622
1638	1512	1511
2379	1641	1946
1632	1506	1505
1507	1375	1506
1556	1263	1413
1556	1437	1263
1535	1407	1406
1535	1536	1407
1634	1508	1507
1508	1377	1376
1562	1297	1268
1562	1268	1416
1530	1402	1401
1530	1401	1529
1584	1458	1457
1659	1533	1658
1702	1572	1411
1579	1453	1452
1570	1269	1417
1570	1300	1269
1497	1366	1365
1497	1365	1496
1491	1356	1490
1492	1493	1358
1522	1523	1394
1635	1509	1508
1564	1279	1424
1564	1305	1279
1572	1412	1411
1673	1579	1452
1557	1436	1273
1557	1273	1303
1771	1633	1632
1634	1507	1633
1483	1349	1348
1483	1484	1349
1504	1373	1372
1504	1372	1503
1612	1485	1611
1676	1565	1421
1502	1503	1371
1766	1627	1765
1462	1325	1324
1462	1463	1325
2375	1337	1552
1552	1336	1473
1461	1324	1323
1461	1462	1324
1537	1409	1408
1537	1408	1536
1518	1390	1389
1518	1519	1390
1640	1513	1639
1640	1514	1513
1507	1376	1375
1507	1508	1376
1450	1435	1312
1450	1312	1451
1576	1450	1451
1638	1511	1637
1559	1264	1438
1559	1438	1449
1516	1385	1384
1516	1517	1385
1478	1344	1343
1478	1343	1477
1690	1685	1568
1603	1477	1476
1606	1480	1479
1481	1482	1347
1555	1296	1272
1555	1272	1435
1520	1392	1391
1520	1391	1519
1460	1323	1322
1460	1322	1459
1566	1302	1271
1566	1271	1419
1456	1457	1319
1660	1535	1534
1511	1380	1379
1511	1512	1380
1447	1309	1310
1684	1665	1540
1554	1314	1313
1554	1452	1314
1746	1747	1607
1746	1607	1606
2089	1986	2088
1604	1605	1478
2375	1339	1338
2360	1474	1339
1624	1625	1498
1623	1497	1496
1448	1311	1418
1448	1449	1311
1550	1426	1436
1550	1436	1557
1577	1555	1450
1719	1578	1721
1685	1548	1568
1593	1466	1592
1692	1561	1309
1617	1491	1490
1787	1652	1651
1527	1528	1399
1666	1545	1541
1770	1632	1631
1543	1417	1437
1543	1437	1556
1748	1608	1747
1867	1735	1866
1485	1351	1350
1485	1486	1351
1950	1665	1800
1606	1607	1480
1464	1327	1326
1464	1326	1463
1497	1498	1366
1624	1498	1497
1616	1490	1489
1626	1500	1499
1687	1439	1296
1857	1725	1856
1500	1369	1368
1500	1368	1499
1572	1313	1433
1572	1433	1412
1571	1388	1432
1571	1432	1387
2376	1362	1361
2361	1622	1551
1593	1467	1466
1730	1731	1590
1670	1549	1550
1653	1528	1527
1531	1403	1402
1531	1402	1530
1540	1425	1414
1540	1546	1425
1545	1420	1428
1545	1428	1541
1823	1678	1809
1607	1481	1480
1505	1374	1373
1505	1506	1374
1620	1493	1619
1694	1447	1310
1643	1517	1516
1701	1553	1672
1616	1489	1615
1822	1808	1676
2372	1495	1621
1621	1495	1494
1616	1617	1490
1618	1492	1491
1662	1537	1536
1659	1534	1533
1895	1767	1894
1630	1504	1503
1602	1603	1476
1875	1746	1745
1798	1663	1662
1580	1454	1453
1984	1863	1983
1589	1590	1463
1665	1546	1540
1756	1757	1617
1610	1611	1484
1678	1422	1563
1834	1933	1809
1689	1556	1413
2371	1740	1601
1599	1600	1473
1693	1305	1564
1637	1511	1510
1913	1787	1786
1577	1450	1576
1583	1456	1582
2378	1947	1581
1784	1649	1648
2053	1779	1906
1657	1658	1532
1576	1451	1578
1595	1596	1469
1827	1542	1667
1600	1552	1473
1599	1473	1472
1609	1483	1482
1610	1484	1483
1761	1762	1623
1618	1491	1617
1667	1548	1685
1730	1590	1589
1595	1469	1468
1596	1470	1469
1652	1527	1526
1652	1653	1527
1583	1457	1456
1945	1818	1799
1627	1500	1626
1800	1665	1684
1633	1507	1506
1633	1506	1632
1646	1521	1520
1640	1641	1514
1583	1584	1457
1585	1458	1584
1643	1516	1642
1643	1672	1517
1683	1419	1544
1683	1566	1419
1582	1456	1455
1582	1455	1581
1943	1717	1574
1574	1575	1449
1680	1416	1542
1680	1562	1416
1691	1302	1566
1691	1443	1302
1579	1580	1453
1702	1539	1664
1696	1441	1297
1696	1297	1562
1690	1568	1301
1690	1301	1443
1604	1477	1603
1746	1606	1745
1781	1782	1646
2374	1944	1642
1715	1692	1447
1692	1309	1447
1615	1489	1488
1613	1487	1486
1625	1499	1498
1767	1629	1628
1846	1806	1713
1717	1575	1574
1415	1560	1541
1682	1541	1560
1673	1452	1554
1818	1579	1673
1638	1639	1512
1650	1525	1524
1669	1544	1547
1714	1698	1808
1614	1487	1613
1752	1613	1612
1598	1472	1471
1599	1472	1598
1590	1464	1463
1590	1591	1464
1671	1550	1557
1671	1670	1550
1614	1488	1487
1614	1615	1488
1695	1306	1445
1695	1560	1306
1754	1615	1614
1753	1614	1613
1716	1447	1694
1884	1885	1755
1625	1626	1499
1768	1630	1629
1855	1724	1723
1660	1661	1535
1686	1424	1549
1686	1564	1424
1839	1708	1837
1730	1589	1729
1648	1523	1522
1779	1641	1640
1629	1503	1502
1629	1630	1503
1729	1589	1588
1704	1441	1696
1586	1460	1459
1586	1587	1460
1803	1668	1689
1825	1543	1668
1897	1770	1769
1635	1508	1634
1628	1502	1501
1628	1629	1502
1642	1516	1515
2374	2141	1907
1743	1744	1604
1810	1704	1696
1631	1505	1504
1631	1504	1630
1663	1538	1537
1663	1664	1538
1592	1466	1465
1592	1465	1591
1971	1849	1850
1764	1626	1625
1654	1529	1528
1654	1528	1653
1740	1741	1601
1602	1475	1601
1786	1787	1651
1647	1521	1646
1776	1638	1637
1820	1549	1670
1608	1482	1481
1608	1609	1482
1734	1594	1593
1733	1734	1593
1578	1451	1558
1791	1656	1655
1585	1459	1458
1585	1586	1459
1786	1651	1650
1649	1524	1523
1749	1610	1609
1748	1609	1608
1605	1479	1478
1605	1606	1479
1741	1602	1601
1738	1598	1597
1661	1536	1535
1661	1662	1536
1762	1624	1623
1761	1623	1622
1709	1679	1718
1819	1803	1689
1627	1501	1500
1627	1628	1501
1619	1492	1618
1620	1621	1494
2030	1916	2029
1852	1719	1721
1681	1567	1420
1681	1420	1545
1780	1645	1644
1645	1646	1520
1645	1520	1519
1645	1519	1644
1684	1540	1561
1414	1561	1540
1668	1543	1556
1668	1556	1689
1747	1608	1607
1933	1823	1809
1707	1691	1813
1744	1605	1604
1688	1303	1444
1688	1557	1303
1650	1524	1649
1777	1638	1776
1622	1496	1551
1622	1623	1496
1664	1818	1702
1702	1411	1539
1700	1442	1300
1700	1300	1570
1612	1486	1485
1612	1613	1486
1827	1680	1542
1703	1721	1677
1782	1647	1646
1644	1701	1817
1647	1522	1521
1647	1648	1522
1713	1699	1446
1825	1807	1675
1928	1802	1815
1594	1467	1593
1697	1299	1442
1697	1563	1299
1804	1671	1805
1720	1687	1577
1960	1837	1961
1744	1745	1605
1655	1530	1529
1655	1656	1530
1712	1693	1816
1636	1637	1510
1748	1749	1609
1813	1691	1683
1753	1754	1614
1692	1684	1561
1674	1418	1569
1674	1448	1418
1764	1765	1626
1763	1764	1625
1785	1649	1784
1773	1634	1772
1920	1921	1794
1724	1584	1583
1702	1554	1572
1702	1673	1554
1913	1786	1912
2143	1929	1965
1594	1468	1467
1594	1595	1468
1651	1526	1525
1651	1525	1650
1672	1817	1701
1701	1644	1518
1679	1444	1304
1679	1304	1559
1795	1660	1659
1723	1583	1582
1657	1532	1531
1657	1531	1656
1816	1693	1686
1773	1635	1634
1851	1716	1811
1885	1756	1755
1698	1307	1565
1698	1446	1307
1759	1620	1619
1760	1621	1620
1726	1585	1725
1721	1578	1677
1792	1656	1791
1719	1576	1578
1706	1700	1807
1835	1705	1706
1753	1613	1752
2154	1834	1959
1814	1692	1715
2060	1846	1847
1828	1681	1545
1763	1625	1624
1863	1732	1731
1948	1667	1802
1817	1780	1644
1817	1672	1643
1716	1715	1447
1926	1800	1814
1742	1603	1602
1743	1604	1603
1673	1702	1818
1818	1664	1799
2371	1600	1740
1740	1600	1599
1848	1714	1808
1882	1883	1753
1909	1910	1783
1775	1776	1637
1755	1616	1615
1755	1615	1754
1772	1633	1771
1775	1637	1636
1725	1585	1584
1794	1795	1659
2373	2140	1947
1798	1799	1663
1893	1766	1765
1765	1627	1626
1889	1760	1759
1884	1755	1754
1834	1705	1835
1917	1918	1791
1929	1804	1805
1720	1821	1687
1769	1770	1631
1766	1628	1627
1822	1676	1546
1822	1546	1665
1843	1711	1712
1907	1781	1780
1757	1618	1617
1893	1765	1892
1938	1720	1577
1783	1647	1782
1984	1864	1863
1859	1728	1727
1801	1666	1682
1767	1768	1629
1811	1694	1681
1811	1681	1828
1770	1771	1632
1949	1666	1801
1952	1823	1933
1952	1824	1669
2036	1923	1922
2373	1945	1925
1997	1880	1879
1950	1822	1665
1722	1582	1581
1722	1723	1582
1965	1842	1964
1951	1803	1819
1708	1690	1443
1837	1708	1707
1758	1619	1618
1763	1624	1762
1964	1842	1841
1829	1573	1821
1910	1784	1783
1777	1639	1638
1915	1789	1788
1788	1652	1787
1889	1759	1888
1758	1618	1757
1735	1595	1594
1735	1594	1734
1788	1653	1652
1788	1789	1653
1778	1640	1639
1778	1779	1640
1736	1595	1735
1742	1602	1741
1802	1667	1685
1864	1733	1732
1777	1778	1639
1841	1709	1840
1785	1650	1649
1785	1786	1650
1738	1739	1598
1738	1597	1737
1806	1826	1674
1931	1807	1825
1737	1597	1596
1941	1740	1739
1726	1586	1585
1858	1727	1726
1944	1817	1643
2374	1907	1944
1809	1678	1697
1809	1697	1705
1824	1683	1544
1824	1544	1669
1767	1628	1766
1949	1828	1666
2229	2150	1972
1759	1760	1620
1826	1574	1448
1826	1448	1674
1796	1661	1660
1796	1660	1795
2032	1919	1918
1912	1786	1785
1939	1931	1825
1825	1675	1543
1706	1442	1700
1706	1705	1442
1710	1688	1444
1710	1805	1688
1966	1843	1967
1812	1695	1711
1739	1599	1598
1739	1740	1599
1864	1865	1733
1874	1745	1744
1736	1596	1595
1736	1737	1596
1812	1682	1695
1812	1801	1682
1732	1591	1731
1733	1593	1592
1947	1722	1581
1925	1799	1798
1714	1446	1698
1714	1713	1446
1865	1734	1733
1815	1690	1708
1823	1547	1678
1823	1669	1547
1751	1612	1611
1751	1752	1612
1819	1689	1440
1819	1440	1573
2093	1991	2092
2138	2043	2040
1707	1443	1691
1707	1708	1443
1900	1773	1772
1774	1635	1773
1891	1764	1763
1886	1757	1756
1920	1794	1793
1858	1726	1857
1728	1588	1587
1728	1729	1588
1718	1679	1575
1718	1575	1717
1727	1587	1586
1727	1728	1587
2009	1895	1894
1894	1767	1766
1806	1674	1699
1806	1699	1713
1712	1445	1693
1712	1711	1445
1732	1592	1591
1732	1733	1592
1703	1677	1441
1703	1441	1704
1750	1611	1610
1750	1610	1749
2129	2029	2128
1916	1789	1915
1896	1768	1895
1844	1812	1711
1892	1764	1891
1758	1759	1619
1726	1727	1586
1725	1584	1724
1794	1659	1658
1793	1657	1792
1810	1696	1680
1810	1680	1827
1903	1776	1775
2115	2015	2014
1869	1738	1737
2057	1871	1941
1940	1820	1670
1804	1670	1671
2372	1621	1761
1761	1621	1760
2048	1948	1802
1934	1827	1948
1921	1795	1794
1856	1725	1724
1877	1748	1747
1834	1809	1705
1968	1927	1844
1774	1775	1636
1911	1912	1785
1937	1845	1816
1854	1723	1722
1980	1859	1979
1743	1603	1742
1869	1737	1868
1781	1646	1645
1781	1645	1780
2056	1931	1939
2051	1951	1717
1814	1684	1692
1814	1800	1684
1709	1444	1679
1709	1710	1444
1923	1797	1796
1797	1661	1796
1769	1631	1630
1769	1630	1768
1884	1754	1883
1883	1754	1753
1790	1654	1789
1913	1914	1787
1790	1655	1654
1790	1791	1655
1862	1863	1731
1864	1732	1863
1793	1658	1657
1793	1794	1658
2017	1903	1902
2015	1900	2014
1756	1617	1616
1756	1616	1755
1797	1662	1661
1797	1798	1662
1783	1648	1647
1783	1784	1648
1868	1737	1736
1873	1744	1743
1815	1685	1690
1815	1802	1685
1845	1712	1816
1901	1773	1900
1887	1758	1757
1888	1759	1758
1905	1778	1777
1944	1643	1642
1945	1580	1579
1945	1579	1818
1946	1641	1779
1904	1905	1777
1901	1774	1773
2128	2029	2028
1925	1945	1799
1855	1856	1724
2051	1939	1803
1943	1574	1826
1939	1668	1803
1939	1825	1668
2049	1950	1800
1882	1753	1752
1832	1721	1703
1852	1721	1832
2019	1905	1904
1906	1779	1778
1895	1768	1767
2114	2014	2013
1991	1874	1873
1992	1875	1874
1935	1851	1811
2058	1891	1890
2150	1926	1972
1886	1756	1885
1918	1792	1791
1858	1859	1727
1867	1736	1735
1867	1868	1736
1857	1726	1725
1958	1833	1934
2059	1807	1931
2055	1931	1930
2070	1966	1967
2148	2047	1927
1917	1791	1790
2029	1916	1915
1948	1827	1667
2041	1934	1948
1977	1857	1856
1922	1795	1921
2051	1803	1951
1951	1718	1717
1845	1843	1712
1940	1670	1804
1909	1783	1782
1906	1778	1905
1866	1735	1734
1866	1734	1865
2076	1973	1974
1892	1765	1764
1842	1805	1710
1842	1929	1805
1838	1813	1936
1996	1997	1879
1872	1873	1743
1870	1739	1738
1938	1577	1576
2225	1576	1719
1999	1882	1881
1932	1848	1808
1869	1870	1738
1874	1875	1745
1878	1748	1877
1874	1744	1873
2191	2114	2113
2083	1981	1980
2105	2003	2104
1850	1849	1715
1861	1730	1729
1934	1810	1827
1922	1796	1795
1922	1923	1796
1878	1749	1748
1997	1998	1880
1936	1813	1824
1936	1824	1952
1904	1777	1776
1904	1776	1903
2161	2062	2162
1986	1987	1866
1830	1819	1573
1951	1840	1718
2014	1900	1899
1899	1771	1898
1872	1743	1742
1871	1742	1741
1902	1775	1774
1902	1903	1775
2226	2060	1970
2221	2138	2040
1935	1811	1828
1935	1828	1949
1986	1866	1865
2046	1871	2057
1911	1785	1784
1911	1784	1910
2002	1885	1884
2001	1884	1883
2034	2035	1921
2031	1918	1917
1847	1713	1714
1847	1846	1713
1860	1729	1728
1860	1728	1859
2053	1946	1779
1908	1781	1907
1876	1747	1746
1876	1877	1747
1998	1881	1880
1882	1752	1881
1896	1769	1768
1896	1897	1769
1978	1979	1858
1920	1793	1919
1830	2366	1819
1830	1573	1829
1944	1780	1817
1944	1907	1780
1919	1793	1792
1919	1792	1918
1890	1763	1762
2006	1891	2058
2373	1580	1945
1924	1797	1923
1941	1739	1870
1941	1870	2057
1893	1894	1766
2002	1884	2001
2107	2007	2006
2008	2009	1894
2031	2032	1918
2366	2061	1840
2051	1717	1943
2059	1931	2055
1898	1771	1770
1898	1770	1897
1887	1888	1758
2003	1886	1885
2043	1952	2040
1989	1869	1868
1914	1788	1787
1914	1915	1788
2308	2276	2239
1953	1719	1852
1855	1723	1854
2034	1921	1920
2059	1836	1807
2237	2154	1959
1862	1731	1730
1862	1730	1861
1890	1891	1763
1942	1761	1760
1967	1843	1845
1901	1902	1774
2168	2076	2077
2151	2061	1954
1990	1991	1873
1989	2057	1869
1942	1760	1889
1942	1889	2058
1839	1815	1708
1839	1928	1815
1970	1847	1848
2060	1847	1970
1838	1707	1813
1838	1837	1707
2045	1889	1888
2005	2045	1888
1987	1867	1866
2057	1870	1869
1924	1798	1797
1924	1925	1798
2091	1988	2090
1872	1742	1871
1831	1704	1833
1860	1861	1729
1836	1706	1807
1836	1835	1706
1942	1762	1761
1942	1890	1762
1941	1741	1740
1941	1871	1741
2008	1894	1893
2110	2010	2009
1849	1814	1715
1849	1926	1814
1927	1801	1812
1927	1812	1844
2040	1952	1933
2098	1997	1996
2021	1908	1907
2374	1946	2141
2054	1854	1722
2037	1923	2036
1976	1977	1856
2133	2134	2034
1899	1772	1771
1899	1900	1772
1881	1752	1751
1881	1751	1880
1833	1704	1810
1833	1810	1934
1916	1790	1789
1916	1917	1790
2010	1896	1895
2011	2012	1897
1879	1750	1749
1879	1749	1878
1976	1855	1975
1975	1855	1854
1908	1782	1781
1908	1909	1782
2000	1883	1882
1996	1879	1878
2015	1901	1900
2052	2044	1940
1965	1929	1842
2015	2016	1901
1969	1967	1845
2026	1913	1912
1831	1703	1704
1831	1832	1703
1937	1816	1820
1937	1820	1940
1850	1715	1716
1850	1716	1851
2016	1902	1901
2018	1904	1903
1930	1826	1806
1930	1943	1826
1932	1808	1822
1932	1822	1950
1979	1859	1858
1978	1858	1857
1841	1710	1709
1841	1842	1710
1853	1821	1720
1853	1829	1821
2121	2022	2021
2024	1910	2023
2048	1802	1928
1990	1873	1872
1980	1860	1859
1956	1957	1832
2159	2050	1938
2163	2064	2063
1976	1856	1855
1977	1978	1857
2044	1937	1940
1969	1845	1937
2002	2003	1885
2000	2001	1883
1992	1874	1991
1993	1875	1992
2055	1806	1846
2055	1930	1806
2127	2028	2027
2126	2127	2027
1974	1851	1935
2168	2186	2269
2060	1835	1836
2060	1836	2059
2231	2038	2137
2033	2034	1920
2009	2010	1895
2008	1893	2007
2149	2048	1928
1988	1868	1867
2226	2237	1959
2221	2098	2097
2141	2021	1907
2017	1902	2016
2007	1893	1892
2006	2007	1892
2232	2121	2021
2019	1904	2018
2096	1994	2095
2043	1936	1952
2006	1892	1891
2005	1888	1887
2097	1995	2096
1960	1839	1837
1985	1865	1864
1986	1865	1985
1983	1863	1862
1955	1833	1958
2084	1982	1981
1981	1860	1980
2037	1924	1923
2146	1854	2054
2058	1890	1942
2058	1889	2045
2012	1898	1897
2113	2114	2013
2047	1949	1801
2047	1801	1927
1961	1837	1838
1989	1868	1988
2038	1925	1924
2038	1924	2037
1963	1928	1839
2222	2213	2149
2137	2038	2037
2062	1955	1958
2000	1882	1999
1999	1881	1998
2155	2045	2005
2004	1886	2003
2135	2036	2035
2078	1976	1975
2366	1830	2061
2061	1829	1954
2035	1922	1921
2035	2036	1922
1995	1996	1878
1995	1878	1877
1958	1934	2041
2088	1986	1985
2071	1966	2070
2077	2076	1974
2013	1898	2012
2158	2047	2148
2190	2112	2189
2117	2118	2017
2167	2072	2073
1954	1829	1853
1994	1877	1876
1962	1961	1838
2028	1915	1914
2028	2029	1915
1966	1844	1843
1966	1968	1844
2073	1969	2044
2113	2013	2012
2079	1976	2078
2064	1957	1956
2134	2035	2034
2079	1977	1976
2146	1975	1854
2231	2140	2038
2150	2049	1926
2099	1998	1997
1957	1852	1832
1981	1861	1860
2061	1830	1829
2151	1964	2061
2132	2033	2032
2131	2031	2130
1988	1867	1987
2092	1991	1990
1984	1985	1864
1956	1832	1831
2148	1927	1968
2077	1974	2042
2128	2028	2127
2017	2018	1903
2024	1911	1910
2270	2160	2144
2049	1800	1926
2102	2001	2000
1982	1983	1862
2085	1982	2084
1962	1838	1936
1962	1936	2043
2046	1872	1871
2046	1990	1872
2013	1899	1898
2013	2014	1899
2156	2046	2057
2093	1992	1991
2025	1912	1911
2025	2026	1912
2117	2017	2016
2118	2018	2017
2056	1930	1931
2056	1939	2051
2232	2141	2053
2147	2053	1906
2024	2025	1911
2126	2027	2026
2090	1988	1987
1963	1839	1960
2042	1935	1949
2042	1974	1935
2101	2000	1999
2039	1932	1950
1982	1862	1861
1982	1861	1981
2033	1920	1919
2033	1919	2032
2061	1841	1840
2061	1964	1841
2153	2049	2150
2237	2099	2098
2064	1956	2063
2065	1958	2041
1994	1995	1877
2095	1994	1993
2022	1909	1908
2022	1908	2021
2020	1906	1905
2020	1905	2019
2044	1969	1937
2147	1906	2020
2060	2055	1846
2060	2059	2055
2130	2031	2030
2139	2044	2052
2094	1993	1992
2068	1961	1962
2023	1910	1909
2023	1909	2022
2062	2063	1955
2063	1956	1955
2373	1925	2140
2140	1925	2038
2271	2267	2219
2143	2052	1929
1993	1876	1875
1993	1994	1876
2050	1720	1938
2050	1853	1720
1955	1831	1833
1955	1956	1831
2108	2109	2008
2109	2009	2008
2086	1984	1983
2208	2132	2207
2052	1804	1929
2052	1940	1804
2269	2309	2168
1973	1971	1850
2067	1963	1960
2180	2090	2089
2011	1897	1896
2011	1896	2010
2119	2019	2018
2120	2020	2019
1973	1850	1851
1973	1851	1974
2108	2007	2107
2155	2006	2058
2030	1917	1916
2030	2031	1917
1959	1834	1835
1959	1835	2060
2238	2100	2099
2152	1970	1848
1972	1926	1849
1972	1849	1971
2027	1914	1913
2027	1913	2026
2056	1943	1930
2056	2051	1943
2104	2003	2002
2075	1972	1971
2004	1887	1886
2004	2005	1887
2156	2057	1989
2091	1989	1988
2087	2088	1985
2091	2156	1989
2093	2094	1992
2182	2183	2093
2155	2058	2045
2236	2158	2148
2083	2084	1981
2211	2136	2135
2261	2206	2205
2160	2159	1953
2110	2009	2109
2111	2112	2011
2233	2068	2069
2095	1993	2094
2071	1968	1966
2165	2071	2070
2230	2102	2101
2365	2104	2103
2125	2026	2025
2119	2018	2118
2096	2069	2138
2096	1995	1994
2235	2121	2147
2124	2024	2123
2198	2122	2235
2120	2019	2119
2122	2023	2022
2122	2022	2121
2116	2016	2015
2117	2016	2116
2332	2266	2305
2169	2079	2078
2079	2080	1977
2134	2135	2035
2280	2066	2068
2280	2095	2094
2115	2116	2015
2115	2014	2114
2229	2103	2102
2365	2075	2228
2205	2130	2129
2129	2130	2030
2197	2120	2119
2072	2070	1967
2214	2039	2153
2103	2104	2002
2112	2012	2011
2220	1968	2071
2234	1975	2146
2136	2036	2135
2077	2042	2158
2190	2191	2113
2123	2024	2023
2123	2023	2122
2080	1978	1977
2081	1979	1978
2156	1990	2046
2156	2092	1990
2140	2054	1947
2231	2054	2140
2085	1983	1982
2329	2310	2270
2151	2142	1964
2142	1965	1964
2225	1938	1576
2225	2159	1938
2125	2126	2026
2139	2052	2143
2242	2171	2170
2081	2082	1979
2099	1997	2098
2221	2040	2154
2100	1999	1998
2100	1998	2099
2202	2126	2201
2139	2073	2044
2133	2034	2033
2133	2033	2132
2144	1953	1852
2144	1852	1957
2074	1973	2076
2186	2187	2109
2280	2068	2233
2183	2094	2093
2189	2112	2111
2112	2113	2012
2198	2123	2122
2195	2117	2194
2207	2132	2131
2172	2173	2082
2108	2008	2007
2107	2006	2155
2152	1848	1932
2152	1932	2039
2157	2048	2149
2149	1928	1963
2103	2002	2001
2103	2001	2102
2106	2005	2004
2106	2155	2005
2124	2025	2024
2124	2125	2025
2233	2095	2280
2069	2068	1962
2217	2155	2106
2184	2106	2105
2145	1954	1853
2145	1853	2050
2245	2174	2173
2171	2080	2170
2065	2062	1958
2224	2065	2041
2066	1960	1961
2066	2067	1960
2212	2143	2219
2227	2142	2151
2069	1962	2043
2069	2043	2138
2188	2110	2187
2188	2111	2110
2074	1971	1973
2074	2075	1971
2196	2119	2118
2258	2259	2203
2307	2212	2267
2201	2125	2200
2310	2239	2160
2215	2159	2160
2274	2078	2234
2170	2080	2079
2097	1996	1995
2097	2098	1996
2158	1949	2047
2158	2042	1949
2136	2037	2036
2136	2137	2037
2250	2194	2193
2195	2118	2117
2199	2124	2123
2198	2199	2123
2111	2011	2010
2111	2010	2110
2164	2067	2066
2280	2094	2183
2141	1946	2053
2232	2021	2141
2229	1972	2075
2365	2228	2104
2178	2088	2087
2281	2179	2178
2177	2087	2086
2224	2041	2157
2274	2169	2078
2234	2078	1975
2072	1967	1969
2072	1969	2073
2194	2117	2116
2362	2336	2167
2182	2093	2092
2181	2090	2180
2086	1983	2085
2176	2086	2085
2377	2281	2178
2162	2062	2065
2235	2122	2121
2275	2235	2120
2153	1950	2049
2153	2039	1950
2131	2032	2031
2131	2132	2032
2188	2189	2111
2185	2108	2107
2173	2083	2082
2081	1978	2080
2190	2113	2112
2236	2077	2158
2154	1933	1834
2154	2040	1933
2087	1985	1984
2087	1984	2086
2201	2126	2125
2330	2239	2310
2101	2102	2000
2101	1999	2100
2082	1980	1979
2082	2083	1980
2105	2004	2003
2105	2106	2004
2223	2152	2039
2230	2150	2229
2171	2081	2080
2175	2085	2084
2157	1948	2048
2157	2041	1948
2221	2097	2138
2097	2096	2138
2089	1987	1986
2089	2090	1987
2274	2266	2332
2276	2227	2145
2309	2074	2076
2228	2075	2074
2226	1959	2060
2223	2039	2214
2362	2167	2073
2197	2119	2196
2303	2255	2254
2206	2130	2205
2192	2115	2114
2277	2190	2189
2249	2250	2193
2167	2166	2072
2164	2066	2183
2179	2089	2088
2235	2020	2120
2235	2147	2020
2200	2125	2124
2200	2124	2199
2187	2110	2109
2269	2185	2217
2212	2139	2143
2256	2201	2200
2161	2163	2063
2177	2178	2087
2252	2196	2195
2258	2202	2257
2174	2175	2084
2246	2175	2174
2179	2180	2089
2213	2224	2157
2255	2199	2254
2254	2199	2198
2208	2133	2132
2234	2146	2137
2160	1953	2144
2276	2145	2215
2282	2175	2246
2176	2085	2175
2223	2101	2100
2223	2214	2101
2220	2148	1968
2279	2220	2277
2364	2175	2282
2176	2177	2086
2281	2224	2213
2179	2088	2178
2233	2069	2096
2233	2096	2095
2161	2063	2062
2364	2161	2162
2181	2091	2090
2164	2183	2182
2204	2129	2128
2204	2205	2129
2193	2194	2116
2192	2114	2191
2172	2082	2081
2172	2081	2171
2273	2180	2179
2213	2157	2149
2203	2128	2127
2203	2204	2128
2230	2229	2102
2230	2101	2214
2273	2213	2222
2278	2164	2182
2166	2070	2072
2166	2165	2070
2273	2278	2180
2377	2162	2065
2218	2092	2156
2218	2182	2092
2270	2144	2216
2272	2216	2064
2227	1954	2145
2227	2151	1954
2169	2170	2079
2209	2133	2208
2174	2084	2083
2174	2083	2173
2186	2109	2108
2186	2108	2185
2302	2166	2167
2256	2257	2201
2222	1963	2067
2222	2149	1963
2238	1970	2152
2238	2099	2237
2278	2222	2067
2278	2181	2180
2206	2131	2130
2206	2207	2131
2210	2135	2134
2210	2211	2135
2195	2196	2118
2293	2294	2257
2238	2152	2223
2238	2223	2100
2226	1970	2238
2226	2238	2237
2217	2106	2184
2269	2217	2184
2283	2186	2168
2363	2279	2188
2221	2154	2237
2221	2237	2098
2220	2236	2148
2363	2283	2236
2262	2206	2261
2312	2246	2245
2209	2134	2133
2209	2210	2134
2185	2269	2186
2283	2187	2186
2215	2050	2159
2215	2145	2050
2251	2194	2250
2307	2268	2212
2219	2143	1965
2219	1965	2142
2218	2156	2091
2218	2091	2181
2216	1957	2064
2216	2144	1957
2312	2272	2163
2293	2257	2256
2225	1719	1953
2225	1953	2159
2273	2222	2278
2278	2067	2164
2232	2053	2147
2232	2147	2121
2247	2190	2277
2247	2277	2165
2231	2137	2146
2231	2146	2054
2217	2107	2155
2217	2185	2107
2243	2172	2171
2332	2169	2274
2228	2105	2104
2228	2184	2105
2234	2137	2136
2234	2136	2211
2257	2202	2201
2258	2203	2202
2230	2153	2150
2230	2214	2153
2202	2127	2126
2202	2203	2127
2279	2277	2189
2279	2189	2188
2364	2282	2161
2364	2176	2175
2193	2116	2115
2193	2115	2192
2322	2296	2321
2267	2212	2219
2334	2301	2300
2265	2210	2209
2244	2245	2173
2272	2064	2163
2287	2245	2244
2245	2246	2174
2299	2263	2262
2287	2244	2286
2244	2173	2172
2284	2242	2241
2348	2318	2317
2251	2195	2194
2266	2211	2210
2266	2210	2265
2328	2272	2312
2264	2208	2263
2247	2165	2240
2249	2193	2192
2281	2377	2224
2065	2224	2377
2239	2215	2160
2239	2276	2215
2297	2261	2260
2317	2290	2289
2320	2295	2294
2370	2292	2303
2304	2267	2271
2271	2227	2276
2289	2250	2288
2240	2165	2166
2274	2234	2211
2274	2211	2266
2278	2182	2218
2278	2218	2181
2283	2077	2236
2283	2168	2077
2271	2142	2227
2271	2219	2142
2275	2197	2331
2275	2120	2197
2264	2209	2208
2264	2265	2209
2275	2198	2235
2275	2254	2198
2282	2163	2161
2312	2245	2287
2255	2200	2199
2255	2256	2200
2260	2205	2204
2260	2261	2205
2277	2071	2165
2277	2220	2071
2311	2288	2249
2248	2249	2192
2248	2192	2191
2247	2191	2190
2295	2259	2258
2370	2318	2335
2259	2204	2203
2259	2260	2204
2247	2240	2248
2247	2248	2191
2273	2179	2281
2273	2281	2213
2243	2244	2172
2285	2286	2243
2268	2139	2212
2362	2073	2139
2286	2244	2243
2243	2171	2242
2279	2236	2220
2363	2236	2279
2289	2251	2250
2251	2252	2195
2309	2076	2168
2309	2228	2074
2290	2291	2252
2291	2253	2252
2253	2197	2196
2253	2196	2252
2262	2207	2206
2262	2263	2207
2241	2170	2169
2241	2242	2170
2310	2160	2270
2302	2311	2166
1961	2068	2066
2280	2183	2066
2288	2250	2249
2290	2252	2251
2285	2243	2242
2301	2265	2264
2308	2304	2271
2285	2242	2284
2327	2307	2267
2296	2297	2260
2296	2260	2259
2296	2259	2295
2327	2267	2304
2308	2271	2276
2331	2254	2275
2331	2303	2254
2322	2297	2296
2321	2296	2295
2324	2299	2298
2330	2308	2239
2294	2258	2257
2294	2295	2258
2302	2288	2311
2311	2240	2166
2309	2184	2228
2309	2269	2184
2311	2249	2248
2311	2248	2240
2340	2322	2321
2329	2270	2306
2343	2325	2324
2300	2301	2264
2305	2266	2265
2305	2265	2301
2337	2316	2315
2298	2261	2297
2336	2302	2167
2333	2288	2302
2306	2270	2216
2306	2216	2272
2369	2334	2314
2369	2305	2301
2316	2287	2286
2328	2306	2272
2312	2163	2282
2312	2282	2246
2338	2319	2353
2292	2255	2303
2350	2346	2329
2342	2323	2341
2300	2264	2263
2300	2263	2299
2298	2262	2261
2298	2299	2262
2289	2290	2251
2354	2340	2339
2333	2302	2336
2362	2139	2268
2292	2256	2255
2292	2293	2256
2345	2327	2326
2329	2330	2310
2319	2294	2293
2318	2291	2290
2337	2315	2347
2328	2312	2287
2346	2330	2329
2320	2294	2319
2313	2268	2307
2351	2333	2336
2314	2285	2284
2316	2328	2287
2325	2334	2300
2352	2325	2343
2335	2293	2292
2318	2290	2317
2349	2313	2307
2320	2321	2295
2315	2286	2285
2315	2316	2286
2326	2327	2304
2322	2323	2297
2323	2298	2297
2323	2324	2298
2332	2241	2169
2332	2305	2241
2335	2319	2293
2353	2335	2318
2350	2328	2316
2315	2285	2314
2326	2304	2308
2326	2308	2330
2370	2335	2292
2370	2291	2318
2369	2301	2334
2369	2314	2284
2331	2197	2253
2331	2253	2303
2325	2300	2299
2325	2299	2324
2333	2289	2288
2333	2317	2289
2338	2320	2319
2367	2357	2341
2339	2321	2320
2349	2307	2327
2344	2326	2330
2347	2315	2314
2353	2319	2335
2355	2354	2339
2358	2336	2313
2339	2340	2321
2357	2345	2326
2356	2337	2347
2337	2350	2316
2346	2350	2356
2341	2323	2322
2341	2322	2340
2368	2349	2327
2339	2320	2338
2344	2330	2346
2367	2345	2357
2350	2329	2306
2350	2306	2328
2380	2338	2348
2351	2317	2333
2368	2327	2345
2367	2341	2340
2348	2317	2351
2348	2353	2318
2357	2326	2344
2337	2356	2350
2352	2343	2347
2352	2334	2325
2348	2338	2353
2380	2355	2338
2342	2324	2323
2342	2343	2324
2352	2314	2334
2352	2347	2314
2356	2359	2346
2356	2347	2343
2355	2349	2368
2355	2339	2338
2380	2348	2351
2358	2351	2336
2359	2357	2344
2359	2344	2346
2359	2342	2357
2357	2342	2341
2358	2313	2349
2358	2349	2355
2359	2343	2342
2359	2356	2343
2369	2241	2305
2369	2284	2241
2370	2253	2291
2370	2303	2253
2362	2268	2313
2362	2313	2336
2366	1840	1951
1951	1819	2366
2375	1338	1430
2375	1430	1337
2365	2103	2229
2365	2229	2075
2367	2340	2354
2367	2354	2345
2379	1515	1641
2379	1642	1515
2364	2177	2176
2364	2162	2177
2371	1601	1474
2360	1339	2375
2360	1600	2371
2360	2371	1474
2376	1363	1431
2376	1431	1362
2361	1361	1495
2361	2376	1361
2363	2188	2187
2363	2187	2283
2377	2178	2177
2377	2177	2162
2378	1454	1580
2378	1581	1454
2368	2345	2354
2368	2354	2355
2373	1947	2378
2373	2378	1580
2372	1622	2361
2372	2361	1495
2374	1642	2379
2374	2379	1946
2380	2351	2358
2380	2358	2355
