0.00000000   0.00000000 
30.00000000   0.00000000 
30.00000000   20.00000000 
0.00000000   20.00000000 
5.00000000   10.55500000 
5.00000000   10.44500000 
5.00000000   9.55500000 
5.00000000   9.44500000 
0.00000000   19.23076923 
0.00000000   18.46153846 
0.00000000   17.69230769 
0.00000000   16.92307692 
0.00000000   16.15384615 
0.00000000   15.38461538 
0.00000000   14.61538462 
0.00000000   13.84615385 
0.00000000   13.07692308 
0.00000000   12.30769231 
0.00000000   11.53846154 
0.00000000   10.76923077 
0.00000000   10.00000000 
0.00000000   9.23076923 
0.00000000   8.46153846 
0.00000000   7.69230769 
0.00000000   6.92307692 
0.00000000   6.15384615 
0.00000000   5.38461538 
0.00000000   4.61538462 
0.00000000   3.84615385 
0.00000000   3.07692308 
0.00000000   2.30769231 
0.00000000   1.53846154 
0.00000000   0.76923077 
0.79015560   0.00000000 
1.58551415   0.00000000 
2.38610964   0.00000000 
3.19197683   0.00000000 
4.00315047   0.00000000 
4.81966513   0.00000000 
5.64155647   0.00000000 
6.46885969   0.00000000 
7.30161029   0.00000000 
8.13984421   0.00000000 
8.98359761   0.00000000 
9.83290681   0.00000000 
10.68780845   0.00000000 
11.54833926   0.00000000 
12.41453636   0.00000000 
13.28643685   0.00000000 
14.16407870   0.00000000 
15.04749956   0.00000000 
15.93673721   0.00000000 
16.83183028   0.00000000 
17.73281735   0.00000000 
18.63973694   0.00000000 
19.55262818   0.00000000 
20.47153061   0.00000000 
21.39648359   0.00000000 
22.32752702   0.00000000 
23.26470106   0.00000000 
24.20804611   0.00000000 
25.15760268   0.00000000 
26.11341171   0.00000000 
27.07551441   0.00000000 
28.04395221   0.00000000 
29.01876663   0.00000000 
30.00000000   0.95238095 
30.00000000   1.90476190 
30.00000000   2.85714286 
30.00000000   3.80952381 
30.00000000   4.76190476 
30.00000000   5.71428571 
30.00000000   6.66666667 
30.00000000   7.61904762 
30.00000000   8.57142857 
30.00000000   9.52380952 
30.00000000   10.47619048 
30.00000000   11.42857143 
30.00000000   12.38095238 
30.00000000   13.33333333 
30.00000000   14.28571429 
30.00000000   15.23809524 
30.00000000   16.19047619 
30.00000000   17.14285714 
30.00000000   18.09523810 
30.00000000   19.04761905 
29.01876663   20.00000000 
28.04395221   20.00000000 
27.07551441   20.00000000 
26.11341171   20.00000000 
25.15760268   20.00000000 
24.20804611   20.00000000 
23.26470106   20.00000000 
22.32752702   20.00000000 
21.39648359   20.00000000 
20.47153061   20.00000000 
19.55262818   20.00000000 
18.63973694   20.00000000 
17.73281735   20.00000000 
16.83183028   20.00000000 
15.93673721   20.00000000 
15.04749956   20.00000000 
14.16407870   20.00000000 
13.28643685   20.00000000 
12.41453636   20.00000000 
11.54833926   20.00000000 
10.68780845   20.00000000 
9.83290681   20.00000000 
8.98359761   20.00000000 
8.13984421   20.00000000 
7.30161029   20.00000000 
6.46885969   20.00000000 
5.64155647   20.00000000 
4.81966513   20.00000000 
4.00315047   20.00000000 
3.19197683   20.00000000 
2.38610964   20.00000000 
1.58551415   20.00000000 
0.79015560   20.00000000 
5.03889087   10.46110913 
5.05500000   10.50000000 
5.03889087   10.53889087 
4.96110913   10.53889087 
4.94500000   10.50000000 
4.96110913   10.46110913 
5.03889087   9.46110913 
5.05500000   9.50000000 
5.03889087   9.53889087 
4.96110913   9.53889087 
4.94500000   9.50000000 
4.96110913   9.46110913 
13.61616165   12.36932590 
14.03430630   11.81152268 
14.27195520   12.46046278 
14.67558005   11.88427913 
4.47909150   10.09511025 
4.45183214   10.20801468 
4.37646072   10.14280823 
4.52561660   10.17851165 
22.64167855   1.26697345 
21.74977128   1.36564065 
21.99572061   0.69206135 
11.62320642   19.05307303 
12.15453883   18.59498472 
12.22380606   19.31331833 
5.36887800   18.50410009 
5.10266432   18.02032984 
5.71439032   18.07089507 
5.43230145   17.65277112 
4.33611430   9.36392925 
4.17210917   9.34711121 
4.30516746   9.22805520 
2.27839939   18.98274170 
2.97628167   19.13866887 
4.26899291   9.47393046 
6.11212218   14.56274863 
5.76834340   14.68776612 
5.86098459   14.29341472 
6.01812922   14.87598527 
9.95266707   18.98860768 
10.24838971   19.43677497 
9.42174196   19.34253616 
3.93419364   10.38457771 
3.76422738   10.32544787 
3.95661298   10.20141749 
3.81748511   10.51553145 
22.64942930   16.03090260 
21.88358466   16.16788855 
21.95402536   15.30804661 
22.38633162   16.80723093 
6.37831858   14.80405209 
6.44860718   14.39859022 
6.23384956   14.22749419 
6.80634656   4.58653410 
6.78063126   4.15981435 
7.10198665   4.28646000 
6.39254742   4.25311658 
7.46234566   4.14124310 
7.38747758   4.69282339 
7.78668301   4.32262747 
5.91701477   5.74569115 
5.80771669   5.31267992 
6.26482643   5.49843137 
6.19893428   5.08804293 
7.97201006   16.20868938 
7.77671263   16.67708410 
7.48491751   16.37404571 
8.31924054   16.61256241 
7.69058988   3.28124921 
7.69685833   2.78702039 
8.13527796   3.08573825 
7.28498666   3.00643914 
8.28762278   2.64300213 
7.94590725   2.25424910 
8.70053436   5.12910663 
8.48865966   4.63808676 
9.06791378   4.80026135 
8.90756083   4.22189949 
9.60198649   0.56940621 
10.27953195   0.57060980 
9.98372981   1.05060741 
5.77153133   15.13560340 
6.20017116   15.22819900 
5.88659674   15.63032656 
6.36326453   15.64883223 
22.19627678   2.10149605 
6.62774455   5.63052981 
6.64442811   5.30174180 
5.89644056   4.32816750 
6.27729156   4.66522292 
5.72898253   4.78419499 
29.38188178   3.24999601 
29.19079709   2.49672748 
29.15389268   17.52612123 
29.19715939   16.69011426 
3.26534500   10.15602078 
3.00502655   10.34620063 
3.02165989   10.07196856 
3.28965846   10.45278431 
6.41861041   5.95208422 
3.57950988   10.47530257 
3.66841263   10.64212456 
3.40971230   10.67327800 
2.78609725   9.96787745 
3.01222078   9.78445053 
2.72293272   9.65161059 
3.63150898   10.85285580 
3.07845276   13.75338501 
2.80816879   13.26456228 
3.30542206   13.29923833 
7.57129859   7.13355501 
7.51775561   6.80888135 
7.86302435   6.97847932 
6.19723145   10.12170023 
6.27865613   10.02398350 
6.33526460   10.16262234 
1.16381978   9.41306761 
1.09813495   10.00901960 
0.62237719   9.57103128 
6.39183523   10.04473613 
2.32156881   15.51458577 
2.27625477   16.04737512 
1.75030874   15.81239616 
1.98842716   16.45898015 
2.34591493   9.60285332 
2.32191675   9.25348122 
2.56922883   9.35809448 
1.99004032   9.41747861 
3.14398576   12.90088623 
3.23672570   6.85683336 
2.82519989   6.82242260 
2.98223939   6.42725648 
12.33948168   1.01721550 
12.15106859   0.49659202 
12.79276306   0.62441598 
7.26169635   7.08627248 
4.75748621   9.92763002 
4.67695270   9.91948464 
4.72458723   9.85924996 
4.64927077   9.83947730 
11.87897629   14.51749912 
11.40365466   14.95996118 
11.35398196   14.29838474 
19.46106174   2.02918847 
18.85225269   2.77234737 
18.51853295   1.89920370 
10.87315139   14.62350271 
2.70988126   10.56670622 
2.33944385   10.71073138 
2.37259150   10.33594262 
1.99015233   10.55296659 
12.77574429   18.78951378 
13.36085479   19.12605023 
12.82647122   19.44233842 
13.48004524   18.30531450 
6.10465779   3.86616905 
5.58162556   3.87599092 
5.33507473   4.31441319 
6.81124517   16.91316120 
6.73059578   16.41991250 
7.09863304   16.52974352 
7.07749439   16.04121719 
5.56775029   16.12421432 
6.06404620   16.12119621 
5.35609639   15.47757754 
24.32461147   14.98236552 
23.70170893   15.29655119 
23.64208774   14.67970733 
22.96918149   15.10680280 
6.58671707   15.14590862 
6.94998478   15.04249774 
6.84768301   15.50671277 
7.29920670   15.18345021 
24.93167948   12.64123847 
25.72564267   12.73352827 
25.24168811   13.54292898 
26.51177487   13.32149504 
4.31315785   17.86606684 
4.51423888   17.22619153 
4.97959622   17.45950916 
4.02302401   17.18988405 
6.98284595   11.81758505 
6.82333048   11.64682149 
7.06659696   11.60625869 
6.88242767   11.41585690 
4.80766205   18.56863674 
9.55808671   18.01597394 
9.13205597   17.53192280 
9.79285478   17.41517295 
6.68226191   0.74540615 
7.42885440   0.90708721 
9.40005267   16.86568062 
4.92515763   2.54667315 
4.45613498   2.81727748 
4.24032676   2.16346887 
11.38322573   6.76713926 
11.85661142   6.47271211 
11.93976383   7.10714764 
3.94128472   2.88953760 
21.63449864   14.47726922 
20.94107206   14.98553183 
20.85166287   13.97184650 
5.08203795   10.05468841 
5.07771234   10.01430613 
5.12547926   10.02857979 
5.10231772   9.96700829 
4.93666070   2.01579194 
4.75990430   1.45162128 
5.18355745   10.03220617 
5.20339706   10.07747150 
5.16082551   10.06980477 
5.22831150   10.02457411 
7.98431512   4.64680525 
8.25639003   4.15238604 
8.22136869   5.05486496 
2.63193596   12.80399349 
2.33795361   13.23370791 
2.43619066   13.75832186 
8.72517771   3.08442548 
9.43360803   3.26163278 
9.15654241   3.76133005 
9.21713161   2.68344289 
3.18353397   10.73534253 
3.34522946   10.99430420 
4.60608960   14.23567388 
4.28377103   13.89547443 
4.59496898   13.86248670 
13.87699725   1.65128107 
13.61762921   0.80140605 
14.59520007   0.94987800 
26.91423994   7.00914126 
27.58714642   7.56278348 
26.83592243   8.09149603 
0.52359493   2.74028052 
28.00753395   8.42039290 
0.53273739   17.24936777 
4.06052604   14.23399056 
4.72167865   13.62041901 
4.88585212   13.89300388 
8.72530761   17.13760100 
8.87569245   16.49336401 
0.60189551   14.89209570 
0.57449826   14.18561855 
1.06824875   14.54768239 
1.06837681   5.45241137 
0.57528737   5.81404387 
0.62181628   5.10008027 
28.47508015   17.05585239 
28.35150743   17.71901276 
28.61119928   3.09375680 
28.38286562   2.31303200 
19.90471978   19.24831498 
20.53388202   18.86706718 
2.84321496   0.86123225 
7.84288668   3.97987957 
7.58190781   3.71378309 
7.29538555   3.45908345 
2.75307602   1.85496898 
1.99324235   1.75474854 
2.31980217   1.28443541 
26.49246067   19.22147543 
27.51363185   19.19475391 
3.41392841   8.68298514 
3.20513480   8.40952093 
3.55202502   8.40665697 
27.50983597   0.88274012 
26.49336844   0.77681323 
3.08625257   8.74402833 
5.07267905   13.55180286 
4.90517714   9.82929075 
4.92404403   9.78977186 
4.94727997   9.83739148 
6.43303832   13.96112684 
6.04368324   13.93838447 
6.23432767   13.58313752 
4.86354159   9.78896476 
12.34424196   6.50506958 
7.04888104   5.11092305 
6.65561043   4.93737840 
7.07057191   5.54514523 
5.08221583   10.42778333 
5.11491253   10.38827028 
5.13379190   10.44844933 
5.16510295   10.39894175 
4.65731229   9.22694530 
4.65630721   9.11514876 
4.73866021   9.20017414 
4.56201045   9.19359106 
1.64926523   18.76560499 
1.42650923   18.06518706 
2.08654839   18.31898698 
16.25806613   11.86933098 
16.47376094   11.04808933 
17.16669199   11.73244657 
1.63205601   1.24613419 
1.41137363   1.91502160 
4.81813356   6.09693640 
4.69204993   6.36246116 
4.51994182   6.08470201 
4.32150366   6.31975173 
27.61356161   17.89098548 
27.98830383   18.44140169 
14.58145617   15.43248751 
14.50655840   14.57595566 
15.14192733   15.06924553 
5.43729698   9.63477029 
5.37253467   9.65442899 
5.36773540   9.56712439 
27.98169316   1.58799543 
27.59747207   2.12449943 
15.07359114   14.30136572 
17.05734919   9.69733108 
17.17418453   8.92790759 
17.86087484   9.60601597 
5.29719040   9.63587103 
2.35546149   14.90080550 
2.85292369   15.23885906 
2.87098388   15.89812360 
29.21201314   15.86248009 
10.14057328   1.68279710 
10.92732272   1.70852568 
10.59758680   2.25597957 
10.57251238   1.16718454 
29.12347566   3.99929410 
2.34180516   4.24836398 
2.78697944   4.67431182 
2.18817978   4.95668438 
27.87326097   17.15120072 
28.34617636   16.34823604 
3.06080930   4.23575618 
4.92746430   15.02431365 
5.01856210   14.55952275 
5.39985104   14.91376589 
28.19397764   3.70457878 
27.84762427   2.88955740 
5.16155038   10.68105600 
5.19188587   10.62292943 
5.23209625   10.67189089 
5.12025439   10.62231515 
7.67125753   10.05375507 
7.51123775   10.27905033 
7.40253772   10.10140110 
2.73040027   18.25137356 
3.74371989   19.22127926 
5.34483968   5.16699897 
3.70790366   0.68538902 
3.52708400   18.37661871 
2.09656025   2.39422028 
1.25525416   2.70414483 
0.68323560   3.45049817 
5.36438728   10.10802552 
5.32598308   10.14220234 
5.30508683   10.09553321 
1.25620730   17.25899743 
2.13166515   17.62208744 
0.69837350   16.52589616 
5.26801854   10.14281833 
5.10698821   4.75568056 
25.72516828   19.12133962 
25.71593189   0.65411466 
4.79614368   10.02841848 
4.81066573   10.10375209 
4.73296054   10.08665389 
4.85965623   10.05603611 
26.19395139   18.53496702 
26.27590927   17.74398124 
26.92750739   18.35045477 
27.05604429   17.37699178 
3.96839361   5.56361079 
4.13172340   5.22355351 
4.36294800   5.48187064 
26.89438059   1.66793630 
27.04916996   2.60350276 
26.27439231   2.23159660 
3.75368755   5.22166680 
3.52026260   1.54235021 
4.69514066   10.14718258 
4.65719684   10.08800322 
4.62401220   10.16760048 
25.97783261   9.82226129 
25.48343781   9.02746122 
26.34766935   9.02550556 
20.96748757   0.87520603 
29.10837292   14.95508417 
29.16072032   4.98049966 
27.76289165   15.65942395 
28.53912809   15.54498101 
27.39719598   16.51612587 
28.51655062   4.39479890 
27.78859022   4.28249294 
27.38546423   3.43109966 
3.52756337   10.24264923 
3.51420750   9.98544037 
3.28657124   9.88599851 
25.90148543   8.30633622 
1.93453172   11.42481015 
2.43528719   11.42295528 
2.19962752   11.72409093 
0.97104852   11.67865654 
1.13688284   11.22857138 
1.46971038   11.53871528 
4.77714483   9.87167584 
4.76798481   9.81712688 
4.81580393   9.83509578 
2.19782748   8.26094444 
2.42312421   8.56481799 
1.91832867   8.56872784 
1.41432977   8.47685430 
0.88642469   8.93656503 
0.95320006   8.26099998 
17.07549347   13.54980270 
17.48875911   12.75302625 
17.81410888   13.65650189 
1.57848410   9.02992440 
16.70227815   12.65342327 
18.48127251   13.71449969 
18.21224041   14.55753419 
19.00957491   14.16665483 
4.98325769   10.21860645 
4.93663404   10.26146513 
4.92036490   10.19904871 
4.99625710   10.28453787 
1.09800246   10.67550357 
1.60427330   10.97536474 
2.79845124   12.32501782 
2.31137544   12.44059058 
7.71276769   10.41650165 
5.37613467   16.60269461 
4.99815812   16.37916427 
5.84541092   16.59787788 
4.97186234   3.76690673 
5.35429145   3.41119897 
25.50857574   18.29220052 
24.71313134   19.08416392 
4.12793752   13.56846347 
3.87641996   13.85888408 
4.43668407   13.61334790 
24.98210988   0.86602891 
2.13243419   8.97367689 
5.79640651   3.36528021 
7.45668138   5.22195027 
7.91471129   5.37884971 
7.55313470   5.58391734 
2.15035370   11.01161745 
2.59843381   10.98287655 
7.88109809   5.84852625 
2.31386484   7.55626773 
2.45902449   7.07035328 
2.77965959   7.57126711 
15.84096549   15.34637306 
15.70872887   14.67488319 
6.75343406   14.19096165 
7.05852740   13.94249986 
7.07004275   14.35225693 
2.56271109   9.00763130 
25.47689697   17.27257957 
26.50983337   16.84468839 
25.58433045   2.66662244 
25.82935802   1.57692985 
26.52488360   3.08942713 
7.39568405   14.20406402 
0.48364735   11.89648506 
5.64991252   13.92959156 
15.33262632   15.73153430 
6.60027162   8.92831866 
6.79368280   8.96064242 
6.66039543   9.13024373 
5.70692551   11.80602120 
5.84359840   11.63977653 
5.96970448   11.83502074 
27.13384835   8.92323255 
11.27371258   17.10521404 
11.29672364   17.80882561 
10.55874598   17.33518214 
5.14963352   6.64054528 
5.02034697   6.92036144 
4.88499406   6.66848905 
10.96401366   16.71286048 
11.67013214   16.44638410 
4.75691219   6.90744498 
28.31081159   14.88185604 
29.04644781   13.95045525 
28.33922511   5.08764438 
29.08402708   5.84667799 
27.40396867   15.02393502 
26.91745386   15.93804051 
27.34122478   5.06656160 
26.88101925   3.99719774 
10.87832572   16.08563518 
11.83909113   5.44264192 
12.32930581   5.45701946 
12.07281538   5.97206846 
12.65260402   5.86898724 
19.77309673   4.48237047 
20.58623693   5.04242503 
19.54765146   5.22878073 
20.42076136   3.85529845 
5.61467356   6.07781462 
6.05595107   6.17675890 
1.41560731   6.76442128 
0.66607592   6.49206896 
1.14250578   6.09770814 
4.82680370   13.38753057 
4.57252872   13.35528774 
1.14120703   13.90277204 
0.66213690   13.51242342 
1.39876421   13.26010740 
10.41142861   14.67203558 
10.61523120   15.10327879 
10.13000829   15.00973828 
24.66639725   17.99617168 
10.33623018   15.55455629 
4.57872300   6.64394816 
24.81494459   1.86503904 
24.16677600   1.10008991 
5.00712318   6.34646555 
7.11106135   13.60586602 
6.87614212   13.67132817 
6.90583525   13.41567797 
24.93758412   16.50256531 
25.93549981   16.22041140 
23.86299626   18.51097728 
25.97492542   3.60654360 
25.06469977   3.27649179 
0.81421642   12.86041405 
0.71798153   7.28240860 
7.77192992   14.47768665 
7.61555863   14.94229945 
7.27254967   14.68191791 
8.11891451   14.84445586 
18.04506516   7.61716221 
18.13620989   6.72749574 
18.91478126   7.15076417 
3.97832685   8.87030803 
3.81557047   8.82217658 
3.97500723   8.70496517 
18.76566834   8.24289084 
28.00406038   14.15725684 
17.90581300   8.56296139 
3.23548259   7.68513725 
2.99886205   8.04341506 
28.14423766   5.95483521 
28.91980174   6.90553380 
27.02114864   14.26993726 
26.40744589   15.23709551 
28.47238876   13.30488518 
2.56563126   8.03881457 
26.36463166   5.39096574 
26.27102724   4.50706150 
3.56103348   7.45697003 
3.59584064   7.74663269 
3.89316427   7.58806860 
5.04455996   9.98015383 
4.99935099   9.94451738 
5.06064342   9.91660467 
4.99705308   9.87130128 
6.52284546   9.29447272 
6.46162679   9.10051900 
3.83989698   9.01892980 
23.86684643   2.05732688 
3.52872857   9.70938419 
3.80612410   9.68504102 
3.70379039   9.86852954 
3.68478822   9.52878174 
24.15772717   15.94068262 
25.24006657   15.47360941 
15.27587424   2.95404373 
15.88889924   3.50867180 
15.18560483   3.91436406 
15.99568616   4.50069653 
25.52359218   4.10246097 
24.75737172   4.23406818 
23.42599546   1.28571997 
27.57643615   13.41888103 
17.23035576   2.98257121 
18.00849193   2.55980128 
18.00681927   3.19515770 
17.44189327   1.92893281 
27.87666032   6.79791395 
18.07172145   0.97094283 
18.97878606   0.89649376 
29.03231168   7.95862193 
25.93451448   14.40466340 
18.82329851   14.93898927 
19.59888236   14.68982477 
19.37628235   15.67455065 
20.10898715   15.11652315 
18.36658102   15.63884275 
6.89604823   9.16205904 
25.54077017   4.87863934 
19.06912079   16.44552573 
5.74337721   10.73998330 
5.64996198   10.78430462 
5.64210261   10.65894219 
4.95436207   9.31201675 
5.00065273   9.37643849 
4.93120726   9.37724960 
2.99485730   11.94791364 
3.23578379   12.25013506 
2.56487585   11.94195479 
3.63738193   12.19024649 
3.44302418   12.55392938 
3.86797724   12.54600436 
5.56063599   10.73147551 
4.21204835   11.50929506 
4.41851736   11.42829156 
4.43615875   11.60397122 
5.06129806   14.17880476 
5.44744203   14.34507881 
7.76531178   5.02004289 
16.66107113   1.57397007 
16.31223622   0.84241829 
17.18387407   0.88980679 
4.68094969   5.76713876 
5.03004252   5.49827711 
5.15010387   5.94452583 
5.49986245   5.58860188 
15.90630204   12.62573162 
15.37585044   11.98808104 
15.06626993   11.12402258 
4.30717783   11.29403166 
8.50642421   16.06934361 
8.12631907   15.70576613 
7.78113417   15.34159080 
8.36874043   15.28612535 
3.41023403   4.79280671 
4.10444070   4.72552490 
4.55318324   9.74076251 
4.62602987   9.75990128 
4.57234875   9.82090013 
3.92977635   14.98752958 
4.08228278   15.44436720 
3.49987509   15.43533846 
4.02112942   7.82986236 
3.79175077   7.91720800 
4.71868404   9.78010509 
3.47005996   14.24204715 
2.89481401   14.20254239 
7.50566743   8.75680029 
7.23497755   8.83978670 
7.30283730   8.53413491 
2.41296565   6.17963572 
3.01980595   5.79844445 
4.17344480   7.70733582 
4.18970686   7.94021274 
4.37210595   7.82686226 
13.49601502   14.67327768 
13.46303728   15.21315989 
13.00375286   14.95244739 
23.54652297   5.32096127 
24.07470737   5.95545454 
23.23142780   6.19488393 
24.07367981   6.69940550 
11.24400877   1.17436897 
11.55578455   1.71150942 
11.24069301   2.50270436 
11.00807731   0.64449484 
11.71626305   0.95480572 
13.94821802   14.99502789 
5.51722034   6.96732178 
5.40710859   6.68309647 
5.65421201   6.72515466 
16.63910482   19.39908822 
16.05737286   19.08016440 
16.90918878   18.60273122 
5.27238799   6.94889564 
11.76524221   3.87225923 
11.90335330   3.10694160 
12.37003855   3.54992868 
12.66192156   2.87554612 
17.46039497   19.31254548 
18.00949227   18.43702681 
7.03639406   8.64429209 
10.09581573   8.59692322 
9.88396787   8.85220917 
9.79589323   8.43420807 
4.24533935   10.34863249 
4.10393491   10.27633161 
4.25227061   10.20103716 
3.87658049   9.46373524 
3.70746701   9.35981901 
3.83304383   9.24716793 
4.13208148   10.11482645 
6.90499374   7.49495772 
6.95853682   7.78115096 
6.73971297   7.73094483 
7.17081996   7.65051886 
8.25346679   10.66633715 
8.62129106   10.63705951 
8.35727379   10.91675133 
8.32016048   10.39752682 
4.93412188   9.65906200 
4.89289972   9.67978852 
4.90202646   9.63038284 
4.85959334   9.64694405 
7.24645549   12.24166990 
7.11783359   12.02341739 
7.35031868   12.03292936 
6.97604974   12.21530340 
13.93466698   3.72891783 
14.55429609   3.45150129 
14.37064354   4.34315138 
9.53842369   8.71264143 
4.94609363   9.71006196 
5.00239770   9.72594115 
4.96222827   9.75933493 
11.30501243   9.42169544 
11.04037014   8.85012020 
11.54281652   8.78090877 
4.90216274   9.74096389 
4.85601593   10.33666057 
4.90492656   10.33118942 
4.87988604   10.38038301 
4.93358458   10.37222394 
14.63811881   13.15284547 
14.99881703   12.57722774 
20.61473084   17.05786738 
19.69272867   17.34253390 
19.96506393   16.43710327 
4.79617237   9.77430826 
4.84075491   9.71283950 
4.12012162   11.34028646 
3.93495848   11.44776000 
3.98040899   11.23303755 
3.83830446   11.11786540 
4.03791803   11.05457417 
3.84627535   10.95561573 
10.70899779   9.23125533 
8.13566175   14.13735013 
8.60328833   13.95030779 
8.53328061   14.44063664 
9.11046001   14.14694808 
19.93644383   11.01485487 
20.51553296   10.89875628 
20.41665959   11.74224721 
5.42138886   10.11896772 
5.41203215   10.05444970 
4.23650162   9.62580705 
4.09013513   9.50034134 
5.37966932   10.15727957 
20.49762496   8.99654156 
20.07649278   10.07834196 
19.48725689   9.14881316 
5.28468919   10.04142168 
5.25188153   10.08206664 
18.65291667   9.26688976 
5.26446132   9.99268391 
5.32092498   10.00540150 
5.31520516   9.95205902 
7.15165227   11.41367628 
7.33095832   11.61066055 
18.93727277   17.96832154 
19.03823853   19.00245886 
7.40343962   11.40119446 
21.08504307   11.32312969 
3.05187911   12.56551936 
15.27614412   18.76978625 
14.56714013   19.26851073 
14.51366336   18.51444906 
4.51081629   6.89651118 
4.30606189   6.70903086 
3.97430111   6.80868845 
4.04910319   6.47776034 
3.73114168   6.46831689 
12.93342235   6.45460203 
13.29777851   5.76490503 
13.57566420   6.39966605 
2.83328380   11.57911124 
5.30938776   9.84851675 
5.28247211   9.80914026 
5.34174880   9.78272997 
5.27942879   9.75795276 
2.83770595   8.41493254 
5.08287624   10.26074777 
5.08093687   10.20818707 
5.11686774   10.23916932 
5.03768479   10.24142212 
21.53145085   12.80597547 
21.28034274   12.05619691 
21.98857646   12.29280144 
7.24235237   13.29578267 
7.62323300   13.24204705 
7.47244961   13.70404141 
20.72407314   12.59204695 
18.16412022   17.43256724 
27.68170515   11.02629584 
27.10344575   10.49336755 
27.70058522   10.08185722 
26.89117585   11.15128509 
7.41695053   12.46986005 
7.13504517   12.46344418 
11.18451187   3.38594553 
7.55171309   12.19719950 
5.08177925   10.15806163 
5.02747040   10.18928956 
5.33407814   9.89661875 
5.27727111   9.89960895 
14.87694767   17.92789280 
5.23931288   9.85148313 
5.96840362   7.11850008 
5.91083322   6.81558926 
6.15531594   6.97108188 
5.75089713   7.02819676 
11.85504309   12.28605066 
11.94953761   11.79885580 
12.39206962   12.01365890 
3.99566443   10.01387442 
11.44161666   11.83977756 
4.17303447   9.93337817 
9.61404706   4.95036603 
10.17754887   5.12338173 
9.79005203   5.47288230 
9.98916484   4.59695388 
20.84264993   2.90504353 
21.34443745   2.05732733 
21.86685871   3.16913117 
9.90608370   5.88907205 
9.45739557   5.84021220 
9.72506671   6.26463339 
7.66771288   11.13708016 
7.61991358   11.36161017 
7.43856001   11.17888481 
7.72653283   10.89964583 
7.87965390   11.06673701 
8.00359017   10.84155473 
7.91248071   13.78237971 
7.72961234   14.06563993 
3.48748256   11.62114509 
3.17001537   11.60296008 
3.38724163   11.32717140 
4.48391587   13.09509562 
4.30796986   13.29193563 
4.76157103   13.09501310 
24.47367190   2.73576853 
3.96630209   13.19067860 
3.78809765   13.54765318 
14.72965259   2.05649093 
3.06876319   11.26265780 
4.94738209   9.61484056 
5.00897081   9.60795753 
4.98991493   9.66670458 
14.37223643   8.41252093 
14.48094438   8.99313367 
13.82496733   9.02122073 
5.02457521   10.38152388 
5.04286763   10.33090326 
5.07206265   10.37564688 
4.80201980   10.33225385 
4.82979063   10.28516077 
4.88186513   10.28621777 
5.35089689   10.36107344 
5.26934476   10.36733101 
5.29618484   10.30871098 
14.73832922   16.38852245 
13.88503917   16.70390681 
13.82107770   15.83463925 
14.41407986   17.27102309 
5.31200771   10.43894842 
14.26150808   9.47058395 
3.43556877   6.16730824 
6.86747292   6.67751288 
7.17234536   6.72174554 
6.97120756   6.95313213 
6.97007670   12.85808369 
7.20390268   12.99443961 
6.93858210   13.12675735 
12.30498399   15.94945184 
12.34349321   16.72020114 
11.87894747   17.22281787 
6.75332037   12.70841300 
7.00277117   12.63829181 
6.88723631   12.44095629 
21.65071220   13.57357022 
21.02975017   13.24097283 
24.94145532   8.10729031 
24.17398221   7.48585144 
24.82651282   7.17513706 
20.09471496   6.05046353 
20.74629041   7.10089970 
19.74862133   6.83264381 
19.71169596   7.64807675 
5.20609645   9.98350028 
5.15422969   9.98089924 
7.78063552   10.67649659 
7.57779404   10.68658314 
7.46142734   10.93938203 
11.22825551   7.95221695 
11.69308557   7.70528579 
11.66664724   8.18760907 
11.30940282   7.39726619 
9.70906277   14.88635117 
9.73844040   15.31692106 
9.96510173   14.53770686 
5.47063543   12.37155257 
5.31946650   12.63622165 
5.24183419   12.36618539 
5.60604558   12.60849498 
4.91539914   7.17639185 
5.17924579   7.20127298 
4.81891063   7.37989077 
4.61585732   7.17094515 
4.60392208   7.47013565 
6.66613497   13.26746839 
6.42742012   13.38900315 
6.46908022   13.13190795 
6.26339265   13.22817163 
5.41218046   7.20852255 
5.29764759   7.47917152 
5.02712707   7.43627766 
5.62138581   7.20239934 
19.86183464   3.00806809 
19.87064642   1.02964385 
5.10580686   9.65028634 
5.11450245   9.60589925 
5.16190090   9.63050493 
5.15580870   9.57109713 
4.28635246   10.05593062 
4.35583083   10.26146330 
7.40523109   6.47447398 
7.26852557   6.18288545 
7.62544245   6.19842601 
7.38743466   5.88716908 
4.44172854   9.89434076 
4.51802727   9.87947817 
4.49544857   9.94344031 
4.57973332   9.91684684 
4.33107119   9.91481543 
4.39883325   9.80130230 
4.27422792   9.78741515 
10.71832969   5.22613070 
10.56382685   4.70745542 
5.10731541   12.97150845 
5.42665913   12.90778505 
5.06430925   12.59180345 
5.63860055   12.87314588 
5.56208318   13.11754362 
5.80388248   13.07358666 
13.61825873   10.66546176 
13.82172093   11.20630472 
13.22167520   11.06815733 
14.30736094   10.61687304 
12.87840278   11.59503529 
12.67433604   10.88762009 
12.27516157   11.43223600 
8.50605952   12.73540511 
8.25421445   12.82365559 
8.31187478   12.55364829 
7.95198849   12.63044780 
3.57897443   5.69586254 
9.02175984   13.66691433 
4.69647834   9.69895443 
4.77026491   9.71171755 
9.43003551   13.35076308 
9.91234637   13.54565235 
9.45897257   13.77858546 
5.24523340   9.94535541 
5.22134491   9.90129951 
6.12651082   6.59932191 
6.51377739   6.62376946 
6.37278325   6.85457585 
6.36637401   6.33563322 
6.40107672   7.12270742 
6.15228799   7.31579678 
4.46687498   9.71556483 
4.36642950   9.67905228 
4.53225780   9.64889397 
4.61622347   9.67539639 
8.24032351   6.84971305 
8.19121000   7.25167686 
7.83107652   7.34905466 
9.73271008   13.00991066 
9.32436060   12.85742817 
9.00595936   13.25021727 
5.18320691   10.29775622 
5.20122849   10.35647912 
5.14619333   10.34238343 
5.23383150   10.31696948 
5.09610283   10.33899518 
9.49173658   6.78837889 
10.00671370   6.55868497 
9.91393399   7.07152354 
10.37119968   6.81168813 
4.53512452   9.54139619 
4.60648773   9.59853095 
6.86021340   12.01885129 
7.23692312   11.82322777 
5.68962934   12.35102913 
5.60940775   12.15333427 
5.39248710   12.16494605 
5.64165118   10.11659667 
5.55200937   10.13919276 
5.57863173   10.05601136 
5.61881014   10.20347982 
7.21278697   11.21573574 
7.01615925   11.24643172 
7.25492330   11.02657294 
8.64704019   5.86235073 
8.79571524   5.53854353 
9.01132753   5.86039442 
23.06248412   2.09629034 
8.35844090   5.55073423 
9.18740073   6.30561229 
12.51414301   15.33967137 
12.45611882   14.68596105 
13.03406556   15.62839142 
23.98314876   3.56177950 
12.39448063   14.01597686 
11.81236850   13.91044092 
12.97713754   12.21851666 
13.19812451   12.87593886 
13.94644567   13.03678663 
7.35325338   10.69580944 
7.43214751   10.49166333 
5.46020670   9.87831182 
5.48049043   9.93783846 
5.39285349   9.92697725 
5.44375344   9.99884251 
0.95042815   12.24468878 
8.28299509   6.45482718 
8.61739590   6.70681173 
8.65251738   7.14840442 
0.50221050   15.88312138 
1.11656131   15.90535115 
1.08804309   4.06284085 
0.49740569   4.10212404 
6.63603074   17.47938347 
6.20371169   17.04247948 
6.28841814   16.58257918 
4.75570372   9.64092709 
3.89866639   6.08162126 
8.79185732   1.55932275 
8.22069816   1.80070686 
8.20817550   1.09252269 
4.20597938   5.87873832 
11.09822633   19.44494706 
10.49698763   18.84455895 
1.84179112   19.42181582 
3.43785015   3.80103126 
2.70034470   3.65095947 
3.24780107   3.13173199 
13.84499637   19.46915117 
13.95143477   18.74998352 
8.54183016   19.41136620 
8.92638602   18.87679976 
9.43987579   18.64960952 
28.93962346   18.33693344 
0.47276194   8.57330839 
8.12710687   3.56935817 
8.65751805   3.68804555 
1.03339239   7.70450895 
1.38661018   7.42380711 
1.39975754   7.93444494 
28.58399123   19.15626978 
1.83482087   7.67905211 
1.39995794   12.04018529 
1.42431088   12.59110094 
1.83142102   12.31716566 
28.92406662   1.68851722 
3.44975867   8.05996050 
3.35778929   11.91366841 
7.37904124   18.68841417 
7.75542161   19.36949343 
6.84269819   19.19657119 
28.58153807   0.85124754 
2.13725004   12.05598434 
1.75282865   11.87078451 
1.74978357   8.13046363 
2.13733935   7.93641423 
1.49196755   10.31105054 
6.75936584   2.68216759 
6.10305996   2.94009697 
6.03486748   2.44620864 
6.37464385   3.33569059 
1.20634246   0.60288239 
7.36915913   9.21902967 
7.61095473   9.19117938 
7.50275056   9.40901629 
0.46980361   0.69613535 
27.30448690   6.02467953 
0.82232357   1.26623738 
2.02337383   0.66148202 
22.89137565   0.64454799 
23.70271352   0.52642461 
0.66880545   2.12464440 
0.84734041   18.59541839 
0.68281226   17.88512309 
1.20051025   19.34338689 
29.42373022   19.10601006 
24.61022434   17.23599583 
29.42072855   0.89948460 
29.27489830   13.10276100 
1.91810143   7.17800679 
1.96280318   12.90434833 
23.84586216   19.30449360 
7.42183453   9.01081846 
0.47300104   19.27185216 
18.27305544   16.61154851 
18.93543041   17.25391108 
6.04246965   17.56664300 
5.57240451   17.11410345 
23.18588601   18.93064552 
22.59652633   19.30255941 
5.45141921   2.27638057 
0.60891420   11.16451828 
5.55001612   2.87113780 
4.91638801   3.13598224 
23.35732570   15.83133332 
4.94281028   16.87759222 
8.42403512   17.61206021 
8.79835947   18.21856812 
8.05929629   17.08929239 
2.72470060   10.24879652 
2.48908685   9.96336222 
3.43941247   2.37572486 
2.81114595   2.55886499 
23.20643551   10.50859635 
22.50169490   10.25519864 
23.05616077   9.66084007 
23.86561109   9.80615112 
4.01646962   11.70599202 
2.05675061   3.57150199 
25.01927334   14.48160972 
24.18680509   14.02203284 
10.07448042   2.32268262 
9.37358131   1.99341118 
9.76442814   2.75481331 
7.32832991   15.58568259 
7.61202397   15.86856590 
7.38048798   2.40628541 
12.05890207   17.86819710 
12.59335438   17.28882536 
12.75059530   18.04311409 
2.03469558   6.66934788 
7.98316942   6.24264177 
8.31653508   6.06920501 
6.08064257   1.31804525 
6.90526197   1.40617354 
25.03154454   6.31713625 
24.57898897   5.23911128 
0.71574975   4.53574270 
2.50007112   3.03737811 
1.95175852   2.93441493 
0.69611771   15.44589804 
15.99312828   6.15211378 
16.71435650   5.85978342 
16.65534593   6.69274812 
17.40967917   6.49087204 
5.46077764   9.81245242 
5.52479232   9.83653612 
3.02294054   9.51308422 
3.26743971   9.57435873 
2.86891940   9.26007462 
6.45171955   1.96708562 
7.02232396   2.00763309 
11.11626265   18.60730566 
10.58436650   18.13454687 
11.59806539   18.35788243 
1.98228411   9.97309282 
6.56191701   16.05340835 
4.57538536   19.24137903 
23.82655886   17.58111299 
0.57281823   10.36471909 
23.16178977   18.07751386 
1.44524455   3.35876766 
8.92762244   0.87279352 
9.39141896   1.29357837 
8.43317007   0.49147886 
1.44652489   16.48657720 
7.17692574   17.41750491 
7.44318788   16.94810502 
4.98639832   10.34343988 
4.98126672   10.40572397 
2.95139391   17.45198340 
5.54056904   9.90626999 
6.04786367   19.40529483 
3.50127537   9.43812024 
23.44810131   2.79888229 
5.40590693   9.78891744 
5.45986963   9.75482902 
19.53851131   11.68786412 
3.76140069   11.66004411 
4.91838347   9.88266396 
4.86339256   9.85845292 
4.54460788   0.74641229 
1.57920780   9.67184303 
5.40566521   9.71481196 
4.56621579   10.08306027 
4.62054416   10.00512972 
11.27489176   5.33380365 
11.62105233   4.96362557 
12.14395838   4.94114080 
0.52418493   7.97666927 
3.57913237   17.66122491 
3.18892014   17.92068123 
10.91323201   5.82215069 
10.30961004   5.63913898 
3.58387563   9.17208790 
5.23950135   10.26951684 
5.30843277   10.24824572 
5.31845837   10.18573276 
5.38632845   10.21907002 
4.86230336   9.90767663 
7.92334758   9.83831739 
7.93353540   9.50791939 
8.14670327   9.63093977 
13.06032679   7.80047175 
13.64806004   7.54253551 
13.68603906   8.20816185 
14.17081520   7.71329037 
7.55415274   11.57109055 
7.78970264   11.58754148 
7.87745575   11.30530514 
7.57298521   11.84851558 
6.89598387   3.35652793 
6.58838910   3.80390178 
7.07313223   3.85188505 
7.93504089   11.90642793 
26.21183129   6.26798844 
6.72927789   12.22172585 
6.58714534   11.99253837 
3.23535307   9.28428988 
6.03745998   18.70627104 
6.33196210   18.06671919 
17.16888667   7.96574677 
16.53339398   8.46723883 
28.30137546   7.49497326 
8.65171088   2.28836577 
3.01891412   10.58092738 
12.08519934   13.40858064 
12.72388454   13.44186096 
2.90106483   10.80751387 
13.48750851   13.56912161 
9.98201349   18.45517147 
10.09471305   17.82567676 
7.90233089   0.49821775 
5.59623985   9.97143820 
5.61677379   9.89021613 
5.69121258   9.93679132 
16.51261581   10.20035452 
17.31638027   10.55846292 
7.58275595   12.70035035 
7.69002258   12.46286871 
15.79225224   10.61996170 
18.09662888   5.75772588 
19.02584854   6.10592998 
7.73593655   12.92605863 
7.44140258   12.98164932 
10.49623258   2.92641195 
10.48909967   3.64344499 
9.99153488   3.34129842 
9.78711176   3.92199492 
5.41563280   10.42549567 
5.44928209   10.34351929 
4.13764174   1.31331729 
1.86927131   16.95784214 
2.44966375   16.93992974 
5.37716583   10.29062947 
12.17002676   8.58556782 
11.05312483   8.31826244 
7.66249753   9.66769556 
19.88720636   13.78851125 
12.76093254   8.25920707 
12.62133337   8.97865299 
13.17601667   8.62648599 
4.45173972   10.30879739 
4.52225349   10.26139725 
3.10001663   16.63810369 
3.54216440   16.04018397 
3.83657664   16.56944011 
4.21145616   10.95940966 
4.05049649   10.85658667 
4.14546548   16.00636931 
12.02604761   2.32452847 
4.39858093   10.89541991 
4.35386118   11.08263369 
12.16708121   1.63945927 
4.52451192   10.98128406 
4.29370639   10.59276042 
4.42297051   10.52283174 
4.40933919   10.64055220 
11.71120031   4.43689376 
11.14407483   4.01694701 
23.36354920   16.70461495 
5.39043790   1.63531894 
4.32741132   10.45499168 
5.17303400   10.24063804 
5.22264768   10.42240369 
11.08430268   4.67321698 
10.30106994   6.20583994 
10.87558376   6.45551138 
10.83742597   7.12805912 
4.91227378   9.53866089 
4.93562213   9.57218944 
4.88875194   9.59113411 
6.61124313   12.45444942 
6.47848132   12.66975892 
17.32525636   7.24252019 
16.56520549   7.57761766 
23.80562322   4.41807843 
6.37137362   12.45364088 
6.44776928   12.23220157 
5.46670026   10.48893835 
5.37965569   10.50218215 
5.53525414   10.41831237 
11.78187866   10.03373042 
12.48287949   9.81058471 
12.25674752   10.45939579 
7.57348582   1.70020315 
13.00267339   10.35534732 
21.27537843   15.83020444 
13.10250095   9.49120156 
13.69552571   9.94645715 
12.02171771   9.32219766 
5.10065896   7.74533893 
5.40981940   7.75401987 
6.36051772   9.92233192 
6.23063473   9.89211953 
4.45177166   10.41039840 
4.35734245   10.35948987 
4.54621239   10.47246142 
4.50938209   10.56582634 
17.29759420   14.52945919 
1.70179096   4.09693037 
9.15437303   12.38623231 
8.84882567   12.78838514 
15.53679420   0.73176489 
15.94814654   1.58245872 
9.75579031   12.46347899 
6.51170027   10.96201551 
6.40124284   10.84152869 
6.55741252   10.83186405 
3.34774175   8.97217528 
3.62235141   8.88411319 
3.73309520   8.63632446 
6.47443927   10.69853198 
4.61293596   10.56456879 
4.66447707   10.43623696 
7.43623895   7.82691312 
7.38533494   8.18323532 
7.14351795   7.97701549 
7.07922246   8.32771975 
3.47121430   17.16211523 
7.45720776   7.44205676 
7.79599387   7.72138464 
28.96515894   8.74035544 
4.43081153   9.13698915 
4.27665444   9.03198159 
4.46972793   9.29669530 
5.18383181   12.10202022 
5.00512643   12.30384420 
4.86620526   12.50081246 
4.74500493   12.25256397 
4.59599908   12.54031783 
11.25929187   12.41426815 
11.67060766   12.89848452 
11.48372057   13.42344978 
18.93484393   4.56997457 
18.64331936   5.27002821 
4.32986705   8.07419182 
4.53878483   7.93985133 
4.57729326   8.13865392 
28.82802126   12.52484381 
4.80864454   7.94947214 
5.54849605   10.32506827 
5.47277451   10.26285355 
15.99070884   7.09248443 
5.46146988   10.16967908 
10.33188519   7.38637440 
10.79875326   7.72884746 
5.93144159   0.69653080 
3.77172520   10.07889044 
24.17924419   16.79373866 
9.89473517   7.66457191 
5.89362418   1.94038331 
28.06252206   12.74164243 
27.29448061   12.67279372 
28.04275809   11.92192701 
9.45671922   7.33618976 
8.21106973   9.34994227 
7.91835379   9.17453467 
6.63008429   11.12795312 
6.43708658   11.08270859 
7.73924048   9.38608667 
8.44828209   10.02949124 
8.44248654   9.58538318 
8.82065720   9.74553529 
4.15797577   18.57703633 
3.64327994   11.13437790 
8.10120097   7.58030920 
8.49632923   7.60496800 
21.40678133   18.40306182 
21.82171189   19.19710814 
21.09277839   19.31601793 
8.17641442   7.95833220 
3.86986469   3.47352655 
7.74521967   8.12922740 
8.71118819   8.01903723 
4.08428160   3.98423939 
4.60705706   9.31322048 
4.66946431   9.40754367 
4.55979381   9.42317612 
22.84670369   17.52159674 
21.95855225   17.57077875 
22.38344046   18.38832897 
4.72059794   9.30952776 
4.42389700   9.46289693 
4.44232534   9.59765422 
8.96911793   6.72649770 
0.44965839   12.47724065 
9.11656834   7.11286596 
12.94742568   1.43128233 
6.50145172   11.19963800 
6.32958739   11.19470347 
6.27821700   11.04781167 
4.51222046   11.26721778 
4.17366401   11.16309919 
5.52074504   9.99234612 
5.68513709   10.02482379 
6.37147884   10.96412978 
16.27688968   13.53022872 
15.42364156   13.26895078 
5.68159534   10.54432345 
5.74966793   10.63953023 
19.36373516   3.78386129 
8.16411919   18.10035651 
8.19152062   18.76068027 
4.52655551   10.65520104 
4.44693747   10.75395657 
4.53669376   10.84287810 
5.23430145   10.52497120 
5.24925442   10.47490464 
5.29662172   10.51924834 
5.18885676   10.48374024 
2.87612344   8.95427555 
2.74723083   8.68899834 
5.34775330   10.59005589 
5.44850254   10.58764923 
4.51116534   11.81898531 
4.32864364   11.93031528 
4.25093476   11.74473250 
4.50613298   12.06843521 
5.91033372   9.72212137 
5.84191516   9.63303972 
6.00794326   9.59726134 
10.35325563   14.12197017 
10.47057233   13.49815736 
11.03754663   13.85373948 
10.91577602   13.10027070 
2.76590391   11.29622586 
2.88710194   11.06438583 
5.21944979   9.66544653 
5.22365409   9.60024006 
5.15312184   9.69186487 
5.21568004   9.53665894 
5.29613713   9.55177855 
3.87614421   10.71743443 
5.25458288   9.49894763 
11.08393130   10.08488350 
11.52533191   10.70604298 
3.22531457   7.29845709 
6.02803118   9.77121103 
6.41543585   10.53511046 
6.28828470   10.43329675 
6.42279286   10.38927195 
6.31961691   10.31031739 
6.40382266   11.33793878 
6.55861984   11.32598440 
6.47233168   11.47270231 
10.63582112   12.49075750 
10.86135302   11.91644104 
2.57811952   16.40494978 
3.63380121   7.09666812 
6.63661073   11.50766619 
6.24854747   11.33189041 
10.23855838   12.04076238 
10.43211821   11.49221199 
19.13502253   10.66706479 
18.61238637   11.44707808 
4.75518918   11.79763297 
4.69021120   11.98301786 
9.42827804   4.38998209 
4.79432771   11.59496649 
4.96065645   11.75079754 
4.98778437   11.56472970 
4.74616048   10.36740903 
4.76355851   10.44356116 
4.73003329   10.53541584 
4.67459227   10.32486054 
4.57140774   10.35202081 
6.17166196   11.16940095 
6.63979331   10.06718912 
6.49534607   10.13613115 
6.50741067   9.98038847 
5.80191792   10.52612636 
17.85852237   4.82515472 
8.02364910   8.39174078 
6.60822196   10.21329670 
6.67287946   10.45067897 
6.56709538   10.34076160 
6.72923123   10.32222663 
6.77860242   10.55712359 
6.59327097   10.57434851 
6.69595500   10.73109487 
9.96898971   9.22619840 
9.62392025   9.10104355 
18.23393086   10.59469322 
17.88697377   11.28081051 
10.27777692   8.96637400 
8.92839040   10.38941397 
9.30542481   10.59161095 
8.93279457   10.79843388 
5.24813815   8.55380079 
5.32977162   8.68731497 
5.18113560   8.68464432 
5.24930140   8.78169503 
4.19333757   10.49583714 
5.53266398   9.41424646 
5.45498892   9.41713466 
5.51124988   9.33312592 
26.43937444   12.31790448 
3.62348444   12.91807451 
6.78088039   14.64515791 
5.42261944   9.33703683 
4.10311140   10.40749833 
5.11950961   11.88742519 
5.13920312   11.65560398 
5.36331137   11.94874506 
24.73290374   11.15021248 
24.01911250   11.64700037 
23.98669809   10.78853170 
5.82076099   6.47650823 
5.32791102   19.20290830 
10.03348532   9.62600781 
10.36603724   9.35317824 
1.25992123   15.16430659 
5.58242685   8.19682479 
5.68387390   8.07164063 
5.78841751   8.20136119 
8.35351739   8.61635239 
8.77358674   8.51247437 
8.61030755   8.89727834 
4.86048787   9.45805075 
4.88263473   9.39760243 
4.91918785   9.43029310 
5.50063849   8.00816961 
1.37148371   4.79828372 
6.45716477   10.25877800 
25.91190222   7.26600181 
19.84959881   12.67726137 
19.08232492   13.27692114 
15.92685646   8.77940160 
15.55138759   9.40793342 
15.14933145   8.71353732 
15.71764116   8.00496765 
5.32281002   9.48017355 
6.52231384   10.47355118 
2.95178664   14.68380281 
2.41603300   14.35174884 
1.74838469   14.47946262 
1.79657673   6.20375735 
4.42382400   16.65426568 
7.10142806   9.53726176 
7.34076517   9.66246464 
7.10389245   9.76318604 
6.03795977   11.56100495 
6.21359143   11.72313974 
10.55043111   8.60992550 
7.26388709   9.91220564 
6.30336024   10.74714861 
6.20790407   10.66420527 
6.35439750   10.62862866 
6.25255185   10.54814422 
6.26088465   10.89616539 
4.39416836   3.37549585 
23.31038943   11.39077208 
6.50302930   9.82606345 
5.21872747   10.13555301 
6.12603434   11.41401605 
6.08300346   11.29361385 
2.37887562   5.60281469 
2.84178645   5.18185362 
1.71956430   5.57649120 
5.38410231   8.16082526 
5.47002448   8.32812405 
23.28701936   7.22345556 
23.74331495   8.23393480 
5.52644931   8.48520601 
5.34833892   8.43800634 
5.41486615   8.58916913 
5.36877162   8.80987964 
5.47594675   8.71127617 
6.89879993   10.25987844 
6.76287927   10.15772547 
6.87000317   10.43775002 
6.79398553   9.99035354 
4.02373911   10.54852443 
6.65394240   9.88587903 
6.68228800   6.31957432 
6.92583525   5.96411420 
7.00165799   6.36433193 
4.78044284   11.16565651 
4.67534267   11.05086815 
4.80946533   11.03538574 
4.64893295   11.18267850 
5.57554268   11.95587285 
5.50254205   11.77330005 
1.98692147   13.39393047 
1.79889568   13.81316683 
5.16862467   10.11975270 
5.63282244   11.63124773 
5.42610364   11.02434543 
5.33628892   10.95682886 
5.45303105   10.90690428 
23.53507444   13.26357927 
23.09265692   14.03978702 
22.51525039   13.08026446 
5.30168916   11.04474389 
5.37810806   9.41484095 
5.40686688   9.48767176 
5.60711103   8.75025532 
5.57828783   8.62610774 
5.52441964   8.86628038 
5.67548996   8.53071741 
5.68797243   8.37285549 
13.04137789   3.76192563 
12.42504062   4.28640521 
7.71438987   8.94759050 
7.79998289   8.66943173 
5.56238530   6.46441005 
7.62593177   8.44406329 
4.82850415   9.39951131 
3.42873392   14.85625189 
5.17052016   9.26726927 
5.18996167   9.33452024 
5.13712981   9.32054839 
5.24329494   9.29098525 
4.64395557   8.84303292 
4.69352743   8.69394623 
4.79979879   8.82091564 
4.75728660   8.92019593 
4.67363804   8.99526821 
4.55084666   9.07254739 
4.86533395   8.70330041 
5.87150359   9.52330420 
6.21828486   10.24979789 
3.09106428   9.05283039 
5.78342721   9.90043405 
5.68553316   9.82770569 
5.78984305   9.76086992 
5.64987310   9.55088206 
5.55443204   9.55152363 
5.58954358   9.46914234 
5.61368023   9.62942092 
4.52554101   10.01001760 
5.97716366   9.42262922 
5.52488166   9.62007736 
5.46405304   9.55666393 
18.32929360   12.83468933 
19.78362654   18.34143138 
5.96655341   8.56782858 
5.95260201   8.74240031 
5.76986379   8.69002242 
9.72371861   15.89122977 
9.06233057   15.96693246 
9.31079755   15.52458362 
5.85812340   8.86085686 
6.10568222   10.57691980 
6.00389507   10.50515966 
6.14204387   10.46606859 
8.74850363   15.50359807 
9.22082501   15.03506719 
6.04251009   10.40099120 
24.50590895   9.16370871 
6.07129963   10.68802546 
6.68285789   18.51609691 
7.09657999   18.04214362 
6.16013299   10.79636486 
5.04755383   10.28467126 
21.47092062   16.78139886 
5.40265331   9.18083491 
5.30662889   9.22533597 
5.34178809   9.12865488 
5.46148961   9.24249672 
5.47947094   9.11088655 
5.58196946   9.22734808 
5.37097465   9.26574806 
5.45193419   11.42197018 
5.30061371   11.54032437 
5.30911516   11.37280261 
5.15724912   11.46769450 
15.29202052   6.41823502 
15.26693906   5.57528378 
15.14183495   7.18519230 
14.42785413   6.53802983 
5.59780846   11.35550086 
5.57415662   11.49212618 
5.71495426   11.48244206 
5.46713348   8.98546841 
5.37148167   9.03527488 
5.37884848   8.92652723 
5.28314507   8.97767891 
6.18205580   10.36092200 
9.37366560   16.33730582 
6.07577994   10.29264019 
6.11393943   10.18803084 
15.35322982   17.11729564 
7.08256637   9.94876523 
6.93884925   9.88075322 
6.79220142   9.82325784 
5.30975084   0.83541837 
13.35978976   2.35764276 
13.38195834   3.11464373 
13.97134860   2.95964869 
27.63000613   9.33214640 
13.09739850   16.48097879 
28.45995325   9.48862743 
1.83793188   15.06726007 
17.38441269   5.62053680 
16.83163959   5.09631223 
16.95757511   4.37769463 
3.66696615   11.41190447 
3.78743357   11.28092832 
3.63742351   4.31059588 
4.93994429   10.31317900 
24.38212686   13.19593510 
5.07712348   10.30750784 
3.09256624   10.97444599 
5.12345737   10.28925940 
3.75665004   8.20134776 
16.37932911   9.35020941 
5.09523676   9.70828830 
5.05117862   9.65786710 
22.20153515   4.88275509 
22.95165877   4.66473698 
22.63468047   5.45258801 
16.07928473   5.39400730 
15.79655919   11.30797931 
4.66922756   14.65949947 
4.44095057   15.01735616 
10.01347430   16.91660145 
10.43915187   16.59188694 
18.91091748   12.34426064 
4.67949864   5.38492103 
4.88400392   5.12223370 
4.46914712   5.12509441 
4.98962548   10.00256821 
4.97360303   10.05734552 
4.92090636   10.01648270 
8.64408859   14.93736817 
5.25839841   13.90883608 
12.61023477   7.15489998 
13.22843021   7.02859918 
4.16664691   10.62346221 
4.25648319   10.75273707 
5.03502808   10.04229820 
5.49882699   9.48438407 
15.55062803   17.89848913 
4.13280205   8.61266531 
4.00058273   8.49462608 
4.26096484   8.47981478 
15.53864764   16.32445535 
22.22422389   9.49008721 
21.77723213   10.06456786 
21.34448083   9.43708249 
6.40032552   9.50437093 
6.29108464   9.39706771 
6.30486109   9.22450796 
3.40258475   6.53234782 
3.62662588   6.74217521 
5.02425533   15.91641627 
4.65417413   16.09980252 
4.67916774   15.54279707 
4.18980553   8.28172777 
29.11556033   11.69689487 
28.46188380   11.23127794 
4.40741136   8.31465862 
29.21109727   10.88436186 
5.32644361   13.23979573 
5.43320666   13.55473458 
5.01852253   13.24900896 
4.91372579   10.13891682 
4.91573846   10.07289954 
4.96382933   10.11309944 
4.86338911   10.11065386 
4.94925122   9.97359507 
4.95497275   9.92288120 
4.89850543   9.95165345 
20.38794489   14.45371944 
17.69325285   15.25779168 
13.43078975   17.39764320 
12.66659070   2.16011108 
5.05940353   10.09758396 
5.11484612   10.09640937 
5.01360762   10.09515456 
4.76195105   10.17045006 
4.68286226   10.22575022 
29.32599583   9.26270637 
4.81989958   9.60424978 
4.18240290   7.47920993 
4.02036736   7.23444128 
4.35016167   7.32648009 
4.29626094   7.02434950 
4.84693909   9.53037970 
4.69676037   4.33377983 
4.38215940   7.57979904 
5.32793727   9.70825119 
4.60351380   10.25174713 
13.82116354   14.24064739 
3.88818607   9.87808456 
4.88425445   10.62519386 
4.86358774   10.69143520 
4.82829495   10.63155864 
14.36261045   13.76043878 
22.38703649   14.56129150 
4.82335768   9.95701034 
4.85996467   10.00128098 
25.50003203   11.84537748 
16.41920558   2.62623376 
23.00824618   3.64086952 
22.70607356   2.75538517 
18.42273848   3.82965204 
17.52025748   3.83141657 
7.70516916   18.24549958 
7.69458479   17.63590333 
25.53491861   10.63997952 
26.42786162   10.51797166 
26.31741912   11.36929474 
15.09796351   10.19762811 
5.06347607   9.60982774 
5.04649913   9.56956198 
5.09515900   9.57154270 
4.93585455   10.66313098 
27.11115221   11.74325015 
20.54385544   17.89357697 
3.32835912   5.32864233 
3.75358302   8.44980301 
3.95882122   8.29708203 
9.23132480   5.31873486 
14.44474354   9.93727507 
14.86135943   9.45483311 
20.44358043   1.92744655 
16.10382532   18.25867962 
16.69385314   17.77573405 
14.89592459   7.82305435 
14.52686044   7.23438253 
20.40428902   15.73706409 
20.75895017   16.37847117 
16.66866322   3.63788075 
5.58434316   8.98724944 
5.61659496   9.10303728 
5.13582689   10.15284920 
5.12776162   10.19755560 
22.29625893   4.11809307 
21.44566853   4.27649077 
5.01839202   10.42136867 
3.62121476   11.86961012 
2.54282500   6.63380319 
2.90518485   7.12386669 
17.37408165   17.67702110 
17.56869567   16.85260296 
16.89913980   16.96146434 
16.13576497   17.42517266 
4.41221272   10.01651819 
22.51805879   11.15008447 
3.85230481   14.56925534 
22.66844675   7.98210203 
21.78473107   7.68660921 
22.45435029   7.30515628 
21.89843885   6.88368264 
4.84989376   10.17030013 
4.87110117   10.23878170 
4.80805858   10.23049768 
5.25813937   8.88458119 
18.59194739   10.00872707 
6.07629491   10.09044466 
21.06579259   8.21530698 
8.12908386   11.14656252 
8.17866766   11.53229951 
12.93806012   5.06025889 
8.47786191   11.21672743 
4.70950697   10.01132890 
14.11116011   18.02771769 
24.64205261   10.21470812 
4.65226806   4.81246268 
21.25713576   17.52305517 
5.87507118   10.16027092 
5.78975539   10.19035793 
5.83362019   10.07692749 
10.50959677   4.26000220 
21.85529768   10.75989051 
21.06302555   10.33520766 
6.15645304   10.00039085 
5.12838844   9.91385088 
5.17920171   9.87130037 
5.18825150   9.93251799 
13.75056119   5.06956192 
14.03376610   5.78461081 
5.14706025   9.74903664 
5.10813241   9.75387090 
4.75763470   9.39932715 
4.79575817   9.46834685 
4.72580123   9.46996794 
5.12290699   9.84654768 
6.66164891   12.94938279 
16.17485621   16.59869578 
16.88836208   16.29020835 
15.20459516   4.79886804 
14.48710784   5.08397730 
6.73087787   13.86898085 
6.61053947   13.59381755 
23.63991067   9.10325451 
22.86619733   8.81094874 
21.87506752   8.63250759 
23.33177876   12.31211850 
24.01352381   12.51766782 
4.03396156   8.07737607 
18.07329713   12.07193879 
21.91987818   11.61452107 
5.73821175   10.09989606 
5.05385078   9.75047312 
22.59732200   11.97342701 
7.97522172   8.89776166 
21.09525836   3.49834395 
9.88942549   16.38110042 
5.83448880   13.61040827 
5.17947637   11.32727415 
5.28698299   11.24174818 
26.84810991   9.74662188 
25.54318928   5.61685515 
20.35270305   8.08701450 
19.74211135   8.47424748 
2.10956048   14.08555789 
25.22627519   9.73966522 
2.09095161   5.92377876 
15.68965574   13.95790238 
6.07235266   12.99539724 
6.02773108   13.36105069 
5.25449342   11.13905309 
5.38678679   11.15062883 
5.52690515   11.10563247 
19.21945037   1.47917216 
4.27451090   14.60260846 
4.75518196   9.55284423 
4.87237528   9.33465572 
4.80213417   9.33908498 
4.80800183   9.26638661 
5.83480643   10.96905188 
5.95576003   10.91910291 
5.95915320   11.04501984 
21.49316527   6.31886385 
20.91364110   5.99210191 
6.09860257   10.97976186 
5.04366628   9.70413808 
5.17273870   10.43648066 
5.72515632   10.33610831 
5.63458819   10.29370189 
5.71702822   10.24314422 
5.63747699   10.37365907 
5.69987320   10.17008098 
4.96504517   10.16605752 
22.25965806   6.16977753 
21.64779793   5.44785746 
4.83605897   10.78412093 
4.82040710   10.90048169 
4.73459842   10.81823107 
5.01852255   10.13654111 
6.01722130   10.81924081 
5.95449580   10.71648437 
5.98082510   10.61845811 
17.53438454   16.04584133 
6.12781513   9.65406353 
6.29310151   9.64999034 
6.18432220   9.76859578 
6.24154889   9.53341809 
6.09754595   9.88882403 
4.49477824   9.81049018 
6.66498871   9.69682073 
6.46575692   9.65417209 
5.85788814   12.76819595 
22.27970942   13.90733702 
5.97878806   9.92192730 
5.87342338   9.97312686 
5.89012098   9.84538577 
6.13893763   12.65423068 
4.52472789   3.92148613 
6.04035777   9.98658865 
4.91115418   10.98454636 
8.26351189   13.77672096 
8.55505586   13.53327658 
4.73398095   10.94473495 
8.17665575   13.45575379 
5.00317335   10.91385307 
5.03561781   11.06152133 
5.10821496   10.94448922 
5.81614508   10.39701715 
5.71379596   10.44531212 
3.80006866   15.69372865 
5.97913340   10.19900083 
5.93561313   10.33005536 
5.31517133   6.35947630 
5.11769054   10.75587556 
5.09111279   10.68081729 
20.80259163   9.73524901 
5.04029519   10.74072606 
6.04809915   12.05170615 
5.77664273   11.99209303 
5.22175507   9.22776032 
11.68688129   11.33605602 
12.31257427   7.78341268 
5.66463930   13.32618659 
5.87469015   12.19230157 
5.08718750   9.26099876 
5.15259895   9.19529046 
5.91371612   10.45525539 
5.89832004   10.55996632 
8.00857758   13.08992155 
7.83867933   13.45482870 
5.08467060   9.80323000 
5.06458907   9.85489733 
5.03106783   9.81000576 
5.13000860   9.79242963 
3.99184981   9.74397658 
5.83398610   10.26513639 
6.98174528   8.90461112 
7.16380820   9.07668818 
7.11583015   9.29996107 
7.28537812   9.41424069 
5.23973169   10.93433184 
5.16364483   10.84140151 
5.25304689   10.82244224 
5.19994399   10.75413601 
8.98335696   14.61493036 
4.91235116   10.85625202 
9.43088815   14.54297553 
5.34491309   10.04887421 
5.37161372   9.99776737 
5.48478579   10.08367618 
4.87835382   11.26424768 
4.70858476   11.29644202 
3.85004374   11.96785792 
4.09022143   11.94224819 
5.53244677   9.76460067 
5.58806896   9.82679557 
4.82606324   11.42534105 
6.13178321   9.49001092 
16.17753438   15.83061192 
17.00615307   15.49744700 
16.46112985   15.02556960 
28.48427254   10.48392560 
4.35520021   9.54349696 
6.91099636   9.40915934 
6.75832037   9.51429797 
6.72495278   9.29773260 
6.58761570   9.49710463 
5.02993700   10.59289758 
5.08507379   10.57248920 
5.06612138   10.62703441 
4.83099899   9.17290995 
4.87279839   9.06735140 
4.91233749   9.16609809 
4.96955057   9.11196552 
11.47086517   15.81866744 
12.00479033   15.21186866 
4.91790968   10.75273950 
4.97402495   10.71903730 
4.98558070   10.80246059 
4.78744710   10.70887598 
4.01236687   9.33795066 
4.14558741   9.19162472 
3.97807602   9.13048499 
6.34859436   8.57126771 
6.16555417   8.44822930 
6.37793126   8.38048838 
4.05234636   9.87664942 
6.21348052   8.21195563 
6.49711752   8.72566276 
6.29305475   8.77490718 
1.90741862   4.54182399 
6.42239138   8.90934352 
5.56672471   10.84524411 
5.46160826   10.80033014 
5.55635114   10.97468394 
14.66363075   5.85152471 
4.96328706   9.41798183 
5.69954530   10.88195247 
5.68255884   11.04469408 
4.25206379   12.43806529 
4.25239554   12.13488672 
4.50937725   12.29084211 
5.82792103   11.13860217 
5.77502211   11.30834279 
5.63958492   11.19409447 
6.14514369   9.33562561 
13.51061230   4.39560838 
3.97673793   12.84457246 
15.47923688   19.45070108 
5.98002966   9.25415850 
6.15418792   9.19061222 
4.26045093   12.92874047 
6.04170551   9.07905252 
10.33092603   16.11994198 
5.06612130   10.83384890 
4.97827381   9.80684831 
5.62829868   9.73544480 
5.70110783   9.74338801 
5.71255903   9.65537123 
4.89978275   9.25073835 
6.64212453   7.22166260 
6.43384396   7.34372364 
6.64821792   7.46603098 
22.65243804   6.72078927 
3.65031301   13.29284626 
14.40704425   11.24096189 
10.93696102   15.35514900 
6.76812791   11.84253769 
20.43045574   13.28335071 
6.58518391   11.74540044 
5.48891187   9.69551510 
5.56469479   9.70083154 
5.83332779   7.34021543 
15.03206608   13.76976876 
18.23338473   19.27993764 
10.54460000   8.11820910 
4.09544973   9.65105944 
3.96894514   9.60279530 
12.07338563   10.96304925 
4.81658143   9.89292359 
4.81322742   9.66326953 
14.58763828   2.80888206 
14.01228618   2.31098634 
5.01571589   8.93766157 
4.96146678   8.82505688 
5.11580425   8.83261219 
5.03608440   8.70616620 
5.62059327   10.46336127 
5.56302850   10.54181314 
5.04516418   9.04249712 
4.94167230   9.00674760 
5.56160035   10.25836345 
4.35943472   8.68523528 
4.18966606   8.79369057 
5.07249803   9.53415301 
6.27560727   11.49679743 
4.65366693   8.51527566 
4.60070850   8.31719342 
4.77012110   8.41211864 
5.02321265   11.34958549 
4.77834326   8.23655619 
4.47036891   8.49087760 
11.03860617   11.28401498 
5.23620335   9.15667983 
7.12442454   7.38101913 
6.88855715   7.22272480 
5.14015872   9.10012024 
5.30480309   9.31713389 
4.81527980   10.38235616 
5.87728045   7.81970208 
5.67626450   7.88457139 
5.72816487   7.64308434 
5.85780989   8.01081181 
9.31661693   9.69557833 
9.10730624   9.42188941 
9.37677034   9.35681321 
9.22187902   9.05231982 
4.06803463   9.00616995 
5.55129761   7.43836607 
4.41574857   8.99662180 
4.52713518   8.93437080 
8.93702340   11.23003079 
8.65834894   10.99226662 
9.21627241   10.94321404 
5.77804140   10.00619773 
5.94324909   10.06642744 
5.11816964   9.53871707 
5.10655859   9.50101312 
6.34944413   12.90853325 
13.91715422   6.99427511 
9.06795999   10.03619318 
8.75890170   10.10475791 
9.70517074   14.11230641 
9.26266473   10.27030975 
9.54540273   10.33548156 
9.47443078   10.04643455 
13.00540689   4.38242943 
4.92865824   12.00601531 
3.78259760   7.32685645 
9.52272005   10.89756485 
19.18872725   9.83396735 
9.42592441   11.20217525 
8.10315760   8.66312032 
5.00796965   9.77328454 
8.74908867   6.29691290 
5.05922596   9.15721991 
5.12957065   10.51905208 
5.19008883   10.55243303 
4.60185138   7.72279127 
7.46809492   9.87990344 
4.63258701   10.77981198 
4.70438091   10.70309557 
4.62676610   10.66935127 
6.79881358   11.02598062 
6.84115989   11.19203969 
6.67289654   10.92390884 
9.29074799   11.55293343 
8.89773758   11.65670048 
9.21679204   11.94704030 
6.54539405   7.68665373 
6.32051059   7.78790730 
6.35354233   7.53695727 
6.55390237   7.92535367 
4.54002709   8.63308784 
4.52075343   8.78241840 
4.63961912   10.90296805 
4.54297384   11.11293644 
4.90239770   10.42386025 
4.84403801   10.43386935 
8.24908340   8.97184236 
8.47425800   9.22706375 
5.04144412   7.99044440 
5.18511950   8.15683157 
4.97988015   8.18654119 
5.26896054   7.97223708 
9.06340592   8.27890396 
9.18540564   8.59670546 
9.40616242   8.26286107 
6.37845621   11.87563256 
6.19892307   11.91836228 
6.30355903   12.06320259 
7.26023495   12.73121759 
6.08853736   8.88248887 
5.91929728   8.99240549 
6.02099947   7.62163116 
6.01628281   8.15636148 
5.95140747   8.35329333 
4.81500814   10.49689904 
4.85774892   10.52267215 
4.80936653   10.56434179 
4.86735225   10.57469059 
5.75930828   9.53931026 
5.16159479   9.51411696 
5.20230264   9.48377332 
8.13552847   14.46807926 
5.71250256   9.16951868 
5.68488929   9.27726376 
5.80688504   9.27740782 
4.93341198   8.41535781 
7.18188774   10.54266416 
15.19374901   1.40820308 
7.29440706   10.29203616 
12.41713515   12.75125901 
5.61376785   9.36049274 
4.75776162   10.62481444 
4.68712523   10.61748868 
5.24316446   9.37559242 
5.30585006   9.39626699 
13.41337568   11.70780166 
8.01831949   10.19341601 
7.99798200   10.53454705 
15.56582309   2.31216221 
6.16096111   12.30877462 
15.89348559   9.95199099 
5.38144351   9.85151944 
16.41824863   14.21130763 
6.10502525   7.93040899 
5.25473066   9.44454170 
5.19967389   9.43249631 
5.15751577   9.38477522 
4.82751582   8.56066314 
5.21353942   9.73971859 
5.28791253   11.73392066 
9.65956102   11.89028728 
8.47933546   13.09665929 
5.23836818   9.79603838 
6.34420006   8.02643901 
5.13231752   8.37058503 
6.82723294   8.03152194 
10.23570772   12.94787335 
5.08239910   8.55308494 
5.14302806   10.57624802 
5.29823793   8.30115301 
10.11646803   10.63703497 
10.50196937   10.98586827 
9.93591769   11.12812790 
6.70741799   11.31000802 
7.01715998   11.03010728 
5.82159142   8.51446164 
6.13830162   8.65856445 
8.58162147   10.32430995 
4.67917012   9.61452705 
7.84446028   12.25431827 
8.18806571   12.23276103 
5.45554275   11.59494931 
8.62286602   12.40436869 
5.68766617   8.85166843 
5.73077379   9.00615561 
3.52812757   13.66567567 
4.64598542   9.51722494 
5.35890553   9.34887466 
7.16891095   10.81978586 
6.94201151   10.66222584 
10.96190349   10.69497590 
10.52428726   10.33432152 
6.85305179   10.86966130 
4.97517251   10.60184791 
5.01436344   10.66212308 
4.97226648   9.57645339 
8.80060769   9.25920042 
5.88916746   12.47200424 
3.98956087   12.21949356 
6.76641578   8.74350053 
4.13949746   9.77013568 
11.46675595   6.01917678 
7.05728067   10.31982573 
4.88530359   10.48153398 
5.38270123   10.68991524 
5.25423098   10.58850569 
4.60549527   11.47351057 
4.89622036   9.49937124 
21.17160017   8.80541651 
8.99491147   7.56154011 
4.85090032   7.63559990 
29.20486695   9.98931087 
5.08640971   10.47973798 
8.86700289   12.07297939 
8.54257852   11.77651092 
8.48386053   12.06116960 
4.75703540   10.28518550 
4.15358755   12.65764882 
5.27047848   9.70216292 
5.09116801   9.88207794 
5.04722732   10.41348638 
5.24231806   10.20478057 
6.25427801   9.02875049 
6.66723537   6.95599858 
4.55788561   12.85042876 
4.39554897   12.67726363 
7.84565960   6.57057360 
5.18232249   9.80804757 
4.94480778   10.41540227 
5.14670357   9.45924521 
4.79181818   9.00180140 
5.17812497   10.18642834 
4.75723593   9.09134708 
5.97086498   11.35062587 
5.86631751   11.46765827 
4.07470198   10.69974896 
5.29080139   10.73023906 
5.30039619   10.65284325 
9.95443237   10.14635645 
7.74079884   12.07023464 
4.38156540   8.87071974 
4.75407584   10.22901385 
13.05913746   14.17422290 
4.84590773   12.77224857 
24.62563896   11.96025440 
8.60677382   11.48245383 
10.25950195   12.50452171 
5.25429039   9.06291714 
5.15296543   8.97909411 
7.18546593   10.11751340 
4.90627170   10.53348604 
4.92166910   10.58954004 
6.42696354   11.63688978 
8.92735931   8.88493313 
5.08538548   9.45984649 
5.05181767   9.41890301 
5.10551303   9.41584551 
5.08046394   9.35517845 
9.66968605   9.46749470 
10.13233237   8.18833423 
10.29463758   7.80688927 
8.19582779   9.85550952 
5.16673048   11.06327531 
10.91154069   9.64330680 
10.51181599   9.77418709 
4.98651883   9.22196244 
5.02343107   9.30873977 
4.99855220   11.20027777 
4.90226436   11.11860590 
5.34733288   10.78201371 
5.34850662   10.86714185 
6.59284045   8.49250902 
6.78177543   8.28999992 
6.85316597   8.51599952 
4.61778246   11.64970520 
9.69950793   9.79468802 
10.01630465   11.59805739 
9.65286491   11.46118054 
5.86303677   10.81570540 
9.73006095   10.62269611 
5.54645136   10.63116510 
4.91640104   9.46976484 
7.01121696   10.49229091 
5.85594868   10.65946487 
8.36131993   8.26165816 
4.92666065   10.45995103 
9.75021377   8.08761254 
9.43657676   7.81115805 
5.07898901   10.52203403 
9.11671850   7.95417293 
5.48251404   10.68627543 
6.53396259   8.18846895 
6.33884042   9.78532163 
5.45701681   11.26319680 
5.85390282   9.12589952 
6.00368688   11.17349421 
5.13500942   11.19753362 
5.53333285   10.20671373 
5.81599530   9.41627820 
5.68804968   9.45286272 
5.88774693   9.34176580 
9.44586890   12.16855790 
4.55397224   10.73695109 
4.87722242   8.93996149 
8.22142868   11.85346275 
5.72130991   9.35666739 
6.99147416   10.84465036 
6.95918388   10.09664703 
4.77427265   9.98173688 
5.90063481   11.23551794 
6.90126585   9.66230961 
4.96330693   8.58795551 
