132   133   134 
133   135   134 
136   137   138 
136   139   137 
140   141   142 
143   144   145 
146   147   148 
147   149   148 
150   151   152 
153   154   117 
150   155   151 
156   157   158 
156   159   157 
160   161   162 
161   108   162 
163   164   165 
163   166   164 
167   168   169 
167   170   168 
171   156   172 
156   173   172 
174   175   176 
174   177   175 
176   178   179 
178   180   179 
181   182   183 
182   184   183 
185   186   187 
185   188   186 
189   190   191 
189   192   190 
191   190   193 
190   194   193 
195   196   197 
196   198   197 
199   200   201 
199   45   200 
202   203   204 
203   205   204 
140   206   141 
207   183   208 
209   210   211 
212   213   69 
213   68   69 
84   214   215 
210   184   211 
216   217   218 
216   219   217 
84   85   214 
207   220   183 
221   222   223 
218   224   225 
224   226   225 
222   227   223 
228   229   230 
231   232   233 
234   235   236 
237   238   239 
235   240   236 
241   242   243 
242   244   243 
245   246   247 
245   248   246 
229   249   230 
250   251   252 
253   254   255 
254   48   255 
231   256   232 
257   258   259 
258   260   259 
261   262   263 
264   265   266 
262   267   263 
268   269   270 
269   271   270 
272   273   274 
272   275   273 
276   209   277 
209   278   277 
279   280   281 
280   282   281 
283   204   284 
283   285   204 
286   287   288 
287   289   288 
290   203   171 
203   159   171 
290   291   292 
291   293   292 
294   295   296 
295   297   296 
298   299   300 
298   301   299 
302   303   304 
303   305   304 
300   147   298 
147   306   298 
307   308   309 
310   42   311 
308   312   309 
313   314   315 
316   317   318 
314   319   315 
320   321   322 
323   324   325 
324   326   325 
315   327   313 
315   328   327 
329   330   331 
329   332   330 
196   333   334 
196   335   333 
336   229   337 
229   338   337 
339   340   341 
339   342   340 
343   223   344 
223   227   344 
345   346   347 
348   349   350 
351   352   353 
354   30   31 
352   355   353 
11   12   356 
349   50   350 
345   357   346 
347   358   359 
360   361   312 
362   363   364 
362   15   363 
365   366   367 
366   27   367 
214   368   215 
214   369   368 
212   370   213 
370   371   213 
96   372   373 
154   116   117 
96   97   372 
36   37   374 
375   178   376 
375   180   178 
377   189   376 
378   379   380 
377   192   189 
89   381   382 
89   90   381 
383   384   385 
386   387   64 
387   63   64 
383   388   384 
274   145   272 
274   105   145 
358   389   359 
390   391   392 
393   394   395 
393   173   394 
390   396   391 
317   397   318 
174   398   399 
174   179   398 
399   398   208 
398   400   208 
401   402   403 
399   210   174 
210   177   174 
402   404   403 
405   406   407 
405   408   406 
409   410   411 
412   413   414 
380   379   415 
379   416   415 
417   418   419 
418   420   419 
421   369   422 
423   424   425 
426   427   428 
429   371   430 
424   431   425 
432   433   434 
427   435   428 
436   437   241 
437   438   241 
439   82   83 
440   441   442 
440   443   441 
70   71   444 
445   446   447 
368   448   449 
445   450   446 
451   452   453 
454   455   370 
456   457   458 
453   157   202 
157   159   202 
456   459   457 
460   461   462 
154   153   463 
154   464   116 
464   115   116 
211   182   465 
37   466   374 
37   38   466 
464   154   467 
211   184   182 
416   468   469 
416   379   468 
470   354   469 
471   472   473 
474   475   410 
475   411   410 
474   356   476 
472   477   473 
478   211   465 
90   479   381 
90   91   479 
478   278   211 
387   480   63 
480   62   63 
369   448   368 
369   421   448 
481   482   483 
370   455   371 
455   430   371 
481   484   482 
485   486   487 
486   488   487 
485   381   479 
489   490   491 
492   493   494 
489   495   490 
467   154   463 
378   374   496 
497   498   483 
497   499   498 
487   488   421 
488   448   421 
487   381   485 
430   493   492 
430   455   493 
500   501   502 
503   142   141 
439   504   82 
504   81   82 
503   58   142 
71   505   444 
71   72   505 
449   506   507 
449   508   506 
504   439   507 
509   510   454 
510   511   454 
509   444   505 
512   216   513 
216   514   513 
512   164   221 
164   166   221 
501   515   502 
516   517   518 
519   520   521 
522   523   524 
522   259   523 
525   526   527 
528   529   530 
531   532   533 
534   237   529 
531   535   532 
536   537   533 
536   538   537 
539   540   541 
539   542   540 
520   543   544 
545   336   546 
460   547   461 
283   548   549 
283   550   548 
551   552   277 
448   508   449 
448   488   508 
507   439   449 
454   511   455 
511   493   455 
454   444   509 
553   485   479 
553   486   485 
91   554   479 
91   92   554 
555   346   556 
555   557   346 
480   558   62 
558   61   62 
528   534   529 
528   527   534 
527   559   534 
552   560   277 
561   562   563 
520   544   521 
544   516   521 
544   564   516 
564   517   516 
564   565   517 
562   566   563 
567   568   569 
570   425   571 
572   573   574 
527   526   559 
526   575   559 
553   576   486 
576   577   486 
553   479   554 
494   578   579 
494   580   578 
558   480   579 
573   581   574 
572   172   393 
582   18   19 
172   173   393 
394   158   583 
394   173   158 
570   584   425 
585   586   587 
588   589   590 
353   355   591 
592   593   594 
595   596   597 
598   599   592 
596   600   597 
504   507   601 
507   506   601 
504   602   81 
602   80   81 
603   509   505 
603   510   509 
72   604   505 
72   73   604 
486   577   488 
577   508   488 
493   580   494 
493   511   580 
506   605   601 
506   606   605 
602   504   601 
603   607   510 
607   608   510 
603   505   604 
598   609   599 
610   611   612 
611   613   612 
614   615   616 
614   617   615 
618   181   619 
620   621   622 
181   220   619 
623   358   624 
358   557   624 
625   626   627 
628   629   630 
508   606   506 
508   577   606 
510   608   511 
608   580   511 
631   553   554 
631   576   553 
629   632   630 
633   418   597 
558   579   634 
579   578   634 
558   635   61 
418   636   597 
637   638   639 
640   641   576 
631   554   642 
12   476   356 
578   643   644 
635   558   634 
626   645   627 
637   573   638 
620   646   621 
647   648   649 
647   650   648 
651   652   653 
654   655   656 
653   657   651 
602   601   658 
601   605   658 
657   659   651 
660   661   569 
662   603   604 
662   607   603 
73   663   604 
73   74   663 
605   664   658 
605   665   664 
666   602   658 
661   667   569 
668   669   607 
662   604   663 
576   641   577 
641   606   577 
580   643   578 
580   608   643 
670   671   660 
670   672   671 
606   665   605 
606   641   665 
607   669   608 
669   643   608 
673   674   675 
674   676   675 
587   677   678 
654   679   655 
635   634   680 
681   682   683 
681   684   682 
513   681   683 
513   514   681 
685   686   640 
687   688   689 
688   690   689 
644   691   692 
693   635   680 
666   658   694 
658   664   694 
695   696   697 
695   698   696 
699   662   663 
266   700   701 
74   702   663 
74   75   702 
664   297   694 
664   703   297 
700   55   701 
704   705   706 
705   707   706 
708   537   704 
640   686   641 
686   665   641 
643   691   644 
643   669   691 
665   703   664 
665   686   703 
586   709   587 
710   691   669 
706   708   704 
706   711   708 
712   713   714 
715   716   717 
545   718   719 
545   720   718 
721   722   719 
721   723   722 
713   724   714 
725   726   727 
728   452   345 
728   729   452 
179   333   730 
179   180   333 
730   562   561 
731   732   733 
732   53   733 
734   735   736 
735   737   736 
12   13   476 
354   470   30 
412   738   739 
412   535   738 
135   740   739 
725   741   726 
742   185   743 
742   188   185 
744   745   743 
744   650   745 
746   747   495 
470   29   30 
748   749   750 
751   752   753 
749   260   750 
754   755   672 
259   260   756 
757   758   228 
758   338   228 
759   760   761 
252   762   763 
755   671   672 
764   765   754 
764   766   765 
767   768   769 
770   771   772 
771   773   772 
774   775   441 
775   776   441 
774   777   778 
777   47   778 
767   779   768 
780   781   782 
783   784   785 
780   786   781 
787   788   789 
788   790   789 
791   783   785 
791   100   783 
791   785   792 
760   793   761 
794   795   796 
797   798   799 
800   801   802 
800   684   801 
798   803   799 
804   805   806 
804   807   805 
808   809   810 
808   811   809 
812   813   814 
813   815   814 
816   817   818 
816   819   817 
820   821   822 
821   689   822 
795   823   796 
824   825   826 
827   828   829 
391   396   830 
831   832   833 
832   834   833 
835   134   836 
837   838   839 
134   135   836 
840   841   396 
842   843   844 
842   725   843 
844   845   846 
845   847   846 
827   848   828 
849   850   851 
850   852   851 
853   854   855 
856   471   857 
858   859   155 
856   860   471 
861   862   863 
864   473   865 
866   657   863 
866   659   657 
473   477   865 
864   867   868 
867   869   868 
870   871   304 
872   873   792 
870   874   871 
854   875   855 
545   876   336 
877   878   879 
633   880   881 
633   600   880 
882   883   881 
882   884   883 
885   886   887 
885   613   886 
720   517   888 
889   890   891 
890   892   891 
720   518   517 
893   526   667 
894   895   896 
894   897   895 
526   525   667 
898   899   900 
901   902   903 
898   904   899 
792   905   872 
906   907   908 
906   909   907 
816   910   911 
912   788   787 
816   913   910 
914   895   915 
895   897   915 
916   917   889 
879   918   877 
917   919   889 
920   921   922 
920   923   921 
924   925   926 
803   165   927 
924   928   925 
929   803   927 
930   931   932 
930   933   931 
934   935   936 
932   937   938 
937   939   938 
940   941   942 
941   874   942 
943   944   940 
943   945   944 
876   249   336 
946   947   903 
947   581   903 
948   949   950 
951   624   952 
951   953   624 
578   954   634 
952   555   955 
555   956   955 
350   957   348 
949   958   950 
959   960   961 
962   963   964 
965   966   967 
968   969   831 
969   970   831 
971   972   973 
974   975   976 
974   977   975 
971   978   972 
963   979   964 
763   980   252 
981   982   983 
982   256   983 
984   985   986 
987   988   599 
988   989   599 
985   901   986 
984   990   991 
990   992   991 
993   994   898 
994   904   898 
995   996   997 
996   773   997 
998   616   615 
999   1000   998 
999   1001   1000 
1002   329   1003 
329   325   1003 
1004   943   1005 
943   1006   1005 
1007   1008   1009 
1007   1010   1008 
1011   630   1012 
1011   1013   630 
1014   1015   1016 
1014   1017   1015 
1018   596   1019 
596   786   1019 
1018   1020   1021 
1020   1022   1021 
986   639   1023 
986   901   639 
1023   1024   1025 
1024   1026   1025 
1027   1028   1019 
1028   1029   1019 
1027   780   1030 
934   617   1031 
780   923   1030 
701   56   1032 
1033   1034   1035 
1034   1036   1035 
138   799   1037 
138   1038   799 
1039   1040   1041 
1040   1042   1041 
232   982   1039 
232   256   982 
1043   1044   1045 
1044   1046   1045 
1047   1048   1043 
1047   1049   1048 
1050   931   1051 
931   933   1051 
1052   1015   1053 
1052   1054   1015 
1055   1056   1053 
1055   1057   1056 
1058   1059   1060 
1058   1061   1059 
1060   1062   1063 
1062   1064   1063 
1065   1066   1067 
1066   1068   1067 
763   1069   980 
852   850   1070 
1071   1072   756 
1073   1074   1075 
1076   867   1002 
867   332   1002 
1077   917   1076 
1077   919   917 
1078   1079   1080 
1078   1081   1079 
1080   1082   922 
1082   1083   922 
1084   1048   1085 
1048   1049   1085 
1086   748   1084 
1086   1087   748 
1088   1089   233 
1089   1090   233 
1091   1073   1092 
1073   1093   1092 
1094   1095   1096 
1094   1097   1095 
1096   402   1098 
402   967   1098 
1099   1100   1101 
1100   1102   1101 
1103   1104   1086 
1104   1087   1086 
302   817   1105 
302   1106   817 
1107   1014   1108 
1014   1109   1108 
1110   1111   1112 
1110   1113   1111 
1114   870   1115 
870   305   1115 
1116   942   1114 
1116   1006   942 
1117   1118   1119 
693   680   1120 
1117   1121   1118 
938   1122   1119 
938   939   1122 
769   1123   1124 
769   1125   1123 
644   692   1126 
261   1127   1124 
578   644   954 
261   1128   1127 
1129   132   1130 
132   1131   1130 
926   1062   1129 
926   1064   1062 
1132   1133   1005 
210   399   184 
1133   547   1005 
1134   1135   1136 
1135   1137   1136 
582   519   1138 
1139   1140   1088 
1140   1141   1088 
476   1142   1143 
476   13   1142 
1144   1145   470 
1145   29   470 
1146   1147   279 
1147   1148   279 
1071   1149   1072 
1069   489   1150 
1151   1152   1153 
489   1154   1150 
1155   161   1156 
1157   409   153 
153   411   463 
1155   107   161 
409   411   153 
399   208   184 
1158   1159   1160 
1158   450   1159 
878   1161   1162 
878   103   1161 
162   1163   1164 
88   89   382 
162   1164   1165 
625   363   626 
162   109   1163 
363   16   626 
621   366   622 
386   64   65 
1166   214   85 
621   26   366 
1166   369   214 
22   1167   529 
22   23   1167 
375   1168   334 
1168   1169   334 
1170   1171   1172 
422   1166   1173 
1171   1174   1172 
1166   422   369 
1175   1176   1138 
1175   1177   1176 
661   384   893 
68   213   1178 
661   1179   384 
888   949   718 
949   1180   718 
213   371   1178 
1181   1182   1183 
1182   111   1183 
1184   1178   429 
371   429   1178 
334   1169   198 
1185   1186   518 
1185   1177   1186 
525   1187   1188 
1189   544   543 
1187   1174   1188 
1190   1191   1192 
1190   1193   1191 
1194   34   35 
1195   1196   1197 
271   544   1189 
1198   34   1194 
662   1199   607 
415   1200   1194 
1194   1200   1198 
1201   36   374 
1199   668   607 
380   1201   374 
374   378   380 
449   215   368 
439   215   449 
1202   1203   693 
1204   32   1200 
1200   416   1204 
1200   415   416 
1202   60   1203 
370   212   444 
444   454   370 
1205   10   1206 
142   1202   140 
142   59   1202 
1206   410   1205 
1207   1205   409 
410   409   1205 
1208   87   1173 
1173   87   88 
631   1209   576 
1184   66   1210 
65   66   1184 
1209   640   576 
666   1211   602 
1211   80   602 
620   1171   646 
1204   416   469 
620   1212   1171 
645   1176   627 
1176   1213   627 
554   1214   642 
554   92   1214 
474   410   1206 
528   1187   527 
215   83   84 
1187   525   527 
516   1186   521 
215   439   83 
516   518   1186 
492   494   579 
579   387   492 
487   382   381 
1195   1215   1196 
480   387   579 
387   386   492 
65   1184   386 
1184   429   386 
1207   119   1216 
1217   1218   905 
118   119   1207 
382   487   422 
1205   1216   10 
10   11   1206 
487   421   422 
1219   1220   1147 
1147   1220   550 
550   1148   1147 
1221   1214   93 
1178   1210   68 
93   1222   1221 
85   1208   1166 
94   1222   93 
1147   1146   1219 
32   1198   1200 
382   1173   88 
382   422   1173 
1204   31   32 
327   1223   313 
1224   19   20 
1223   1225   313 
313   1225   1226 
1201   415   1194 
35   1201   1194 
69   70   212 
1201   35   36 
70   444   212 
287   1227   289 
287   286   685 
300   149   147 
685   1227   287 
696   266   265 
265   697   696 
698   266   696 
1216   1205   1207 
9   10   1216 
1198   32   33 
67   68   1210 
1208   85   86 
300   1220   149 
1228   1220   300 
1198   1   34 
308   360   312 
33   1   1198 
119   4   1216 
1216   4   9 
1207   409   1157 
380   415   1201 
1184   1210   1178 
360   308   1229 
153   117   1157 
1230   1229   308 
1229   1231   360 
360   1231   188 
188   361   360 
1166   1208   1173 
1204   354   31 
1232   1233   224 
224   1233   226 
224   218   1232 
354   1204   469 
11   356   1206 
733   700   698 
474   1206   356 
54   700   733 
1208   3   87 
1234   378   496 
86   3   1208 
1235   378   1234 
1217   711   1218 
1236   1237   1238 
1239   1236   1238 
725   1240   843 
1210   2   67 
66   2   1210 
1159   445   1241 
450   445   1159 
319   1160   1234 
1234   1160   1235 
1242   296   703 
1243   296   1242 
1244   1245   440 
1244   440   442 
1244   1246   1245 
1247   292   293 
282   292   1247 
1247   1248   282 
1177   1175   1186 
1186   1175   521 
192   1249   190 
190   1249   194 
180   334   333 
335   730   333 
644   1126   954 
680   634   954 
1250   1251   1252 
989   1251   1250 
1253   568   1212 
1139   1254   1255 
1256   310   1257 
771   1258   773 
771   770   1259 
1259   1258   771 
1145   1260   28 
1144   1260   1145 
28   29   1145 
468   1261   1262 
1262   1261   1241 
1262   469   468 
14   1263   1142 
1142   1263   1143 
310   41   42 
111   112   1183 
1142   13   14 
1264   1265   1266 
1254   566   1255 
1266   1265   1267 
1268   1269   1134 
1270   225   226 
1271   225   1270 
226   1272   1270 
1257   1273   1256 
1274   1273   1257 
1275   1276   593 
594   593   1276 
1275   593   1277 
245   1233   1278 
226   1233   245 
205   292   1279 
1214   92   93 
1214   1221   642 
147   146   306 
60   61   1203 
635   693   1203 
1203   61   635 
1187   1172   1174 
528   1172   1187 
1176   645   1138 
1176   1177   1213 
1279   292   282 
621   25   26 
16   17   626 
1280   115   464 
114   115   1280 
642   1281   631 
20   21   1282 
239   21   22 
642   1283   1281 
1221   1283   642 
470   469   1284 
1285   199   1286 
1287   44   1285 
544   271   564 
44   199   1285 
143   145   106 
559   248   534 
106   1155   143 
1170   646   1171 
1212   1174   1171 
105   106   145 
1288   474   476 
1146   279   1289 
398   561   400 
179   561   398 
1289   279   1290 
1291   965   1292 
468   379   378 
378   1235   468 
463   411   475 
475   1293   463 
1269   1294   1134 
1183   112   1295 
1295   112   113 
1286   440   1245 
684   681   1296 
1296   681   1271 
680   954   1297 
1297   954   1126 
1298   1299   1268 
1120   680   1297 
855   1300   853 
843   1240   1301 
390   1302   1303 
466   38   1304 
1304   38   39 
237   534   1305 
1298   1306   1299 
498   1307   1308 
1309   1310   610 
499   1307   498 
1305   238   237 
1310   1311   610 
1305   534   248 
23   1312   1167 
1167   1312   530 
1293   1313   1314 
467   463   1314 
1314   1313   467 
1309   1315   1050 
1314   463   1293 
186   1231   1290 
1290   187   186 
188   1231   186 
1315   1316   1050 
801   1296   1317 
1170   530   1312 
684   1296   801 
973   1318   1319 
1317   802   801 
973   1097   1318 
1320   1321   1319 
196   195   335 
196   334   198 
1320   860   1321 
1302   1322   1303 
1323   1324   1325 
1326   1327   1328 
1327   1329   1328 
1330   941   1331 
23   24   1312 
189   191   1168 
941   1332   1331 
1333   871   1330 
1333   1106   871 
1168   376   189 
1334   1335   1193 
1336   1335   1334 
1330   1331   1333 
351   1199   699 
1331   1337   1333 
1338   1199   351 
1105   1339   1340 
1270   1341   1271 
1272   1341   1270 
1342   146   148 
148   1343   1342 
1219   1343   148 
433   1344   659 
659   434   433 
1345   1344   433 
352   1346   355 
352   351   699 
699   1346   352 
148   149   1219 
1245   1347   1151 
1246   342   1245 
342   1347   1245 
1105   819   1339 
219   343   1348 
1348   217   219 
1127   1349   1350 
1348   343   1351 
1127   1128   1349 
1130   1352   1350 
1130   1131   1352 
1353   307   1354 
1232   218   217 
311   42   1355 
1355   1153   311 
1356   1357   1358 
1355   42   43 
1356   1294   1357 
575   247   246 
1354   307   309 
248   559   246 
246   559   575 
413   1359   1360 
1361   910   1362 
1360   414   413 
1363   1359   413 
1267   1364   652 
910   913   1362 
1365   653   652 
1366   1367   1361 
652   1364   1365 
1366   902   1367 
307   1353   1165 
1368   1369   1370 
1370   1369   1371 
1372   971   1373 
1304   1374   466 
1375   1376   475 
244   1376   1375 
971   1377   1373 
1378   829   1009 
829   1379   1009 
475   474   1375 
1380   1324   1323 
169   321   320 
328   1374   1304 
538   1381   705 
1378   1382   1383 
1382   1384   1383 
1385   137   1386 
705   704   538 
137   139   1386 
1387   1388   1389 
1390   846   1391 
1389   1388   1392 
846   847   1391 
775   1393   776 
1394   1395   1390 
1396   1393   775 
1394   1397   1395 
1156   1276   1275 
1398   1399   1400 
238   1305   1189 
1401   1402   787 
161   160   1156 
161   107   108 
1227   167   289 
1227   685   1403 
1403   167   1227 
328   1404   327 
327   1404   1223 
1398   1405   1399 
1406   1318   1094 
1318   1097   1094 
1095   972   1407 
1095   1097   972 
1310   1408   1401 
1408   1402   1401 
110   111   1182 
1409   1315   1410 
1189   1305   1278 
293   744   1247 
1282   239   238 
1409   1316   1315 
1247   744   1248 
316   1411   1410 
316   1010   1411 
1412   1413   1414 
1413   959   1414 
1415   990   1416 
1266   1417   1418 
21   239   1282 
692   1419   1126 
691   710   692 
1415   992   990 
1420   1415   1416 
1420   1421   1415 
1259   1419   692 
1372   1422   1423 
1259   692   710 
1372   1424   1422 
1425   1426   1427 
1428   1257   311 
1426   1429   1427 
1430   321   169 
1188   567   667 
1174   567   1188 
1431   964   1432 
667   525   1188 
720   546   1185 
964   979   1432 
1431   1426   1383 
1426   1433   1383 
1434   1028   1435 
1185   546   1177 
1434   1029   1028 
1185   518   720 
1436   235   1437 
1274   1257   1428 
1436   240   235 
593   1250   1277 
1438   1439   1385 
989   1250   593 
1439   1038   1385 
1440   1399   1438 
1440   1441   1399 
1442   533   537 
538   704   537 
1144   470   1284 
1284   1443   1144 
1241   1443   1284 
1444   1092   1445 
1446   732   1447 
1444   1448   1092 
52   732   1446 
1449   1450   1451 
1452   383   1453 
1453   383   1454 
1288   476   1143 
1143   243   1288 
1288   243   244 
519   582   1224 
1224   520   519 
1450   1455   1451 
1336   176   175 
1456   1440   1457 
1456   1441   1440 
1458   1459   1460 
1459   1461   1460 
177   1335   175 
175   1335   1336 
1224   582   19 
1224   1282   543 
543   520   1224 
1462   1313   1293 
1463   1464   1458 
301   1313   1462 
1293   1387   1462 
20   1282   1224 
1463   1090   1464 
75   1465   702 
1466   152   1467 
1466   1468   152 
1469   1016   1470 
1469   1109   1016 
143   1155   1275 
1470   1471   1472 
1471   1473   1472 
1156   1275   1155 
143   1275   1277 
1474   924   1475 
1474   928   924 
1349   1476   1475 
239   529   237 
22   529   239 
1349   1128   1476 
200   777   443 
46   777   200 
1477   616   1478 
1479   1480   1481 
1211   1482   79 
666   1482   1211 
79   80   1211 
1480   1483   1481 
737   465   182 
1484   1373   1485 
182   181   737 
1484   1424   1373 
1418   1486   1266 
1485   1321   1487 
1344   1418   1417 
1321   860   1487 
711   706   839 
1488   1411   1489 
1478   616   1365 
1490   41   310 
40   41   1490 
1491   165   164 
164   512   1491 
1209   1492   640 
1209   631   1281 
1281   1492   1209 
1411   1010   1489 
1488   1493   1101 
1494   1273   1192 
1256   1273   1494 
1192   1223   1494 
377   1334   192 
377   376   1336 
1336   1334   377 
1495   1496   1497 
1493   1498   1101 
1495   666   694 
694   1496   1495 
1499   1324   1500 
1501   1502   1449 
1500   1324   1503 
1504   1505   1506 
1507   1280   464 
306   1280   1507 
1508   950   344 
1509   1089   1510 
1089   1141   1510 
1511   1512   1513 
530   529   1167 
1513   1512   95 
1514   1464   1509 
1515   1158   1160 
1514   1516   1464 
1509   1510   1514 
1510   1517   1514 
144   272   145 
1518   1158   1515 
1519   1520   1521 
170   1522   1523 
1523   1522   1524 
1387   1389   1462 
157   453   729 
729   158   157 
1519   1525   1520 
1462   1389   301 
1521   1103   1526 
1157   118   1207 
117   118   1157 
1103   1527   1526 
25   621   646 
1528   1122   1099 
17   1529   645 
645   626   17 
1122   939   1099 
18   1529   17 
1495   1482   666 
1497   1482   1495 
1528   1099   1530 
1531   255   349 
1099   1498   1530 
788   1393   790 
349   255   49 
1501   1532   1502 
1533   1534   1502 
788   912   776 
776   1393   788 
741   1395   1535 
741   1536   1395 
280   1279   282 
1356   1112   1537 
280   279   1148 
1356   1538   1112 
1534   1539   1502 
1148   1279   280 
738   1540   1541 
535   1540   738 
1542   1543   714 
1477   1544   614 
614   1544   617 
614   616   1477 
1199   662   699 
1199   1338   668 
104   273   1161 
1161   273   1162 
1161   103   104 
1545   1230   1546 
1229   1230   1545 
1400   1547   1548 
839   838   711 
1400   1441   1547 
339   193   1347 
1549   1394   1548 
281   187   1290 
282   187   281 
1290   279   281 
1549   1397   1394 
1494   1404   1256 
1550   1551   1552 
1223   1404   1494 
1550   1553   1551 
1354   1276   1353 
594   1276   1354 
1554   1555   388 
1423   1556   1552 
1423   1557   1556 
1558   1559   1560 
1558   1561   1559 
1560   727   1558 
1562   1563   1564 
575   1555   1554 
1565   1566   1567 
1566   1568   1567 
958   1569   1570 
1571   1035   1572 
178   176   1336 
1571   1573   1035 
1336   376   178 
1574   1575   1572 
1570   1569   565 
1355   1287   1153 
166   1576   222 
222   221   166 
222   1576   227 
1574   1577   1575 
43   1287   1355 
1288   1375   474 
244   1375   1288 
469   1262   1284 
1284   1262   1241 
827   1425   1578 
1360   1359   432 
432   434   1360 
1425   1579   1578 
778   47   254 
254   253   778 
254   47   48 
670   660   1580 
1562   1564   1581 
1582   1583   1584 
593   592   989 
550   1220   548 
1228   549   548 
548   1220   1228 
1583   1585   1584 
339   191   193 
1586   1587   1588 
1150   420   883 
1589   1590   1474 
438   1591   242 
242   1591   244 
242   241   438 
1590   928   1474 
1580   1592   670 
1587   1593   1588 
1586   1594   1533 
1595   1590   1589 
1595   1596   1590 
1597   1300   1598 
1599   1600   1558 
1600   1561   1558 
1371   933   1601 
1602   1603   1599 
1213   546   336 
1496   694   297 
1602   1604   1603 
1285   1286   1151 
1555   575   526 
1605   1606   1457 
1555   893   388 
1606   1607   1457 
526   893   1555 
1457   1608   1605 
1248   743   185 
1457   1609   1608 
1594   1610   1533 
185   187   1248 
1611   1612   1613 
517   565   1569 
1542   1614   1543 
958   888   1569 
1569   888   517 
1478   1364   1615 
1365   1364   1478 
1615   1477   1478 
1346   663   702 
699   663   1346 
1616   1516   1514 
1611   1617   1612 
1499   1505   1325 
702   355   1346 
1618   1619   1620 
1287   1285   1153 
1619   1617   1620 
1618   1621   1622 
1621   1623   1622 
795   1624   1625 
1287   43   44 
1626   1627   1360 
795   1628   1624 
1629   1630   1631 
1360   434   1626 
1632   1633   1634 
1633   1635   1634 
1439   1405   797 
1405   1636   797 
1637   1638   1639 
560   1225   1191 
1191   1225   1192 
1191   1193   560 
1151   1153   1285 
297   1640   1496 
722   1641   249 
1642   649   291 
1638   1643   1639 
797   1636   1644 
1645   1603   1646 
1603   1604   1646 
362   14   15 
291   290   1642 
1647   1469   1645 
291   649   293 
552   1225   560 
552   551   1226 
1226   1225   552 
1647   1109   1469 
1648   1649   1650 
350   50   51 
1154   419   420 
420   1150   1154 
1651   921   782 
146   1652   306 
1342   1652   146 
723   1641   722 
1653   1624   1654 
362   364   1655 
1624   1628   1654 
156   158   173 
156   171   159 
1656   1657   1658 
1529   582   1138 
1659   1660   1661 
1662   1663   1664 
1656   1665   1657 
1138   645   1529 
18   582   1529 
27   28   367 
1312   646   1170 
1666   365   367 
1179   660   671 
1667   1619   1584 
351   1668   1338 
1669   1381   1670 
1671   1672   1673 
1671   1674   1345 
428   1575   1675 
1575   1577   1675 
1673   1674   1671 
1619   1676   1584 
443   201   200 
45   46   200 
1234   315   319 
496   315   1234 
1387   1376   1591 
1591   1376   244 
1591   438   1387 
1159   1261   1160 
1241   1261   1159 
236   1612   1667 
1677   436   1678 
236   240   1612 
1670   1381   538 
1678   436   1679 
620   1680   1253 
301   1681   299 
1228   300   299 
1682   1683   1684 
299   1681   1228 
590   1685   1686 
269   268   565 
1628   1687   848 
269   564   271 
1683   1688   1684 
1689   1690   1691 
1690   1692   1691 
1689   1450   1693 
565   564   269 
693   140   1202 
59   60   1202 
1235   1160   1261 
1261   468   1235 
301   298   1313 
1313   298   467 
314   1694   319 
314   313   1226 
1226   1694   314 
1450   1539   1693 
1650   1649   1695 
1613   1436   1696 
1695   1236   1650 
1613   240   1436 
865   1697   330 
1698   1699   1594 
1700   447   1701 
310   311   1257 
1253   1212   620 
1702   447   1700 
1699   1610   1594 
1703   1656   1704 
1642   171   172 
172   572   1642 
996   1705   773 
1703   1665   1656 
996   995   1706 
1704   1707   1708 
1706   1705   996 
1707   1709   1708 
1710   1633   1711 
1633   1709   1711 
1712   1620   1713 
1253   1680   762 
1712   1714   1620 
1713   1611   1715 
163   1716   166 
1611   1717   1715 
1644   1716   163 
1718   1719   1720 
1718   1081   220 
1721   1722   1723 
220   1719   1718 
1721   1724   1722 
113   114   1652 
1697   865   477 
1230   1165   1164 
1725   1647   1726 
1164   1546   1230 
1727   1728   627 
1627   414   1360 
328   315   1374 
1697   1729   330 
1374   315   496 
1730   589   588 
627   1213   1727 
338   1728   1727 
1731   1732   1733 
1734   1735   1736 
1731   1737   1732 
1376   1387   1293 
1738   1638   1739 
1738   1643   1638 
1740   1711   1741 
1293   475   1376 
1740   1742   1711 
1741   1707   1743 
1707   1744   1743 
789   1745   1746 
198   341   1601 
790   1745   789 
1601   341   1371 
1746   787   789 
1175   1138   519 
912   1368   776 
519   521   1175 
1747   759   1748 
1651   782   1749 
568   567   1212 
759   1750   1748 
1243   1735   1734 
1679   1655   364 
530   1170   1172 
1172   528   530 
1662   1751   1663 
753   437   1752 
375   334   180 
1753   1754   1755 
375   376   1168 
1753   1756   1754 
1757   1758   1759 
364   625   1679 
1165   1230   307 
1760   1757   1759 
1341   1452   1317 
1651   1078   921 
1761   406   1762 
365   1666   1702 
1702   622   365 
406   408   1762 
1668   351   353 
499   139   1307 
353   515   1668 
1759   1758   1763 
1563   1764   1564 
236   1765   234 
388   1766   1554 
1767   1768   1769 
1272   575   1554 
1554   1766   1272 
199   201   1286 
199   44   45 
1524   1522   1283 
236   1585   1765 
1283   1522   1281 
1770   1771   1772 
1770   1773   1771 
1774   1046   1308 
1308   1307   1774 
1564   1764   1775 
1283   1221   1524 
1771   1776   1777 
535   414   532 
1778   533   532 
372   873   1779 
1780   1781   1782 
106   107   1155 
1783   1784   1785 
1781   1786   1782 
1787   1788   1789 
1790   1791   1785 
1785   1784   1790 
1788   1792   1789 
1706   995   1793 
1779   373   372 
220   181   183 
184   208   183 
97   873   372 
1787   1690   1794 
1531   253   255 
48   49   255 
1795   1343   1796 
1795   1183   1342 
1342   1343   1795 
1546   1164   1163 
109   110   1163 
1690   1797   1794 
308   307   1230 
1798   966   542 
1430   169   168 
170   1799   168 
1800   1801   1802 
168   1799   1430 
1803   1804   1805 
1800   1806   1801 
1643   1806   1803 
1162   879   878 
1752   437   1677 
102   103   878 
721   719   1180 
761   1459   1750 
1182   1181   1546 
1189   1278   271 
1807   1808   1809 
1808   1810   1809 
1811   1812   1264 
1811   1813   1814 
167   169   289 
167   1403   170 
1576   847   227 
542   897   1798 
1546   1163   1182 
1815   1816   1807 
1815   1817   1816 
1818   1819   1820 
1819   1821   1820 
1822   1583   1789 
1583   1692   1789 
1258   1338   1668 
1784   1823   361 
1783   1823   1784 
207   208   400 
207   1719   220 
1824   1765   1822 
400   1719   207 
1824   1825   1765 
977   1826   918 
1684   1827   1828 
1684   1688   1827 
1182   1163   110 
1828   1715   1829 
729   583   158 
328   1830   1404 
1404   1830   1256 
790   1831   1832 
545   546   720 
1715   1717   1829 
625   364   363 
15   16   363 
366   365   622 
1079   1718   981 
366   26   27 
1079   1081   1718 
203   202   159 
203   290   205 
591   502   353 
1720   981   1718 
1832   1745   790 
1832   1831   1833 
1165   160   162 
108   109   162 
1507   298   306 
502   515   353 
355   1834   591 
1507   464   467 
467   298   1507 
210   209   177 
988   1251   989 
988   987   1835 
1835   1251   988 
297   703   296 
1317   679   802 
355   1836   1834 
243   1837   241 
243   1655   1837 
1838   1839   1615 
412   414   535 
1839   1840   1615 
1508   1841   950 
1156   1353   1276 
1508   1842   1841 
1158   1843   450 
1843   746   450 
667   567   569 
540   1844   970 
542   1844   540 
841   813   830 
813   824   830 
296   1845   294 
685   640   1492 
1281   1403   1492 
296   1243   1845 
1492   1403   685 
1798   894   1846 
1570   1847   958 
1570   565   1351 
1351   1847   1570 
894   1848   1846 
1580   660   569 
671   755   1179 
755   1849   1179 
432   1850   433 
99   100   791 
1850   1345   433 
94   1512   1222 
1524   1221   1222 
1222   1512   1524 
1573   1851   1033 
1033   1851   1852 
684   800   682 
1853   1854   1855 
1264   1856   1265 
1830   39   40 
1854   770   1855 
412   1857   413 
1857   1363   413 
543   238   1189 
1401   787   1746 
1746   1311   1401 
1282   238   543 
451   1858   452 
451   1859   1858 
594   1860   1861 
1523   1799   170 
1523   1524   1511 
594   309   1860 
100   101   783 
1300   1862   1598 
229   336   249 
229   228   338 
286   686   685 
1863   1864   735 
1863   1865   1864 
1866   1867   1868 
56   57   1032 
651   1417   652 
745   1869   1790 
650   1869   745 
1790   743   745 
1417   1267   652 
160   1165   1353 
690   1839   1856 
1353   1156   160 
690   1840   1839 
728   1870   729 
1513   95   96 
1870   583   729 
359   1870   728 
359   389   1870 
496   374   466 
466   1374   496 
1491   927   165 
446   746   1701 
1701   447   446 
397   885   1871 
1871   885   1872 
450   746   446 
1452   1341   1766 
1766   1341   1272 
962   964   1328 
1766   388   1452 
964   1384   1328 
174   176   179 
1398   1873   1636 
437   436   1677 
437   753   438 
775   774   778 
778   1396   775 
989   592   599 
1398   1874   1873 
1875   1867   1866 
1513   373   1511 
1866   673   1875 
1876   1771   1777 
1776   426   1777 
1826   1877   918 
1878   1879   1880 
1832   820   1745 
1832   1833   820 
974   1881   1826 
96   373   1513 
974   584   1881 
729   453   452 
1671   1850   1672 
1179   1849   385 
1671   1345   1850 
1882   1883   1884 
1882   1237   1883 
1885   1886   677 
1886   1887   677 
250   1888   1889 
1888   884   1889 
1890   1891   1892 
1890   549   1891 
258   1046   260 
1879   1893   1880 
1894   1497   1895 
1308   1046   258 
1190   192   1334 
1880   1893   1896 
1897   77   78 
1898   1899   389 
389   1900   1898 
248   1278   1305 
1642   290   171 
1901   1902   1903 
1862   1670   1778 
1862   1300   1669 
1669   1670   1862 
1902   1867   1903 
1904   1902   1901 
1904   484   1902 
674   1905   1906 
1403   1281   1522 
1905   1907   1906 
1381   1908   705 
1522   170   1403 
1908   707   705 
708   1909   537 
1909   1442   537 
223   343   219 
219   221   223 
977   1910   975 
1835   976   975 
975   1910   1835 
1393   1911   790 
1912   323   1913 
1396   1911   1393 
1418   1674   1486 
1875   323   1912 
1779   872   838 
1266   1267   1417 
1912   1914   1875 
784   783   101 
181   618   737 
1915   1916   497 
1486   1264   1266 
75   1917   1465 
497   483   1915 
1125   976   1835 
1835   987   1125 
497   1916   499 
187   282   1248 
777   774   443 
777   46   47 
1918   1414   815 
75   76   1917 
1919   1920   1921 
1920   1922   1921 
1923   1414   1918 
742   743   1790 
1368   912   1369 
1518   1924   747 
1919   1925   764 
1925   766   764 
309   594   1354 
1921   1925   1919 
1921   1022   1925 
1334   1193   1190 
892   1926   891 
1927   1609   1386 
1928   424   779 
1929   927   1491 
1930   1931   1932 
1491   683   1929 
1928   1933   424 
320   1934   169 
1934   289   169 
598   1861   609 
1935   1936   481 
295   294   1937 
731   698   1938 
1938   1447   731 
295   1640   297 
701   55   56 
598   592   594 
1937   1640   295 
1939   1940   1297 
1297   1940   1120 
1297   1126   1939 
594   1861   598 
284   1148   550 
752   1892   1392 
752   751   1859 
205   290   292 
1936   484   481 
1941   1942   697 
1941   1615   1942 
1545   1943   1944 
1791   1012   1785 
1012   1783   1785 
1945   1946   1947 
1859   1892   752 
1546   1943   1545 
1944   1229   1545 
1946   909   1947 
740   1948   1363 
1949   1950   1951 
560   1193   276 
1930   1952   1931 
1947   1953   1640 
1947   909   1953 
1061   1948   740 
837   1954   838 
1944   1290   1231 
1954   1779   838 
1231   1229   1944 
763   1955   1069 
192   1190   1249 
763   1701   1955 
1249   1190   1274 
1220   1219   149 
1879   1956   1957 
1958   195   197 
198   1601   197 
1956   1849   1957 
1948   1959   1960 
1959   979   1960 
503   1961   1032 
503   935   1961 
1241   445   1443 
1666   1144   1443 
1847   343   344 
1351   343   1847 
344   958   1847 
1962   1963   785 
1508   344   227 
891   1926   1306 
227   847   1508 
1813   1964   1965 
1964   1329   1965 
274   104   105 
243   1143   1655 
272   144   1252 
1252   275   272 
1811   1486   1813 
144   1277   1250 
1811   1264   1486 
1289   1944   1796 
1796   1146   1289 
1290   1944   1289 
1966   1967   839 
1966   1430   1967 
706   1966   839 
706   707   1966 
695   697   1942 
1942   1968   695 
1250   1252   144 
1969   1970   1804 
1835   1910   1251 
1251   1910   1252 
245   247   226 
245   1278   248 
514   1271   681 
1169   341   198 
1913   1971   914 
1971   1972   914 
936   1973   1974 
1169   1168   339 
936   1939   1973 
339   341   1169 
965   1975   1292 
1840   690   1968 
1975   6   1292 
1223   1192   1225 
1296   1341   1317 
1301   1976   948 
1976   1180   948 
1271   1341   1296 
165   798   163 
1267   1838   1364 
798   1644   163 
1364   1838   1615 
1840   1968   1942 
1627   1626   1598 
251   1977   252 
1598   1626   1597 
1977   762   252 
949   948   1180 
250   1978   251 
949   888   958 
250   1580   1978 
24   646   1312 
929   1047   1037 
24   25   646 
191   339   1168 
1979   1980   905 
1979   1981   1980 
195   1121   335 
1981   1963   1982 
1037   1047   1983 
225   1271   514 
514   218   225 
216   218   514 
216   512   219 
1490   1830   40 
373   1954   1511 
373   1779   1954 
1236   1984   1237 
1752   1985   751 
1752   757   1985 
1695   1984   1236 
1938   695   1968 
1986   1987   1988 
1987   1989   1988 
1490   310   1256 
1256   1830   1490 
974   1826   977 
1990   1991   1992 
326   673   675 
1990   541   1991 
1680   620   622 
622   1702   1680 
104   274   273 
275   1162   273 
1152   1428   1153 
735   1864   465 
617   1974   615 
930   197   1601 
1864   478   465 
1820   1993   1710 
434   1994   1626 
1993   1635   1710 
1993   1820   1821 
1825   1995   234 
1179   385   384 
388   893   384 
113   1652   1295 
1342   1183   1295 
1295   1652   1342 
1943   1546   1181 
625   627   1728 
1728   1679   625 
1943   1796   1944 
776   442   441 
443   774   441 
1347   342   339 
1958   197   930 
434   866   1994 
999   1987   1996 
999   1989   1987 
1070   1073   1075 
1031   1544   265 
1716   1576   166 
617   1544   1031 
1073   1070   1093 
265   264   1031 
852   1070   1075 
1997   1998   1332 
947   849   647 
1999   1311   1746 
2000   1998   1997 
946   849   947 
1317   1452   1453 
1453   679   1317 
440   1286   201 
201   443   440 
616   998   1365 
285   202   204 
647   581   947 
205   284   204 
1869   1791   1790 
873   97   98 
873   872   1779 
2001   258   257 
275   1910   2002 
1308   258   2001 
1465   1836   355 
355   702   1465 
1239   2003   1650 
2002   1910   977 
278   209   211 
661   660   1179 
1650   1236   1239 
700   54   55 
700   266   698 
661   893   667 
1307   136   1774 
539   897   542 
1774   1983   1045 
1774   136   1983 
285   453   202 
1970   1805   1804 
1865   2004   1864 
1864   2004   478 
1277   144   143 
1954   2005   1511 
647   649   581 
851   1869   650 
1232   270   1233 
1233   270   1278 
209   276   177 
695   1938   698 
837   2005   1954 
1242   286   1243 
2006   2007   2008 
1242   703   686 
1369   1402   2009 
686   286   1242 
650   744   648 
2009   1408   1051 
293   649   648 
648   744   293 
2009   1402   1408 
1371   340   1370 
1883   2010   2011 
1246   1368   1370 
1370   340   1246 
311   1153   1428 
1280   1652   114 
53   54   733 
698   731   733 
306   1652   1280 
1237   2010   1883 
1292   6   125 
1292   834   1291 
2011   1884   1883 
234   2012   235 
773   1258   997 
515   995   1668 
1668   995   997 
997   1258   1668 
247   575   1272 
1272   226   247 
2013   2014   2015 
358   347   557 
619   1081   1078 
358   623   389 
234   1995   2012 
948   950   1841 
1999   2016   886 
886   2016   2017 
2018   1851   1573 
2019   1851   2018 
58   59   142 
2020   2021   2022 
39   1830   1304 
2023   2014   2013 
1304   1830   328 
1482   1894   79 
1497   1894   1482 
1180   719   718 
57   58   503 
1218   838   872 
720   888   718 
503   1032   57 
501   995   515 
960   1949   1852 
1852   961   960 
872   905   1218 
711   838   1218 
1793   995   501 
1396   778   253 
674   673   1866 
253   1531   1396 
1244   442   1368 
1368   1246   1244 
1232   268   270 
990   984   2024 
1981   2025   2026 
2024   1416   990 
689   2027   822 
271   1278   270 
1174   1212   567 
1515   1694   1518 
1515   1160   319 
319   1694   1515 
179   730   561 
1392   1681   1389 
1389   1681   301 
762   1700   763 
822   2027   2028 
763   1700   1701 
220   1081   619 
1962   1982   1963 
1982   1962   1877 
732   731   1447 
732   52   53 
1826   1982   1877 
194   1347   193 
758   1678   338 
1152   1347   194 
1941   1477   1615 
1941   697   265 
758   757   1677 
638   2029   2030 
1677   1678   758 
219   512   221 
349   348   1531 
349   49   50 
573   2029   638 
1648   1945   1937 
2030   639   638 
1706   1793   2031 
2031   2032   1706 
546   1213   1177 
2031   1793   1239 
1040   1039   1720 
1915   483   482 
1040   1719   1042 
560   276   277 
278   551   277 
288   1735   1243 
1243   286   288 
289   1735   288 
283   284   550 
1720   1719   1040 
1151   1347   1152 
1031   1961   934 
824   961   825 
264   1961   1031 
1477   1941   1544 
1986   2032   2033 
1986   1705   1706 
1706   2032   1986 
424   423   779 
275   1252   1910 
2015   1003   2013 
424   1933   431 
1981   1979   1963 
1963   1979   785 
2020   1751   2021 
78   79   1894 
14   362   1263 
1655   1143   1263 
1263   362   1655 
1260   367   28 
1924   551   278 
1260   1144   1666 
2022   1520   2020 
1666   367   1260 
2013   1003   326 
738   836   739 
482   1990   1915 
1544   1941   265 
513   683   1491 
1541   836   738 
139   1927   1386 
1491   512   513 
1148   284   1279 
935   206   936 
499   1916   1927 
338   1727   337 
1927   139   499 
1213   336   337 
2034   1649   2035 
250   1592   1580 
1695   1649   2034 
765   1479   2036 
735   465   737 
337   1727   1213 
2036   754   765 
1371   341   340 
766   1479   765 
342   1246   340 
2037   414   1627 
1245   1151   1286 
2037   1778   532 
249   1641   230 
532   414   2037 
899   875   2038 
1279   284   205 
773   1705   772 
688   1968   690 
688   687   1938 
1938   1968   688 
1351   565   268 
1146   1796   1343 
2038   900   899 
1939   1854   1973 
531   1540   535 
531   533   1442 
1343   1219   1146 
1853   1974   1973 
1973   1854   1853 
2007   2039   2008 
573   903   581 
1580   569   1978 
568   251   1978 
1978   569   568 
2019   2040   1851 
2034   2041   1695 
1512   1511   1524 
935   503   141 
141   206   935 
1512   94   95 
140   693   1120 
1120   206   140 
483   498   2001 
2001   498   1308 
1291   542   966 
657   653   1001 
335   1121   562 
966   965   1291 
562   1121   566 
562   730   335 
1598   1862   2037 
1461   1459   761 
1500   1196   1747 
1500   1503   1196 
1267   1265   1838 
1500   1747   2042 
2043   936   1974 
1778   1670   536 
536   1670   538 
536   533   1778 
1001   653   1000 
2043   617   934 
1365   998   1000 
934   936   2043 
1000   653   1365 
1823   2044   312 
312   361   1823 
1783   2044   1823 
1273   1274   1190 
1190   1192   1273 
394   583   2045 
2045   395   394 
1915   1990   1992 
1974   617   2043 
798   797   1644 
798   165   803 
1809   2046   2047 
400   1042   1719 
1627   1598   2037 
1862   1778   2037 
1226   551   1694 
1531   348   1831 
1291   834   1844 
1592   882   1920 
1920   882   1922 
813   812   824 
1844   542   1291 
813   841   815 
907   1946   2048 
383   385   1454 
909   1946   907 
2045   583   1899 
383   1452   388 
447   1702   1666 
2049   1258   1259 
1338   1258   2049 
1259   710   2049 
744   743   1248 
2048   908   907 
442   776   1368 
958   344   950 
1860   312   2044 
2003   1648   1650 
2044   1861   1860 
866   434   659 
309   312   1860 
2050   2051   1001 
2050   1996   861 
861   2051   2050 
338   1678   2052 
1679   1728   2052 
2052   1678   1679 
285   1892   451 
2052   1728   338 
451   1892   1859 
451   453   285 
1809   1810   2046 
2003   1945   1648 
2053   1945   2003 
1338   2049   668 
668   710   669 
2054   1700   762 
1875   673   324 
324   323   1875 
478   1924   278 
2054   1680   1702 
324   673   326 
1702   1700   2054 
762   1680   2054 
668   2049   710 
1388   1387   438 
438   753   1388 
1541   1540   2055 
1057   2056   2057 
2057   2056   1026 
361   188   742 
742   1784   361 
1940   936   206 
206   1120   1940 
1939   936   1940 
1681   549   1228 
2058   2059   2047 
1790   1784   742 
826   391   830 
566   1042   563 
400   561   563 
563   1042   400 
2005   1523   1511 
659   1344   651 
2058   1737   2059 
1939   1126   1419 
1259   770   1419 
2005   837   1799 
1371   1369   2009 
2009   933   1371 
1799   1523   2005 
1311   1999   611 
611   610   1311 
611   1999   613 
1636   1716   1644 
2060   2059   1731 
177   276   1335 
264   266   2061 
737   618   736 
701   1032   2061 
2061   266   701 
2061   1032   264 
357   2062   1985 
1335   276   1193 
581   649   574 
1985   2062   751 
1985   757   357 
1888   980   884 
1642   572   574 
393   395   2030 
1888   250   252 
252   980   1888 
1264   1812   1856 
1446   350   51 
1977   1253   762 
1977   251   568 
568   1253   1977 
51   52   1446 
2021   2063   2022 
1911   1396   1531 
1911   1831   790 
574   649   1642 
1531   1831   1911 
824   826   830 
423   974   976 
584   974   423 
875   899   855 
1582   1455   1691 
899   904   855 
875   2010   2038 
854   2011   875 
2059   1737   1731 
2011   2010   875 
2027   1856   1812 
1865   491   490 
495   747   490 
2064   2065   2066 
490   747   1865 
690   1856   2027 
2002   918   879 
1162   275   2002 
2002   879   1162 
2002   977   918 
2064   1751   2065 
2067   2068   2069 
1582   1622   1455 
2070   1989   999 
999   2071   2070 
2068   2072   2069 
1676   1622   1582 
825   961   2073 
2073   961   1852 
1901   1990   1904 
1430   1799   1967 
837   839   1967 
1967   1799   837 
1899   583   1870 
1870   389   1899 
1857   740   1363 
1857   412   739 
739   740   1857 
2074   1407   1553 
2074   403   404 
2075   2076   2077 
2075   2078   2076 
2079   2007   2077 
404   1407   2074 
1553   403   2074 
1901   2080   541 
541   1990   1901 
2081   2082   1855 
2082   1853   1855 
1454   385   1956 
1956   385   1849 
1956   1879   1454 
489   491   1154 
2079   2039   2007 
489   1069   495 
2083   2084   2085 
1914   1903   1867 
2086   1903   1914 
429   492   386 
2087   2088   1794 
1884   2033   1882 
1882   2033   2032 
1946   500   2048 
1945   500   1946 
2088   2089   1794 
2090   1217   1980 
1980   1217   905 
584   423   425 
431   571   425 
840   524   523 
2091   2092   2093 
2091   2094   2092 
429   430   492 
259   756   523 
2093   1437   2095 
1437   2012   2095 
523   756   840 
2096   750   1044 
1044   750   1046 
1044   1043   2096 
2033   1996   1987 
1987   1986   2033 
1866   1868   1905 
1905   1868   1907 
2097   1696   2098 
2097   1717   1696 
1905   674   1866 
2098   2092   1885 
1845   1734   2035 
2092   2094   1885 
2035   294   1845 
1057   2099   2056 
1243   1734   1845 
320   2100   1934 
1735   289   1934 
1934   2100   1735 
1837   1679   436 
436   241   1837 
1655   1679   1837 
2101   2102   2103 
2056   2099   2104 
1348   268   217 
1348   1351   268 
1518   1694   2105 
2102   1767   2103 
551   1924   2105 
2105   1694   551 
2095   2106   2101 
2105   1924   1518 
1419   770   1854 
1854   1939   1419 
418   417   636 
418   633   420 
1232   217   268 
1328   1329   962 
2095   2012   2106 
1329   1964   962 
962   1673   963 
962   1964   1673 
909   906   1953 
1953   906   1497 
1723   2084   2107 
2108   2109   850 
1723   2110   2084 
2111   2109   2108 
2112   2113   2107 
2112   2114   2113 
2115   2116   2075 
2116   2078   2075 
2025   1981   1982 
1982   1826   2025 
2117   752   1392 
2118   1824   2119 
2117   1388   753 
753   752   2117 
1824   1792   2119 
595   2120   781 
2121   2122   456 
1392   1388   2117 
2011   862   2123 
861   1884   2123 
2121   2124   2122 
2123   862   861 
2123   1884   2011 
2120   1749   781 
590   2125   2126 
2120   595   636 
2127   1756   1753 
1871   318   397 
1064   926   925 
928   2128   925 
925   2128   1064 
935   934   1961 
264   1032   1961 
2129   318   1871 
2057   2130   1057 
2126   2125   2131 
1753   2132   2133 
2045   2130   2057 
2134   1788   2135 
902   2136   2137 
1788   2089   2135 
2137   2136   2111 
2138   2139   2140 
2023   2139   2138 
2138   2141   2023 
2019   2141   2138 
2115   2119   2134 
683   682   1929 
1929   682   2142 
2115   2143   2119 
2144   760   2145 
2144   793   760 
2145   1195   2146 
1891   1681   1392 
1195   2147   2146 
549   1681   1891 
2148   2149   2150 
1392   1892   1891 
2149   2151   2150 
1791   1869   2152 
2153   2084   2083 
2152   2154   1791 
2155   2156   857 
852   2154   2152 
1137   1537   2157 
615   2082   2071 
857   2156   1137 
2158   2159   1721 
1240   2160   1301 
2161   2160   1240 
1518   747   1843 
1843   747   746 
1843   1158   1518 
2162   2163   1269 
1269   2163   1294 
1269   1268   2162 
2159   2158   2164 
1238   1882   2032 
1237   1882   1238 
2159   1724   1721 
1564   2165   2091 
2026   2166   2167 
2167   2166   2168 
1894   1895   1897 
2169   1897   1895 
1894   1897   78 
2170   1085   858 
1527   1085   2170 
2165   2094   2091 
1906   1907   1302 
2171   2172   2173 
2172   2174   2173 
2146   1682   2171 
1906   676   674 
1302   676   1906 
2175   2176   2177 
122   2176   2175 
2175   5   122 
2146   2147   1682 
2178   2179   2180 
2179   2181   2180 
2182   987   599 
2066   407   2178 
2183   987   2182 
862   854   853 
1183   1795   1181 
285   283   1890 
1890   283   549 
2066   1525   407 
1890   1892   285 
2184   2185   2186 
1902   484   1868 
2185   2124   2186 
2083   1931   2184 
2083   2187   1931 
1868   1867   1902 
859   2188   151 
151   2188   2189 
802   2190   2188 
2188   2190   2189 
2090   708   1217 
1217   708   711 
2191   2192   2193 
1980   2026   2090 
1981   2026   1980 
927   1929   2194 
584   2166   1881 
2192   2195   2193 
2025   1826   1881 
1881   2166   2025 
2196   2197   2191 
1666   1443   2198 
2194   1929   2142 
445   447   2198 
2196   2199   2197 
2198   1443   445 
2173   677   587 
2198   447   1666 
2173   2174   677 
587   678   585 
1677   757   1752 
678   2199   585 
2200   1733   2201 
751   753   1752 
2200   2202   1733 
1812   1811   2203 
717   2204   1664 
2203   1811   1814 
2204   131   1664 
2205   2067   2206 
2207   2208   2209 
2209   2208   1561 
2067   2210   2206 
786   595   781 
2211   1815   2212 
1749   782   781 
982   981   1720 
1720   1039   982 
944   1997   1332 
945   1997   944 
1332   940   944 
2071   999   998 
998   615   2071 
1842   844   843 
772   2081   1855 
1855   770   772 
756   749   1071 
1417   651   1344 
2211   1817   1815 
755   754   2036 
2036   1849   755 
2212   2060   2206 
2060   2202   2206 
2213   1886   2165 
1071   749   1087 
2214   822   2016 
2016   822   2028 
2215   955   1641 
784   101   2216 
2216   877   784 
2216   101   102 
923   782   921 
1886   2094   2165 
1078   922   921 
2217   2218   2213 
2219   955   2215 
2217   2220   2218 
2221   1783   632 
2044   1783   2221 
1796   1943   1181 
845   844   1842 
2121   2149   2222 
845   1508   847 
1842   1508   845 
2121   2151   2149 
876   722   249 
876   545   719 
719   722   876 
2222   2112   2186 
676   392   2223 
2057   395   2045 
1026   395   2057 
2112   2153   2186 
1768   2224   2225 
2226   1769   2225 
2225   2224   2226 
2225   1769   1768 
717   2064   715 
2064   2227   715 
1082   2228   2229 
2228   2230   2229 
1850   432   1359 
1955   746   495 
495   1069   1955 
1701   746   1955 
2036   1893   1957 
1957   1893   1879 
1957   1849   2036 
1988   2231   1705 
1989   2231   1988 
1705   1986   1988 
2010   1984   2038 
1237   1984   2010 
2232   955   956 
2232   230   1641 
1641   955   2232 
1859   2062   1858 
2233   133   1059 
2233   135   133 
2234   262   2182 
262   2183   2182 
345   452   1858 
1858   2062   345 
884   882   1889 
1340   2235   1105 
1592   250   1889 
1889   882   1592 
322   2236   994 
1340   2237   2235 
2238   1776   2239 
994   2236   904 
994   993   322 
920   922   1083 
920   2240   923 
1083   2240   920 
1933   835   2241 
1776   1773   2239 
2241   835   1541 
2242   99   791 
98   99   2242 
1687   2243   1379 
859   2244   2245 
2243   1489   1379 
2245   2244   2142 
1063   2246   1427 
257   522   2247 
1181   1795   1796 
841   1072   2248 
1966   707   321 
321   1430   1966 
1865   747   2004 
1924   478   2004 
1063   1064   2246 
2004   747   1924 
2248   1072   1149 
2216   878   877 
102   878   2216 
957   2249   2250 
2250   2249   1833 
1006   940   942 
2251   2252   2253 
2252   2254   2253 
2255   2256   1424 
1424   2078   2255 
2251   2257   2258 
2257   2181   2258 
2259   2076   1484 
2259   1113   2076 
2260   1878   1880 
874   1114   942 
2260   2261   1878 
906   908   2169 
1989   2081   2231 
772   1705   2231 
1950   2262   1951 
1950   128   2262 
1685   2263   1686 
2231   2081   772 
2264   2265   2266 
615   1974   2082 
1604   2164   2267 
2082   1974   1853 
2267   1810   1604 
2265   2268   2266 
2269   2265   2264 
1596   2270   1590 
1942   1615   1840 
1454   656   655 
679   1453   655 
655   1453   1454 
2157   857   1137 
2133   2127   1753 
2269   1896   2265 
2127   2133   2271 
2272   804   2273 
2133   2274   2271 
2272   807   804 
1806   2275   1801 
1590   2270   928 
2275   1756   1801 
870   1114   874 
870   304   305 
2276   968   831 
2051   657   1001 
2051   861   863 
2277   2278   2279 
2277   2280   2278 
863   657   2051 
1863   491   1865 
2281   2282   2283 
2282   2284   2283 
1863   735   734 
734   491   1863 
882   881   1922 
679   2285   2190 
1030   2240   2286 
1466   2287   1762 
2190   802   679 
2287   2288   1762 
2289   2290   1631 
923   2240   1030 
1631   2291   2289 
2286   1027   1030 
2292   2102   2008 
1073   1091   1074 
1848   1096   1098 
2102   2293   2008 
967   966   1098 
2294   2262   2295 
2190   2285   2189 
1026   2296   1025 
2024   1023   1025 
835   1933   1131 
1025   2296   2024 
1852   1851   2073 
2040   825   2073 
2262   127   2295 
2073   1851   2040 
1872   887   2297 
2297   887   1814 
2298   2299   1506 
1075   2300   852 
1074   2300   1075 
2249   821   1833 
2298   1629   2299 
2249   957   687 
1630   2301   2302 
687   821   2249 
2301   2303   2302 
2304   1999   1746 
2304   1745   2214 
2214   1999   2304 
1746   1745   2304 
2305   1472   1600 
1010   316   318 
1600   1472   1561 
1600   1599   2305 
1441   1400   1399 
1405   1438   1399 
2306   1920   672 
2306   670   1592 
1592   1920   2306 
672   670   2306 
1909   2167   1442 
1909   708   2090 
1630   2307   2291 
2090   2167   1909 
1994   2308   1597 
2307   2309   2291 
866   2308   1994 
1597   1626   1994 
2223   392   391 
391   826   2223 
1616   2310   1748 
826   2311   2223 
2312   1119   1122 
885   397   613 
885   887   1872 
1122   1528   2312 
2250   1831   348 
2310   2042   1748 
590   589   1685 
2274   2313   2257 
2086   2080   1903 
348   957   2250 
1833   1831   2250 
2314   403   1553 
1553   2315   2314 
2257   2313   2181 
1022   2316   1925 
1925   2316   766 
1688   1683   2317 
2085   2318   2319 
2317   1683   1380 
2318   2320   2319 
2080   915   539 
1501   2321   2322 
1501   2323   2321 
1908   321   707 
1908   1381   322 
2324   2325   2289 
2324   2326   2325 
322   321   1908 
1903   2080   1901 
2327   2328   2329 
2104   2296   2056 
2327   2330   2328 
2056   2296   1026 
2260   2331   2332 
2214   1745   820 
2331   1758   2332 
749   748   1087 
2110   1722   2333 
1722   1397   2333 
749   756   260 
1395   2334   1535 
1395   1397   2334 
1497   1496   1953 
1953   1496   1640 
1265   1856   1839 
1839   1838   1265 
1240   1560   2161 
2335   2336   833 
2032   2031   1238 
2336   2276   833 
1238   2031   1239 
2337   2338   1499 
2337   1661   2338 
2339   2340   2341 
725   1560   1240 
2339   2342   2340 
818   1333   913 
1106   1333   818 
1046   1774   1045 
1660   2343   2344 
1097   973   972 
978   1407   972 
1106   302   304 
1983   1043   1045 
1497   906   1895 
2343   2345   2344 
2130   1899   1898 
1895   906   2169 
2096   748   750 
260   1046   750 
2346   2347   1686 
2346   2348   2347 
1125   769   768 
779   976   768 
768   976   1125 
991   911   2349 
992   911   991 
2349   984   991 
609   1861   2221 
2350   2351   1786 
2329   2352   1083 
2350   2220   2351 
2221   1861   2044 
2221   632   609 
953   1052   1900 
2045   1899   2130 
2255   2116   1542 
1900   1052   1898 
2116   1614   1542 
1658   2353   2354 
2188   859   800 
1658   2280   2353 
800   802   2188 
2355   2356   2357 
1768   1358   1357 
600   1018   1021 
1294   2163   1357 
2356   2358   2357 
821   820   1833 
1606   2336   2355 
821   687   689 
1606   2276   2336 
596   595   786 
2226   2359   1563 
1563   1769   2226 
2253   1634   1635 
2253   2254   1634 
596   1018   600 
2360   2361   1574 
2361   1577   1574 
2362   851   650 
2362   647   849 
2363   2364   1805 
2363   2365   2364 
849   851   2362 
2268   2341   2366 
650   647   2362 
1483   2341   2268 
2147   1197   1683 
1357   2163   1768 
1197   1380   1683 
1133   1132   2367 
2368   1446   1447 
2368   957   350 
350   1446   2368 
1805   1639   1803 
2367   2369   1133 
2370   1475   924 
924   926   2370 
2017   1814   887 
1805   2371   1639 
2372   2319   2373 
2319   2320   2373 
2003   1793   2053 
1239   1793   2003 
1756   2275   2374 
2086   915   2080 
2236   1381   1669 
2275   2375   2374 
1519   1521   1468 
1468   408   1519 
322   1381   2236 
1669   904   2236 
1992   1991   969 
1972   896   895 
895   914   1972 
2376   1059   133 
1468   1521   1526 
396   841   830 
1991   970   969 
133   132   2376 
547   2377   2378 
2138   2040   2019 
2378   2377   811 
1996   2050   999 
1616   1750   1516 
2140   2040   2138 
2050   1001   999 
869   1076   917 
2368   2379   957 
917   916   869 
2380   2348   1421 
2368   1447   2379 
359   728   345 
2381   1850   1359 
2381   1672   1850 
345   347   359 
557   347   346 
357   556   346 
325   1913   323 
2219   952   955 
2382   916   889 
2168   1442   2167 
2090   2026   2167 
1949   1951   1034 
267   1565   1567 
1034   1033   1949 
1034   1951   1036 
1411   1488   1102 
877   918   1877 
1877   1962   877 
814   1414   959 
959   812   814 
815   1414   814 
482   484   1904 
1904   1990   482 
2055   2383   571 
2329   2328   2352 
1935   257   2247 
2328   2384   2352 
2385   2386   2374 
2247   1322   1935 
1483   2268   1481 
1896   1479   1481 
390   392   1302 
2386   2387   2374 
390   1303   396 
2383   2055   1540 
1695   2041   1984 
2021   1751   1662 
2264   2388   1758 
2388   1763   1758 
1984   2041   2038 
1418   1344   1345 
1102   1410   1411 
1345   1674   1418 
1729   331   330 
332   865   330 
1571   2389   1573 
1571   1572   435 
2381   1359   1363 
2381   1948   1672 
1646   2390   1645 
1363   1948   2381 
2390   1647   1645 
2383   2168   571 
1448   2391   1595 
522   257   259 
784   877   1962 
2318   2333   1549 
1962   785   784 
2027   689   690 
2318   2085   2333 
2294   2360   1036 
2027   1812   2028 
816   911   819 
329   331   325 
1093   2392   1445 
329   1002   332 
919   2393   890 
2330   2394   2328 
2328   2394   2384 
1632   2395   1708 
806   2396   2330 
890   2393   892 
890   889   919 
1561   2208   1559 
2397   1589   1568 
2161   1560   1559 
1559   2208   2161 
2137   903   902 
2395   1632   2398 
457   2399   2315 
2137   2111   946 
946   903   2137 
1729   1913   331 
2292   2039   1538 
2395   2400   1708 
1428   1249   1274 
1152   194   1428 
194   1249   1428 
460   2377   547 
331   1913   325 
1056   2130   1898 
2401   2402   2403 
2404   2322   305 
305   1593   2404 
1657   2278   2280 
1057   2130   1056 
1898   1053   1056 
636   595   597 
1665   2278   1657 
1461   2396   1460 
807   1458   1460 
2280   1658   1657 
600   633   597 
811   2377   1504 
829   1378   1433 
816   818   913 
2265   1481   2268 
1089   1509   1090 
1456   1457   1607 
1433   827   829 
1896   1481   2265 
1568   1589   1474 
2017   887   886 
613   1999   886 
1474   1475   1568 
2279   2240   2352 
2140   676   2223 
2223   2311   2140 
392   676   1302 
1397   1722   2334 
2373   1456   1607 
1607   2372   2373 
2320   1456   2373 
1724   1535   2334 
2405   1114   1115 
1466   408   1468 
2334   1722   1724 
305   2322   1115 
1463   1458   807 
1089   1088   1141 
501   500   2053 
2406   2354   1780 
2354   2192   1780 
1780   2192   2407 
2053   1793   501 
472   471   860 
1587   1501   2404 
472   1320   477 
2322   2404   1501 
860   1320   472 
2233   1059   1061 
2233   740   135 
1587   1532   1501 
1730   588   1726 
1574   1572   1036 
1036   2360   1574 
1061   740   2233 
1316   932   931 
931   1050   1316 
1629   2408   2299 
1504   1506   2299 
1950   960   7 
1949   960   1950 
7   128   1950 
1725   1726   588 
854   862   2011 
1604   1810   1646 
1115   2322   2405 
2299   2408   1504 
1476   1567   1568 
2311   825   2040 
1128   1567   1476 
1568   1475   1476 
1071   2409   1149 
2410   2411   1068 
2040   2140   2311 
1337   2411   2410 
1087   2409   1071 
2162   2224   2163 
1117   1119   2312 
1425   827   1433 
2163   2224   1768 
832   831   970 
832   1844   834 
2279   1435   2286 
1730   1726   2412 
970   1844   832 
1070   2109   1093 
1444   1445   2413 
850   2109   1070 
1117   1255   1121 
1958   1119   1118 
1423   1552   978 
1121   195   1118 
1742   2414   1969 
1118   195   1958 
1969   2414   2415 
1935   1907   1936 
1868   484   1936 
1936   1907   1868 
956   556   2416 
1412   130   129 
757   228   2416 
2416   556   757 
1674   1813   1486 
419   1154   734 
2271   1801   2127 
734   417   419 
2127   1801   1756 
572   393   2029 
2036   1479   1893 
2029   573   572 
1893   1479   1896 
2286   2240   2279 
2417   1521   1520 
2275   2418   2375 
2029   393   2030 
842   844   1536 
2419   2420   2367 
842   741   725 
457   459   2399 
1536   741   842 
2305   1470   1472 
1597   862   853 
2421   2422   1578 
2423   2323   1623 
2424   2175   2425 
1806   2418   2275 
1623   2420   2423 
853   1300   1597 
2417   2063   2409 
129   2426   1413 
2409   2063   1149 
1413   2426   959 
1413   1412   129 
2312   1255   1117 
1434   1435   2342 
2224   1773   2226 
2086   1914   1912 
1913   914   1912 
1541   2055   2241 
2427   1505   2338 
431   1933   2241 
2338   1661   2427 
2241   2055   431 
1673   1960   963 
1912   914   2086 
963   1960   979 
2261   656   1878 
1878   656   1879 
2338   1505   1499 
959   961   812 
2312   1139   1255 
566   1121   1255 
2428   2380   2104 
2429   2207   723 
2131   2380   2428 
1310   1309   1408 
1310   1401   1311 
812   961   824 
1400   1548   1874 
2301   2298   2303 
2427   1506   1505 
1429   1432   1058 
723   721   2429 
1332   1998   1331 
2376   1129   1062 
1062   1060   2376 
1149   1918   2248 
815   841   2248 
2248   1918   815 
1058   1060   1429 
1609   1438   1385 
1331   1998   1337 
1058   1432   1061 
585   2196   2430 
1303   524   396 
780   782   923 
780   1027   786 
481   483   2001 
1372   1423   978 
677   1887   678 
2244   2431   2142 
2244   859   858 
858   2431   2244 
1299   2238   2162 
1768   1767   1358 
1306   2238   1299 
2301   1630   1629 
2162   1268   1299 
1629   2298   2301 
2082   2081   2070 
2110   1723   1722 
2071   2082   2070 
2081   1989   2070 
2120   618   1749 
2120   636   736 
736   618   2120 
316   1410   2432 
1038   138   137 
896   1406   1848 
137   1385   1038 
1379   829   828 
855   904   1669 
848   1687   828 
1932   2357   2358 
2433   2369   2367 
828   1687   1379 
2434   2355   2336 
2372   2357   1932 
2336   2335   2434 
1669   1300   855 
1421   2348   1340 
1536   844   846 
2261   1467   2285 
846   1390   1536 
2285   1467   2189 
898   900   1736 
1736   993   898 
629   628   267 
629   2234   632 
2417   1520   2022 
267   2234   629 
1557   2435   1556 
2436   1552   1556 
2402   2421   2270 
1602   2164   1604 
2199   2196   585 
2437   2164   1602 
2272   1463   807 
2272   2273   256 
256   1463   2272 
2022   2063   2417 
541   540   1991 
1991   540   970 
764   754   672 
672   1919   764 
2379   1938   687 
2438   1412   1923 
1923   1662   2438 
130   1412   2438 
980   1150   884 
1951   2294   1036 
332   864   865 
687   957   2379 
1384   1431   1383 
1433   1378   1383 
1069   1150   980 
1013   628   630 
632   1012   630 
1447   1938   2379 
849   946   2108 
2439   1996   2033 
1484   2078   1424 
2439   1884   861 
861   1996   2439 
2108   850   849 
2033   1884   2439 
2342   1435   1665 
2108   946   2111 
1064   2128   2246 
1579   1427   2246 
1530   2440   1141 
1141   1528   1530 
1498   2440   1530 
807   1460   805 
2396   806   805 
805   1460   2396 
1757   1760   1761 
2246   2128   1579 
1714   2420   1621 
2183   1124   1123 
1579   1425   1427 
1125   987   1123 
1029   1434   2441 
1123   987   2183 
2441   1434   1483 
1874   1548   1394 
2214   820   822 
1972   1406   896 
1394   1390   1874 
933   2009   1051 
1757   1761   2288 
727   1560   725 
1621   1618   1714 
2136   2392   2111 
76   2442   1917 
1836   1465   1917 
2048   500   502 
502   591   2048 
1621   2420   1623 
1028   1027   2286 
2443   401   403 
2286   1435   1028 
2142   682   2245 
800   859   2245 
2245   682   800 
1814   2017   2203 
1141   2440   1510 
2028   1812   2203 
1510   2440   1517 
2203   2017   2028 
120   401   2443 
1356   1537   1294 
1356   1358   1538 
843   1301   1841 
1301   948   1841 
1842   843   1841 
654   656   2261 
2444   2325   2326 
2445   2325   2444 
654   2285   679 
2444   2446   2445 
2261   2285   654 
1294   1537   1135 
1135   1134   1294 
1135   1537   1137 
734   736   417 
2385   1675   1577 
1756   2374   1754 
2375   1675   2385 
417   736   636 
2208   2429   2161 
2207   2429   2208 
1131   132   134 
1917   2442   1836 
134   835   1131 
423   976   779 
2382   1268   1134 
1872   2297   1327 
1327   2297   1329 
1327   1326   1872 
1038   797   799 
803   1037   799 
1301   2160   1976 
1426   1431   1429 
1426   1425   1433 
721   1180   1976 
1132   2419   2367 
1976   2160   721 
1006   2419   1132 
1408   1050   1051 
2447   1605   1608 
1608   1916   2447 
900   2041   1736 
2387   1755   1754 
1918   2063   1923 
2038   2041   900 
1149   2063   1918 
1937   1945   1947 
1947   1640   1937 
2189   152   151 
155   859   151 
2016   2028   2017 
357   345   2062 
1859   751   2062 
2376   1060   1059 
723   2448   2215 
2215   2448   2219 
2215   1641   723 
2155   471   473 
473   864   2155 
1736   2041   2034 
1869   851   2152 
2035   1734   2034 
2152   851   852 
1306   426   2238 
953   623   624 
1754   2374   2387 
557   952   624 
2157   1537   1112 
1439   797   1038 
1439   1438   1405 
2016   1999   2214 
2389   1571   2449 
2449   892   2389 
2449   1571   435 
2436   2315   1550 
2034   1734   1736 
1550   2315   1553 
1550   1552   2436 
1429   1431   1432 
2131   2428   1107 
132   1129   2376 
1107   2428   1017 
1538   2039   1110 
884   1150   883 
2450   2139   2023 
1110   1112   1538 
420   881   883 
1975   2451   120 
965   2451   1975 
2450   2013   675 
120   6   1975 
1103   1521   2417 
2452   1319   1318 
1318   1406   2452 
1420   2380   1421 
1420   1416   2104 
2104   2380   1420 
2197   2453   2350 
2199   2453   2197 
2402   2422   2421 
847   1576   1391 
1874   1390   1391 
1082   1080   2454 
675   2139   2450 
2023   2013   2450 
2413   2446   2444 
825   2311   826 
2359   2226   1770 
1008   318   2129 
2155   857   471 
1609   1457   1440 
894   896   1848 
894   1798   897 
1440   1438   1609 
2129   1009   1008 
1473   2455   2456 
1010   318   1008 
1897   2442   77 
2456   2455   2219 
2169   2442   1897 
1102   1488   1101 
1498   1099   1101 
1770   2226   1773 
522   524   2247 
2247   524   1303 
964   1431   1384 
2456   2207   1473 
1091   2397   1074 
232   1039   2457 
1448   2397   1091 
2242   873   98 
2104   1416   2296 
2457   233   232 
2296   1416   2024 
1834   908   2048 
2457   1139   1088 
1836   908   1834 
2048   591   1834 
2019   2018   2141 
2458   2023   2141 
2141   2018   2458 
2018   1573   2389 
2389   2458   2018 
1254   1041   566 
1254   1139   2457 
2457   1041   1254 
2239   2224   2162 
1587   1586   1532 
1773   2224   2239 
2162   2238   2239 
2086   914   915 
1320   1319   2452 
2452   477   1320 
897   539   915 
2459   1292   125 
2459   2335   834 
834   1292   2459 
1587   2404   1593 
943   940   1006 
261   1124   2183 
943   1004   945 
2242   791   792 
792   873   2242 
1074   2397   1566 
1566   1565   1074 
1566   2397   1568 
1066   2136   1068 
1066   1065   2392 
555   556   956 
555   952   557 
840   756   1072 
1072   841   840 
908   1836   2169 
1923   1412   1414 
637   639   901 
1065   1445   2392 
637   903   573 
2413   1445   1065 
901   903   637 
491   734   1154 
1848   1098   1846 
966   1798   1846 
1846   1098   966 
967   401   2451 
2451   965   967 
2451   401   120 
1093   1445   1092 
1448   1091   1092 
2142   2431   2194 
929   927   2194 
1366   1361   1068 
1366   2136   902 
2194   2431   929 
1068   2136   1366 
1920   1919   672 
1011   2154   1013 
1011   1012   1791 
1791   2154   1011 
500   1945   2053 
2392   2136   1066 
155   1526   2170 
1408   1309   1050 
1382   1326   1384 
1382   1378   2129 
840   396   524 
1029   2441   1020 
1020   1018   1029 
2457   1088   233 
1020   2441   1022 
1100   1409   1102 
1100   1099   939 
2370   1129   1130 
1130   1350   2370 
939   1409   1100 
1067   2411   2413 
2432   612   317 
1068   2411   1067 
2413   1065   1067 
2129   1326   1382 
317   612   397 
317   316   2432 
2189   1467   152 
2168   2166   570 
570   571   2168 
1047   929   1049 
1047   1043   1983 
570   2166   584 
1052   1053   1898 
1321   1485   1377 
1377   1319   1321 
1527   1103   1086 
1303   1322   2247 
2295   2360   2294 
1086   1084   1527 
2460   2360   2295 
357   757   556 
1298   891   1306 
1298   1268   2382 
2382   891   1298 
803   929   1037 
431   2055   571 
2432   610   612 
613   397   612 
892   2449   1926 
600   1021   880 
1926   2449   435 
1922   881   880 
880   1021   1922 
819   992   1339 
1421   1340   1339 
1760   2461   1761 
1729   2462   1971 
1761   2461   2463 
1971   2462   1972 
1575   428   435 
1971   1913   1729 
2170   858   155 
435   1572   1575 
2170   1526   1527 
1736   1735   2100 
2432   1309   610 
1852   1949   1033 
2277   2384   2280 
2277   2279   2352 
2352   2384   2277 
2464   1685   2465 
1573   1033   1035 
1409   1410   1102 
1036   1572   1035 
623   1900   389 
953   1900   623 
1874   2466   1873 
1716   1636   1873 
1873   2466   1716 
2166   2026   2025 
930   932   1958 
930   1601   933 
628   1565   267 
1090   1463   231 
2015   1002   1003 
231   1463   256 
231   233   1090 
1013   1565   628 
2308   862   1597 
1049   858   1085 
1527   1084   1085 
2305   1645   1469 
2308   866   863 
863   862   2308 
1469   1470   2305 
2465   1685   589 
1483   1434   2339 
2339   2341   1483 
2339   1434   2342 
2467   458   2468 
1429   1060   1063 
1063   1427   1429 
941   940   1332 
941   1330   874 
1927   1608   1609 
325   326   1003 
138   1037   1983 
1916   1608   1927 
1315   1309   2432 
2432   1410   1315 
531   1442   2383 
2383   1540   531 
2462   1406   1972 
2383   1442   2168 
2452   1406   2462 
402   1096   404 
402   401   967 
2014   2023   2458 
2468   458   2436 
1603   1645   2305 
2469   2422   2401 
2401   2422   2402 
2305   1599   1603 
1606   2355   1607 
1606   1605   2276 
2292   1358   1767 
1538   1358   2292 
633   881   420 
1054   1470   1016 
590   2126   588 
2139   676   2140 
675   676   2139 
2030   1023   639 
2470   1333   1337 
1012   632   1783 
2470   2410   913 
913   1333   2470 
1377   1485   1373 
1424   1372   1373 
1337   2410   2470 
2129   1378   1009 
2161   2429   2160 
2160   2429   721 
951   2455   953 
1004   2378   945 
951   952   2219 
547   2378   1004 
2219   2455   951 
2015   1076   1002 
150   152   1468 
150   1526   155 
320   993   2100 
993   320   322 
1468   1526   150 
2393   2389   892 
2393   919   2458 
2458   2389   2393 
1061   1432   1959 
1959   1432   979 
2271   1802   1801 
2471   1467   2261 
2261   2260   2471 
1915   1992   2472 
1959   1948   1061 
2382   1134   1136 
2100   993   1736 
2458   919   2014 
1997   810   2000 
928   2270   2128 
1106   304   871 
2128   2270   1579 
978   1552   1551 
1553   1407   1551 
874   1330   871 
1551   1407   978 
1454   1879   656 
1017   2099   1055 
1131   1933   1352 
2473   1350   1352 
2447   1916   2472 
1055   2099   1057 
2472   1992   2447 
2131   1107   1108 
1055   1053   1017 
135   739   836 
1106   818   817 
819   1105   817 
1077   2014   919 
1077   1076   2015 
2015   2014   1077 
973   1319   1377 
2349   1367   985 
968   1605   2447 
985   1367   901 
2276   1605   968 
1006   1132   1005 
547   1004   1005 
985   984   2349 
2472   1916   1915 
303   1593   305 
1914   1867   1875 
945   810   1997 
2237   1593   303 
2448   2456   2219 
1054   1052   2474 
2448   723   2207 
2474   1052   953 
2207   2456   2448 
2096   1043   1048 
1048   1084   2096 
609   632   2234 
808   2378   811 
808   810   945 
945   2378   808 
1725   588   2126 
1007   1489   1010 
1007   1009   1379 
1379   1489   1007 
1480   2316   1483 
1480   1479   766 
869   1136   2156 
766   2316   1480 
2156   1136   1137 
1024   1023   2030 
1024   395   1026 
2030   395   1024 
912   787   1402 
1402   1369   912 
1649   2475   2035 
1648   2475   1649 
2473   1928   767 
2445   2476   2325 
1536   1390   1395 
767   1928   779 
767   769   2473 
1014   1107   1017 
1014   1016   1109 
262   2234   267 
262   261   2183 
2417   2409   1104 
2325   2476   2289 
1104   2409   1087 
1104   1103   2417 
1541   835   836 
1871   1326   2129 
852   2300   2154 
1872   1326   1871 
913   2410   1362 
1068   1361   1362 
1362   2410   1068 
2154   2300   1013 
1421   1339   1415 
1415   1339   992 
1054   1016   1015 
1017   1053   1015 
2209   1472   1473 
1561   1472   2209 
1473   2207   2209 
2473   1352   1928 
1928   1352   1933 
1074   1565   2300 
868   2156   2155 
2300   1565   1013 
2013   326   675 
1049   929   2431 
2431   858   1049 
1595   1589   2477 
1848   1406   1094 
869   2156   868 
1547   1456   2320 
1094   1096   1848 
1441   1456   1547 
2316   2441   1483 
2397   1448   2477 
1022   2441   2316 
971   1372   978 
971   973   1377 
2155   864   868 
2382   889   891 
1516   1458   1464 
1090   1509   1464 
1398   1636   1405 
1398   1400   1874 
2182   599   609 
2477   1589   2397 
2157   1487   856 
609   2234   2182 
2477   1448   1595 
1459   1458   1516 
1516   1750   1459 
856   857   2157 
1140   1528   1141 
1140   1139   2312 
2312   1528   1140 
856   1487   860 
792   785   1979 
926   1129   2370 
1979   905   792 
911   992   819 
938   1119   1958 
1960   1672   1948 
1964   1674   1673 
1958   932   938 
1813   1674   1964 
2096   1084   748 
2080   539   541 
2276   831   833 
1127   1350   2473 
834   2335   833 
1619   1618   1676 
2473   1124   1127 
1349   1475   2370 
1322   1302   1907 
1907   1935   1322 
2370   1350   1349 
2447   1992   969 
2466   1391   1576 
1576   1716   2466 
1874   1391   2466 
2271   2274   2478 
2479   1821   2478 
2478   2274   2479 
1619   1667   1617 
969   968   2447 
2099   2428   2104 
2348   2125   2347 
1017   2428   2099 
1921   1021   1022 
2455   2474   953 
1922   1021   1921 
1473   2474   2455 
76   77   2442 
2169   1836   2442 
2475   1648   1937 
2475   294   2035 
1937   294   2475 
937   932   1316 
902   901   1367 
2349   1361   1367 
1673   1672   1960 
1306   1926   427 
427   426   1306 
427   1926   435 
1116   2419   1006 
1116   1114   2405 
2405   2419   1116 
937   1409   939 
1316   1409   937 
2369   2480   462 
769   1124   2473 
1609   1385   1386 
590   1686   2347 
2157   1112   1111 
1111   1487   2157 
462   1688   2317 
983   2273   2454 
462   2480   1688 
256   2273   983 
2454   981   983 
1095   1407   404 
2349   911   910 
910   1361   2349 
404   1096   1095 
867   864   332 
867   1076   869 
1471   2474   1473 
2240   1083   2352 
786   1027   1019 
1029   1018   1019 
1471   1470   1054 
1054   2474   1471 
7   960   2426 
1042   566   1041 
136   1307   139 
136   138   1983 
2426   960   959 
2426   129   7 
1384   1326   1328 
1078   1080   922 
986   1023   2024 
2392   1093   2109 
2109   2111   2392 
2024   984   986 
267   1567   263 
1128   261   263 
263   1567   1128 
2457   1039   1041 
1651   619   1078 
2452   2462   1697 
1697   477   2452 
1697   2462   1729 
1651   1749   618 
2382   1136   916 
618   619   1651 
916   1136   869 
1422   2256   1557 
1965   2297   1814 
1424   2256   1422 
1557   1423   1422 
2454   1080   1079 
1329   2297   1965 
1814   1813   1965 
1079   981   2454 
2175   2177   2425 
2347   2125   590 
2358   2481   2482 
2482   2481   123 
1686   2483   2346 
2346   2483   2237 
2177   2122   2425 
1660   2344   2484 
2425   2122   2124 
2478   1819   1802 
2478   1821   1819 
2484   2344   2284 
2478   1802   2271 
2485   2486   2487 
127   126   2485 
126   2486   2485 
2278   1435   2279 
2487   2488   2387 
2387   2460   2487 
8   2204   716 
716   2486   8 
1665   1435   2278 
2281   1506   2282 
2427   2284   2282 
2282   1506   2427 
1624   1653   2489 
2489   1625   1624 
2490   2491   2243 
2243   2491   1489 
8   2486   126 
2243   1687   2490 
810   809   2290 
2288   2332   1757 
1757   2332   1758 
2290   809   1631 
1539   1534   1693 
1693   1534   2072 
2492   1505   1504 
1325   1505   2492 
1732   1737   2148 
1737   2493   2148 
2228   1082   2454 
2228   2273   2230 
2454   2273   2228 
2148   2114   2149 
2148   2493   2114 
2340   2395   2341 
2400   2395   2340 
2494   1578   2495 
2494   848   827 
827   1578   2494 
2217   2213   1775 
2495   848   2494 
795   794   1628 
795   1625   823 
1583   1582   1692 
1583   1822   1585 
715   2496   2497 
2267   2158   2498 
2496   715   2227 
2498   2158   2499 
2500   2150   2467 
2501   2150   2500 
2502   2503   2504 
2504   2503   1461 
712   2205   713 
2497   2496   2132 
2200   724   713 
1558   727   2505 
2505   727   2437 
2506   1653   2469 
2489   1653   2506 
2403   2507   2508 
2418   1738   2375 
2418   1806   1643 
1643   1738   2418 
2260   2269   2331 
2509   2205   712 
2264   1758   2331 
2331   2269   2264 
1083   1082   2229 
458   2467   2151 
2230   2329   2229 
2229   2329   1083 
2510   2403   2307 
713   2205   2200 
2307   1630   2510 
1725   1108   1109 
2307   2403   2309 
2508   2507   2391 
2124   2222   2186 
2153   2184   2186 
2256   714   2511 
2511   714   724 
2512   2438   1662 
2490   1493   2491 
1488   1489   2491 
2132   2496   2313 
2491   1493   1488 
2313   2496   2181 
2513   2433   2367 
459   2177   2176 
2513   2420   1714 
1109   1647   1725 
1714   2433   2513 
2509   712   2514 
2367   2420   2513 
2515   1660   1659 
130   2438   2512 
2335   2459   2516 
2516   2459   125 
2517   2518   1493 
1517   1660   2515 
2485   2487   2460 
2000   2289   2476 
586   2144   709 
2445   1998   2476 
2476   1998   2000 
2345   2518   2517 
2519   2443   2314 
121   2443   2519 
457   2315   2436 
1517   2520   2343 
2343   2520   2345 
2343   1660   1517 
1634   2254   2398 
2398   1632   1634 
2232   2416   230 
2146   2171   709 
586   585   2430 
2488   2487   2486 
709   2145   2146 
1886   1885   2094 
2486   716   2488 
1886   2213   1887 
2000   810   2290 
228   230   2416 
2436   458   457 
1557   2256   2511 
2437   727   726 
741   1535   726 
2290   2289   2000 
2288   1761   1762 
456   458   2151 
726   1535   2437 
408   1466   1762 
724   2521   2511 
2330   2396   2522 
2511   2521   1557 
2361   2385   1577 
2361   2360   2460 
2337   1659   1661 
2210   2212   2206 
2202   2205   2206 
1617   1713   1620 
2366   2388   2266 
2266   2388   2264 
2266   2268   2366 
1676   1618   1622 
2115   2134   1614 
2424   123   5 
2424   2425   1952 
1623   1455   1622 
1437   2093   2523 
1714   1618   1620 
1993   1821   2479 
1993   2253   1635 
2079   2077   1113 
2079   1110   2039 
2479   2253   1993 
1113   1110   2079 
2303   2469   2302 
2510   1630   2302 
2302   2469   2510 
2200   2205   2202 
2200   2201   724 
2294   1951   2262 
128   127   2262 
2126   1108   1725 
1815   1807   2524 
2180   2496   2227 
2131   1108   2126 
2181   2496   2180 
2227   2178   2180 
2333   2085   2110 
2333   1397   1549 
2465   589   1817 
2465   2211   2464 
2524   2212   1815 
1817   2211   2465 
2400   1704   1708 
1709   1632   1708 
2412   1807   1816 
1817   1730   1816 
1690   1689   1797 
1797   2072   2087 
1690   1787   1692 
2482   2424   1952 
2523   2093   2092 
123   2424   2482 
2092   2098   2523 
1498   1493   2518 
1816   1730   2412 
1503   1380   1197 
2408   809   811 
2525   2217   2365 
1629   809   2408 
2220   2217   2525 
2430   2144   586 
811   1504   2408 
2232   956   2416 
1751   2064   1663 
461   1133   2369 
2067   2205   2509 
2369   462   461 
547   1133   461 
1581   1564   2091 
2518   2440   1498 
1195   2145   1215 
2091   2093   1581 
2263   1698   1594 
1659   1616   2515 
1594   1586   2263 
2220   2350   2453 
1887   2213   2218 
2220   2453   2218 
1450   1449   1539 
2218   2453   1887 
2502   2191   2193 
2195   2522   2193 
1450   1689   1455 
2193   2522   2502 
2342   1703   2340 
2066   2178   2227 
2340   1703   2400 
1726   2390   2412 
1647   2390   1726 
2526   2072   1610 
1195   1197   2147 
1692   1582   1691 
2502   2430   2196 
1455   1689   1691 
1514   1517   2515 
2196   2191   2502 
2375   2385   2374 
1676   1582   1584 
1585   1667   1584 
2097   2098   2174 
2298   2281   2303 
1506   2281   2298 
2112   2222   2114 
2112   2107   2153 
2527   2267   2498 
2295   2485   2460 
2524   2047   2059 
127   2485   2295 
2499   2113   2498 
2179   2178   2463 
2498   2113   2527 
2059   2060   2524 
1952   2184   1931 
2358   2482   1930 
1767   1769   2103 
1581   2101   2103 
1930   1932   2358 
2499   2107   2113 
1930   2482   1952 
2259   2528   1113 
2259   1484   1485 
2529   2359   2530 
2280   2384   2353 
2195   2354   2353 
2353   2384   2195 
1534   1533   1610 
1610   2072   1534 
2060   2212   2524 
2415   1786   2351 
2220   2525   2351 
1485   2528   2259 
2351   2525   2415 
2187   1932   1931 
2527   2493   2058 
2263   1586   1588 
1593   2483   1588 
1588   2483   2263 
2006   2118   2143 
1776   1771   1773 
2293   2118   2006 
1776   2238   426 
2493   2113   2114 
2501   1733   1732 
2527   2113   2493 
2531   2217   1775 
2531   2529   2365 
2365   2217   2531 
1775   2529   2531 
1732   2148   2501 
793   2430   2504 
2504   1461   793 
2504   2430   2502 
2532   2326   2391 
2532   1448   1444 
1444   2326   2532 
2391   1448   2532 
2187   2372   1932 
2287   2471   2288 
2287   1466   1467 
1467   2471   2287 
124   123   2481 
2260   1880   2269 
2269   1880   1896 
2481   2434   124 
1113   2077   2076 
1782   1786   2414 
2078   1484   2076 
2414   1786   2415 
1775   2213   2165 
717   1664   1663 
2058   2493   1737 
2165   1564   1775 
2058   2047   2527 
1532   1586   1533 
1876   1739   1638 
1638   1637   1876 
240   1613   1612 
1617   1667   1612 
2318   2533   2320 
1549   2533   2318 
2390   1808   2412 
2463   2178   407 
1646   1808   2390 
760   759   1215 
1215   2145   760 
1742   1969   1818 
2516   124   2434 
1818   1969   1804 
1797   2087   1794 
2089   1787   1794 
794   1687   1628 
2258   2179   2534 
2434   2335   2516 
2503   2522   2396 
2396   1461   2503 
2502   2522   2503 
125   124   2516 
2490   1687   794 
2181   2179   2258 
2534   2251   2258 
2173   587   709 
2324   2391   2326 
2317   1380   460 
709   2171   2173 
460   462   2317 
1738   1739   1675 
2151   2467   2150 
2501   2148   2150 
1675   2375   1738 
1539   1449   1502 
1532   1533   1502 
2446   2535   2445 
2446   2413   2411 
2411   2535   2446 
1825   234   1765 
1585   1822   1765 
2508   2324   2309 
2391   2324   2508 
2309   2403   2508 
2012   1437   235 
2324   2289   2309 
2520   2518   2345 
2520   1517   2440 
2174   2098   1885 
131   130   2512 
1662   1664   2512 
2440   2518   2520 
2512   1664   131 
2237   303   2235 
2435   2201   2500 
2500   2467   2435 
2500   2201   2501 
302   1105   2235 
2235   303   302 
2192   2354   2195 
2192   2191   2407 
2515   1616   1514 
2102   2101   2293 
2144   2430   793 
2144   2145   709 
2102   2292   1767 
2371   1805   2364 
2490   796   2517 
2365   2536   2364 
1772   2371   2530 
2517   796   2345 
2517   1493   2490 
2303   2281   2506 
2121   2222   2124 
2121   456   2151 
2506   2281   2489 
2506   2469   2303 
2364   2536   2371 
2479   2251   2253 
2407   2350   1781 
1781   2350   1786 
2284   2427   2484 
1661   1660   2484 
2484   2427   1661 
1781   1780   2407 
1663   2064   717 
459   456   2122 
2122   2177   459 
2309   2289   2291 
2407   2191   2197 
2405   2423   2537 
1631   1630   2291 
2197   2350   2407 
2143   2115   2075 
1324   1380   1503 
2437   1602   2505 
2075   2077   2143 
2133   2313   2274 
1599   1558   2505 
2132   2313   2133 
2420   2419   2537 
2505   1602   1599 
1324   1499   1325 
2332   2471   2260 
2288   2471   2332 
1611   1613   1717 
2387   2488   1755 
2319   2372   2187 
1755   2488   2132 
2187   2085   2319 
2521   2201   2435 
2435   1557   2521 
724   2201   2521 
1809   2047   2524 
2527   2047   2046 
1810   2267   2046 
2524   1807   1809 
2046   2267   2527 
1611   1713   1617 
2237   1340   2346 
2537   2423   2420 
2346   1340   2348 
1742   1818   1820 
2321   2423   2405 
2323   2423   2321 
2210   2067   2069 
2072   2526   2069 
2405   2322   2321 
2069   2526   2210 
1792   2134   2119 
2143   2118   2119 
2310   2337   2042 
2310   1616   1659 
2509   2087   2068 
1659   2337   2310 
2068   2087   2072 
2068   2067   2509 
2401   2403   2510 
2510   2469   2401 
2377   1323   2492 
2211   2212   2210 
2492   1323   1325 
2492   1504   2377 
2537   2419   2405 
2064   2066   2227 
2007   2006   2143 
1542   714   2256 
2256   2255   1542 
1614   2514   1543 
2143   2077   2007 
236   1667   1585 
712   714   1543 
1501   1449   2323 
2386   2361   2460 
1825   2118   1995 
2385   2361   2386 
1995   2118   2293 
1739   428   1675 
2460   2387   2386 
1712   1713   2538 
1712   2433   1714 
2495   1578   2422 
1543   2514   712 
2538   2433   1712 
2422   2469   2495 
1797   1689   1693 
1693   2072   1797 
2406   1744   2354 
2406   1780   1782 
1613   1696   1717 
759   1747   1215 
1788   2134   1792 
2501   2201   1733 
459   2176   2399 
2314   2315   2399 
2399   2176   2314 
481   2001   2539 
2210   2526   2540 
2464   2211   2540 
2540   2526   2464 
2540   2211   2210 
1829   2097   2541 
2533   1547   2320 
1717   2097   1829 
2541   1828   1829 
2533   1549   1548 
1548   1547   2533 
1923   2063   2021 
1723   2107   2499 
2095   2101   1581 
1788   1787   2089 
2021   1662   1923 
1581   2093   2095 
2366   2542   2388 
2363   2525   2365 
2388   2542   1763 
2415   2525   2363 
1656   1658   1744 
1744   1704   1656 
2365   2529   2536 
1753   1755   2132 
2530   2371   2536 
2536   2529   2530 
2114   2222   2149 
2509   2514   2088 
2202   2060   1731 
2330   2522   2394 
1503   1197   1196 
1731   1733   2202 
1782   2414   1740 
1215   1747   1196 
1740   2414   1742 
1740   1741   1782 
2195   2384   2394 
2394   2522   2195 
2088   2514   2089 
2327   806   2330 
121   120   2443 
403   2314   2443 
1759   2252   2534 
1763   2252   1759 
122   121   2519 
2314   2176   2519 
2534   1760   1759 
2519   2176   122 
2356   2481   2358 
2356   2355   2434 
1730   1817   589 
2327   2329   2230 
2230   806   2327 
2088   2087   2509 
428   1739   1777 
1876   1772   1771 
1715   1828   2538 
2434   2481   2356 
1824   1822   1792 
2538   1713   1715 
2185   2425   2124 
2185   2184   1952 
1952   2425   2185 
1824   2118   1825 
2542   2366   2398 
2542   2254   1763 
1777   1739   1876 
2398   2254   2542 
1777   426   428 
2523   1696   1436 
1607   2355   2357 
1742   1820   1710 
2357   2372   1607 
717   716   2204 
1500   2337   1499 
2042   2337   1500 
2020   1520   1525 
823   2284   2344 
1436   1437   2523 
2344   2345   823 
1525   2066   2065 
1751   2020   2065 
1707   1704   1744 
2065   2020   1525 
1707   1741   1709 
1819   1818   1804 
2483   1686   2263 
2483   1593   2237 
1698   1685   2464 
1804   1802   1819 
2263   1685   1698 
2468   1556   2435 
2435   2467   2468 
2436   1556   2468 
2110   2085   2084 
2153   2107   2084 
1625   2284   823 
406   1761   2463 
2159   2164   2437 
2523   2098   1696 
2463   407   406 
1744   2406   1743 
1782   1741   1743 
1743   2406   1782 
1596   1595   2507 
1770   1772   2530 
2530   2359   1770 
2507   1595   2391 
2507   2403   1596 
2323   1449   1451 
1455   1623   1451 
2541   2171   1682 
2421   1578   1579 
1451   1623   2323 
804   806   2230 
1579   2270   2421 
2172   2171   2541 
2172   2097   2174 
2230   2273   804 
2541   2097   2172 
2159   1535   1724 
2359   2529   1764 
1764   1563   2359 
1764   2529   1775 
2135   2514   1614 
2444   1444   2413 
2089   2514   2135 
1614   2134   2135 
2326   1444   2444 
2490   794   796 
823   2345   796 
8   131   2204 
2437   1535   2159 
1699   2526   1610 
1699   1698   2464 
2464   2526   1699 
2293   2101   2106 
2012   1995   2106 
2132   2488   2497 
2106   1995   2293 
716   715   2497 
2497   2488   716 
2083   2085   2187 
2083   2184   2153 
257   1935   2539 
809   1629   1631 
1658   2354   1744 
2252   2251   2534 
2175   2424   5 
2348   2380   2125 
2252   1763   2254 
2125   2380   2131 
2461   1760   2534 
2461   2179   2463 
1750   759   761 
2534   2179   2461 
1684   1828   2541 
793   1461   761 
2371   1637   1639 
2541   1682   1684 
1792   1822   1789 
1692   1787   1789 
1643   1803   1639 
2257   2251   2479 
460   1380   1323 
2479   2274   2257 
1721   1723   2499 
1323   2377   460 
2499   2158   1721 
1633   1632   1709 
2039   2292   2008 
2293   2006   2008 
1633   1710   1635 
1596   2403   2402 
2402   2270   1596 
2495   2469   1653 
1709   1741   1711 
2174   1885   677 
2539   2001   257 
1581   2103   1562 
1808   1807   2412 
2369   2433   2480 
1808   1646   1810 
2480   2433   2538 
1804   1803   1800 
2495   1653   1654 
1800   1803   1806 
1800   1802   1804 
1628   848   1654 
1654   848   2495 
1703   2342   1665 
1703   1704   2400 
1337   1998   2535 
2535   1998   2445 
2116   2255   2078 
2116   2115   1614 
2535   2411   1337 
2415   2363   1970 
1750   1616   1748 
2042   1747   1748 
2539   1935   481 
678   2453   2199 
1970   2363   1805 
1887   2453   678 
1970   1969   2415 
1769   1563   1562 
1562   2103   1769 
1683   1682   2147 
2538   1828   1827 
1688   2480   1827 
1742   1710   1711 
1827   2480   2538 
2395   2398   2366 
1487   1111   2528 
2528   1485   1487 
2528   1111   1113 
2284   1625   2283 
2158   2267   2164 
2489   2281   2283 
2283   1625   2489 
405   407   1525 
1637   1772   1876 
405   1519   408 
2371   1772   1637 
2366   2341   2395 
1525   1519   405 
