0.00000000   0.00000000 
30.00000000   0.00000000 
30.00000000   20.00000000 
0.00000000   20.00000000 
5.00000000   10.55500000 
5.00000000   10.44500000 
5.00000000   9.55500000 
5.00000000   9.44500000 
5.00000000   11.55500000 
5.00000000   11.44500000 
5.00000000   8.55500000 
5.00000000   8.44500000 
0.00000000   19.23076923 
0.00000000   18.46153846 
0.00000000   17.69230769 
0.00000000   16.92307692 
0.00000000   16.15384615 
0.00000000   15.38461538 
0.00000000   14.61538462 
0.00000000   13.84615385 
0.00000000   13.07692308 
0.00000000   12.30769231 
0.00000000   11.53846154 
0.00000000   10.76923077 
0.00000000   10.00000000 
0.00000000   9.23076923 
0.00000000   8.46153846 
0.00000000   7.69230769 
0.00000000   6.92307692 
0.00000000   6.15384615 
0.00000000   5.38461538 
0.00000000   4.61538462 
0.00000000   3.84615385 
0.00000000   3.07692308 
0.00000000   2.30769231 
0.00000000   1.53846154 
0.00000000   0.76923077 
0.79015560   0.00000000 
1.58551415   0.00000000 
2.38610964   0.00000000 
3.19197683   0.00000000 
4.00315047   0.00000000 
4.81966513   0.00000000 
5.64155647   0.00000000 
6.46885969   0.00000000 
7.30161029   0.00000000 
8.13984421   0.00000000 
8.98359761   0.00000000 
9.83290681   0.00000000 
10.68780845   0.00000000 
11.54833926   0.00000000 
12.41453636   0.00000000 
13.28643685   0.00000000 
14.16407870   0.00000000 
15.04749956   0.00000000 
15.93673721   0.00000000 
16.83183028   0.00000000 
17.73281735   0.00000000 
18.63973694   0.00000000 
19.55262818   0.00000000 
20.47153061   0.00000000 
21.39648359   0.00000000 
22.32752702   0.00000000 
23.26470106   0.00000000 
24.20804611   0.00000000 
25.15760268   0.00000000 
26.11341171   0.00000000 
27.07551441   0.00000000 
28.04395221   0.00000000 
29.01876663   0.00000000 
30.00000000   0.95238095 
30.00000000   1.90476190 
30.00000000   2.85714286 
30.00000000   3.80952381 
30.00000000   4.76190476 
30.00000000   5.71428571 
30.00000000   6.66666667 
30.00000000   7.61904762 
30.00000000   8.57142857 
30.00000000   9.52380952 
30.00000000   10.47619048 
30.00000000   11.42857143 
30.00000000   12.38095238 
30.00000000   13.33333333 
30.00000000   14.28571429 
30.00000000   15.23809524 
30.00000000   16.19047619 
30.00000000   17.14285714 
30.00000000   18.09523810 
30.00000000   19.04761905 
29.01876663   20.00000000 
28.04395221   20.00000000 
27.07551441   20.00000000 
26.11341171   20.00000000 
25.15760268   20.00000000 
24.20804611   20.00000000 
23.26470106   20.00000000 
22.32752702   20.00000000 
21.39648359   20.00000000 
20.47153061   20.00000000 
19.55262818   20.00000000 
18.63973694   20.00000000 
17.73281735   20.00000000 
16.83183028   20.00000000 
15.93673721   20.00000000 
15.04749956   20.00000000 
14.16407870   20.00000000 
13.28643685   20.00000000 
12.41453636   20.00000000 
11.54833926   20.00000000 
10.68780845   20.00000000 
9.83290681   20.00000000 
8.98359761   20.00000000 
8.13984421   20.00000000 
7.30161029   20.00000000 
6.46885969   20.00000000 
5.64155647   20.00000000 
4.81966513   20.00000000 
4.00315047   20.00000000 
3.19197683   20.00000000 
2.38610964   20.00000000 
1.58551415   20.00000000 
0.79015560   20.00000000 
5.03889087   10.46110913 
5.05500000   10.50000000 
5.03889087   10.53889087 
4.96110913   10.53889087 
4.94500000   10.50000000 
4.96110913   10.46110913 
5.03889087   9.46110913 
5.05500000   9.50000000 
5.03889087   9.53889087 
4.96110913   9.53889087 
4.94500000   9.50000000 
4.96110913   9.46110913 
5.03889087   11.46110913 
5.05500000   11.50000000 
5.03889087   11.53889087 
4.96110913   11.53889087 
4.94500000   11.50000000 
4.96110913   11.46110913 
5.03889087   8.46110913 
5.05500000   8.50000000 
5.03889087   8.53889087 
4.96110913   8.53889087 
4.94500000   8.50000000 
4.96110913   8.46110913 
5.00633342   10.30882095 
5.02887547   10.27231536 
5.04549187   10.31302985 
4.99423270   10.27091169 
4.61143804   10.56048196 
4.57431973   10.61497173 
4.53273234   10.54768771 
4.51450894   10.63893252 
22.64170290   1.26695613 
21.74987138   1.36556184 
21.99575945   0.69203132 
22.19643085   2.10137082 
10.53129866   17.56606642 
9.84507781   17.72475320 
10.02102717   17.12430473 
4.70212111   9.99778389 
4.62532657   9.98755268 
4.68910114   9.94355686 
10.21311994   18.09820135 
0.59507100   17.18021031 
0.58681559   16.43278639 
1.20376700   16.83969026 
13.40862913   17.96329569 
13.04016430   18.56560200 
12.71282540   17.91911405 
12.45411059   18.64504070 
2.39360692   17.47553171 
2.65966236   17.09329489 
2.88826621   17.49542773 
2.75470965   19.33235021 
2.08538150   19.46096292 
2.29157300   18.79939098 
1.68184029   1.32935959 
1.26098102   0.66399530 
2.08789438   0.70416166 
0.90821257   1.35710898 
3.20629674   17.01183438 
0.61877263   4.27598687 
1.16602332   4.51514140 
0.60245090   4.86512633 
29.38188179   3.24999601 
29.19079709   2.49672748 
1.19048635   5.04453426 
3.09839067   7.79702797 
3.17066437   8.14220541 
2.89240701   8.03065677 
3.40652685   7.99458050 
29.15389268   17.52612123 
29.19715940   16.69011426 
5.04525062   8.93955973 
4.99340742   8.97092951 
4.98848006   8.91556895 
22.67628690   16.02056299 
21.88256100   16.16731887 
21.97073571   15.30805445 
22.37782774   16.76743348 
4.82100013   10.96438565 
4.89018004   10.96583116 
4.86649032   11.01636318 
4.86135087   10.90595662 
3.59578091   2.94285112 
3.04103048   2.62804251 
3.47829227   2.39426774 
2.95869449   3.29504091 
4.94524493   8.95657240 
4.76841390   4.00193630 
5.15798052   3.59864513 
5.18902635   4.07517534 
3.37618829   17.65413690 
3.82863240   17.17504799 
3.99320205   17.79121296 
4.38762667   17.31958171 
14.18281658   17.89318499 
13.78771920   17.32478735 
13.79151067   18.71288846 
4.92936881   8.90019634 
4.89226480   8.94438749 
4.87873460   8.89683083 
4.82850693   8.93274840 
5.54941225   3.91267328 
11.42536937   0.87226463 
11.64272646   1.55727318 
11.04514100   1.35707703 
1.66161988   3.48702406 
2.27572224   3.47624886 
1.89154674   3.97874339 
1.78052548   2.92215969 
5.57709785   14.11042379 
5.40221302   14.40274903 
5.21557783   14.10623352 
11.28782133   2.06683889 
11.38363316   2.80039460 
10.91765561   2.47854491 
5.68248749   14.43501627 
4.67112801   10.06169622 
6.18860368   14.30159092 
5.95391858   14.45091295 
5.88327974   14.16474226 
7.89230798   3.79917632 
7.88260384   4.19473806 
7.46420698   4.01103016 
7.68366381   4.50487035 
4.22365727   10.45387894 
4.34755724   10.50297168 
4.23584069   10.57440381 
10.20259495   0.47018938 
10.87547342   0.66187660 
5.68890049   4.60208783 
5.36846916   4.72764510 
5.44984496   4.36052696 
5.74997962   4.92598255 
2.19965723   5.81246331 
2.78144446   5.75595029 
2.53872211   6.27501496 
3.10338368   6.14595388 
5.01511764   9.28080479 
5.03868129   9.32672274 
4.98520932   9.31940341 
5.05884564   9.27585148 
8.11596470   19.04278461 
8.44427228   19.43975309 
7.74535962   19.42804458 
4.32354945   10.35920837 
6.95831994   13.38026007 
6.74221544   13.45691043 
6.82917611   13.20100044 
6.60621913   13.21851680 
2.53597138   13.77752832 
2.83432950   14.15670473 
2.30810330   14.16736260 
2.72547190   14.65366433 
2.35954185   13.46028429 
2.70732339   13.49015468 
5.01694625   9.40941227 
5.05836827   9.40460865 
2.52750532   13.13724365 
12.48754237   17.21584940 
12.07911060   17.91092261 
13.19129800   17.22235671 
8.73534955   17.51187546 
9.30176636   17.26844356 
9.27112615   17.95368054 
11.24331688   5.88049348 
10.89587057   6.23577107 
10.76032104   5.78805190 
11.35078647   6.32607390 
15.32252757   2.81565743 
15.78342530   3.45847926 
15.01840641   3.78980886 
0.44192117   10.37592253 
0.49110965   9.63456577 
3.36192708   11.53998768 
3.15840145   11.42335922 
3.34487896   11.28969080 
3.14049163   11.21794266 
15.75614669   4.37930169 
4.91417997   10.27884941 
4.96145409   10.29985348 
4.92097307   10.33385946 
4.95611620   10.25169322 
1.50108107   10.21180932 
1.64267435   10.59348236 
1.10848311   10.56934345 
4.95790326   11.03582993 
4.95412940   10.96970957 
5.00784417   11.00290101 
4.91553019   11.01076247 
3.81782269   8.99698008 
3.60602608   9.07730166 
3.62637925   8.86785891 
3.75978303   9.17178199 
5.29781038   10.57011142 
5.33241469   10.53805854 
5.35087184   10.58690047 
4.16382834   7.95671501 
4.01578141   7.73653697 
4.25483546   7.80464922 
5.37676019   10.53332657 
8.71891286   4.32125562 
8.73339062   4.87132849 
8.19529900   4.56792285 
8.28126613   5.07438282 
24.34429971   14.97645416 
23.71232107   15.29950226 
23.73576314   14.64067863 
22.94362530   15.07568797 
24.93182696   12.64131802 
25.72559636   12.73349136 
25.24274613   13.54312005 
26.51172163   13.32145249 
4.69810099   8.91994819 
4.76725349   8.89054300 
4.75971054   8.95806634 
0.66528548   11.06432628 
1.33601595   11.03865161 
1.10573106   11.58685498 
3.22711420   8.46776491 
3.39339209   8.26757943 
3.00615537   8.29562290 
3.55484311   19.42505720 
3.17518654   18.82336016 
3.93742195   18.95543995 
3.99620525   7.98788820 
4.25790556   19.48727711 
1.20093829   8.40273316 
1.38623641   8.97051458 
0.67113981   8.88484979 
19.46344249   2.02722573 
18.85592466   2.76907467 
18.52289453   1.89608236 
4.85814752   8.98541037 
4.90523442   9.00210230 
2.72482601   10.76862556 
2.44345788   10.59689484 
2.66082018   10.47266870 
2.32174482   10.89862815 
1.26187572   12.18236440 
1.64938260   11.82767456 
0.60872752   11.87121493 
2.76909812   10.25199967 
2.94990024   10.50416773 
3.07713887   10.26806329 
3.09894657   10.75775745 
17.93957660   11.61218356 
18.47527426   10.75626637 
18.79766665   11.71416324 
17.42442850   10.64479198 
26.91424153   7.00914105 
27.58714749   7.56277816 
26.83592759   8.09148034 
1.02724582   9.38886006 
28.00753176   8.42038456 
3.70426103   11.16454627 
3.56839346   10.97412187 
3.79698059   10.98372417 
3.49819284   11.16399739 
4.89469054   2.59097445 
4.90967211   3.10873134 
4.36208511   2.98945451 
4.58320888   3.49297808 
4.96260274   8.85958947 
5.13179319   11.31370990 
5.07705102   11.32197982 
5.10449433   11.26935513 
5.05189955   11.27691694 
28.47508015   17.05585239 
28.35150743   17.71901276 
28.61119928   3.09375680 
28.38286562   2.31303200 
1.67494997   8.16143180 
1.23436548   7.74062858 
0.58358798   8.08345290 
4.28203661   1.72426738 
4.93229020   1.57292253 
4.67344426   2.09594535 
5.23054013   2.00455322 
3.00779965   0.74911862 
2.13478756   14.59625077 
2.31084793   15.20111558 
1.69248326   14.83275301 
19.90172659   19.30393555 
20.47749450   19.11920567 
5.21535631   8.46891611 
5.17597305   8.50877968 
5.15987137   8.46226029 
5.13185056   8.51112033 
2.60636770   8.44761449 
2.79426417   8.26889640 
2.93339105   8.55688187 
26.49246067   19.22147543 
27.51363185   19.19475391 
27.50983601   0.88274011 
26.49336844   0.77681323 
2.34488432   8.74223735 
2.33101861   8.34812911 
1.32483422   1.86116822 
1.99920491   8.49008664 
1.71731838   4.53594540 
2.32375992   4.82529129 
1.79556042   5.26376811 
2.53314145   5.27351148 
8.59697589   3.80647328 
9.03359284   3.78402080 
8.25942893   4.01790555 
5.09404521   7.25276391 
5.10098445   7.02687346 
5.24922630   7.20885602 
4.93533019   7.17925989 
9.26950099   4.22101708 
9.17048758   4.72812150 
3.80554684   9.36821386 
3.96805647   9.51143358 
3.79415830   9.59068739 
4.03508692   9.33647349 
2.67585189   11.58705206 
2.33007908   11.68443837 
2.31288138   11.31228180 
1.98088118   11.52125813 
4.76391097   9.36849826 
4.83761532   9.37439642 
4.81149775   9.43012186 
4.81244450   9.31781462 
4.90704920   11.13393977 
4.83170703   11.12039563 
4.89205539   11.06488822 
5.33862147   11.12921458 
5.27731460   11.15370415 
5.27902027   11.08334732 
1.78931354   15.50680231 
3.83109312   10.63557918 
3.60738694   10.55748092 
3.78539131   10.43103867 
1.56791995   18.62760630 
1.30619232   18.14156953 
1.99074632   18.05540576 
3.64385988   10.32618859 
11.04351539   17.44306326 
11.42361412   17.98449515 
10.77398246   18.20371958 
1.99278759   2.09348909 
11.22595177   18.59166655 
4.80523162   11.04505673 
27.61356162   17.89098548 
27.98830383   18.44140169 
9.26194976   16.66584978 
9.58109593   16.19380276 
9.66414268   16.75661090 
5.21717569   11.11019860 
27.98169321   1.58799540 
27.59747207   2.12449943 
10.15487416   16.53065369 
8.83048162   16.86019488 
4.76967819   10.93193268 
4.73884196   10.97706141 
29.21201313   15.86248007 
12.99229915   16.42388289 
12.22888622   16.43281563 
29.12347567   3.99929410 
4.87172093   11.19394988 
27.87326100   17.15120071 
28.34617637   16.34823602 
4.61730527   17.91717714 
5.28060227   18.08593491 
4.85208651   18.42496237 
4.79529786   11.18972821 
28.19397766   3.70457878 
27.84762430   2.88955739 
4.65029853   19.07104806 
4.28533783   18.41562433 
21.68287751   14.38819950 
20.93378557   15.01685397 
20.84487701   13.96847334 
8.31982163   12.39865320 
8.40290786   12.78824235 
8.03101706   12.64548738 
7.59368576   12.58770975 
7.78587150   12.67591013 
7.56308419   12.79999882 
1.26201331   17.56497425 
3.01522058   6.86736719 
2.86134919   6.47958635 
3.23189929   6.57186645 
2.64324069   6.78085916 
25.72516828   19.12133962 
17.57249224   12.53542365 
16.91321901   11.66150593 
25.71593270   0.65411412 
18.43058950   12.45127151 
7.74787486   12.41615181 
26.19395142   18.53496701 
26.27590930   17.74398123 
26.92750741   18.35045476 
27.05604434   17.37699177 
6.42736432   8.26718215 
6.24967572   8.25973461 
6.39430985   8.12711572 
26.89438087   1.66793613 
27.04916996   2.60350276 
26.27439231   2.23159660 
14.96258153   17.73149699 
14.66522502   18.58498561 
5.61123774   12.42439258 
5.79819300   12.42332353 
5.74246117   12.57639792 
5.00103974   9.68771323 
5.04048493   9.69926731 
5.00756897   9.73438117 
5.03306586   9.64685414 
5.67407324   12.26889443 
14.40255377   17.07519684 
4.88689509   7.92233163 
5.06326163   7.90008507 
4.99025696   8.03336260 
29.10837294   14.95508416 
5.14274437   8.03198347 
29.16072033   4.98049966 
27.76289171   15.65942394 
28.53912801   15.54498087 
27.39719607   16.51612586 
28.51655066   4.39479888 
27.78859065   4.28249278 
27.38546438   3.43109959 
5.23565706   12.43874158 
5.03691883   12.37760498 
5.17585719   12.28450350 
17.00679301   9.78949879 
17.31805380   9.02128475 
17.92784136   9.69050828 
1.47937375   9.47121047 
16.54090797   8.98418389 
5.08159118   9.88772127 
5.01769735   9.88006459 
5.04606698   9.83514867 
4.99223796   9.82396366 
1.87013012   12.29896130 
1.63532635   12.78190600 
15.27586273   19.01066943 
14.59031968   19.30701281 
8.10251483   8.47904419 
8.24196693   8.70353763 
7.97893546   8.69567114 
1.52122823   7.24063519 
1.83374097   7.70593415 
16.47564186   10.58560690 
16.31032214   9.77991610 
16.65471325   18.16141911 
16.71176531   19.02772988 
15.98708694   18.54120580 
8.44043691   8.54097360 
5.06900816   12.18860016 
3.97634641   14.61267929 
4.31606314   14.78241452 
3.81050233   14.98798912 
4.88192851   11.39095422 
4.92627446   11.41722085 
4.88040415   11.44329953 
5.01908520   9.78125423 
4.97257199   9.76625641 
2.12610010   8.05368698 
5.05514606   9.74518144 
20.96758490   0.87513077 
5.62011312   5.50839595 
5.95505888   5.70015851 
5.58349993   5.79170853 
5.80764228   5.99370078 
2.09953826   11.93344830 
2.37104391   12.32487360 
2.53428461   11.94968726 
2.33928626   7.59913013 
2.53299973   8.01370596 
25.50855773   18.29218981 
24.71311683   19.08415668 
5.85706720   10.24441284 
5.91624383   10.31091269 
5.80990159   10.31793668 
6.21986974   8.12500111 
24.98211223   0.86602722 
5.47496853   5.16966190 
5.85646352   5.30815219 
25.47686661   17.27256308 
26.50982498   16.84468391 
25.58433438   2.66661941 
25.82935994   1.57692870 
26.52488623   3.08942563 
5.85023611   10.39240560 
0.61288878   12.53844801 
6.21590189   5.48526061 
4.89537375   9.21358503 
4.90684467   9.27309381 
4.84402812   9.25881363 
5.46620736   10.37205206 
5.40819017   10.35833861 
5.46629804   10.31820975 
4.73369342   10.11528453 
4.75806686   10.04714074 
4.80861045   10.11878776 
4.83299116   10.06030043 
5.42754914   10.41682826 
4.64327178   10.16949602 
4.55856623   10.15409119 
4.61626244   10.10670224 
6.05866795   10.24384336 
5.99422909   10.16616626 
6.10583268   10.15353743 
17.32555495   13.52653279 
16.67780914   12.78679856 
3.98408924   16.24705835 
3.68128311   16.59430264 
3.58599906   16.07676992 
0.66085501   7.29896252 
28.31080995   14.88185449 
29.04644493   13.95045242 
28.33922587   5.08764409 
29.08402710   5.84667799 
27.40396582   15.02393303 
26.91745412   15.93804049 
27.34122788   5.06656047 
26.88102350   3.99719578 
6.02432636   10.07739738 
5.59977980   10.36148977 
5.57486323   10.29036767 
5.64075461   10.30244455 
3.18373284   16.30722360 
5.53303916   10.34935373 
10.74658710   19.04597868 
10.20244978   19.52775596 
10.23379026   18.69656562 
3.52632289   7.37142379 
3.46646635   7.70188543 
3.27702120   7.49942703 
3.77198356   7.62377971 
3.01778739   7.48349626 
3.19590666   7.20993849 
2.76494661   7.24251280 
6.80585199   9.44758522 
6.95337175   9.42088629 
6.90689938   9.54103720 
5.51585255   10.28629815 
5.54237994   10.22056019 
24.66633400   17.99613120 
5.46817519   10.24740630 
4.87975973   10.11979116 
4.90750836   10.05108434 
4.93703762   10.11120201 
24.81495048   1.86503456 
24.16678148   1.10008596 
4.97694538   10.06531634 
5.05984202   14.97530414 
4.67193145   15.18786134 
4.74962079   14.71863921 
24.93751506   16.50252394 
25.93547944   16.22040104 
23.86290229   18.51091107 
7.08267131   9.54508097 
25.97493287   3.60653963 
25.06470733   3.27648618 
28.00405629   14.15725253 
4.72211367   11.63237305 
4.60520353   11.59607667 
4.70019207   11.51551119 
5.44846674   14.74168319 
5.37532911   15.16748507 
28.14423860   5.95483476 
28.91980186   6.90553299 
27.02114930   14.26993713 
26.40743352   15.23708957 
28.47237722   13.30487525 
5.70099582   15.09827291 
26.36464724   5.39096003 
26.27103898   4.50705657 
4.18641810   15.27948068 
4.53071820   15.64438031 
6.78281506   8.43371605 
6.73265522   8.60584926 
6.62098544   8.44584978 
4.95336446   16.01987833 
4.39870226   16.12304755 
4.74431907   16.50450072 
4.94685123   8.80497238 
5.00903879   8.82370835 
4.90050143   8.84575898 
5.05205899   8.76947297 
5.07092786   8.82775838 
5.19791799   9.23310658 
5.15696176   9.27276851 
5.15363094   9.21984027 
23.86686187   2.05731646 
15.52595510   13.81754321 
15.85720449   12.89458846 
16.35729179   13.64492095 
14.98923730   13.16734944 
16.76747181   14.46488007 
5.10953885   9.25574373 
24.16432286   15.93997643 
25.24000844   15.47357565 
4.80322940   5.26915562 
4.68359405   4.85891749 
5.08468878   4.96921585 
4.40374646   5.21710572 
25.52360680   4.10245419 
24.75739319   4.23405859 
23.42600434   1.28571335 
27.57641423   13.41886271 
27.87666114   6.79791367 
14.37790228   9.14454965 
13.70754672   9.14879339 
13.93808320   8.59177274 
29.03231077   7.95861905 
25.93445209   14.40461610 
27.13384524   8.92320666 
4.50070463   4.40988098 
4.25424790   4.79445236 
4.16489789   3.94929614 
25.54079558   4.87862932 
13.86162773   9.71167055 
4.16401827   14.05711218 
4.42765992   14.11659431 
4.23217054   14.35937837 
4.32631750   13.87564160 
4.92738086   8.74867856 
4.98602492   8.76110423 
4.23923414   9.45810109 
4.33713343   9.52097040 
4.23849882   9.56882530 
3.51153730   5.95618684 
3.15421078   5.73106902 
3.58338788   5.57818244 
3.42405154   10.72181771 
3.29092154   11.02084939 
11.67990300   3.46362333 
12.00082297   2.91126581 
12.34224041   3.51068663 
3.32213971   10.24452535 
3.19982953   10.05956985 
3.46988088   9.98669280 
2.62504045   9.45394561 
2.94828180   9.62783851 
2.67358511   9.77075780 
3.00550915   9.25911237 
2.92212633   9.99498652 
3.19523795   9.81632446 
5.01297228   8.71159033 
5.06984167   8.70596168 
11.36321867   6.77983292 
11.02429245   7.09000165 
10.96725677   6.62628565 
11.41465476   7.25762074 
19.77610852   4.47994296 
20.58840506   5.04082819 
19.55178190   5.22607098 
20.42235337   3.85304431 
9.73283682   2.33950595 
10.39661950   2.40530981 
10.19333754   2.84990542 
10.11438011   1.89029217 
10.26832933   3.46904157 
9.73121647   3.03792879 
9.60871036   3.73001434 
3.62519582   9.26599384 
3.38605997   9.22131264 
5.11802871   13.74612535 
4.86963510   14.03597865 
5.45747144   13.75163944 
10.55694435   6.54593980 
10.46150925   6.13998180 
18.06199788   7.64340572 
18.14746917   6.73068902 
18.92624692   7.14772116 
3.15955154   5.29768911 
18.97127710   8.31537559 
18.03745169   8.67315799 
6.54578897   14.29213190 
6.36484300   14.57205990 
6.11788363   14.66535980 
5.33353868   10.07314003 
5.38565113   10.03673365 
5.38926275   10.09830857 
4.95399420   11.14574236 
4.99680701   11.13243746 
4.98217128   11.18470164 
5.03010696   11.17348821 
14.51762734   16.16196957 
14.41666061   15.12649836 
15.28795765   15.63356504 
6.95332199   4.09703826 
7.07287825   3.62139158 
7.17241312   4.52278525 
16.11254104   12.00025376 
15.39125437   12.00711781 
14.60795527   11.98496063 
15.01719450   11.17405874 
14.11484145   11.22566525 
5.24527887   10.16585573 
5.22194482   10.20642781 
5.19589898   10.15542112 
5.17312943   10.19608026 
4.85265703   10.18733262 
13.75877277   16.48721089 
13.57820527   15.71976426 
12.60885594   15.63174408 
5.26507004   10.12197452 
5.29659498   10.17314495 
5.32210036   10.11736025 
17.28270202   3.00077438 
17.98099044   2.57983698 
18.06399497   3.25916389 
17.45357367   1.93411382 
18.07411051   0.96939857 
18.98047332   0.89529474 
18.80120705   14.98784072 
19.52386792   14.71812066 
19.20565910   15.72329429 
20.07388093   15.14162670 
18.20635962   15.63182723 
18.17990786   14.65671285 
17.44752614   15.05581886 
18.81978911   16.66874340 
10.77189964   16.31449541 
10.12678074   15.95572388 
10.62951629   15.56492529 
4.56798242   8.82727048 
4.64500504   8.80837178 
4.63463864   8.88278584 
4.96088037   8.70714489 
4.98353012   8.67148977 
5.02532763   8.65511134 
18.15130830   13.13475086 
5.03181619   10.03661916 
5.00551651   9.98117724 
5.05952189   9.98898352 
6.90707195   8.52911472 
4.92225490   10.92783302 
4.91341571   10.87309906 
4.97694115   10.89495808 
4.94668976   10.83089645 
25.97782793   9.82218475 
25.48354426   9.02731776 
26.34767829   9.02545756 
8.75396325   0.70224924 
5.54465374   1.46384025 
5.18396830   1.07968718 
5.06106160   0.55555905 
5.80836671   0.75081146 
5.26864074   18.80837045 
5.78972016   19.32125977 
5.13103200   19.40566219 
6.82475430   14.02011330 
6.85556103   14.39721331 
6.66184937   14.70863983 
25.90154022   8.30627373 
5.07765279   11.21858017 
5.01988820   11.23464467 
5.17212773   10.88297052 
5.21486725   10.90969897 
5.18262970   10.93205316 
5.23199925   10.97035920 
4.63878054   8.95909862 
4.64448250   9.03355605 
4.57876332   9.00874220 
4.60937597   9.09558518 
18.17572905   13.83759022 
4.14955991   6.04047250 
4.57878834   6.16030324 
4.31020204   6.41574732 
10.85503743   15.01381442 
11.29463568   15.34171661 
5.78982087   13.83428885 
3.64073613   11.96279942 
3.74942967   11.76649293 
3.88231780   11.92565031 
7.55418268   5.46574423 
7.45536687   5.80780112 
7.17441744   5.53415593 
3.97107510   6.38573441 
3.56222526   6.36025123 
3.81731793   6.10559901 
3.53236021   11.73255723 
16.65606486   1.58806126 
16.31833962   0.84137559 
17.18667285   0.88753368 
8.54051282   14.45646227 
8.15352214   14.61603539 
8.21881967   14.24395423 
10.12727733   4.52485838 
9.71958636   4.22664482 
10.13035050   4.06037940 
4.58545239   14.33087368 
7.91139870   14.38306590 
5.09039437   8.97010284 
5.10022704   8.91113530 
5.04504763   8.87817654 
9.62648210   4.64388739 
16.65157935   17.39153162 
16.66921529   16.42667644 
17.29783648   17.14589893 
6.37606795   7.22249034 
6.21945956   7.32425118 
6.17905714   7.10816040 
4.94990158   9.87188258 
6.04331660   7.30798389 
12.88126423   6.77983726 
13.20871904   7.27598401 
12.68801678   7.33369132 
6.97697078   16.23230324 
6.94651603   15.88482755 
7.31038396   16.02453429 
7.20090748   15.50099963 
7.32687020   16.62575735 
6.71489796   16.55329896 
6.83909119   16.96402577 
5.99487962   6.52650464 
5.70715676   6.33289402 
6.01947727   6.21490585 
13.06565576   7.76413021 
17.72948303   16.53013664 
4.75097383   10.75650018 
4.76170135   10.81938672 
4.70757293   10.80344988 
7.59816433   10.86996823 
7.77039644   11.04396199 
7.53142311   11.06237230 
7.83948218   10.82691121 
23.54667693   5.32090203 
24.07481404   5.95541926 
23.23163803   6.19469000 
24.07379745   6.69937197 
3.19861195   12.80437592 
3.04712397   12.54931301 
3.37650508   12.53006913 
2.73468572   12.72143782 
23.33347729   10.71137658 
22.58933949   10.94977754 
22.94533891   9.90384891 
22.05834896   10.14937157 
4.20549829   8.80791147 
4.32441973   8.77653923 
4.29531031   8.86176525 
4.23816924   8.68368657 
5.01574840   10.66963730 
5.06545319   10.70438297 
5.01012997   10.72716942 
5.06445944   10.64890823 
4.42983972   8.74575966 
4.36358546   8.66355056 
4.40322406   8.84735896 
5.03670923   11.12397419 
5.01738428   11.07484851 
4.96047612   11.09186982 
3.48488034   12.23480214 
3.68764367   12.50376742 
3.15459632   12.21547772 
4.53653319   8.72329373 
4.49679915   8.80915756 
4.45893668   8.65872634 
3.53165681   3.63978667 
4.05187292   3.41778603 
4.13728530   2.38340603 
3.58165139   4.32551133 
7.10929175   14.68340195 
7.52954261   14.48429350 
7.56235824   14.88733642 
4.67221161   8.61198333 
4.74028190   8.61911861 
4.70109205   8.66313111 
4.71093685   8.55992382 
4.97805127   9.15597357 
4.95326727   9.12382460 
5.00184205   9.10565945 
4.95585806   9.07973044 
10.42806321   7.65885242 
10.37749520   8.12218869 
10.09029663   7.84773527 
11.89899046   15.77378104 
11.50351562   16.40700095 
11.17977355   16.83964424 
10.62900333   16.89930063 
23.34141761   11.52159776 
9.84395822   8.27446811 
5.12468046   11.07435657 
5.09715306   11.04184901 
5.14307851   11.02765024 
5.10104887   10.98891262 
5.14723952   9.17772910 
5.11071254   9.15830443 
5.15892512   9.13636589 
5.11288551   9.10680472 
2.00588158   7.17176996 
2.39121694   7.09031639 
12.97097850   19.23725347 
10.27165146   5.77666155 
10.56117266   5.38480030 
23.61416116   9.23675968 
23.85270989   10.05259047 
4.65220245   10.68998165 
4.69143097   10.63314744 
4.71927475   10.69182404 
5.34085126   10.33210665 
5.34055663   10.41607031 
20.61452852   17.09538763 
19.75365623   17.38796443 
19.91212768   16.51101840 
4.63164428   10.63306995 
11.76121858   6.00619916 
11.63145228   5.51826818 
11.42577245   4.98602271 
12.06979715   5.19231132 
11.87908475   4.52122212 
4.07845674   8.70796878 
4.08440096   8.87360301 
5.32572435   5.85164240 
5.19785264   6.09811417 
5.06952265   5.86875490 
5.48544310   6.10845483 
18.81028966   9.29425558 
19.81705198   9.22165612 
4.92023045   9.15641261 
4.95521787   9.21006175 
4.76442154   5.89781875 
4.91209006   5.62085435 
4.56712097   5.56550756 
22.86517379   8.88769164 
22.20189215   9.35011918 
4.11608572   12.27913039 
3.93861909   12.37004155 
3.98919576   12.13326729 
3.76452700   12.18961937 
4.85377295   9.80412546 
4.82717235   9.75059407 
4.87182965   9.76498740 
18.87399593   17.88796877 
19.08240415   19.02955865 
18.14752814   18.50930053 
4.85897483   9.71648916 
4.79573442   13.72952861 
4.59045979   13.96093406 
4.53795943   13.67698749 
4.17023706   13.71987860 
4.42099316   13.41853084 
4.07821076   13.39452740 
5.07811244   8.64586395 
5.04728837   8.61859784 
5.08605273   8.60173799 
5.05027683   8.57226361 
3.79541636   8.49828067 
3.64283084   8.33892122 
3.85179268   8.28696689 
3.63138420   8.14370350 
4.00877461   8.49542797 
4.42912979   10.80004270 
4.33974034   10.72752797 
4.44378180   10.68568936 
4.29837404   10.83319974 
7.45016506   8.09388241 
7.55547454   7.84442156 
7.66811312   8.07517607 
7.82014913   7.92190917 
4.12672351   9.91816296 
4.01883618   10.00331390 
4.00317177   9.85345739 
4.80198128   10.59985473 
4.81538945   10.66205411 
4.76129861   10.64602373 
3.94347668   9.69115311 
4.09872864   9.76899203 
5.19801863   11.01392257 
5.16441847   10.97573356 
4.79816744   10.71000082 
4.86645042   10.68049171 
4.86606409   10.75254983 
5.18224057   11.06338918 
21.54887065   12.78756071 
21.37049798   11.98995108 
21.99834237   12.27697099 
20.72800290   12.58422674 
27.68166987   11.02626034 
27.10341038   10.49332303 
27.70056429   10.08182934 
26.89111327   11.15122917 
10.33809873   7.18392210 
10.73922375   7.41091548 
10.07715424   7.44708311 
18.05458201   17.46738862 
11.17831234   7.57306489 
4.84977780   10.61769535 
4.93234152   11.18679270 
4.78921460   9.72382925 
4.42945192   9.13861269 
4.52976406   9.16970665 
4.44840873   9.24453527 
4.73292943   9.76965629 
4.67576413   9.74597716 
4.72221578   9.70557898 
4.50350418   9.07284452 
4.77059824   9.65558451 
9.93167391   4.93455759 
10.33298185   4.94241364 
10.80086976   4.91305885 
11.06025236   5.40859669 
11.80568430   6.52585467 
11.80818121   7.08578285 
13.12416651   6.14897851 
13.27264262   5.35285331 
13.94837798   5.81741921 
12.39934305   6.23395336 
3.64177370   9.76478966 
3.43359566   9.70923230 
13.97210377   1.39849184 
14.63619411   2.12358708 
13.56199674   2.28188724 
14.30708485   3.08861182 
12.16020319   5.73397921 
4.15876462   10.05072339 
4.24743901   9.96064664 
14.02708405   11.82152561 
13.48304176   12.22131580 
13.41458339   11.61069113 
14.03641766   12.45749162 
4.32032405   9.11801634 
4.18843386   9.07923228 
4.30337564   9.02781134 
4.21223274   8.94390595 
4.41176900   9.05063748 
14.58313713   12.66505177 
14.20795035   13.23851002 
20.84354783   2.90428092 
21.34494083   2.05651712 
21.86777945   3.16595857 
13.95039356   10.42829086 
14.51940536   9.92044383 
14.53305203   10.64450088 
15.18114501   10.21923301 
8.71766735   14.80847086 
8.39711936   14.83784711 
8.55282045   15.20177806 
8.41643648   13.96894141 
8.88360796   14.10592805 
6.88267035   12.97422244 
6.71526643   13.01972336 
7.07306564   13.12308835 
5.12973528   10.19490384 
5.15631961   10.23711604 
5.10483371   10.23832430 
14.88024081   1.12382894 
5.14268949   10.27272093 
3.93703073   10.48920368 
3.89436155   10.35221439 
4.01515528   10.38059466 
4.07447501   10.28268702 
4.12103861   10.39737315 
4.94578306   9.61124057 
4.99437480   9.60476301 
4.97928895   9.65283706 
4.21119435   10.32842165 
14.67541903   13.84458960 
13.99206771   13.97962921 
13.16717651   9.52912914 
12.58476504   9.71587069 
12.68614446   9.05480404 
12.07243902   9.40604377 
3.92650319   11.66902754 
4.13777512   11.57001468 
4.06918017   11.78981966 
4.83787589   9.84553158 
4.88494485   9.85769926 
4.90403651   9.80917785 
4.48186870   8.88877668 
4.24965067   11.73578222 
4.87927353   13.19847583 
5.13397431   13.24883592 
4.99610025   13.48101201 
5.01772708   11.38763950 
4.97259840   11.40266272 
5.04806992   11.42010157 
5.07625390   9.14016325 
5.06132625   9.18584157 
5.10764495   9.20292202 
5.15288721   10.31730547 
5.18995910   10.28366502 
5.21838584   8.93352196 
5.20390783   8.87880871 
5.25858615   8.89653328 
5.25506274   8.84540311 
5.11185379   10.29752616 
5.12398446   10.34108144 
10.74886834   2.98795027 
11.02784577   3.44888921 
4.03801351   9.01389281 
3.91589833   9.17755379 
11.12074043   4.47923444 
4.69757171   10.30096139 
4.68400826   10.23827567 
4.74867878   10.27116244 
24.94159732   8.10718722 
24.17424780   7.48552079 
24.82663482   7.17503646 
20.07124690   5.99345927 
20.77128721   6.92300580 
19.75534251   6.83048754 
19.89025277   7.60432670 
1.03767703   19.44265795 
3.91732254   13.97406274 
4.55211603   9.97520381 
4.46481287   9.97928575 
4.53604058   9.89089717 
5.05837454   10.38527443 
5.01184389   10.39151298 
5.02582948   10.34625344 
4.43013500   9.89237159 
4.58740047   10.05706241 
5.07619335   9.36270537 
5.10407093   9.31689794 
5.31485521   11.87095728 
5.41135674   11.86095759 
5.34570684   11.93901897 
5.43783655   11.96541817 
5.14751172   8.87604169 
5.18533936   8.82913251 
5.16441200   8.92209160 
4.58101105   10.68014848 
4.60376522   10.75575676 
4.67837460   10.75423067 
3.76596323   13.67415417 
3.83866000   9.81021501 
3.90553351   9.96155332 
4.21966709   7.41221848 
4.01635437   7.49062944 
4.09847395   7.23532193 
3.85220738   7.31305312 
21.64996741   13.55506191 
21.03128617   13.24041189 
4.00193715   10.66031765 
4.14911037   10.66729350 
4.08273266   10.79650567 
4.40879904   10.28117369 
4.30514554   10.24328047 
4.39143198   10.17568955 
4.27167359   10.10602861 
4.21513808   10.76298223 
5.66095309   6.80125228 
5.75888005   6.57107500 
5.89010534   6.79105661 
6.86185835   6.35837209 
6.59206659   6.49067949 
6.64733835   6.19529696 
6.81692414   6.61354125 
5.25224436   8.75137059 
5.20242929   8.71298477 
5.27661128   8.68999614 
4.59542867   9.25478935 
4.51993462   9.26953170 
5.23055749   8.65724820 
5.08710870   9.53513622 
5.10561698   9.56698319 
5.07200011   9.56935733 
5.08641844   9.60950340 
4.40032977   9.81049762 
4.33581081   9.87323565 
4.31890676   9.76367830 
12.43972301   7.92575157 
12.95518098   8.22860215 
12.53989279   8.52914033 
19.86386656   3.00585802 
19.87169499   1.02884231 
12.13794328   8.85034368 
5.26778294   9.75490987 
5.32314624   9.73858911 
5.31731819   9.78958872 
5.28335426   9.68056127 
11.31379787   8.03356550 
11.73279092   7.69494391 
15.00143547   9.46872358 
5.28944226   8.79322425 
5.23271174   8.79992128 
5.19551810   8.77408558 
5.36061121   8.79771392 
5.31567137   8.83761626 
5.37067186   8.86918473 
3.89784387   8.67107942 
3.79580005   8.82520604 
3.67231353   8.66893307 
4.99470289   10.17772365 
4.99001859   10.12500129 
5.04078273   10.14503900 
5.03178944   10.09451128 
5.03533582   10.19296435 
5.08355617   10.18109936 
4.84120363   11.29768072 
4.90380899   11.30981993 
4.87798410   11.34450353 
4.88403873   11.25752118 
4.48639599   8.98162283 
4.37059663   8.94312550 
4.21291021   11.89189811 
4.03665265   11.96852599 
4.21499281   12.09625911 
5.20010385   9.83365012 
5.15446828   9.80416181 
5.20945605   9.78736795 
5.16365207   9.74871664 
5.23259117   9.62873992 
5.19102974   9.59744772 
5.24112485   9.56952346 
5.20505799   9.28052569 
5.24684597   9.86353510 
5.20153165   9.87940635 
5.23777983   9.92229739 
7.21017608   11.63946133 
7.37405536   11.87251089 
7.11776383   11.82385350 
7.49808387   11.60526700 
9.72035765   11.65533905 
10.09786358   11.89170697 
9.78644597   12.00092925 
10.32648021   11.59192106 
10.00883805   11.36258305 
3.74281484   9.99858027 
4.53059761   9.66826073 
4.59819618   9.72403900 
4.52297067   9.74574650 
2.39861888   10.26255832 
1.93676654   10.14908048 
2.26649275   9.76746493 
4.56361487   9.80103425 
5.29729038   9.90460298 
5.30685031   9.84676408 
5.36848815   9.83034245 
5.38292613   9.75698853 
4.89304298   10.50255869 
4.85235803   10.47375123 
4.90567061   10.46650381 
4.85378587   10.52722297 
7.09106556   6.25915146 
7.07530259   6.47283879 
6.92269698   6.08344497 
7.28696589   6.59821350 
7.03177761   6.68660756 
7.17530852   6.89916850 
11.93720478   10.59341303 
12.21751257   10.08227042 
12.52383166   10.71569584 
11.73653238   10.17992421 
4.64908003   9.31157726 
4.66743728   9.24662310 
4.70895219   9.31011344 
4.76270389   9.30198615 
7.75519465   6.96308221 
7.43005732   7.03426515 
7.51426966   6.77186205 
7.67615966   7.19684338 
7.55551677   6.51855327 
7.36322399   6.32114686 
4.68776929   10.37239879 
4.62737468   10.30857235 
3.95205630   8.84812169 
4.43204621   9.53545750 
4.42292012   9.43309467 
4.02062831   10.95961382 
3.90938482   10.80710178 
4.65031175   9.68972234 
4.71285466   9.65108831 
4.66645069   9.61076249 
4.74506058   9.59353035 
4.70092460   9.53936017 
4.59718256   9.64106600 
5.54893127   6.99671433 
5.45520521   6.81578279 
5.51132113   6.58414590 
4.97444605   10.58392578 
4.95405082   10.62185722 
4.93484171   10.58158254 
4.99274398   10.62463080 
4.47933311   9.60868924 
4.55232490   9.58111283 
4.40081611   9.60413876 
3.91365034   11.11865642 
12.24076318   11.76852246 
11.78320196   12.07796311 
11.77071543   11.47393736 
11.26699384   11.79822978 
12.30944962   12.37492726 
11.80125317   12.66656135 
5.21526975   9.12186547 
5.16927213   9.08469026 
5.20248258   9.17677168 
10.23239071   6.65133037 
9.91493480   7.02551354 
10.63682569   6.90983766 
4.28803770   8.09425568 
4.42993296   8.03501149 
4.43313014   8.18631790 
4.30271316   7.97052300 
4.27393804   10.93385750 
4.38389466   10.90888776 
4.32089327   11.01210886 
5.15641245   11.35704018 
5.18645011   11.31358662 
5.16781713   11.26386779 
5.17232276   11.40554795 
5.12558486   11.38942585 
5.13070414   11.43228089 
6.44152737   13.45862374 
6.64736172   13.72113348 
5.89331787   11.96364187 
5.80226033   12.02781282 
5.79998539   11.92895845 
5.87994225   12.12103734 
5.73598623   11.85102691 
5.86241539   11.83032841 
5.79597771   11.72104050 
5.99757891   11.84617685 
4.44082917   7.86337684 
4.38359843   7.69460985 
5.25682297   9.00861905 
5.21256890   9.01292971 
5.22935254   8.97279087 
5.17831280   8.98043311 
5.30787738   8.99939700 
5.29091687   9.05147650 
5.36098355   9.03487340 
5.42898535   9.87821636 
5.44492511   9.80535372 
5.36187635   9.89397470 
5.46396136   9.72923578 
5.51874525   9.79924819 
5.56485123   9.72455587 
4.26316694   11.44149194 
4.34579976   11.58538908 
5.19757063   10.23700188 
5.24671713   10.26228318 
5.27307392   10.22192469 
5.24220224   10.32294131 
4.58043658   7.97577736 
4.73857266   10.58054038 
4.67910520   10.57350374 
4.66011554   10.51418598 
5.18782883   9.55169072 
4.37912019   11.09571337 
4.27037904   11.11307877 
4.18691544   11.02913950 
4.47917008   11.07619156 
4.42782097   11.19048769 
4.54402880   11.16449513 
6.03539367   6.96895124 
6.10387113   6.77073052 
5.91707495   12.28775349 
5.98634901   12.17038208 
6.07728389   12.29694760 
5.31558359   10.01229586 
5.28539668   10.07133024 
5.22902874   10.07818707 
23.06250644   2.09627518 
5.22101446   10.12189092 
12.92178142   12.68199193 
13.50270157   12.90801735 
5.08689215   10.02846454 
5.10585472   9.98221541 
5.12618954   10.01773615 
5.22016177   9.72435470 
5.25471537   9.80993824 
5.17449931   9.69914239 
5.22222598   9.67543008 
5.17645531   9.63971076 
6.60747732   12.40575833 
6.47035404   12.28585686 
6.64063904   12.19911439 
6.45593173   12.12127790 
6.80393904   12.56024308 
6.55874318   12.62457726 
23.98319406   3.56175403 
6.75190901   12.77647877 
7.28475011   11.42627773 
7.04779181   11.43330858 
6.99487125   11.64461957 
4.60402672   10.48356382 
4.67451706   10.44256902 
5.48931853   11.46633991 
5.42017590   11.40988152 
5.47046597   11.37428054 
6.59618916   11.97874243 
6.78931951   12.07003707 
4.44960738   6.71020681 
4.59710924   6.48465399 
4.03537106   10.11089320 
4.11921097   10.16760431 
4.19633989   10.22560441 
6.42089896   11.93004419 
6.28866781   12.07494189 
6.25559441   11.95896130 
4.82065353   6.42180594 
5.08654365   6.34234975 
4.99267804   6.62741612 
5.24640598   6.52286800 
5.17123455   8.59199598 
5.12475603   8.58832508 
5.15408708   8.54822445 
5.10140640   8.55315172 
8.15141781   0.91823410 
8.65213523   1.45477466 
8.05494754   1.61892798 
1.05644992   12.68228069 
0.75027949   13.11021262 
1.24387041   13.12766343 
1.79372595   17.23726104 
1.69615648   9.83759946 
5.23127674   8.60210742 
5.17319738   8.65246468 
1.70359781   16.62838849 
2.20862434   16.85957577 
2.10771244   10.59024617 
1.90301216   11.04083288 
1.77337907   9.20425716 
1.88674318   9.49898711 
2.21831388   9.21440356 
4.80772096   10.78056218 
4.85226538   10.79764061 
4.81715367   10.84729492 
4.86738615   10.84788524 
4.17962110   10.88588308 
4.35986808   9.98062588 
4.21843092   9.82867854 
0.68839503   2.02820310 
1.25397820   2.53946320 
0.59736623   2.65802211 
4.40933719   10.07218702 
4.50106965   10.05713199 
0.68257729   17.93570858 
4.48302295   1.05195209 
4.42979002   0.45090354 
0.85032712   18.71778718 
5.05564897   6.84266123 
5.26388087   6.72744055 
5.54648724   2.52582606 
5.40331966   3.02890464 
5.34137740   17.03668586 
5.52636627   17.58121498 
4.97077357   17.48263275 
6.26336744   1.38525979 
1.60219770   5.92835859 
1.11859401   5.63430091 
6.49509976   0.77133393 
5.84938963   1.98980731 
28.93962346   18.33693344 
28.58399123   19.15626978 
1.09926315   14.39624220 
1.63703143   14.12635833 
1.18365592   15.16974889 
28.92406662   1.68851722 
2.20463529   6.64501288 
1.74518178   6.74959101 
1.97760340   6.30514761 
28.58153807   0.85124754 
3.19577338   8.75827267 
2.95498351   8.90652168 
2.70164832   8.75583626 
2.63806000   9.08409647 
9.70143396   18.33879075 
9.10946811   18.64334879 
9.16849706   1.25980002 
9.71594477   1.62055398 
9.17529281   1.92187438 
6.60011582   3.89774145 
6.33566092   4.30959089 
6.21912555   3.95911028 
5.87651696   4.22893322 
1.56973213   19.17473422 
6.24755544   3.49378751 
6.46276706   3.02208483 
6.67118165   3.39768795 
6.96253037   3.10171263 
2.82061635   18.11222507 
6.29501519   16.93665107 
6.26525469   16.48795827 
2.39358702   1.37804217 
2.85522617   2.08398202 
7.84284704   16.64943139 
7.75685830   17.18387078 
29.42373022   19.10601006 
8.30377243   17.04234255 
6.38929292   1.97745563 
24.47367919   2.73576125 
27.30448774   6.02467937 
22.89138691   0.64453920 
23.70271385   0.52642417 
29.42072855   0.89948460 
3.57414471   11.36859329 
24.61014295   17.23594593 
0.44635996   19.30879214 
29.27489268   13.10275612 
13.41980745   10.15183579 
23.84581318   19.30445576 
1.10205578   13.67448534 
0.56354993   14.11188618 
1.06889825   6.18554873 
0.63024116   15.59233199 
0.57945169   14.87836821 
0.49322487   0.72146610 
0.55004252   5.88571429 
5.17207380   16.53717092 
5.50238424   16.07845728 
23.37340706   15.82915585 
12.86112009   10.18507180 
2.88386429   11.94005796 
3.06116717   11.64852877 
5.91804691   3.00845858 
6.11845962   2.54091498 
5.70092338   3.46757260 
6.33384438   19.16429298 
6.98019625   19.23520089 
1.59090955   11.37706968 
2.64856307   16.54916092 
2.06571258   16.15650705 
2.67302967   15.84735235 
7.07258447   0.60362643 
23.15998198   18.93786933 
22.55988729   19.29805382 
15.93947580   6.16600102 
16.70332240   5.84582831 
16.63885500   6.73484815 
17.41933913   6.48852502 
4.91322967   6.94444054 
8.43645745   16.48678072 
8.14964189   16.05238081 
2.75196772   7.66648200 
1.28137834   15.99452110 
17.34892241   17.87313599 
15.79600415   17.68429583 
2.20361391   12.74350095 
2.48399774   2.74982718 
5.39670385   11.47786383 
5.48100735   11.08989001 
5.45420914   11.16130178 
5.40416344   11.10928769 
5.52324450   11.17124916 
25.03161422   6.31710468 
24.57905707   5.23908459 
2.05261157   13.20867733 
1.89622811   8.86617010 
4.91934410   10.67637297 
4.95580111   10.71534916 
4.91035190   10.71956430 
4.53570636   10.83640090 
4.57377042   10.91020218 
4.48088708   10.90650514 
4.96143899   10.66160229 
2.94077200   11.01341700 
3.57816189   1.88191849 
6.36007790   14.87231652 
3.01872622   1.46228692 
3.69740478   1.24330083 
10.70299298   1.87878337 
7.59225987   3.33721130 
8.27047402   3.41786720 
4.98319862   10.69334916 
4.51765582   10.73377271 
25.01914905   14.48151315 
24.19423371   14.02347882 
9.42828755   0.58068666 
9.76107433   1.04012278 
7.54208477   2.29828684 
8.01915912   2.70933090 
7.30584252   2.69147821 
6.08955868   17.53181294 
6.62220475   17.47775032 
3.60071966   18.29281873 
8.71423321   2.86622763 
8.81895315   3.38874543 
1.01504727   3.18690570 
7.06862871   17.80863145 
7.21206236   17.29984617 
1.60865393   13.43545993 
5.37245388   6.33147111 
23.82641762   17.58102061 
23.18328703   18.17310507 
6.43199927   18.10211356 
6.98537160   18.48776853 
6.53605812   18.71577124 
5.26074529   13.48270809 
1.65535008   8.57552130 
6.03195481   4.64717594 
6.42643392   4.76237094 
4.99341993   11.29034169 
5.03192676   11.33497655 
4.43111223   10.99197626 
3.80682571   0.58813768 
5.24991647   7.63724832 
5.15599145   7.76566945 
5.07504590   7.59460781 
4.98801344   7.75778591 
1.98102804   13.69366914 
5.82994899   14.73958642 
7.60291130   17.76240217 
8.16170556   17.69420445 
5.17671907   10.09666114 
5.13730725   10.14561087 
6.05747537   15.02858917 
12.02251509   2.24564981 
9.34642429   13.44788676 
9.60745810   13.69209608 
9.16296648   13.78691333 
12.75052608   2.83875658 
9.36396288   14.11771852 
9.32952565   13.14769128 
9.72993743   13.25148135 
9.22431657   2.61277756 
9.18850377   3.23661909 
23.44815423   2.79884929 
17.17383560   8.08657400 
9.58273658   12.78220295 
16.69008945   15.42611017 
15.92332043   15.02574239 
4.97508540   10.35133523 
10.14945700   13.52453889 
5.01466514   4.48564212 
12.20013360   7.37391640 
6.67025286   2.54042192 
7.04876810   2.16190564 
26.21185094   6.26798199 
5.40960892   13.23410258 
11.82742113   8.34849570 
4.77150135   9.52639166 
4.83132575   9.52490523 
4.80548386   9.56602290 
4.80421774   9.47679392 
4.61481832   8.75438299 
8.65341187   18.16581665 
8.57387431   18.83326965 
28.30137541   7.49497118 
4.82493716   9.61805204 
5.13843104   8.70689151 
1.16076868   6.80172705 
0.52891371   6.49426868 
12.31969349   12.99748089 
12.87937768   12.07001987 
7.96605990   7.22593340 
8.06204650   6.93169960 
3.37983253   11.98543043 
5.76260219   16.63321935 
5.82187726   17.13105606 
5.50316097   11.86720860 
5.45435815   11.75916401 
13.57065140   0.71885986 
12.75362034   0.74063052 
4.07722818   8.29931262 
3.97993114   8.16112186 
4.12539705   8.14643702 
6.70108690   4.40558366 
13.15015350   1.43246175 
4.24047003   11.31721384 
4.37507670   11.32509694 
23.80573621   4.41802816 
4.39534569   11.45062751 
5.25011960   11.47216304 
5.21844858   11.42316340 
5.27757663   11.41377389 
5.18722884   11.46941311 
5.42059605   9.94284810 
5.49042598   9.93687711 
5.52127866   9.58111296 
5.55556240   9.51723627 
5.62079818   9.55698356 
18.10619160   5.75225067 
19.03264961   6.10277637 
5.47001234   12.10081675 
5.55750394   11.97657751 
5.60299880   12.12226112 
5.48914119   12.27325566 
5.33683281   12.19351650 
11.33529254   10.58201310 
11.67777138   11.00414661 
11.22382752   11.22000907 
7.40507723   18.21436514 
7.49027003   18.85052892 
3.22669492   10.49597646 
10.70810076   10.91542171 
5.26362397   15.76077839 
5.53686435   15.54057540 
5.05623822   15.46937037 
5.61753968   11.87037422 
5.65451816   11.76758858 
8.15765310   15.52706692 
8.03791249   15.01450853 
3.66144242   7.89841125 
11.43860029   9.43638182 
11.80669504   9.77987361 
11.35384214   9.97401736 
11.80412967   18.60944312 
11.72342020   17.16515358 
1.14743090   7.27416039 
10.34358747   1.27172857 
9.83967935   5.91199550 
10.05265663   6.27937937 
9.40628681   5.93211006 
9.62814705   5.61057099 
3.02550220   13.69699450 
3.02212055   13.19107712 
2.93827894   11.34009658 
2.65298952   11.15027979 
6.92148721   1.60993597 
7.40611075   1.80331925 
9.24733844   5.50501233 
4.23650000   6.97132467 
3.93981989   6.99996731 
7.55906355   1.21470355 
4.32629498   7.22473858 
4.68194087   12.69803761 
4.94361246   12.79549016 
4.77399012   12.95646661 
5.02417849   12.99370363 
11.83711952   14.28260103 
11.91514618   15.09339452 
11.29228739   14.70187016 
12.55898811   14.82865420 
5.32983932   10.22450775 
5.36273902   10.16626321 
15.58025830   0.75631052 
15.71847430   1.81634808 
4.98386380   11.35054032 
4.62559655   8.66971417 
4.53616438   8.61512968 
5.39991928   10.22340897 
6.38502107   8.49135370 
6.47166408   8.40491675 
6.49526750   8.53961963 
5.23166717   11.04386271 
5.28154864   11.02195940 
5.34522662   11.04815263 
4.00764403   11.25336893 
4.07511324   11.09628610 
4.16783509   11.20314838 
5.17779052   10.03414553 
8.63041453   2.19713612 
7.93054335   2.12540023 
5.26917627   11.54551372 
5.20753030   11.51681364 
5.35561929   11.55033088 
5.30751991   11.62243676 
5.38283805   11.61720761 
28.96515561   8.74034937 
4.82555794   10.39016378 
4.82655209   10.33757188 
4.87458507   10.35917839 
4.86460169   10.30882983 
3.52941073   8.49005491 
4.59716032   13.16612087 
4.29313500   13.14973801 
23.36330834   16.70445030 
18.87192240   14.15722162 
19.83060543   13.83537890 
4.50833618   11.38129840 
4.50727599   11.27317231 
1.23606538   3.95204146 
4.30978949   11.21234189 
4.03936328   13.13849826 
4.14215551   12.92028950 
1.10648158   9.92704444 
10.72629411   3.99033847 
11.36460945   3.97774272 
3.96102974   12.65449432 
4.28509941   12.64608799 
7.87646454   4.92190956 
4.11323262   12.45997048 
5.21544372   7.90037533 
5.32840633   7.79086734 
9.69784036   19.09014680 
10.53975233   4.48504719 
12.12042286   19.28989789 
4.46815769   8.34172805 
4.59953720   8.23294419 
4.56509984   8.10335541 
6.31671992   15.67968729 
5.95789034   15.37171820 
6.39433433   15.24696669 
4.42978140   8.55801060 
4.35392399   8.43695566 
4.46696808   8.45828455 
5.90158878   15.83794557 
18.92876221   13.24476389 
4.28718170   8.56474498 
11.35553986   19.25616437 
4.54328451   8.43489177 
18.94546249   4.55486555 
18.64933772   5.26510004 
4.60703531   8.37217263 
12.79022966   2.00036563 
12.30640877   1.54040972 
0.63942309   5.35509547 
3.56856317   9.49135907 
0.57577573   3.67270631 
4.27322457   8.27052964 
4.23012316   16.68911707 
4.80771561   16.92828150 
8.46621850   13.54585234 
8.18574406   13.33856738 
8.46275632   13.16750322 
8.09612120   13.63684736 
21.04913777   18.55478435 
21.80392539   19.21170951 
21.04050207   19.36639503 
8.71810732   12.96386713 
8.80639552   12.64006889 
7.18308751   7.20947496 
7.41338531   7.36477377 
6.91043548   7.36304129 
6.97002374   7.10360188 
6.73062026   7.18836490 
5.26095584   9.16463179 
5.27648061   9.10899079 
5.32853714   9.09186976 
9.10699325   19.33441972 
4.75209879   10.42134760 
4.61158034   10.39391991 
5.19423697   10.63466430 
5.15642453   10.61275745 
5.19474637   10.57281286 
5.13589648   10.57245569 
5.44965329   10.78273973 
5.52553233   10.75279667 
5.51217420   10.80616797 
28.82800715   12.52483170 
6.29398227   6.62424816 
6.55606074   6.76566716 
6.40190618   6.31175167 
5.43933135   7.19256409 
5.62736734   7.18607737 
5.78356064   7.03265220 
5.36286698   7.36912663 
5.19378149   7.44192281 
4.90235244   8.52922693 
4.91113005   8.57606186 
3.42091575   8.93988249 
4.50229040   6.97912744 
24.17940036   16.79417287 
4.11361980   6.69694328 
6.86232049   1.11697193 
4.73990265   7.07529622 
4.56043152   7.24629964 
4.76936169   7.34273830 
4.88044976   7.56506467 
4.99014379   7.40218054 
4.76677169   7.75003128 
4.67004422   7.53678492 
4.55325043   7.69308188 
6.59443093   8.59618502 
6.49603645   8.68459735 
6.97551088   11.95949942 
6.93413103   11.78784426 
7.02967591   12.19112472 
6.81773070   12.30341835 
4.59788046   9.44887516 
4.51972814   9.41859503 
4.58011278   9.35007387 
4.47801971   9.34060570 
4.66958638   9.47496950 
4.61635680   9.54206456 
1.45287292   6.36892285 
28.06249904   12.74162341 
27.29443423   12.67275591 
28.04272623   11.92189947 
22.82135986   17.51025843 
22.05165372   17.40919909 
22.24330101   18.34069027 
7.58556744   14.04763575 
7.31295899   13.75699627 
7.73210368   13.65616337 
7.48226832   13.40250398 
5.37469376   11.68917362 
5.45718919   11.66024505 
0.48641208   13.56147519 
5.34913805   11.77762915 
5.29523999   8.62327523 
5.29812915   8.55168648 
13.68966790   19.44734521 
5.21930187   8.53597391 
8.01313561   18.37349506 
5.35492073   8.65919997 
5.32427582   8.73589807 
9.68123548   7.37524109 
9.49496416   7.02076626 
9.15634636   7.07930887 
9.28041307   6.66629900 
8.93412527   6.91177170 
6.33741514   12.71465524 
6.50635757   12.92839838 
5.28905622   8.48010724 
5.35584918   8.50100027 
5.37994456   8.57941318 
4.69026041   9.13546236 
4.69261409   9.06756092 
5.25477387   8.41144255 
5.18006895   8.40354513 
4.74199560   9.45773741 
4.67233041   9.38802651 
5.29711923   11.69835912 
5.22879483   11.65808100 
6.38521291   8.61670899 
3.30213656   11.76874234 
3.10770997   11.94040551 
5.89438770   18.54923299 
4.65729373   10.92330088 
4.66466270   11.01179290 
4.66777250   11.10610091 
4.58139701   11.06286115 
5.24260104   11.74115822 
5.16153052   11.70903483 
6.20064744   16.06063596 
6.58618574   16.07309804 
5.08619958   11.76297779 
5.17615645   11.77649671 
5.14924514   11.84801759 
4.88078861   9.52270271 
4.85042198   9.47585536 
4.86070017   9.56931523 
19.36695593   3.77702865 
4.90267258   9.47472942 
7.74855306   0.51874915 
7.07564760   8.48120170 
7.29949329   8.55709626 
7.04936963   8.64148493 
5.59751751   8.06051264 
5.60400566   8.16286663 
5.50887987   8.11170060 
5.34592909   11.39613259 
5.28544048   11.34328719 
5.31828587   11.47613413 
6.55345292   11.77882286 
7.48817221   7.63373198 
7.76697009   7.49184011 
5.52577276   8.22881024 
7.17180833   8.13437935 
7.29077769   7.83711832 
4.72651613   11.28707740 
4.77794764   11.31025197 
4.74976957   11.36921992 
4.78133625   11.25302394 
9.10341327   6.25918460 
8.95337728   5.83115865 
8.93226222   16.25019680 
8.82146378   6.59516586 
5.14510586   9.48118546 
5.10732710   9.50361222 
5.09474384   9.46653452 
5.13912639   9.53482362 
8.63107662   7.95551876 
8.40072573   8.04998605 
8.41145964   7.77779299 
8.63610214   8.22068068 
3.69595324   10.78979631 
5.43866489   8.91692347 
5.42361837   8.98840706 
5.35419323   8.95079023 
6.64495683   11.49996801 
6.56470404   11.61601472 
6.49662354   11.51229223 
4.59756059   11.46010663 
4.48714333   11.51847420 
4.68147682   11.41259077 
4.75498472   11.44588873 
7.02277540   12.45072542 
7.25972232   12.34754127 
7.22336633   12.04402033 
7.04393458   12.75082131 
7.18774408   14.18875202 
5.58421946   9.62868966 
5.50232418   9.65727637 
6.44671143   11.63262815 
7.17349579   8.36322851 
5.45089439   11.56836396 
7.54656509   13.08857307 
7.30390057   13.20359079 
7.31152569   12.92941404 
7.80733559   12.91743314 
7.81614935   13.28739105 
8.10132637   13.00723836 
5.16700097   12.83051141 
5.12253467   12.60786826 
6.41291128   9.90426830 
6.35455899   9.78968738 
6.47911279   9.77436978 
5.39614274   10.85177269 
5.38783118   10.78205309 
5.11661002   8.42913036 
5.10565683   8.47905249 
18.48082901   3.83864545 
4.75928668   11.11910168 
4.71219957   11.19203815 
2.77278040   12.29968051 
5.47017903   10.85784896 
6.31555683   8.37444576 
6.25303630   8.52620453 
6.18728495   8.40926698 
5.47538482   11.24011124 
5.57303179   11.25355112 
5.51557537   11.31970153 
5.83988932   17.96209166 
5.14972286   10.48573089 
5.15781212   10.53337070 
5.11717588   10.52692254 
5.09527557   10.47070521 
3.19567747   9.01778164 
5.33654474   10.81203583 
5.34899633   10.73908210 
8.61126359   6.92387414 
8.34863022   6.64228785 
4.57671640   12.00790975 
4.69396650   11.86158935 
4.74487359   12.02379820 
4.54065284   11.83120228 
6.49829149   7.63798387 
6.52503018   7.41144508 
6.70719280   7.52245654 
6.33882978   7.47258909 
5.29031290   10.76039084 
5.62905454   10.68037591 
5.60215667   10.75375607 
5.56521993   10.71242405 
5.67516949   10.73461561 
12.62232510   14.18495062 
12.13746271   13.62332523 
18.02813911   4.78916290 
15.90599737   8.62551182 
15.68689387   9.39757582 
15.17293318   8.70774444 
11.59377277   13.14629436 
15.71526685   7.86231585 
4.47746102   11.63144523 
4.53910287   11.70739844 
4.41005559   11.74988777 
6.56244793   8.30683610 
4.92774529   10.38538018 
8.15117631   7.54807780 
5.32732656   10.88355510 
4.90561943   8.39307415 
4.96452197   8.40298767 
4.92463160   8.44969630 
7.51081627   12.14260161 
7.67654144   11.89556894 
8.75454062   5.38245258 
5.58431018   7.65085924 
5.74620660   7.52128265 
5.77106576   7.71409927 
5.85475021   11.61498375 
5.88030366   11.51286234 
6.00542046   11.59152497 
4.71391248   8.21587340 
4.70739860   8.32193585 
6.69120451   15.58652793 
5.93325960   11.71386022 
10.54584401   11.92699172 
4.70202633   8.08922611 
10.75061893   11.54878352 
5.07620083   10.81112887 
5.12284890   10.79296652 
5.12435597   10.85154808 
6.39679925   9.68140514 
5.17557573   10.81535351 
10.82052234   10.10828103 
6.35306961   13.17865620 
6.16103558   13.34655153 
5.11124875   8.75274633 
5.77879897   11.53966181 
5.78049925   11.46126507 
5.22306636   8.23837467 
5.13068474   8.17537679 
5.23176828   8.12740539 
4.95501421   9.70561163 
5.41624741   12.45367114 
6.06048128   7.62983481 
6.25685633   7.66328277 
6.11566447   7.78733079 
2.95904632   15.28481807 
3.30722539   15.76392138 
6.15152434   7.49014353 
5.39572528   11.19471970 
5.44990227   8.82039751 
5.41370369   8.72996269 
15.25893254   5.68379497 
15.90609901   5.32124168 
5.43544996   8.63399216 
9.03430043   8.34899035 
8.93834638   7.90224424 
9.37008846   8.02859051 
6.03043279   10.95712292 
5.93547069   11.00704771 
5.95976723   10.91945523 
6.02202641   11.03992273 
4.93386832   9.32817313 
4.87750110   9.32598177 
4.96019341   9.27077046 
5.90443119   10.87761306 
5.97011678   10.84600823 
5.90267878   10.78305109 
7.57779683   5.13595247 
7.95029838   5.37284887 
5.86888793   11.04832813 
5.93060259   11.09629762 
5.86185017   10.96017313 
15.21107358   16.87126515 
6.25074015   7.84420797 
8.10921639   9.22993100 
8.05132947   9.49057989 
7.87373286   9.29944999 
7.85588436   9.51497256 
8.29113626   9.43552868 
5.57201847   9.44899230 
5.63626530   9.48231314 
6.69688120   11.65302867 
6.75880867   11.84011666 
23.28756050   7.22226058 
10.98138259   13.08542754 
11.21196622   12.49216185 
23.74374766   8.23365822 
10.37778962   11.25409956 
7.08234851   10.61661065 
7.00784417   10.39628684 
7.23477693   10.44219019 
5.98993179   11.46023357 
15.21578231   6.50136012 
14.96847142   7.28034012 
14.34499989   6.55977231 
5.30799131   10.69154442 
5.27015397   10.65755233 
5.31183162   10.62743797 
9.91868147   12.35975361 
5.26331383   10.42877734 
5.19859986   10.44956035 
5.21603039   10.38436946 
7.02586400   8.93776306 
6.99350202   8.78833731 
7.14992630   8.79237395 
5.28254600   10.36887778 
4.89397547   12.54946505 
4.49805010   12.52903196 
4.31494994   12.35856001 
3.04139844   3.97370029 
4.68780793   12.45454608 
5.27440666   8.33395842 
5.17902449   8.32061632 
6.86735554   8.87256270 
9.53049169   12.24795102 
5.44739012   9.58849421 
5.46879809   9.52256531 
5.40521413   9.53301377 
6.74744316   8.80036872 
6.87057660   8.70078562 
6.61891039   8.74125957 
10.14603303   9.13971541 
10.47451382   9.60367375 
9.90569125   9.53320502 
15.96513034   19.42993418 
6.09350296   9.03034143 
6.19626739   8.95076209 
6.18061473   9.07483678 
6.72275786   8.25969742 
6.88631148   8.07057471 
6.94880732   8.31508407 
6.23584222   9.18019671 
6.08615461   9.26853801 
6.09901621   9.14656840 
6.37479504   10.77199856 
6.46445264   10.85346585 
6.35067422   10.88915718 
6.45133335   10.72120891 
5.63799493   8.89791240 
5.57211457   8.91906771 
5.60005441   8.84453922 
6.15681467   5.90556321 
5.51707551   8.87410291 
5.71774076   8.87972543 
5.67983200   8.95284195 
6.85482578   11.26789331 
6.82572517   11.50434886 
5.75798144   8.95099823 
5.69146992   9.02222075 
5.79147323   9.03565123 
5.72969509   9.08923441 
5.99593429   7.90453182 
6.14126587   7.92798137 
6.64716174   9.75605359 
6.78424297   9.77113394 
6.72811599   9.88742661 
6.86824991   9.87876695 
4.97409524   10.39942152 
2.93887511   4.68590677 
5.37983884   9.10324377 
5.42736395   9.11445561 
5.40033005   9.16367111 
2.41778652   4.17209785 
10.37839771   12.34443109 
5.43302997   9.20744170 
5.37882279   9.21369013 
5.42314561   9.25150233 
23.00896215   3.63763490 
13.12059481   15.16792803 
6.78546909   11.13134065 
6.67878506   11.06693586 
6.78402917   11.01457691 
4.99019159   10.83979743 
5.01892341   10.79084803 
5.03053636   10.85564512 
6.67440328   10.92651502 
8.94856225   8.93752994 
8.92325200   8.65936095 
9.22526213   8.72463608 
4.72507996   7.92950767 
4.96356441   11.23345967 
5.52564697   10.86359757 
5.56700086   10.81601609 
5.04545669   8.09860348 
4.95475766   8.16354044 
8.96945139   10.31560700 
8.84978729   10.58192900 
8.66650992   10.37704509 
8.54476886   10.66650134 
13.20807892   14.63726426 
5.72829482   8.03510880 
5.60965280   7.96005447 
5.48833248   8.00347406 
5.80363734   8.86452011 
5.75636991   8.79944171 
5.67309815   8.81791420 
5.41297591   9.65649711 
5.37593063   9.58451944 
5.33834635   9.63083425 
7.34776614   8.83184432 
4.82309833   11.46584991 
4.79934390   11.41166318 
21.22019901   15.92075051 
5.73474088   11.61095266 
5.61410972   11.59493245 
5.69292906   11.51715316 
21.47179665   16.79281119 
5.98516953   10.49751259 
5.87575029   10.47098409 
5.95041135   10.40599517 
5.89498016   10.54980248 
5.38258539   10.92598731 
5.43421745   10.90554874 
7.47080742   8.71184466 
8.55907280   16.06821747 
8.64042363   15.73185119 
5.22123985   9.52168723 
5.26317640   9.51894517 
5.34454991   9.53490532 
5.30775355   9.56497238 
5.30978986   9.50631278 
5.36550633   9.49396014 
9.33426732   10.27137735 
9.61120602   10.65847303 
9.14652609   10.65026594 
9.82068694   10.27720536 
5.33572938   9.46068838 
4.85271840   8.08359271 
7.75525411   10.45210656 
7.67796469   10.24543858 
7.90743830   10.33493953 
7.59378941   10.44842006 
5.47361692   11.00820805 
5.41858837   11.03626243 
5.93246865   10.08990656 
5.89057867   10.17119347 
7.27546464   9.39909513 
7.31815057   9.65457729 
7.11519621   9.76958452 
5.32804080   9.23022764 
5.28851823   9.24744590 
5.29583616   9.19480546 
5.24435966   9.22639008 
5.35902180   9.27007369 
6.76806981   8.97362321 
6.62709141   8.90813195 
22.70621786   2.75525589 
17.62449693   3.88257706 
16.61918680   3.78542947 
7.92495921   11.87960432 
8.04955645   11.66970331 
8.18184020   11.84002942 
6.58367155   5.53698336 
6.48938069   5.15415049 
6.83645050   5.31885729 
7.81394051   11.65605986 
8.51415234   11.80105165 
8.27857043   12.08665842 
8.57738854   12.12538070 
5.80397069   10.17178511 
4.37684762   9.32860495 
5.95277406   10.24374059 
5.61746013   8.76142651 
5.53394141   8.79488961 
4.35122978   10.62757358 
6.22915972   10.92518303 
6.11098236   10.96553691 
6.15269750   10.86488075 
6.18938719   11.03483834 
8.82186394   10.81875427 
8.76004391   11.05878079 
8.54227824   10.92254109 
8.51229881   11.21676400 
7.22588040   10.77998737 
7.36648974   10.90258360 
7.18655949   10.93350693 
7.28813996   11.06978224 
5.22958817   9.32991074 
5.25974883   9.28744343 
5.27359814   9.33393111 
5.08721247   9.66890092 
6.31595924   11.00565663 
6.25225829   10.79576830 
6.41442852   11.09063530 
6.27324128   11.11435301 
4.63645840   10.82787150 
6.36061921   11.20709326 
5.50777549   8.94879996 
5.55477995   8.99554692 
5.61837689   8.97056942 
6.55355427   10.93010914 
6.57515024   10.80389324 
6.44416515   10.97052573 
17.24261400   4.55965135 
6.56408172   15.01228374 
5.37401100   10.66148373 
6.83330119   15.13107153 
4.91695338   11.47046458 
4.88226395   11.49581233 
3.44539738   8.69885013 
5.29098165   10.51504506 
4.30231886   9.40129747 
5.43707194   10.52184509 
5.51062274   10.51899587 
5.48140775   10.58185208 
5.92657212   16.21963304 
4.38480178   11.93331767 
4.43206524   12.14716334 
5.24744250   10.60545990 
5.81327977   10.55053183 
5.86493956   10.62240541 
5.78191256   10.63069501 
5.51226736   10.67969783 
2.73588480   3.72884895 
12.01516676   0.78509634 
5.45246542   10.65687383 
5.51853826   10.62570216 
6.00843635   10.33378443 
6.51289129   11.18367128 
6.56467473   11.05097584 
5.92922550   3.76296644 
6.60317464   11.27222939 
6.46041976   11.29040212 
6.55616568   11.38818167 
5.72073546   10.31629063 
5.75961889   10.38420573 
5.76893437   10.25090850 
7.69938256   16.18396262 
5.96698380   10.01845056 
5.88955590   10.00208121 
5.79377511   10.78450865 
5.71849335   10.78476144 
5.74817067   10.71608162 
5.45289696   8.18164473 
5.42272441   8.10584581 
5.32605416   8.10712456 
5.38623816   8.02802636 
5.27860918   8.02059640 
5.46249120   10.46728374 
7.37172244   8.32838119 
7.53505436   8.51858897 
5.96369785   8.38574940 
5.86683821   8.32029605 
5.98341823   8.26436931 
5.87944524   8.21644670 
5.41240316   10.59098461 
5.97976795   8.99560260 
5.86688354   8.95170542 
5.95824866   8.90506080 
6.06979555   8.92230483 
24.50623157   9.16331898 
6.01516080   8.81721107 
5.01783159   9.02149406 
4.95662858   9.02212904 
5.48543870   9.09568589 
5.43051207   9.05562546 
5.65033325   9.19092511 
5.65581874   9.10609978 
5.73265463   9.16842278 
5.54116783   9.07680995 
5.52270001   9.15509329 
5.58499915   9.12985641 
8.94522849   9.24752060 
8.66162311   9.10906271 
4.91004779   10.63097129 
27.62999558   9.33212421 
28.45994363   9.48861383 
4.83485266   11.24136720 
5.05873811   11.37272526 
5.10018423   11.35725069 
4.03831868   5.10355261 
3.85303106   4.77283706 
3.69278197   5.19393435 
4.95136642   11.32044811 
4.11840891   4.36904147 
3.50451875   10.22787272 
3.45477529   10.42897696 
4.93237443   11.36436112 
5.06955750   10.28016993 
5.04204566   9.93777207 
5.13137964   14.54779763 
19.92457548   18.37091343 
7.61704940   8.29407355 
5.16320642   5.30427285 
5.30701787   5.58789870 
4.88443065   10.57719695 
4.62511129   12.15471225 
4.52500163   12.31599792 
8.67243148   8.77366946 
24.38294889   13.19673733 
5.04526001   8.98623138 
4.90971573   10.22613177 
4.17388361   9.37540521 
4.16158598   9.26831056 
4.26389426   9.29160853 
4.23247945   9.19165433 
4.87536954   9.95389004 
4.86820957   10.01294417 
4.82685271   9.96115486 
3.92887021   15.73316514 
4.91233993   9.98199965 
4.79739905   10.00693966 
17.49068472   19.24299916 
21.32636909   17.66677844 
19.18044332   11.12476319 
19.28697640   10.49152477 
4.61329643   10.22793289 
22.22343081   4.75118777 
22.95191194   4.66459500 
22.71407625   5.41828187 
4.72636118   11.04991377 
6.11423695   5.05409021 
14.57568497   8.46864718 
4.93588665   11.27440489 
19.15919978   12.54719551 
19.60091646   11.79329928 
19.88198099   12.74993862 
5.10179724   9.82967115 
5.06512873   9.78844935 
5.10778144   9.75759629 
7.96007514   14.02416859 
5.14746400   9.85836466 
4.83160076   8.85659577 
17.33838986   7.24945519 
5.00846357   9.19138188 
5.02928644   9.14850112 
4.80616414   10.90669129 
4.72766612   10.91304729 
5.00825206   10.94985130 
14.55065984   5.33283816 
15.19490537   4.94408584 
14.55396283   4.52136329 
15.85482610   10.15069020 
15.65520771   10.77863804 
13.63262621   15.03911607 
9.04488280   15.00586843 
8.93676232   15.40271486 
9.19217941   15.75621640 
4.94708635   9.80460881 
4.91668371   9.75176357 
25.49996111   11.84523861 
5.05106651   10.97085828 
26.43929412   12.31782858 
29.11554774   11.69688359 
28.46186161   11.23125702 
29.21108734   10.88435214 
4.32198955   9.64666587 
4.20300395   9.71347167 
6.25968579   6.15015015 
6.19068450   6.38062231 
5.06871295   8.53513722 
3.57599212   14.12205128 
3.22528273   14.04003514 
3.41593264   13.79647072 
20.35993265   14.46336175 
5.08037503   9.71369400 
5.12521792   9.70943481 
4.25810538   10.66230469 
16.55424151   7.47634430 
15.83868215   7.00353493 
2.60598424   10.00955345 
17.34391858   5.44608979 
29.32599186   9.26270087 
4.95580164   10.42387923 
17.32911567   15.84028520 
5.15849313   8.74829707 
4.08538412   10.53240049 
4.68117982   9.87883662 
4.73717761   9.83196694 
4.74785276   9.90558037 
4.67945979   9.81970996 
5.07847955   9.02552756 
5.12764174   8.99923496 
5.12848267   9.05094983 
12.50946123   4.15722547 
13.06913300   4.35805060 
12.64922762   4.87395249 
13.10309668   3.69737532 
5.09178573   11.40528347 
5.49461509   8.67959472 
5.50906710   8.59626729 
5.56612051   8.63189673 
10.74899184   14.46799898 
14.94396440   14.46255569 
14.41294342   14.40155973 
15.51243912   14.53581218 
15.12036910   15.04933107 
11.10741399   14.02064013 
4.71014396   8.83919423 
5.26470536   9.96957485 
5.24818167   10.02312006 
5.32368278   9.94899108 
4.87598221   9.65611526 
4.89206616   9.61287519 
5.03579608   9.36539839 
4.99553604   9.36599778 
10.36180269   14.96551246 
9.99372932   15.40233820 
25.53492507   10.63984590 
26.42782116   10.51790299 
26.31736932   11.36920701 
4.43755292   10.57132513 
16.38446003   8.18892596 
25.91191732   7.26599769 
5.03533959   9.58875174 
27.11110117   11.74319675 
7.71165669   15.71935533 
13.50198969   3.11020011 
6.79940274   4.87268084 
4.12538749   9.47654453 
4.09756498   9.60902852 
5.06053790   10.60453912 
5.03281459   10.62741821 
5.01817609   10.59380258 
20.52779688   17.80779810 
9.07290783   14.53257195 
7.24463860   4.96866353 
7.07702214   5.19401400 
4.95457785   10.20497210 
5.00253684   10.22944085 
16.47158046   2.61710948 
5.55596739   8.71636277 
3.20047936   14.41509781 
20.44443059   1.92679976 
17.28729524   18.56327712 
20.34615942   15.78650283 
20.73130425   16.40547309 
4.55359253   10.26293645 
4.49204401   10.30633374 
4.48646960   10.21710717 
4.53377702   10.44253832 
4.46067010   10.48537893 
6.11264007   8.19037343 
6.09070426   8.32475715 
9.11657930   5.14812461 
4.62613141   9.78719542 
4.61723883   9.85008445 
4.60198666   10.97737934 
4.53029026   10.98975534 
4.83984923   10.56752996 
4.79432636   10.54514577 
5.15772442   10.37251598 
5.10510079   10.38554893 
22.29974130   4.09900329 
21.44662217   4.27564018 
14.32691485   0.64823613 
4.94395277   8.65843315 
4.89913352   8.65180933 
4.92705595   8.61976647 
4.91146101   8.69274256 
7.23939178   6.06264943 
7.51562229   6.09607372 
5.16963256   11.21015265 
5.12244163   11.18153276 
5.17081807   11.15278002 
5.11760472   11.12293091 
5.03460384   9.23407456 
4.86108186   9.03916141 
4.80364962   9.00865224 
4.46716695   10.13436035 
9.64557128   15.70916852 
5.14610964   10.65795293 
5.10181098   10.66616936 
5.11039158   10.62130242 
5.07601306   11.15091440 
4.53969283   8.51983670 
15.33563698   18.29504084 
3.42447465   13.44572395 
7.78370474   5.67480807 
7.85778971   5.99479773 
5.13753548   10.42937777 
4.67502523   10.12034704 
21.51160410   9.47249197 
20.78689041   8.88403913 
21.80158050   8.59210486 
21.18786967   10.34930981 
9.40532879   14.83667633 
9.62210009   14.48340820 
9.81825931   14.90707763 
10.18879057   14.49253589 
5.22153226   11.18084895 
4.70902990   10.85999968 
13.79162947   3.62498602 
13.75809551   4.28018926 
18.23287200   19.35768745 
5.05457909   11.02935251 
5.07156301   11.08498017 
20.67374302   9.60861172 
20.08391024   10.19036740 
22.64632668   7.97174045 
21.72474437   7.59130212 
22.45515323   7.30342528 
21.80045593   6.76001695 
4.95798406   10.00869160 
4.95496211   9.94754678 
23.09733420   14.06067745 
16.04200691   16.89567137 
15.73565908   16.29070121 
18.76998698   10.01592955 
16.16469656   11.29420725 
20.87366268   7.99751940 
4.08938353   5.54607541 
3.85029755   5.82781263 
4.91391697   10.17091414 
4.95799631   10.15819032 
5.18983639   10.69900284 
5.21636661   10.75571766 
5.15370898   10.75016128 
7.62757981   15.29921858 
5.07717035   10.33555488 
24.63317175   10.29596517 
24.70787624   11.23929400 
23.97699015   10.92071646 
13.83959145   14.54412544 
4.91000591   9.91784096 
4.76348683   10.87294180 
4.85733354   9.90176990 
15.66687322   11.44503167 
9.18432363   9.39782604 
8.94028360   9.56057455 
4.89618766   10.81166577 
4.62791031   11.18185410 
4.86430578   10.25526427 
8.03721975   5.69678540 
23.33384210   12.35228389 
23.97643826   11.77392487 
24.01372769   12.51753183 
9.55805958   5.16311582 
22.61894710   11.95673627 
4.97308627   9.41435969 
4.92416988   9.42237118 
4.94448038   9.38070019 
3.81899041   11.31940035 
3.73036216   11.55408846 
4.45149627   10.38169365 
4.83267921   9.18341030 
15.14245267   16.15647021 
19.34955324   9.84709273 
5.43594425   10.15257136 
4.89417399   9.37958202 
5.62922014   11.06228140 
5.72633896   11.10310373 
5.65333270   11.14674492 
7.06245947   5.82637876 
3.22502879   14.90865561 
3.51267426   15.33419921 
3.59656230   14.65742092 
4.62624327   9.18122353 
4.69634160   9.19577040 
8.32890771   5.53059504 
4.92037860   9.10681531 
25.54322792   5.61684080 
5.69153498   11.01108591 
25.22639021   9.73948435 
19.77772176   10.97694309 
5.00137610   8.86733182 
4.69740779   8.74377090 
4.77951284   8.74318267 
4.75371451   8.79246021 
4.80662068   8.79967354 
4.70461960   9.00105876 
5.30434830   6.96988523 
21.12334881   11.29673348 
20.50069580   11.96466053 
21.93561393   11.56104578 
4.80448126   10.23413794 
4.81145826   10.29118160 
8.51340778   9.90852992 
8.40560442   10.20768586 
8.27690587   10.03590180 
20.29942769   11.37381399 
9.24927433   9.63660413 
4.82632129   11.36210510 
5.05770462   9.10651525 
5.03965826   9.06609877 
4.91024554   9.06057820 
4.61700653   9.92283326 
12.69465758   5.51809503 
16.02366751   14.30993915 
3.28053234   9.49775740 
5.03860918   10.91500210 
13.37517182   14.08068502 
21.09577262   3.49796544 
4.97596205   8.62894616 
5.00958651   8.60332960 
8.26539821   5.91087728 
8.62092491   5.71656617 
8.58775960   6.19162612 
3.46348132   13.06945012 
4.22226226   7.60613362 
6.08291302   13.94214006 
3.82698345   8.07200036 
26.84809301   9.74658665 
4.99402464   9.92368865 
6.51483208   8.98037159 
6.51136634   8.84391556 
6.33630012   14.05190710 
6.32779491   13.75551289 
21.89223259   10.84446591 
20.49445563   10.83743355 
12.33260502   6.88252844 
2.20180322   15.68616821 
4.71247208   10.16962710 
4.73317921   10.51080791 
22.18270327   6.05319059 
21.69322855   5.25217026 
23.53739487   13.26517100 
8.72146209   10.09613083 
22.51512709   13.07874164 
7.33020140   5.27571241 
5.73594189   13.59239452 
6.02596933   13.62177391 
3.91040203   14.29711746 
6.61088078   9.05960744 
4.76081724   9.17161807 
4.75617031   9.10101607 
5.71620422   9.24817420 
5.84129763   13.34668663 
12.71249086   11.41238366 
13.25362733   10.91562891 
7.93606550   9.08519269 
12.12181661   11.15136050 
5.12974527   11.22711842 
19.22177479   1.47744517 
4.81610952   11.68453358 
4.89188808   11.67472823 
4.87880569   11.73171731 
4.91203506   10.53790867 
5.71085379   7.87178660 
5.85778429   7.84090021 
5.83958803   7.96915980 
5.97212545   8.01297018 
5.94895313   7.74913390 
4.87066602   11.61210636 
5.09039355   10.57055242 
20.04370020   8.41185069 
5.05338345   10.75549464 
5.60711206   9.05015021 
5.10100575   10.74926345 
5.49760374   9.01933294 
5.94067876   10.69251045 
5.96802983   10.60986484 
5.98920545   8.13915456 
5.86786488   8.08797047 
14.65858536   5.97675141 
6.96107997   13.66741654 
7.06001720   13.91419290 
5.08523832   11.44608012 
4.75380411   13.45826828 
4.86570332   8.61967796 
4.86552385   8.67167574 
4.82324816   8.70011426 
4.82152406   8.65058954 
6.02779892   11.14548689 
6.09687111   11.06804432 
6.14105400   11.13937912 
4.93010332   9.24123884 
4.54380421   10.36358137 
5.76893270   11.36722603 
5.68960983   11.42118218 
5.67211980   11.30973499 
7.25548842   15.11031870 
3.77957281   13.26636450 
3.80835292   12.94425090 
5.61959257   11.39049909 
6.89480843   5.62115910 
6.68807535   5.84906203 
6.41225699   5.76525365 
5.87242129   11.40950488 
7.66077374   9.37526781 
7.47526824   9.48548787 
7.46907778   9.24561501 
5.63538270   10.44178794 
5.56496818   10.42240145 
5.67708558   10.37805258 
5.52659908   10.46508252 
5.49780798   10.41533965 
3.93788108   11.46762430 
4.08453438   11.40060961 
3.56040049   11.54844210 
8.29046660   10.84884749 
6.67400258   10.00483855 
6.82115317   10.03673644 
8.24619079   10.62815679 
5.37004921   7.92878829 
5.35932381   9.32758974 
5.41134067   9.31057114 
6.62358955   10.34132828 
6.51582565   10.35904153 
6.56385171   10.23162583 
3.79861562   10.22556528 
3.97864166   10.22968925 
6.42919847   10.28358744 
4.87291100   8.72072037 
4.83115490   8.74841836 
4.87869724   8.76269276 
4.87082488   9.42744978 
4.83695469   12.34574938 
4.69092480   12.28899458 
6.73641609   10.34159741 
6.67745234   10.44002839 
6.82707824   10.46232392 
4.79654967   9.86730068 
5.23428906   9.43337179 
5.29206749   9.41803260 
5.27284909   9.46894410 
5.25159588   9.37913022 
4.79677843   9.79676261 
5.57968281   10.09128375 
5.51289317   10.06811152 
5.56612766   10.03831674 
5.17345944   9.03214732 
5.50652942   10.12245401 
5.55354595   9.97035088 
5.61275147   10.01793635 
6.42767956   6.02951295 
5.61600731   9.94072176 
22.27676601   13.86698436 
22.40507543   14.56611349 
5.66677549   10.07844268 
7.23542699   9.18509274 
7.40381865   9.04799717 
5.08121803   10.93717067 
5.12973583   10.92150355 
6.11972676   9.54003205 
6.22144364   9.53281719 
6.16657623   9.62476852 
7.57898849   8.88403606 
5.62829177   10.14652004 
5.56441069   10.16720494 
11.21812364   15.91611582 
8.16488121   10.40279087 
8.41443264   10.45960546 
4.96867538   9.34768025 
7.46879371   10.18166755 
7.45227296   10.34996723 
4.85772351   8.80212748 
4.90223086   8.79284603 
7.32939192   10.04059355 
7.57901353   10.04697596 
7.45495206   9.85898441 
3.43301914   4.86526943 
7.82639056   10.09775942 
8.74970009   13.76937702 
8.90223379   13.36125177 
9.07209290   9.92696394 
8.72806194   9.75041610 
21.00413376   5.97389298 
4.78765652   12.17557861 
8.48754821   9.60423394 
8.24733927   9.76695998 
5.09702256   8.86351618 
6.89190816   9.05422479 
7.02984406   9.13385970 
7.18356271   8.99771781 
5.12671293   8.83114918 
6.76232100   9.15461890 
7.81433434   14.73227727 
7.08061337   9.31633855 
7.89537224   8.21144776 
7.80150702   8.48622270 
4.96645396   8.58367037 
8.01791912   9.94390286 
8.08163142   10.17379702 
7.94141829   10.59365230 
28.48425463   10.48390727 
5.70894561   10.45460257 
5.66378610   10.52532295 
5.59720035   10.50135511 
5.68415577   10.25787728 
5.14734039   8.79092514 
5.10132730   8.79492961 
5.65096289   10.82630810 
5.77022899   11.28310833 
5.85224144   11.31644335 
5.12632082   10.70448881 
4.92691344   9.65240604 
4.75077573   9.03868711 
5.19775161   9.40562075 
5.16657136   9.38069925 
5.21213054   9.36883621 
5.17137289   9.33125297 
5.18500151   9.44904089 
4.56621392   8.92412478 
4.60259002   11.12514464 
5.22630121   9.48223107 
6.41668338   10.16276097 
6.54836365   10.10029955 
6.52391659   9.98565508 
6.57753683   9.88543532 
7.93066770   9.69663711 
4.09524968   9.17785288 
4.91808092   9.57012200 
4.96377469   9.57535522 
4.91002946   6.15620107 
6.03362614   12.89358196 
5.93675974   12.69532932 
6.13637810   12.73401203 
7.71658820   9.85741226 
4.77488727   8.83647971 
4.81620765   9.06741815 
6.10316727   10.05220639 
6.18923874   10.08587461 
4.97840162   10.76112468 
4.93130489   10.76792341 
5.08095682   10.42620093 
5.03767867   10.42179325 
5.12478819   8.62488037 
5.11537603   8.66889450 
6.29618562   12.25468553 
6.16737215   12.43875686 
5.70429375   9.52812060 
5.70407749   9.42974279 
4.43357825   9.70891079 
5.62855137   9.40428432 
6.06927855   10.55025445 
6.36856434   8.76975824 
5.86692963   12.90875471 
5.59412381   12.71226568 
5.76843428   12.74827731 
6.27923028   8.87437342 
6.28527412   9.02245303 
5.68105830   12.91693132 
5.54669630   13.07172032 
5.47958902   12.88026467 
6.39699389   8.93506015 
4.42985486   5.84203549 
5.07140418   10.07286183 
5.12230181   10.07382381 
4.90727239   9.69521374 
13.59991604   13.53264101 
12.92168876   13.45636347 
5.41717345   12.70736159 
7.51099538   4.81083623 
13.60199343   6.82771516 
13.77034141   6.35810741 
9.41978463   15.27692308 
6.11778829   10.34422316 
3.51455233   6.68432007 
3.33466469   6.89371999 
5.78949069   10.46439925 
4.35643444   9.22014993 
8.38115783   9.13510737 
3.61502599   6.91720537 
8.42221404   8.86283144 
6.29565261   10.12585910 
6.30276594   10.25187502 
4.39783008   10.43364113 
6.29121531   10.00169771 
4.80556984   9.13274119 
4.86229170   9.11353070 
6.15299459   9.95825718 
5.70217881   10.64641052 
14.26141859   7.87904055 
13.64830383   7.50984107 
14.23615914   7.16148552 
5.83607031   10.69748131 
5.63557186   10.58938063 
5.56993635   10.64402287 
5.48666254   9.22359746 
5.56567578   9.21241825 
15.08575771   12.54381362 
5.45919726   9.16024428 
5.13311596   9.91298364 
5.09450940   9.94668950 
5.14492696   9.97046110 
5.93540229   9.81591883 
6.00438129   9.74219324 
6.05213628   9.85502571 
4.99499273   9.24261748 
6.10706421   9.73390621 
5.13813938   9.66942987 
3.43538328   7.11162236 
6.40533316   11.41478373 
6.37636409   11.51901680 
13.32788806   4.77537158 
6.30027710   11.32833809 
5.92578160   11.25889989 
5.83015824   11.21566035 
5.93171217   11.18035457 
3.63193799   10.15297993 
4.76052478   9.96919272 
5.71893766   8.72585188 
5.64125792   8.67278523 
5.65174123   8.58746587 
5.54407431   8.53890447 
4.16245393   8.57595132 
4.19823049   8.42843611 
5.62133805   9.27401347 
5.68313274   9.33587933 
5.58752171   9.33801253 
14.31684994   3.87415591 
5.32174613   9.36420836 
5.36199662   9.41844935 
6.05143595   8.46128498 
5.93405374   8.51579908 
5.85632022   8.43895386 
6.13059894   8.52672966 
5.75342632   8.26486861 
5.75545899   8.40299814 
4.74886217   10.21894957 
5.46999589   9.28363987 
5.46471261   9.34584012 
3.67992456   7.14150455 
5.53434620   9.38637583 
5.46102316   9.40650477 
4.99355570   9.05804809 
5.07611271   9.22494721 
5.50016594   9.45632643 
5.93301778   8.71557990 
5.81967804   8.68205987 
5.87192563   8.60850644 
5.82203458   8.77052001 
5.80017182   8.51955663 
6.26982935   9.87043052 
6.08786408   11.68616978 
6.40819924   10.03596801 
6.16637174   9.83488377 
6.24092421   9.73378878 
6.17029784   9.45052137 
6.09678397   9.37038919 
6.05846455   9.47142548 
6.00223279   9.37261615 
5.70294092   8.49756515 
5.61569797   8.48430372 
6.21223993   11.23437223 
6.12090175   11.37290569 
17.60485240   14.26509619 
6.24214879   11.45047150 
4.65525226   11.26399916 
4.58578247   11.23981143 
13.89519141   5.00248977 
22.65268707   6.72009147 
5.75193911   10.08656365 
5.70423596   10.17435376 
5.84120049   10.08579090 
6.18083364   10.48003183 
6.17013116   10.60465037 
6.06481753   10.44530389 
6.30124168   10.67532872 
6.14445130   10.75026327 
6.23636852   10.36162380 
6.33527539   10.36826880 
5.13812678   8.95260881 
6.57027416   9.22140996 
6.69230852   9.33604877 
6.63247976   9.50277542 
6.75580716   9.62422391 
5.66636509   9.83786038 
5.64624540   9.76198488 
5.72962185   9.78522921 
5.59184488   9.81065083 
4.60261083   11.33784428 
4.91675953   11.22790447 
5.86088373   9.90416794 
5.79457176   9.99495651 
5.12538251   9.36876237 
5.09716517   9.39837254 
5.95932553   9.92598663 
5.69436958   9.98850229 
6.44800261   9.54756336 
6.55989389   9.64773187 
6.49731780   9.40408156 
5.13692133   9.42264614 
4.97209754   10.79793494 
5.76759191   9.35046847 
16.59521458   4.88959038 
5.82568518   9.24502916 
5.88066066   9.36630089 
5.95290415   9.27128336 
5.87087870   9.59090470 
5.81046703   9.68577766 
5.76578123   9.59869276 
5.90898097   9.70534466 
5.67483624   9.61317638 
5.82505734   9.78905814 
6.29830300   9.59528966 
12.01398490   3.98206567 
6.31607209   9.45139498 
6.20929602   9.33706935 
6.36784368   9.29242234 
3.86531013   7.85451799 
5.94975042   9.48221686 
6.01199555   9.61277724 
4.91605853   10.42848530 
6.42269619   9.11948903 
5.05510046   10.23151889 
5.67187963   11.67794430 
5.19111200   10.33632328 
5.16433607   11.10638888 
6.83363960   11.67890088 
5.62747789   13.23283810 
5.55542384   13.44006156 
5.80202536   12.24519041 
5.40676691   8.46321899 
5.41429991   8.51744744 
6.13806537   12.16046765 
5.61455948   9.87620956 
5.55324704   9.88485149 
5.46687149   8.48538360 
7.83394072   8.90339978 
7.70211629   8.72475039 
7.67187057   9.11611055 
20.42568434   13.28004548 
5.43707924   9.99523291 
5.50164716   10.01319517 
5.45007694   10.07006405 
4.48111152   9.80824299 
5.01365371   8.40366499 
5.04024030   8.34740602 
5.06707302   8.40882597 
5.11198983   8.36445013 
4.68259150   11.33393128 
6.53427841   7.25125056 
6.69552067   7.36190006 
5.22447840   9.06464605 
4.88208036   10.39926523 
4.86645497   10.43311850 
5.93922879   7.15360772 
4.99354350   11.80163264 
5.03131989   11.70693358 
5.54755150   11.40475074 
5.58509612   11.33561284 
5.29994128   13.01655595 
5.60358559   11.48121472 
9.57152620   8.73270310 
9.41053216   8.39624113 
4.76012997   10.34012322 
6.16533075   12.02421478 
5.22520723   11.94983217 
5.24286719   11.82734852 
7.25633168   9.85955081 
7.11506452   9.97574286 
7.17238435   10.13982530 
7.30320400   10.23627594 
5.25264205   10.70331957 
4.92153025   9.52128900 
5.15306939   11.63889115 
5.19892377   11.58277412 
6.70645622   7.73643596 
6.54856294   7.85018555 
6.70809010   7.93228315 
5.07991492   11.47977080 
6.86874261   7.84579216 
7.08137852   7.93238625 
7.07195126   7.74368997 
5.33693330   11.32327103 
5.29419034   11.27529020 
5.34982244   11.25971397 
9.92284496   8.78954604 
9.72577621   9.13870340 
9.30078354   9.07262381 
4.95716518   11.71491486 
5.37407819   9.97167938 
5.58869771   11.17432415 
5.65151443   11.22414112 
5.04699218   10.56525089 
5.07395467   10.52872032 
4.80045877   10.48646952 
4.81700435   10.44054165 
6.38173235   12.46718651 
5.28945087   8.19097645 
7.18193224   13.42230933 
5.37394483   8.20310456 
4.77679607   10.17401992 
7.73996464   11.42167226 
8.00203206   11.46752614 
11.16537296   9.00282870 
11.63541248   8.92276216 
10.88929017   9.29726887 
29.20486008   9.98930304 
5.27319796   12.71269729 
5.33854096   12.85675315 
5.49616868   10.18548844 
5.61737335   10.22205963 
5.23086238   10.65999979 
5.09410862   8.51525334 
5.33368045   11.19337206 
10.08623802   10.90029038 
9.55160399   11.18301989 
5.27557042   11.22651752 
7.91456670   11.24587289 
5.15159169   11.52659400 
5.12206436   11.47793485 
4.63927379   11.72711105 
4.73460328   11.73402673 
4.81925401   11.79847595 
5.28135688   9.60976625 
5.73326275   11.20129946 
5.45171244   11.31021883 
5.41419521   11.27003658 
5.39846205   11.33479072 
5.82565820   10.86749273 
5.75963463   10.94142676 
8.05056100   11.02471930 
8.30857931   11.05834063 
8.23122788   11.28989279 
4.80227981   9.92219269 
6.07144862   12.56897112 
5.95865622   12.46963998 
6.24617709   8.00187271 
6.37471815   7.94268360 
6.92900326   9.71404784 
6.98995592   9.86850735 
10.84511425   7.95134203 
5.07650040   8.45655061 
8.59313289   12.44438271 
10.01356867   5.39851271 
5.08066790   12.02578623 
5.10869925   11.92555658 
8.03591301   12.30176761 
5.01487739   11.91184490 
8.04230683   12.05306795 
5.05634114   11.84589377 
5.29579337   10.46732739 
5.24635673   10.48645872 
15.14363132   4.42597522 
5.19752506   10.51271956 
5.73157933   10.85818370 
10.35040137   10.39450607 
5.03719751   8.20191707 
4.98860693   8.27365697 
4.84410553   8.56513856 
4.85277725   8.50601917 
4.91255744   14.34217668 
4.78999439   8.53150027 
4.78996118   9.26953512 
4.73825058   9.24396934 
11.55560820   13.69822699 
9.15215607   11.34910261 
8.83093324   11.29441502 
9.08777923   11.03250744 
8.92426004   11.64339961 
4.75877247   6.75991149 
5.48217370   8.32599708 
5.43706597   8.40571659 
5.38111215   8.31807262 
5.34689834   8.41412827 
5.90048227   7.61760296 
5.95306738   7.47672224 
6.55534217   8.17142069 
6.53587173   8.01630998 
7.43510905   10.54581109 
5.81639319   7.29348560 
7.27710574   10.64180891 
7.42640151   10.72970692 
4.97119609   8.35666113 
9.56184960   9.85803759 
5.32994528   12.32848543 
5.08630158   9.07186419 
9.48782192   9.43961854 
6.22235345   12.95864681 
11.17584020   8.49341163 
5.23612358   10.80607792 
5.23587399   11.28853536 
5.22213954   11.36272009 
4.92444460   12.22830698 
8.05042137   10.79282580 
6.53640000   13.96815973 
4.72818936   8.49521937 
4.80749628   8.46690851 
8.81012822   11.95637474 
8.85915087   12.26956840 
4.68926526   8.41909905 
4.76192331   8.40849991 
9.18302803   11.98846635 
6.21417809   8.74848537 
6.27761349   8.65798320 
5.14139714   11.58311923 
5.10099438   11.61262918 
5.10505384   11.55886672 
5.09815226   11.67832054 
9.27108976   7.50349677 
5.05579981   11.63945669 
4.86163694   8.35465424 
4.85252266   8.29146625 
4.91453422   8.31917698 
9.72230379   7.74610247 
5.29692773   10.28116338 
4.80033701   8.34101473 
4.79543589   11.60830745 
9.08629615   12.89563354 
16.06124838   15.76055905 
4.84254557   11.41525226 
7.65565984   10.63808234 
5.08521790   9.43065420 
4.63456864   8.48243689 
5.68548104   11.98787132 
4.89999268   8.48925110 
4.87154637   8.45175573 
4.89928966   11.88292977 
4.85457406   11.97621513 
4.80239156   11.90860168 
9.34411430   11.61616038 
8.28149592   11.55009090 
8.54906137   11.46593566 
5.88864617   9.06796787 
5.81819132   9.13107403 
6.73517437   6.99190754 
6.53828890   7.05848808 
6.88087819   6.84341565 
5.78289551   8.15185361 
5.22204648   10.85937482 
5.26553308   10.90373713 
5.57023814   7.37363265 
10.13615327   12.89130037 
6.29753169   6.93124799 
13.51587700   8.15069098 
13.19294387   8.76684485 
5.56713621   11.10831668 
5.54292551   11.02812497 
6.57161577   10.64080955 
6.73212332   10.74182074 
6.05286425   10.66435158 
6.02566446   10.77809686 
5.33130628   9.15896728 
4.79145025   8.60270420 
5.21623990   12.11668266 
5.66147142   10.93148498 
6.72164835   11.34602367 
6.67449556   11.18843857 
5.31473954   9.29638336 
3.86042329   15.34107363 
4.79241944   9.22470107 
10.46910849   13.98348256 
6.87498401   10.66633274 
6.83250617   10.87729338 
7.01637741   10.85570720 
6.00870302   13.10002394 
10.77467865   8.83064327 
6.05630177   10.86876631 
5.07980999   10.12128659 
6.00153081   9.09623526 
5.52982337   12.56155702 
5.33243899   12.58031615 
5.56005168   11.69520729 
9.89200052   14.02403761 
4.51722711   9.50969843 
5.42467779   7.52862647 
4.44120206   7.47551118 
5.68284049   8.15435194 
5.18285012   9.50699377 
5.74084334   12.12494329 
5.31731104   10.96190611 
5.12568717   9.63431546 
5.14600692   9.59136106 
8.10185686   6.29490906 
7.88257484   6.61788968 
4.82466892   9.67292082 
6.01772493   12.02753738 
5.90056673   8.83566657 
7.72700227   6.30586394 
5.33927846   12.04792963 
9.66576549   6.47473830 
7.35612718   12.62859347 
7.49364528   12.42451958 
5.24231570   10.54251344 
5.24478838   11.59874604 
5.35762753   9.69561146 
9.17877804   12.47871923 
6.23223171   11.71896817 
6.37745906   11.75670421 
6.26224834   11.84764479 
10.32693115   8.66214017 
4.90200943   11.54672405 
10.67795837   12.69827267 
10.80529651   12.13481177 
6.31166490   11.61291806 
11.14904302   13.46087667 
7.17918064   7.53155770 
4.87703268   9.17109734 
7.78417514   12.13506660 
14.94735145   7.98688717 
6.90742274   7.62393298 
5.19962186   9.97903308 
3.54775504   12.76490830 
4.47277717   12.89930747 
7.51794652   11.32784277 
3.78581120   6.67209797 
5.77299632   13.09838442 
5.21657889   11.23415793 
3.75193529   12.73753631 
4.32218316   11.82768401 
8.35335347   7.19415777 
10.70306718   8.36739559 
4.77977959   8.26394701 
4.85566659   8.20393007 
7.72324501   7.73268040 
5.30498818   8.89166696 
5.27574376   8.95047419 
4.78082068   8.17131386 
4.61986181   8.57650410 
5.40767857   10.29476464 
5.48760044   9.85990208 
6.14082618   11.91796086 
6.14647974   11.80323003 
4.79860553   8.00144423 
5.08892221   8.27717695 
5.27964789   10.83752861 
8.80113955   7.29421062 
8.48170118   7.47909113 
5.58553212   10.89347017 
8.69849866   7.66675576 
6.70458107   10.57431068 
6.93947092   10.53396131 
3.91330215   10.08826587 
24.62577108   11.96007298 
10.08765057   9.94532576 
8.12809765   7.92688915 
8.26720825   8.23817024 
9.53328002   11.87763476 
5.17740671   9.92042437 
4.76493101   8.67465875 
5.44120586   7.69752482 
5.39004152   10.47188519 
6.38583381   7.78766875 
5.40501630   9.71019849 
5.17671438   10.41159020 
7.18325872   11.23636887 
5.08235200   10.88213623 
4.97353296   11.59045197 
5.02267751   11.59089977 
4.99705902   11.64429899 
6.14180860   8.83914809 
6.54446311   10.49472767 
4.93620171   11.63691655 
4.82611843   11.54853589 
4.76397753   11.56104501 
5.06600686   11.57973299 
8.13566801   8.91463787 
4.92689903   11.58499888 
5.52326540   7.82939023 
5.64632544   7.75379342 
7.01776173   11.20498290 
10.53756969   13.15876949 
4.49350079   12.70096216 
5.79579117   9.47768447 
5.29143000   10.32798636 
5.47025398   10.71877495 
5.35438025   10.27639370 
4.61705703   7.83817722 
5.74834853   9.88660778 
5.54567405   11.78993826 
5.15158224   8.25623025 
7.53023648   9.69479660 
7.69494579   9.60599514 
5.53858313   11.54849681 
5.37733313   10.99509085 
5.43017534   10.96697759 
6.29497790   10.50165411 
5.63821715   9.68883404 
5.46044860   8.55951512 
4.99063208   10.02502525 
5.71961045   9.69619488 
5.56853287   8.32088116 
5.53857324   8.42749898 
6.04678556   11.23917995 
5.77210428   9.73966922 
8.37344636   6.94085047 
5.65221906   8.37843102 
5.53289325   9.29484250 
7.36023918   11.22400246 
5.33775801   10.49028551 
5.96801057   11.34286122 
5.63090314   8.25090137 
6.18092457   13.16119993 
4.97992053   12.09871659 
4.87369870   12.08198098 
6.42074471   10.58175753 
10.99490407   9.70315622 
5.66757037   9.90648001 
4.91340052   8.24972018 
5.07262474   11.53765473 
5.41261449   10.72262251 
7.69321819   11.22746488 
7.10086952   11.05985930 
6.91311984   11.05880766 
6.10500378   11.52970873 
5.52263282   11.61663835 
7.18164987   12.55120379 
6.89424535   9.26053971 
5.39890141   9.37594211 
5.41216688   9.45843128 
6.18656997   10.22368985 
6.84121689   10.16148531 
6.85043191   10.28335759 
6.70352842   10.18094886 
6.98650765   10.15750318 
6.42025022   10.43991775 
5.74235647   8.61263553 
5.57545449   7.52487051 
10.81983090   10.49219525 
10.41276045   10.00532676 
5.72788077   10.55162039 
7.95059224   7.74084007 
6.24298142   13.53484290 
6.70259562   8.07440054 
4.60922967   7.39428220 
5.82914614   11.12660276 
5.78767553   11.03826066 
5.87427024   9.47927673 
5.55896612   10.57655666 
6.00227593   8.60540764 
4.95072287   11.98927056 
6.07606662   8.72409444 
6.00700691   9.20164294 
8.74062068   8.50888155 
5.30454728   8.26405904 
4.90961162   11.78593407 
5.50323953   10.93726708 
5.59831647   10.97701562 
5.44892928   10.20311393 
6.95702813   9.99474953 
5.43999591   8.25496137 
6.09615877   8.04424648 
6.15896156   8.63148414 
5.09770826   11.51347018 
5.22285674   8.36800014 
5.91568474   9.17357300 
6.19507434   11.59971953 
6.04315564   9.98122064 
6.21892619   12.57511045 
4.83876098   8.40558513 
7.13429503   10.27806106 
9.35132741   10.87321353 
8.63357706   9.40606343 
9.97874678   10.53551236 
10.52044082   9.11102409 
8.92726859   7.59167685 
10.71798546   13.55619017 
4.77602761   11.50049748 
5.48563196   8.75331459 
