0.00000000   0.00000000 
30.00000000   0.00000000 
30.00000000   20.00000000 
0.00000000   20.00000000 
5.00000000   10.55500000 
5.00000000   10.44500000 
5.00000000   9.55500000 
5.00000000   9.44500000 
5.00000000   11.55500000 
5.00000000   11.44500000 
5.00000000   8.55500000 
5.00000000   8.44500000 
5.00000000   12.55500000 
5.00000000   12.44500000 
5.00000000   7.55500000 
5.00000000   7.44500000 
0.00000000   19.04761905 
0.00000000   18.09523810 
0.00000000   17.14285714 
0.00000000   16.19047619 
0.00000000   15.23809524 
0.00000000   14.28571429 
0.00000000   13.33333333 
0.00000000   12.38095238 
0.00000000   11.42857143 
0.00000000   10.47619048 
0.00000000   9.52380952 
0.00000000   8.57142857 
0.00000000   7.61904762 
0.00000000   6.66666667 
0.00000000   5.71428571 
0.00000000   4.76190476 
0.00000000   3.80952381 
0.00000000   2.85714286 
0.00000000   1.90476190 
0.00000000   0.95238095 
0.96015056   0.00000000 
1.92798330   0.00000000 
2.90355986   0.00000000 
3.88694236   0.00000000 
4.87819293   0.00000000 
5.87737506   0.00000000 
6.88455163   0.00000000 
7.89978717   0.00000000 
8.92314564   0.00000000 
9.95469242   0.00000000 
10.99449277   0.00000000 
12.04261270   0.00000000 
13.09911910   0.00000000 
14.16407870   0.00000000 
15.23755951   0.00000000 
16.31962934   0.00000000 
17.41035729   0.00000000 
18.50981230   0.00000000 
19.61806429   0.00000000 
20.73518376   0.00000000 
21.86124154   0.00000000 
22.99630910   0.00000000 
24.14045866   0.00000000 
25.29376305   0.00000000 
26.45629515   0.00000000 
27.62812899   0.00000000 
28.80933952   0.00000000 
30.00000000   1.17647059 
30.00000000   2.35294118 
30.00000000   3.52941176 
30.00000000   4.70588235 
30.00000000   5.88235294 
30.00000000   7.05882353 
30.00000000   8.23529412 
30.00000000   9.41176471 
30.00000000   10.58823529 
30.00000000   11.76470588 
30.00000000   12.94117647 
30.00000000   14.11764706 
30.00000000   15.29411765 
30.00000000   16.47058824 
30.00000000   17.64705882 
30.00000000   18.82352941 
28.80933952   20.00000000 
27.62812899   20.00000000 
26.45629515   20.00000000 
25.29376305   20.00000000 
24.14045866   20.00000000 
22.99630910   20.00000000 
21.86124154   20.00000000 
20.73518376   20.00000000 
19.61806429   20.00000000 
18.50981230   20.00000000 
17.41035729   20.00000000 
16.31962934   20.00000000 
15.23755951   20.00000000 
14.16407870   20.00000000 
13.09911910   20.00000000 
12.04261270   20.00000000 
10.99449277   20.00000000 
9.95469242   20.00000000 
8.92314564   20.00000000 
7.89978717   20.00000000 
6.88455163   20.00000000 
5.87737506   20.00000000 
4.87819293   20.00000000 
3.88694236   20.00000000 
2.90355986   20.00000000 
1.92798330   20.00000000 
0.96015056   20.00000000 
5.03889087   10.46110913 
5.05500000   10.50000000 
5.03889087   10.53889087 
4.96110913   10.53889087 
4.94500000   10.50000000 
4.96110913   10.46110913 
5.03889087   9.46110913 
5.05500000   9.50000000 
5.03889087   9.53889087 
4.96110913   9.53889087 
4.94500000   9.50000000 
4.96110913   9.46110913 
5.03889087   11.46110913 
5.05500000   11.50000000 
5.03889087   11.53889087 
4.96110913   11.53889087 
4.94500000   11.50000000 
4.96110913   11.46110913 
5.03889087   8.46110913 
5.05500000   8.50000000 
5.03889087   8.53889087 
4.96110913   8.53889087 
4.94500000   8.50000000 
4.96110913   8.46110913 
5.03889087   12.46110913 
5.05500000   12.50000000 
5.03889087   12.53889087 
4.96110913   12.53889087 
4.94500000   12.50000000 
4.96110913   12.46110913 
5.03889087   7.46110913 
5.05500000   7.50000000 
5.03889087   7.53889087 
4.96110913   7.53889087 
4.94500000   7.50000000 
4.96110913   7.46110913 
2.67050608   10.58221044 
2.35467889   10.84059288 
2.28835184   10.50037867 
1.81309566   10.64023372 
10.65145933   0.79934297 
11.60220114   0.80898923 
2.04689488   15.26084820 
1.35688979   15.46106531 
1.60724498   14.87873666 
1.71644886   15.86533015 
22.08631400   10.95063600 
22.83529676   11.17171507 
22.21414295   11.95800677 
23.33341904   11.99982703 
7.68053715   17.19820782 
7.20611335   16.83432356 
7.78212883   16.50084632 
7.24816547   16.27742205 
2.77626347   5.34400779 
2.91298009   5.75475611 
2.42979711   5.70899330 
2.76113098   6.17624547 
4.86441792   11.04032319 
4.91367374   11.00539063 
4.91312375   11.08522668 
4.96942083   11.04349200 
10.02684740   16.26421839 
9.41244160   16.09507977 
9.70879176   15.73740822 
9.37771130   16.67164408 
2.43024939   4.27378530 
2.18395656   3.57737941 
2.78995048   3.85086658 
2.80338468   3.23739620 
5.10994846   7.57727907 
5.05504537   7.56998254 
5.08936215   7.52214036 
2.78870797   16.15598435 
2.19375355   16.45151393 
2.41186232   15.75963399 
2.90101081   16.72131956 
5.02670419   11.40938477 
5.04485452   11.35622606 
5.07924353   11.39395435 
4.29218256   12.40348691 
4.45494820   12.44904029 
4.36801367   12.54710827 
26.07195691   7.84450317 
26.75371873   8.79717369 
25.60545191   8.81574332 
7.14497307   3.53326625 
7.07924384   3.95734630 
6.78216283   3.66570259 
7.56595258   3.69502567 
27.13421627   7.67009851 
26.81317844   19.06742420 
28.04261742   18.91573715 
27.97318090   1.06743151 
26.80938799   0.93986034 
5.00555597   11.24618097 
5.02910768   11.19271885 
5.05488558   11.24899204 
4.96764567   11.19825852 
2.33011461   14.27676493 
1.83917243   14.34922773 
2.09756412   13.86042690 
2.15864225   14.73550506 
4.43512321   12.32123631 
4.76996999   8.77183525 
4.80631205   8.71191648 
4.81880031   8.75615467 
7.07585000   1.45556967 
6.42421430   0.95880881 
7.39222076   0.77152398 
4.74917793   8.69593428 
8.22729715   7.11434271 
7.94455571   6.90062340 
8.17105733   6.75141596 
4.40895709   9.41547285 
4.48900227   9.39953001 
4.46948194   9.48761078 
10.65336117   14.74909633 
10.30866777   15.47561314 
9.92751078   14.85011762 
4.86233699   12.03696519 
4.90344069   12.00339372 
4.90787001   12.05612607 
4.94989326   12.02718858 
3.26927960   13.53000291 
3.16815021   13.21272833 
3.50803367   13.35382340 
2.89986402   13.49773962 
3.65174298   12.53417619 
3.42702755   12.70008558 
3.45202989   12.44487116 
7.85351779   7.16410389 
2.70426313   9.83108990 
3.14002606   9.82476801 
2.96088382   10.11954938 
2.90759602   9.54472208 
4.13980017   10.41832563 
4.06582782   10.54076103 
3.98608122   10.36682109 
13.26130071   7.53683876 
12.68524527   6.62643757 
13.56524091   6.46643105 
7.32021687   19.14351618 
6.42671774   18.99380379 
7.08868116   18.31330254 
6.40004699   17.92783064 
7.01964899   17.49187286 
3.87475666   10.60304967 
5.41009542   9.76257422 
5.35432772   9.74016593 
5.40009421   9.70129200 
2.49847003   11.83890163 
2.83638459   11.86481949 
2.62905438   12.17681916 
3.04426567   12.13674531 
18.55600731   18.07641171 
17.78356858   17.23292469 
18.91778340   17.21256047 
22.84747116   16.69295158 
23.98551913   16.36258322 
23.71989920   17.45134572 
18.26317693   16.17938766 
19.29490442   19.01038096 
17.99322424   19.07103971 
9.94254231   17.08862453 
5.51503350   15.42833547 
5.22654563   15.14669920 
5.59335183   15.03036180 
5.16652324   9.72437665 
5.20298583   9.67199536 
5.20686284   9.74264318 
5.93176296   15.24510663 
6.31479002   15.42646557 
5.86323563   15.65152732 
4.89553753   11.82834723 
4.93160565   11.77205345 
4.95971263   11.82941857 
4.86827933   11.77362626 
4.94884625   4.61363920 
4.80971978   4.24234457 
5.18247730   4.40327362 
4.60557439   4.60279520 
5.46143775   4.20149791 
5.53064516   4.56237210 
26.41857943   6.66327974 
27.58420634   6.62680551 
5.82168476   4.28036348 
5.91262469   4.72322524 
5.59189578   4.97693795 
5.22474682   4.84779860 
5.19696989   15.58958123 
4.82471167   15.75389247 
4.94762665   15.38543988 
9.36800973   1.49223865 
9.72185332   2.11064424 
8.90464797   2.07037124 
4.60521608   15.39749221 
9.16906646   0.76526339 
9.89994768   0.91455761 
8.81990857   17.83029168 
9.69278516   17.91107101 
9.21624840   18.44424596 
5.49048006   15.78194513 
9.79596831   18.80908000 
9.12715901   19.15723281 
4.70329049   8.82108352 
4.77367303   8.85095168 
4.72865587   8.90503324 
4.81739772   8.90408960 
3.86703261   12.32886610 
3.87887603   12.60101354 
5.34725540   9.79488423 
4.53382224   11.28105861 
4.52572215   11.38970248 
4.43976589   11.34061219 
4.61558344   11.37544215 
7.09832056   4.44953457 
7.55373023   4.16490260 
6.61565833   4.09433891 
5.24000107   10.89636878 
5.22144346   10.83397211 
5.28864048   10.87348443 
5.18256925   10.89002654 
7.60239341   4.55917672 
7.29704009   4.88535329 
20.29731087   9.17867011 
20.36581259   8.17185324 
21.05828135   8.87119954 
5.89433489   1.55787692 
5.52620893   0.86351303 
21.31917129   7.99452091 
19.97956497   10.10625959 
19.51605290   9.31981654 
5.51980796   19.13934164 
5.89634452   18.43263555 
18.98630133   10.04162080 
4.76177059   11.45330567 
4.71205384   11.39354947 
4.79225241   11.39491286 
4.63765958   12.24199447 
4.66382206   12.13396109 
4.72762927   12.19497176 
3.90175165   8.25588976 
4.03029535   8.44012895 
3.78080739   8.45250751 
3.97374566   8.63120918 
4.75570597   11.32941988 
4.87689950   9.15746746 
4.85714866   9.10264742 
4.90711124   9.10892061 
4.77857555   11.25556981 
4.68773588   11.25634526 
4.74043522   11.19546294 
3.77661225   8.67202914 
3.60497892   8.58947501 
3.48469348   8.34876313 
5.67960707   14.68959894 
5.38651296   14.75525357 
5.94834690   14.90292327 
5.09507029   14.78984212 
5.17752571   14.48492200 
4.78870997   14.60006496 
3.37686749   12.21705647 
3.35704894   11.96677187 
3.58558228   12.00620878 
0.73750764   3.29787305 
0.79274754   2.43255463 
1.63745269   2.99174046 
1.70753618   2.11970793 
1.52237511   17.04749632 
0.78015559   17.56249247 
0.69637442   16.77388887 
1.66830053   17.83594773 
3.58205707   11.75916269 
2.63894722   4.81387166 
2.04677624   4.73924485 
1.83509365   4.29627470 
5.35338672   5.21644190 
5.66737223   5.31026541 
5.95971604   5.10521147 
5.11538793   5.48755840 
5.09192914   5.18979203 
4.79765325   5.28886550 
19.01460916   13.13858540 
18.01507992   13.35564627 
18.42000092   12.19884835 
17.54662906   12.58654924 
2.63887809   15.18553587 
26.16790516   18.24711217 
27.12336171   18.06231052 
16.68529048   5.25783275 
16.18050810   6.34067392 
15.72552132   5.57501673 
25.79435228   19.01917997 
17.09194871   6.30989362 
27.10999851   1.93609095 
26.17182868   1.76036620 
3.82667988   12.11808332 
3.81036548   11.91255879 
25.80511762   0.98490971 
3.63352170   12.26796179 
0.73095761   4.15760828 
18.15191572   6.30434551 
17.63341535   5.47015392 
18.66223719   5.13489369 
0.87259701   15.86067094 
17.61909760   4.37769027 
3.39083502   14.04693401 
3.06069338   14.15539030 
3.15258414   13.82232255 
2.69017928   13.93099339 
4.64082432   3.67882909 
4.36112836   4.20354090 
5.11946806   3.95198937 
13.96776685   18.23905996 
13.19986210   18.22363637 
13.64888818   17.44531747 
13.59478345   19.04835801 
4.99947432   12.05200471 
4.99587651   11.99666046 
5.04415604   12.02774103 
4.36511323   15.79909318 
4.64690872   16.32357214 
5.18643544   16.02817621 
16.21223672   13.79210186 
16.55345906   12.69558219 
17.14703037   13.62443244 
15.63084974   13.07764039 
17.72429039   14.31897184 
18.62400712   14.23028489 
5.03475992   11.07908284 
5.03417559   11.01389997 
5.10319700   11.04826444 
5.08285767   10.98062739 
28.06848268   17.83540876 
27.35524309   17.03295849 
6.92581425   13.18840415 
6.70942842   13.12789554 
6.82717409   12.95034990 
4.90659834   9.24920689 
4.84871414   9.29401199 
4.84217195   9.22458690 
27.36126764   2.96691934 
28.09360563   2.18211761 
4.96556086   8.71885246 
4.97065398   8.77688080 
4.91595711   8.73542700 
5.01234175   8.73718051 
24.80105221   19.01500493 
3.17295426   5.02142533 
24.81551077   0.98001037 
2.19637211   5.21409832 
25.40017305   17.91302265 
26.31012360   17.26823191 
3.55653196   4.65966306 
3.65586994   5.25968162 
3.97599525   4.97115851 
26.31002733   2.73104839 
25.42952292   2.06631295 
5.07086487   8.72926657 
5.03344564   8.68803323 
5.07475955   8.66991120 
1.49159020   9.35301561 
2.18259092   9.19549034 
2.15322546   9.77141167 
0.80056104   9.83535874 
0.71645787   9.07986296 
3.17386783   14.97798214 
2.76404842   14.53103195 
3.64847581   14.75292869 
3.55680801   15.34046287 
3.98292085   15.11324130 
3.74986317   9.14718653 
3.58768147   9.03371679 
3.80318966   8.97942983 
3.52907615   9.28020092 
15.46834408   3.59427424 
15.21522856   2.34145527 
16.23901573   2.93188892 
2.21865461   12.22534362 
2.72527565   12.53728417 
2.15058709   12.83957865 
1.28567675   13.15019856 
1.48202898   13.85109955 
0.81988048   13.43691447 
14.33130616   3.24959504 
0.82393413   6.64705450 
1.47334820   6.14525047 
1.39765922   6.92857895 
3.50308347   11.47441352 
3.72850233   11.30554494 
3.75463839   11.52518356 
3.52593003   11.23928990 
17.30684800   11.64623497 
16.20458765   11.70881194 
15.16768434   11.76661126 
15.77765699   10.94430197 
14.78029995   10.85274512 
2.73853879   13.06008579 
2.38028319   13.43054725 
4.75730845   8.97075181 
4.82623585   8.97396667 
4.78592506   9.02364811 
4.85326686   9.03290271 
4.67257162   8.96758504 
4.63517579   8.88743084 
5.04932267   8.12269488 
5.00381224   8.16642523 
4.99775395   8.09618893 
5.07815746   8.17374817 
1.56050963   10.05918639 
1.03480853   10.52008750 
4.25567940   4.62650499 
3.93790783   4.38406596 
3.56104760   4.15682267 
3.18875647   12.47977991 
3.07132734   4.36088496 
20.51507003   6.96813110 
19.51793770   7.50258272 
19.54140715   8.53662794 
3.72987701   11.03746907 
3.43728658   11.07640804 
3.51026347   10.85733757 
1.20273588   12.59182592 
0.66572994   12.84093302 
28.89115620   14.70644129 
4.80761155   9.16341400 
3.36197679   10.65622301 
3.62388034   10.62149743 
28.93145650   5.22445843 
3.49893158   10.43885923 
3.94004540   15.63086868 
4.25596477   15.37397146 
27.79348563   16.13911190 
27.13781027   15.31261176 
28.05812371   15.23870498 
26.73784647   16.27677498 
28.14854791   4.62241906 
27.25677192   4.65992808 
27.83108367   3.85402852 
26.77290322   3.72516891 
3.56163285   15.84368115 
6.70958579   13.37513447 
3.06983117   15.64402242 
4.52865885   13.84661703 
4.27687464   13.70504084 
4.57084676   13.59839356 
4.57839127   11.85976757 
4.59966422   11.93281566 
4.48667911   11.92010030 
5.68074893   9.02108264 
5.75857413   9.00604068 
5.72058893   9.09083010 
4.67101435   9.97102074 
4.63339264   9.89569187 
4.71428488   9.89590761 
4.88271872   8.92053546 
4.87974221   8.86161084 
4.93810954   8.86880043 
4.77396892   12.26578001 
4.84201511   12.25764148 
4.81269616   12.32252011 
4.39007665   13.43878183 
23.47633953   18.73900616 
4.80703132   12.20053892 
1.37185864   11.09436707 
0.66282618   11.01518857 
23.73929152   1.01577492 
24.42686729   18.04607155 
24.66198886   17.11031182 
25.63892195   16.68524621 
24.71946490   2.84489017 
24.44588118   1.84054605 
25.73882997   3.32241975 
3.27160615   9.51755549 
3.53372901   9.55847890 
3.41364653   9.72047787 
3.45302584   9.94323967 
3.26916093   10.09674165 
27.77215484   14.43646138 
28.69592922   13.57129944 
27.94897583   5.55475068 
28.83974234   6.53368418 
26.45546165   14.31148667 
26.04945418   15.54971118 
26.80456664   5.58452881 
26.20739406   4.45840198 
5.11607794   11.89356584 
5.07181903   11.83992579 
5.13792160   11.81952076 
5.08872341   11.77944978 
23.42779374   2.19445163 
22.60979565   1.07964148 
24.98536957   15.94497835 
20.38376930   11.07952733 
19.37120912   10.95165900 
23.72942978   3.45747624 
24.99366741   4.10869612 
1.24647110   8.64396376 
5.02299413   10.30797014 
4.98017926   10.28914570 
5.01488284   10.25957334 
4.96036647   10.24971741 
6.09941538   17.18947708 
6.28750440   16.47860147 
6.66735999   16.98773360 
8.92326339   16.30880271 
8.36369489   16.43227155 
8.52013177   15.86464895 
4.86220941   12.48253722 
4.87369296   12.42195446 
4.91201299   12.46504551 
6.88671989   3.13226085 
6.29019127   3.55503783 
6.18670969   2.80453211 
6.48140491   1.94321085 
0.90746369   11.55672640 
4.76181176   10.98050091 
4.66790000   10.97700346 
4.76035630   10.90146774 
4.72887000   11.05221535 
4.84313746   11.25761388 
4.82050120   11.29813794 
4.82393758   11.19643896 
20.02592946   13.02601392 
19.45923935   13.93762031 
2.01168518   11.23201244 
23.96622066   12.91208204 
24.67897952   11.85866386 
23.76476814   10.90719305 
24.47133400   14.03779979 
23.24176155   13.77260274 
23.44776820   14.79846840 
22.26299531   7.99508542 
21.72650280   7.01616648 
23.00266009   7.33505397 
5.07567125   9.85381403 
5.04623986   9.80169244 
5.10507927   9.79897458 
5.06173860   9.74655404 
27.39444796   13.47822417 
4.92174944   9.77694677 
4.85797512   9.77053386 
4.89138354   9.73745852 
4.88654801   9.82845322 
29.15060199   7.70067215 
16.22082074   9.44412034 
16.76855552   8.38160898 
17.20575846   9.54759677 
15.67535853   8.52600551 
5.74383542   16.68985993 
16.10327248   16.83105915 
15.49211957   17.41460699 
15.00730497   16.40812924 
5.74795800   3.31722083 
14.58634394   17.62261131 
15.88643639   15.69141950 
17.06249901   16.33480322 
16.83048707   14.99774324 
14.93660523   15.26702861 
3.23090079   11.30261393 
3.19647218   11.71468610 
4.80628984   12.44212847 
25.45107089   5.51954764 
4.42865110   9.30970117 
4.43417580   9.16554426 
4.52435456   9.22934087 
5.02928327   9.89527273 
5.03797748   9.95855268 
4.97119587   9.92817070 
4.01661304   6.76443878 
4.09372289   6.52679275 
4.17457487   6.70838953 
7.83946877   18.47753990 
8.20131061   17.66455523 
8.58311135   18.46735223 
13.27583731   16.52574045 
14.06465384   16.72309651 
12.79377198   17.38326582 
13.90755214   15.81143334 
8.59220045   1.43317019 
8.07020962   2.16513497 
7.79251859   1.46315153 
12.98518184   15.57466937 
4.87329528   10.15551452 
4.83389235   10.10273675 
4.89195904   10.07977370 
4.78998417   10.16077925 
15.74816880   7.06895725 
16.54051991   7.19495942 
15.32385546   6.46832910 
17.50554483   7.32707315 
17.96310369   8.49844770 
3.78278590   6.90713100 
3.60264057   6.67373745 
3.85273836   6.57842645 
3.43796235   6.96092258 
8.74417187   17.02204508 
3.82939499   13.44501883 
3.74047439   13.14421839 
3.43624932   13.01809692 
3.93603038   12.78962740 
4.08119940   12.65596547 
25.30008437   14.83535196 
4.31171731   9.21388498 
4.94173209   11.96104128 
4.88213206   11.94020826 
4.83899257   11.98770148 
4.99508694   11.93293643 
5.04111107   11.97790956 
3.72636727   7.78084029 
3.70585240   7.52245040 
3.91715507   7.65196141 
3.94982946   7.41281856 
4.91441197   12.23855145 
4.97374643   12.25252724 
4.93830336   12.28559161 
22.43387969   3.06156487 
21.26288532   1.20106348 
22.86582562   4.24492344 
4.65369835   10.15446477 
4.72211059   10.12793222 
4.72321223   10.20251412 
18.56622359   7.33207761 
4.21590193   12.52679373 
4.26170746   12.69030859 
4.08528069   12.43518712 
18.80586770   8.09578947 
10.56536551   19.06298538 
4.90579994   9.93734991 
4.90829396   10.00511352 
4.83644632   9.95641837 
4.83563612   10.03223169 
4.92453863   9.88027992 
4.97773604   9.86030915 
6.20835673   5.69328206 
5.90361134   5.79368471 
5.96355444   5.47488639 
6.10016041   6.04171990 
20.95942332   5.89011360 
4.84207683   8.67595604 
4.79759355   8.64922024 
11.98447683   6.07380398 
11.94313621   5.21728523 
12.92086850   5.61321275 
12.70080559   4.68028170 
23.98317810   5.14138158 
5.04451611   11.79473755 
5.01680021   11.83475734 
4.61730977   8.77219432 
4.70285297   8.74915341 
11.66290011   18.92501241 
4.99242112   11.87684984 
4.93356402   11.88695490 
4.91819631   9.30600030 
4.95940939   9.26861520 
4.96119555   9.21195208 
4.96543890   10.06272160 
6.18218901   8.28765739 
6.04551002   8.27469263 
6.11285760   8.19242014 
6.06331842   8.39991108 
5.38924557   10.59803008 
5.46668794   10.60098950 
5.40699271   10.67204211 
6.44480803   8.29559476 
6.31631586   8.35512998 
6.30237855   8.23623702 
8.73216235   14.75264267 
8.60662492   15.32354144 
8.22039824   14.99009059 
4.08124063   11.69061073 
4.27056503   11.70144075 
4.19237580   11.83459333 
4.20163571   11.59113802 
5.86526097   9.01979332 
5.82297161   8.93215901 
4.18546840   8.57837757 
4.20546960   8.40052395 
26.04305676   11.44299265 
27.27636464   10.94237675 
26.97928605   12.37020111 
28.18897990   11.73979095 
24.95123846   10.59234425 
19.31012915   15.20210499 
20.52489024   15.22487173 
19.92182633   16.40807659 
20.32152185   14.09111235 
5.00266320   8.89386018 
4.99153725   8.83188845 
4.94305565   8.94489541 
5.04212847   8.78601257 
12.64981905   19.06593174 
3.48985381   10.20818624 
3.73562214   10.05091700 
3.66984556   9.75834729 
3.73761982   10.35243754 
4.36984144   11.74893128 
4.31594419   11.82692615 
4.91671892   10.92808301 
4.97717008   10.97210704 
4.84119093   10.96311184 
10.27781909   11.10117521 
10.65570239   10.69069472 
10.88517914   11.37490363 
18.58547846   1.32341555 
18.17954288   2.20708895 
17.78858124   1.11306602 
19.08063398   2.24981954 
5.02113717   10.87103619 
5.07740391   10.90979497 
5.01663301   10.92270133 
5.87075391   7.00878678 
5.77291921   6.94769323 
5.90334858   6.85260366 
5.72499930   6.82016606 
4.11604685   8.79450833 
4.31958733   8.71667882 
4.44603571   10.77950213 
4.53514153   10.75722098 
4.49437562   10.85124579 
14.34095930   4.33790405 
13.52553621   4.84278440 
13.56417156   3.93281912 
9.56076898   15.27978773 
9.31436197   14.80700744 
5.08352412   9.14302299 
5.02990972   9.20265832 
5.00675587   9.12651899 
5.78067524   11.03243944 
5.82743387   10.95935259 
5.85483267   11.06224226 
5.02244058   7.89060278 
5.07368644   7.85636409 
5.08195787   7.90435437 
5.12999581   7.87414862 
4.93352758   10.19570634 
4.91713923   10.24927515 
4.88596582   10.21669592 
4.83741464   10.20917711 
4.47529866   10.68171112 
9.44225580   10.51827550 
8.93281359   10.29559516 
9.37282153   9.99219432 
5.92335943   10.98104599 
5.92125898   6.24678034 
5.97116128   6.45865572 
5.80284015   6.38886068 
5.81360282   6.55607307 
5.77143618   11.13853082 
5.70914276   11.04638100 
5.19014767   11.54408897 
5.22801051   11.57816691 
5.17841569   11.61256077 
4.82340050   11.82443067 
4.85386294   11.88224753 
4.82074995   11.92862802 
4.87444499   7.42724272 
4.87924140   7.49283774 
4.80368097   7.45963835 
5.67345878   11.13605068 
5.60517279   9.92340543 
5.67942973   9.86737176 
5.71008594   9.93592931 
5.60961706   9.82564813 
7.15032758   5.33632588 
7.61592074   5.28109489 
7.45964727   5.63933811 
7.75950221   5.95648565 
7.29470984   5.98848512 
7.55507113   6.29881229 
4.95987882   11.72600851 
4.90552212   11.72297853 
5.10970656   8.77817951 
4.74509912   8.00905627 
4.80592200   8.05539431 
4.74348605   8.08614064 
4.80066314   8.13075674 
5.54835794   10.01707601 
5.60757396   10.07394625 
5.54031150   10.09110429 
4.50981801   12.57262087 
4.82361316   7.98917406 
5.64767193   10.01196843 
15.23090796   1.16902428 
14.30812187   1.57167427 
4.77352637   8.49615703 
4.71468929   8.48223880 
4.75552604   8.42982648 
13.23209400   1.88812162 
12.55299567   0.99063390 
13.59709575   0.88518935 
12.41754241   1.85098208 
6.49227339   14.12954513 
6.58668682   14.47746035 
6.25796820   14.35599397 
6.31077780   14.70712059 
11.28048674   6.48609109 
11.92857718   6.81391204 
11.26499120   5.68433058 
28.66846954   10.54094918 
27.73298107   9.55870953 
26.19824560   10.00185032 
5.12762492   11.95900740 
5.06843664   11.94126983 
5.04376192   11.88593945 
4.95808707   10.70484636 
4.98548712   10.74703497 
4.91974135   10.75444375 
3.61381139   6.28498723 
4.00685620   6.31347152 
4.96989170   10.79433961 
4.00295734   13.72059575 
3.60465351   13.77287506 
4.68347891   8.42373075 
4.94017123   10.66323669 
4.98415355   10.66570953 
6.60467807   5.67297579 
6.39924802   5.99601777 
6.33414344   5.33902774 
4.95639503   10.62685323 
5.22226702   8.21872764 
5.17480207   8.23887144 
5.17679669   8.18937651 
19.93723248   4.98649538 
19.24187665   3.93804556 
19.45297191   6.26422708 
5.20718113   8.26150152 
5.28152849   10.13356645 
5.31312404   10.18007876 
5.25492270   10.17712787 
5.33623873   10.11757156 
5.22892513   7.99416517 
5.19652760   8.02410609 
5.18236824   7.97397961 
5.24300937   8.05226902 
4.66563440   13.36445762 
4.78616521   13.51530207 
8.00116638   13.83618182 
7.76161665   13.57115117 
8.15676212   13.45981509 
7.59626717   13.88953665 
7.93811772   12.54159559 
7.78934413   12.78763002 
7.68461836   12.53685563 
4.77415784   13.72385991 
8.01063978   12.29532517 
8.25724091   12.07982479 
8.20905805   12.47782882 
5.22469584   8.10353413 
5.18332752   8.12737860 
5.18583871   8.07007450 
5.14352357   8.08982828 
23.99250765   9.75254308 
5.11405648   10.80295189 
5.08157620   10.75217143 
5.12444410   10.75564624 
5.05824768   10.79065482 
4.21204333   9.61598133 
4.30136862   9.74478555 
4.13721451   9.77957573 
5.73241595   7.79819440 
5.69885326   7.69882647 
5.79692026   7.72497915 
3.46534478   7.61643385 
3.21943069   7.29125460 
3.64368544   7.26547798 
5.76593829   7.61084508 
5.75001214   7.87606656 
5.66781433   7.84717903 
14.80481353   5.79170283 
15.05782622   4.91327730 
11.69909717   3.69479697 
12.45995364   4.01973064 
11.79116740   4.45585805 
12.54452649   3.33489736 
11.14497367   4.94011433 
5.05286100   11.14345835 
5.10013264   11.18864891 
4.89169156   11.15714809 
4.84842992   11.10008113 
5.10130650   11.12010686 
3.69357443   8.23005739 
4.96284739   8.21901061 
5.01055101   8.23615397 
4.93674186   8.16215615 
4.58263454   8.51203936 
4.65195560   8.49452392 
4.61895888   8.57575427 
4.70800615   8.54936193 
8.25127900   14.52669254 
7.80459538   14.67660402 
9.10219880   14.20040306 
4.79391639   10.74896978 
4.70536901   10.74373154 
4.74633623   10.69080319 
4.73113019   10.81635183 
3.19988478   8.39373512 
2.88318082   8.23273240 
3.23514645   8.12107938 
6.12265230   13.14584189 
5.97302769   13.25050759 
6.00577631   13.05656832 
5.14610715   8.02516996 
5.08104208   8.00877475 
5.12639752   7.95135583 
6.15377607   13.34992228 
2.88247019   7.48850364 
2.86100943   7.06774293 
10.65651065   8.65436892 
10.16644974   8.45435703 
10.59717767   8.16974227 
10.20597091   8.90757822 
7.31075108   6.49167611 
7.23156883   6.28154520 
5.16455160   11.09965315 
5.17757045   11.04153540 
5.05424091   10.70614023 
5.03066790   10.66646632 
5.08000255   10.67204702 
5.01108877   10.70474819 
5.27422871   7.95370004 
5.27601292   8.00632983 
5.22352878   7.93205350 
4.42496455   11.83653827 
4.47299636   11.73126912 
4.40069850   11.65891278 
5.19280042   9.08397125 
5.15117500   9.07396178 
5.17359168   9.03130456 
5.11061744   9.03120119 
4.62449758   10.74572092 
4.66832774   10.79318397 
4.66800590   10.66735953 
6.54503884   13.56184466 
6.40045952   13.72705938 
6.28402645   13.53067111 
4.66317013   10.87383872 
21.20806583   2.66563699 
19.88486525   2.95605666 
20.17130589   1.88000963 
20.48171736   3.86799370 
19.36882189   1.04710323 
20.24763642   0.82937466 
4.08411318   12.18210096 
6.17763435   13.72909984 
11.63032322   9.34592811 
11.96597450   9.75384118 
11.52774755   9.86535311 
5.11931062   12.43572887 
5.17366501   12.40894447 
5.15695053   12.48346453 
11.81485870   10.36098064 
5.30992227   7.80456076 
5.27402645   7.84725552 
5.25121128   7.79283396 
5.34132434   7.86886093 
4.80334074   8.20332797 
4.87191387   8.16807681 
4.86888747   8.24625478 
4.99188246   9.62174135 
4.97519427   9.67097279 
4.94054722   9.62035169 
10.63753498   5.42749167 
10.71453227   6.03854810 
10.19981554   5.78254755 
3.71913090   5.75264131 
4.07776041   5.37976217 
3.28934387   5.55412136 
5.47050882   9.80243176 
5.41056756   9.81340847 
2.46118993   6.70761056 
2.95717073   6.64131264 
3.00602796   8.58898625 
5.12567195   7.75335917 
5.14987427   7.81884098 
5.09637830   7.81581175 
5.19286306   7.77953404 
4.06946657   14.62778925 
3.73276981   14.27122989 
3.29596350   14.45505194 
3.27570790   7.84301718 
3.52503756   7.99677719 
2.95937519   7.87649028 
3.79435096   8.03741789 
4.96037806   8.11976357 
11.73210766   2.11537164 
12.54171979   2.56466007 
11.67509178   2.89636576 
10.84988381   3.31391389 
10.83679876   4.13990716 
4.02867914   10.18908954 
3.89087791   10.20242644 
3.96638726   10.05286703 
7.57821736   7.19849080 
7.42774802   7.00878188 
7.65385412   6.88873011 
7.38345986   6.76887705 
5.27412721   7.89769562 
5.32298037   7.92639975 
5.32802906   7.98237460 
4.55743230   12.37611688 
4.54026888   12.26894769 
4.45348072   7.30569477 
4.32410979   7.36769493 
4.35731780   7.24020198 
4.56132909   12.15317578 
4.17245948   7.25876784 
3.94109324   12.98375290 
3.65197012   12.86225896 
11.15556354   8.92096255 
10.68911340   9.10704828 
11.14194749   8.42143266 
6.78736771   6.64304136 
6.60338428   6.53322958 
6.76372073   6.37534359 
4.60092902   9.79850948 
4.66623660   9.73899098 
4.67378358   9.82693205 
4.73963815   9.78467268 
4.53950598   9.86993819 
4.51354186   9.76574866 
6.49560246   6.30421486 
5.15862252   8.64393770 
5.20253108   8.63435974 
5.18355947   8.67672816 
5.23469067   8.68782973 
5.11455981   8.65511268 
5.13331323   8.61766321 
5.08874879   8.61641663 
18.11519002   9.80051897 
17.41207612   10.72473872 
13.32712500   2.90101161 
6.20149475   6.57340061 
6.30401133   6.39784021 
6.41216241   6.56315882 
6.13195963   6.31868083 
6.77181795   14.04830873 
6.85155482   13.83093128 
7.00738630   14.02926469 
7.09780734   13.75057544 
5.24084918   9.96848221 
5.27918413   9.93527171 
5.28697390   9.98875354 
5.32793080   9.95993838 
4.25426689   13.24099386 
4.10758107   13.45685893 
4.01266994   13.22174143 
9.69313282   9.05738096 
9.36308133   8.75822863 
9.76939686   8.60074007 
9.24380597   9.25883914 
9.76311044   8.19734961 
10.07999458   8.00382421 
7.01153581   14.56468859 
7.19320139   14.28645734 
7.35526665   14.61203124 
7.52360793   14.28072040 
9.58227739   9.49642036 
9.97288279   9.34650996 
10.92057767   13.35543941 
10.59810732   13.95644046 
10.35061964   13.31713006 
4.53276161   8.85003857 
4.48723511   8.72349477 
5.03846130   10.74566039 
5.01565255   10.77817154 
4.56034663   10.93188092 
4.57662592   11.04424263 
5.10394143   10.71487253 
3.95629862   11.18695856 
4.13421599   11.02052432 
4.16852701   11.21228536 
18.36866134   10.98091720 
4.76817146   9.66794062 
4.69412556   9.67047586 
4.70818425   9.61287839 
5.12514348   11.68661345 
5.09229022   11.73180947 
5.07077308   11.68286249 
5.04630230   11.74167490 
5.38088455   9.64442253 
5.45809914   9.64665019 
5.47781878   9.72326294 
12.75142766   13.06235798 
12.66062651   12.43651150 
13.37644541   12.57582577 
12.98197616   11.78300484 
12.79182438   13.65447288 
12.18827113   13.49417240 
12.49485804   14.14008094 
8.35501619   7.42105793 
7.99853658   7.42497028 
8.21580899   7.68773935 
8.50649906   6.90709412 
8.46515813   6.54927137 
4.49512013   8.31646991 
4.40093357   8.28701754 
4.49091245   8.21365045 
4.37292824   8.17675535 
5.38344340   10.06055252 
5.47163063   10.07502016 
5.41648149   10.13459283 
5.50313503   10.14515080 
5.55177510   12.43976014 
5.49427394   12.49984861 
5.47741240   12.39665946 
5.05457835   10.38377185 
5.00033209   10.38461794 
5.02569438   10.34873925 
5.41458245   12.46387170 
4.66515148   11.85291420 
4.69285545   11.93159226 
4.76779355   11.88491607 
5.32972651   8.53256576 
5.38882031   8.52037899 
5.37245950   8.58124174 
5.45582034   8.56224734 
4.73644690   9.72440322 
20.74823645   16.98973927 
20.89560761   16.12054028 
21.74178140   16.62564825 
4.79067208   11.61677539 
4.85691300   11.60337823 
4.84858383   11.65625286 
4.83758313   11.55373444 
12.98169015   9.71258090 
13.19269360   10.39750514 
12.46260286   10.02325936 
13.68408462   9.69372440 
5.12460537   8.26313065 
5.16508598   8.28315421 
5.14545273   11.74591930 
5.12761623   8.21408529 
5.20739007   8.30402682 
5.16316568   8.32177452 
5.19352119   8.35300146 
5.68211272   12.54490177 
5.73333946   12.61272772 
5.62224695   12.64212994 
5.73913637   12.71899389 
5.26108385   11.23757505 
5.25188156   11.28323019 
5.19864370   11.25280664 
5.19413641   11.30939437 
6.87266995   10.67792435 
6.78482021   10.83726428 
6.71647485   10.68941742 
6.61376980   10.77709030 
21.58147345   15.40606056 
4.95392325   7.59995690 
4.93678417   7.64688559 
4.89402363   7.60983760 
4.89345456   7.66918472 
5.29397717   8.65155286 
5.34688065   8.62938512 
5.34203173   8.68215318 
6.97556281   6.17591111 
6.69301939   6.07022581 
7.02174928   6.45284137 
1.46411785   0.74167693 
0.71763575   0.65542226 
10.47460986   7.63599732 
11.09767370   7.84087259 
5.21632180   8.58898571 
5.25139806   8.61752241 
5.17187603   8.59089265 
4.56703357   11.71925283 
4.51465004   11.64511634 
4.64538482   11.71250963 
4.61610065   11.78444541 
4.68988133   11.76185119 
5.16453218   6.00259093 
5.25370549   5.75856456 
5.37759648   5.97806861 
4.95369506   5.83907440 
5.63852280   5.93845211 
5.47685961   6.15900352 
5.67841527   6.22285951 
5.02043305   10.16690766 
4.99592069   10.12041838 
5.05238044   10.13128958 
4.96896227   10.16064728 
6.91194420   7.35220180 
7.07917693   7.16925141 
7.10320794   7.42511370 
7.29454742   7.25933788 
5.23059529   10.22681252 
5.27214449   10.26822878 
5.20847152   10.27321144 
5.24506673   10.32405636 
8.86233750   11.71280742 
8.99732356   12.02713817 
8.59037296   11.99950262 
8.85777896   12.34564950 
5.02922653   11.70028822 
5.03031821   11.66064644 
5.06055685   11.63490048 
5.11157399   11.62410445 
8.06517638   8.00178111 
8.38167145   7.89180055 
8.36300141   8.17747889 
6.51792089   13.15144476 
6.28902920   13.15726366 
6.38364829   12.96817417 
6.40593684   13.34479160 
5.51493758   11.20987360 
5.44406730   11.21280881 
5.47139186   11.15178099 
5.47101735   11.27111845 
5.30450606   8.59465207 
5.78764256   13.31652351 
5.60015572   13.30206565 
5.70663450   13.19109336 
14.90146580   10.05910562 
15.28645321   9.40525527 
15.58279573   10.21840251 
5.91745554   13.46693740 
5.08587232   7.70924017 
5.06485080   7.77107227 
5.03800321   7.72810244 
5.28869517   7.67544846 
5.36585336   7.63576775 
5.36191565   7.69951555 
5.39306580   8.73774898 
5.40900312   8.64822117 
5.29960736   7.61261281 
4.56874255   8.34041532 
4.51972514   8.40603310 
4.41835680   8.40515547 
4.57843941   10.69016951 
4.59095992   10.82314441 
5.74237685   13.03306520 
5.75030306   12.86549254 
5.87813096   12.95998990 
5.62881314   12.93332094 
6.02671217   12.87187282 
6.18089272   12.97790459 
5.60020599   7.05412466 
5.65101302   7.16284177 
5.49939526   7.12540137 
5.74508079   7.07026070 
4.18768180   9.31604418 
4.04489739   9.26531658 
4.15343217   9.16806642 
14.48557515   9.52595370 
11.72485757   8.77684836 
11.68469227   8.13165741 
12.27977009   8.54930978 
12.37062025   7.89511171 
11.01345596   9.58487882 
4.79481027   8.56864290 
4.73597707   8.62374018 
5.08394508   10.08566030 
5.10653161   10.14091811 
5.03097442   10.07262362 
5.16269328   10.13990244 
5.13667654   10.19528592 
5.19419887   10.18334659 
4.44505817   9.59459488 
4.42496815   9.71786363 
4.34784804   9.63805440 
4.52720403   9.66131054 
4.34296979   10.50305796 
4.47620774   10.56829967 
4.35214594   10.62931267 
4.47402552   10.45886446 
4.34986684   10.74863792 
4.22953909   10.68892321 
4.21904193   10.83523926 
9.87962788   13.21342818 
9.99003756   13.69538982 
9.49184363   13.47551818 
5.28189413   12.04805352 
5.28332175   11.97940071 
5.33964241   12.01321279 
5.34628287   11.94090017 
9.53996328   7.91782320 
9.03904607   8.14767650 
9.04068485   7.66447624 
9.39580796   8.36321991 
20.50209201   12.10518530 
21.18020129   12.92607213 
5.43693304   12.81189622 
5.50441744   12.72106872 
5.51895793   12.85937562 
19.53327413   11.99903126 
5.50547769   13.00220785 
5.34488960   13.04256108 
5.40952917   12.90769327 
4.44947154   12.20473202 
4.47487533   12.11507378 
4.38427102   12.13525449 
5.35124722   12.82631044 
8.94919626   8.58091760 
8.98467972   8.96844637 
5.21465833   11.43262704 
5.16406658   11.44992904 
5.16358729   11.41374010 
5.19174910   11.49130956 
5.12933812   11.38290176 
5.19211499   11.37098002 
5.13582510   11.33416151 
5.25493805   11.38961614 
5.43548011   9.94668251 
5.37821363   9.98784465 
5.38302245   9.91848653 
6.91497674   12.44400807 
7.03466593   12.29645117 
7.18143240   12.49813514 
7.23603952   12.20601944 
6.75783663   12.56346660 
6.70371809   12.36431008 
6.55379278   12.52866218 
23.99553786   7.99617822 
25.12820290   7.98290347 
24.45221663   8.82604089 
5.51923215   12.61772042 
5.42021425   12.64815172 
24.21744971   7.13873683 
5.41900445   12.55581732 
4.98595537   11.59209996 
4.95847935   11.63332816 
4.93822383   11.58289131 
5.34429785   12.60213947 
5.40946463   7.38370387 
5.36939684   7.47925324 
5.31266602   7.40896303 
5.47156274   7.45970262 
4.90633495   11.62764197 
4.47583343   8.92772759 
4.40842894   8.82063289 
4.38159416   8.95805123 
4.47971429   9.94116853 
4.42001190   9.83990296 
4.37792929   9.96798990 
4.74882077   7.68039964 
4.67755899   7.63749817 
4.73384396   7.59648896 
4.79295864   9.44557499 
4.74074052   9.48507980 
4.71259789   9.41414020 
4.66790772   9.47482220 
5.25210114   11.47838714 
5.28924624   11.43844659 
5.29598165   8.43537799 
5.29713112   8.49210024 
5.24493849   8.47095184 
5.35908046   8.45926716 
4.80389706   11.50114999 
4.74708152   11.50992017 
4.83613677   11.44541248 
8.35066183   10.98925224 
8.64169502   11.33258693 
8.26475203   11.36802451 
8.80774490   10.95901989 
8.16840614   11.75557497 
7.89850634   11.46547380 
7.81167790   11.71084038 
5.32426584   13.20098140 
5.47769210   13.16969341 
5.40711915   13.35460988 
8.29615663   8.55791767 
8.64905310   8.38996163 
8.03028497   8.30225840 
5.39287279   11.25717401 
5.43235220   11.31941033 
5.37700015   11.32693859 
4.79679036   7.63251715 
4.66368924   7.70967055 
11.71328628   7.44431152 
4.66455890   8.62460311 
4.58417682   8.68276139 
4.52242126   8.59123594 
4.44391924   11.56774617 
4.54178064   11.55570286 
4.57771326   11.47343846 
4.63178474   11.54514884 
4.67920193   11.47488904 
4.31432132   9.36983780 
4.20559178   9.45323917 
4.67567558   8.69139778 
4.28517646   7.82869862 
4.40217905   7.94218930 
4.26380747   7.97642926 
4.37194797   8.05775421 
9.93865646   7.64767583 
10.01661267   7.25126963 
10.42894528   7.08540106 
11.00181254   7.17517082 
7.45950326   7.45781446 
7.71520982   7.46238335 
7.87542858   7.73880734 
4.25475047   9.09168447 
4.29150107   8.99967901 
4.35924861   9.07768881 
4.15157634   9.00014550 
4.47643047   9.04096309 
4.53528180   9.13061765 
4.26811765   10.38536836 
4.41234787   10.37608129 
4.16500701   10.26165776 
7.79315489   8.05221649 
7.72857449   8.35712341 
7.53658413   8.12975763 
5.64284210   2.27478127 
7.43207715   8.35939382 
5.19993623   12.17029025 
5.19740432   12.23795224 
5.14646370   12.21060004 
5.25956989   12.21908627 
5.34134221   10.25009803 
5.37424109   10.19700777 
5.28504560   10.22621756 
5.64141054   17.72809144 
5.45186472   10.21048086 
5.70417976   7.28207411 
5.77209084   7.19641366 
5.73471496   7.40726983 
5.62130722   7.35455592 
5.63898647   7.47358988 
5.48005788   12.28775586 
5.48934682   12.17953236 
5.57956877   12.24054072 
5.42671116   12.22214109 
11.98275222   14.03451501 
11.55348364   13.71215077 
11.51370218   13.09216833 
12.06476547   12.69995402 
4.58703042   7.85739589 
4.62988511   7.94088795 
4.52735989   7.93625270 
4.67923228   7.86570149 
4.48954566   8.01909852 
5.33859136   12.22448462 
5.38623660   12.28426797 
5.29446561   12.29768461 
5.34615857   12.34282042 
5.08149649   9.30648672 
5.08261018   9.25193307 
5.12792316   9.29349500 
5.03912964   9.27221035 
6.97001975   6.78777773 
6.77494627   6.91227677 
6.56297687   6.77096289 
7.17914664   6.68484564 
7.17167243   6.95464804 
5.61019167   13.10524107 
5.84007846   13.14949115 
5.62952064   10.56005695 
5.53704014   10.54150709 
5.60720572   10.47583183 
5.51922510   10.44551202 
9.61783661   6.64238347 
9.68550604   6.99090704 
9.26505716   6.94163809 
10.04951572   6.74709650 
5.31798728   10.03258128 
5.45475293   10.00446619 
4.58925341   10.59883499 
4.56959250   10.49115713 
4.75040614   10.61715215 
4.68567364   10.58724893 
4.74850358   10.54754897 
4.67155603   10.50589901 
5.40006806   12.39423048 
5.43001807   12.34258631 
5.57111134   12.34856314 
1.44885449   19.25033348 
0.70371041   19.33948633 
0.92982479   18.50113368 
5.46776759   10.51557390 
5.55814447   10.63420754 
5.44358623   7.57103177 
5.55703329   7.52740455 
5.54025410   7.63914003 
5.64642172   7.59555238 
4.36319157   10.10048040 
4.26602990   10.14896697 
4.25095373   10.01760824 
1.00570000   1.46877567 
29.04697521   18.31206246 
4.13237265   10.09379320 
4.47705603   10.04552533 
4.45855781   10.17724081 
4.56939676   10.10586470 
29.04222686   1.69041189 
4.65532091   7.00490525 
4.78023783   7.05306951 
4.70966822   7.14121586 
4.95072912   2.37777220 
4.21602197   2.57969733 
4.46867327   1.83658429 
4.83647048   7.14515508 
5.16329700   18.32421365 
4.71440134   18.95535687 
4.57797637   7.75783991 
4.66310530   7.78818917 
4.71832354   1.04879907 
5.17253044   1.68266981 
4.45323501   18.17698822 
4.20045710   17.43064192 
4.93850361   17.63326382 
22.92120921   17.75715001 
22.33183439   18.40058965 
1.41525943   3.80540882 
1.34681670   4.41650463 
28.54162791   16.78058014 
28.90113888   15.79627378 
0.65921851   5.98389874 
0.50777587   5.32427630 
1.14391754   5.50098863 
29.13141716   17.40913969 
28.93153914   4.17274287 
28.55942457   3.21658562 
1.18608616   14.47123819 
0.50780462   14.67574748 
0.66596671   14.00900789 
3.05018608   10.65713376 
2.79311059   10.89769758 
5.35761148   7.56819309 
5.30961358   7.54229987 
5.27683423   7.49064203 
2.88890480   10.38726505 
2.53370172   10.20384517 
2.55132400   11.19102440 
5.44370430   7.68780484 
29.13905141   2.59429361 
1.68007897   12.85648986 
1.86360626   13.32392855 
1.22334978   12.06318034 
1.52020097   11.59535277 
1.75679448   12.01665351 
2.06503382   11.73598955 
23.43204805   15.74900678 
24.26633794   15.22690506 
7.54216614   17.79944395 
1.84794630   1.47034310 
2.32529121   0.85552054 
2.44543267   19.04334088 
1.83439776   18.52500508 
6.67699319   12.14202540 
6.48873708   12.30906322 
6.86584917   12.23046188 
4.90938351   7.55023554 
28.16840369   7.63617792 
3.63697482   0.59099359 
3.13003624   1.04494062 
5.26415953   12.66922157 
5.19488746   12.62889876 
5.25847660   12.56685985 
5.16846526   12.56042450 
5.36963654   12.72246361 
5.26618644   12.77845713 
5.46083385   11.84295902 
5.43160726   11.92280844 
5.37507516   11.86467847 
3.24101101   18.43151491 
3.45066715   19.25545004 
29.16494946   0.78686280 
5.51828846   11.91777029 
29.17978643   19.21026580 
5.25405785   8.33574949 
5.26132859   8.26897973 
2.50572760   18.11655186 
9.46999919   3.16903827 
9.23195161   2.57966582 
9.86070331   2.64724071 
9.33067555   17.28659732 
6.25192236   4.43624884 
6.68933539   4.54424534 
6.36967365   4.89052858 
6.85084261   4.94137880 
2.49503228   7.32231804 
1.98894364   7.15198388 
1.88229834   6.62543420 
2.12545152   6.14253508 
3.10707256   12.84263675 
2.58506493   1.76864991 
22.00696814   1.95278162 
5.07474469   9.35854991 
5.04173559   9.32954583 
8.28978791   19.22271862 
28.03368198   12.77188929 
28.97224088   12.57673522 
4.96786790   10.84399840 
4.91497458   10.82117682 
22.50839794   19.22600716 
1.41669558   16.39824853 
5.67802702   7.92937526 
10.21955939   18.27894484 
10.52114329   17.62894375 
10.94332610   18.22061817 
11.34933121   12.52839324 
11.00282654   12.84564707 
11.17483045   1.55271663 
10.68321573   2.35455462 
10.28259156   1.51979437 
11.16125924   11.98393040 
11.70534057   12.16189244 
4.85496137   10.79444459 
5.32419896   11.04433537 
5.35385303   11.09690107 
5.29194556   11.07744658 
5.29791943   11.13936322 
11.63822329   11.54104742 
4.54642292   9.33378485 
5.67531102   12.30457289 
5.79785731   12.36343552 
5.66592922   12.43222711 
11.83563462   17.86493685 
12.43343477   18.28960499 
23.93594732   4.29033119 
6.83883967   16.54985869 
5.80885168   12.24615112 
5.48040948   10.67791288 
5.39089953   11.03796840 
3.82581422   2.02639639 
3.98578504   1.30574884 
4.63239872   10.41553689 
4.54319902   10.38181533 
9.27469189   10.98396708 
9.53664699   11.39205894 
9.10625103   11.40101922 
9.74930964   10.98940309 
0.92177043   15.09759230 
4.88962908   8.67701541 
4.92125208   8.62869364 
4.93915335   8.68040830 
0.88616188   4.85443463 
4.85720716   8.61913155 
8.46413409   11.70805354 
28.51699118   8.60305021 
3.99511267   18.69340620 
3.76257823   18.02004487 
5.68470350   3.82712388 
5.22475799   3.43967218 
5.72567130   16.15674360 
5.23387100   16.56332269 
5.41448147   2.87330145 
14.09857158   5.49467421 
4.79631693   3.02617251 
6.73066881   15.63815157 
7.05843374   15.40509519 
7.22870202   15.85739070 
6.75854791   16.10748896 
7.51462076   15.40498138 
5.40791816   17.13040498 
4.79323544   16.97952932 
22.57896643   15.63544394 
6.68466383   14.81504862 
6.33359134   15.04548127 
6.70895982   15.21838637 
4.89014799   11.67897760 
4.85181397   11.71532064 
4.79562101   11.69542335 
4.75698046   10.00819031 
4.67434788   10.06239516 
4.57840937   9.98691580 
5.09218847   12.06483718 
5.08695707   11.99826030 
5.14414739   12.02370424 
1.50495849   7.59882794 
8.05203415   4.40199194 
5.23946283   11.63396119 
5.18532839   11.68199964 
7.94254351   3.91857673 
8.51334637   2.68989940 
8.78711819   3.11056579 
5.47798011   11.75396455 
5.55473471   11.81879302 
2.57879455   8.07093057 
4.94413402   6.95416566 
4.94278353   6.83427071 
5.04615674   6.91569752 
7.28022364   2.03455150 
7.42355302   2.64597029 
14.47475640   6.49740706 
18.24883166   3.20022826 
17.23347066   2.20407026 
3.22924629   10.37358651 
5.03116754   9.66233222 
5.03072649   9.59825021 
7.12707475   11.64692979 
7.37246884   11.66309400 
7.25615851   11.90314589 
7.56918555   11.81730849 
4.77726158   7.21863512 
4.68293866   7.25835933 
4.97688125   7.74643143 
4.97383288   7.80048382 
4.93140434   7.76756534 
4.92240127   7.83063862 
6.27433718   15.90377245 
5.41072893   10.97192212 
5.33382910   10.98969500 
5.34745336   10.92260440 
5.27922622   10.94167390 
5.19575192   13.67427247 
5.00927692   13.86170866 
4.96465991   13.59782916 
5.68668785   12.16893768 
5.54553306   10.35358392 
5.63386728   10.32173558 
5.59390272   10.40090839 
5.51485250   7.35617506 
5.45649058   7.26734632 
3.15076276   6.95545811 
5.34413902   7.29721440 
5.56019920   7.43080275 
3.94459189   7.14733481 
4.89492778   8.40811647 
4.93609352   8.43026362 
4.90980381   8.45669716 
4.94650273   8.39015392 
7.68563896   10.81396000 
7.35582361   10.71488978 
7.57544450   10.46572590 
7.38775668   10.98294058 
5.31552664   12.15830722 
5.25430809   12.15568796 
5.28692466   12.10911247 
10.70083668   16.79618037 
10.80447537   16.05391589 
11.41703424   16.41632855 
5.22930182   12.09637448 
5.39664072   12.15788305 
5.19898605   7.51591121 
5.14299482   7.53598695 
5.14388338   7.46792457 
6.55263814   17.38226792 
2.37630562   2.58618380 
4.71306457   9.05018821 
4.57051907   8.96729128 
5.22572491   7.43662668 
5.17456377   7.39088572 
7.62399599   11.29961496 
7.37164070   11.18702556 
7.60637707   11.06353876 
7.60029030   11.54069433 
2.24245994   8.27971663 
2.61117081   8.51857688 
2.16469428   8.68772221 
4.27855063   0.60427847 
2.94250689   11.16989430 
2.37897101   17.26288637 
4.70133988   12.69078048 
4.65978555   12.80519868 
4.57988448   12.70243666 
4.95248688   11.26950624 
5.00658354   11.30933757 
4.52737573   12.88015483 
5.32424315   11.37507859 
5.35824016   11.45009553 
5.31341970   11.50390499 
4.86737571   10.53088263 
4.81645046   10.50955767 
4.86845943   10.48791257 
4.83651562   10.44668229 
4.81302016   6.92135048 
6.33206209   6.76513974 
5.66605868   11.29478357 
5.73928144   11.31916587 
5.67390972   11.38373436 
6.42704495   6.90925207 
2.15934951   7.78139369 
5.41665072   12.00759412 
5.51328773   12.01879216 
5.44871430   12.09165479 
5.78000529   11.41487721 
1.79946482   5.61897476 
10.39946812   11.49418391 
10.74138800   11.91057851 
10.32230093   11.91033352 
11.23701268   17.31376561 
4.12701313   12.84514612 
4.83069103   7.69293433 
4.63742092   7.56393709 
4.17840150   13.03952514 
4.82300339   7.55989003 
6.86565973   2.51635569 
7.77569560   10.18575823 
7.44768502   10.20273695 
8.27640287   0.75161389 
18.75523915   9.00979263 
1.58750358   4.96532517 
7.92867750   10.52573985 
7.17990355   10.16694274 
7.31747816   9.94755585 
22.23050182   17.50185693 
7.04129771   9.98003523 
5.34165571   8.38878722 
5.29150402   8.37642466 
11.90024585   1.47295068 
5.23412426   8.40539691 
9.63650630   5.78365863 
9.10983360   5.76033060 
9.44625758   5.38860667 
9.00392916   5.28608440 
4.42862892   5.03243241 
9.83259327   6.21802158 
10.29230847   6.23235695 
4.27676250   19.39819151 
2.06977686   10.23501112 
22.82243394   5.30504573 
23.52620803   6.26104249 
22.32803510   6.13992840 
2.53014569   9.52224312 
2.67456351   9.21079566 
4.57214698   9.44737841 
4.65662488   9.36641540 
2.83888335   8.88822459 
3.10556314   9.17668515 
2.48260191   8.93740871 
14.50365136   18.76796069 
5.88287448   11.99995079 
5.94324306   12.15629986 
5.80008030   12.10592554 
3.18946160   10.94532974 
4.97474168   12.35477381 
5.01484922   12.37989324 
4.97306473   12.40867236 
6.02472113   12.01218471 
5.69641092   12.05143814 
5.60004800   12.07753247 
4.48045352   13.24729786 
4.38536614   13.05762828 
4.98633529   11.36789649 
4.97423575   11.41619463 
8.16143520   3.39110097 
8.42773369   4.06043911 
21.42874157   14.22999104 
4.56829074   13.07331635 
4.68930974   13.15304703 
4.72018656   12.95566587 
4.86358527   12.88615404 
4.87448309   13.05304776 
4.77014112   12.79695557 
4.42807790   14.96777608 
5.09932513   7.40557869 
5.07977213   7.46491851 
5.02061867   12.33220146 
4.98066449   12.30393702 
4.93892091   12.32521971 
4.88377299   12.30772263 
4.99858014   7.70200283 
5.04335301   7.66654774 
7.13161119   14.98007600 
5.32234558   10.30897677 
1.70536680   12.43217865 
5.62857712   12.78006670 
5.36818090   10.34900624 
5.30243439   10.36575557 
4.98334595   7.65586076 
5.35517127   10.42402898 
4.49247819   10.28375336 
17.15213598   3.39116103 
16.55419151   4.06059429 
4.97613917   10.33821357 
4.92713653   10.29698419 
9.45177213   3.82164644 
9.90713945   4.29372722 
9.07117411   4.32055677 
10.11868168   3.62675560 
4.57612617   10.21035053 
3.32590482   6.63721996 
4.70842613   11.57341853 
4.71456312   11.67571744 
21.62427324   3.94932763 
21.51047218   19.11339513 
21.31021294   18.03294517 
5.66510607   10.40543132 
5.29129306   9.58809421 
5.32611421   9.63267878 
5.27332604   9.65197813 
5.35616346   9.58800867 
6.12842393   10.04578773 
6.04779207   10.03246898 
6.10361210   9.94800575 
5.98176469   9.96306501 
5.07576128   7.61681230 
5.01630944   7.60977264 
4.94644479   11.33001025 
4.88896745   11.30168495 
5.39351329   7.74752665 
5.31781215   7.75103005 
2.82156478   11.49827588 
2.38439767   11.50767331 
5.07344843   6.77810520 
5.16510839   6.88668872 
5.07472761   10.33147879 
5.11769576   10.29454586 
5.13502717   10.34512664 
25.30651119   6.95718332 
6.03542920   10.99823138 
5.94903093   11.08823434 
5.30414027   11.79482801 
5.26020182   11.74735484 
5.31641828   11.73256957 
5.23656427   11.80214377 
5.30884554   11.66110331 
5.39603071   11.70126720 
5.01675199   7.77052885 
5.38726768   11.62180398 
7.56866334   8.61798236 
7.94797419   8.66946974 
5.03419052   7.82108537 
29.18465586   11.44800217 
8.19129096   8.98094265 
8.60007132   8.85083076 
2.61723099   7.73667351 
4.10139250   8.26867104 
6.81348728   10.38134068 
6.65274363   10.26223349 
6.83868999   10.22973058 
13.15757359   14.13296745 
14.09602184   13.95771451 
13.51638651   14.84962285 
6.52650065   7.71052554 
6.49771657   7.49065765 
6.73319713   7.54644724 
13.35115847   13.40627784 
6.60218706   9.88708175 
6.49963467   9.79873988 
6.65683448   9.74486541 
6.55064076   9.63720084 
3.34354154   1.74873086 
3.30154405   2.53146983 
5.29966954   12.90380838 
5.19266222   12.87852134 
19.94548402   17.83069796 
20.36014353   19.01102119 
0.78964232   7.38561193 
5.11367805   12.96672765 
5.07992356   12.82453957 
4.98646501   12.93625887 
6.68502321   7.30629471 
6.12742666   4.04408560 
6.97055937   7.59129527 
3.28654772   17.46029563 
5.25511607   11.33624607 
6.47062105   7.26921105 
6.60387039   7.07064189 
25.57254888   13.94123073 
26.46473399   13.36874592 
6.37459010   7.10358523 
25.45373712   12.84738802 
5.24538906   7.35310007 
6.99849788   8.45761400 
7.20103957   8.33365651 
7.25510880   8.58928395 
5.29042955   6.87492735 
5.42041327   6.85101730 
5.36131619   6.95516717 
5.49111592   6.97231000 
3.26116742   3.75760948 
1.78131538   8.88583543 
5.39395374   7.19004825 
5.57713831   7.25153498 
5.30099832   7.17336601 
5.36798919   7.07248861 
5.79101912   11.84484593 
5.72649312   11.87928505 
5.71177704   11.80112121 
7.51378965   3.20496119 
5.47220812   11.57174581 
5.57312364   11.63491362 
5.47327920   11.65911744 
3.30794769   16.25690116 
5.56698400   11.53906420 
5.79200978   11.93121377 
5.21798591   6.75633868 
5.24061643   6.99758734 
5.53745429   11.27770263 
5.61166824   11.22945181 
5.35827653   10.85037413 
5.36465824   10.77374598 
5.43060417   10.82705188 
5.44529120   10.74999176 
1.15044215   8.01924750 
0.65050224   8.21986039 
7.64841308   15.93017024 
8.07367422   16.02816354 
8.06177560   15.52528648 
5.72539219   7.51941028 
5.84960989   7.49416027 
5.86881424   7.31982852 
4.85588122   4.95191860 
1.68802670   8.30930526 
6.18453812   12.75747321 
6.03160419   12.70443184 
5.88256124   12.76809486 
7.09407859   10.67989727 
7.13501655   10.91731730 
6.96807652   10.50557471 
6.76218575   10.54629851 
6.41776473   8.12282206 
6.22691542   8.11996973 
6.33403712   7.95745050 
6.13807921   7.95558118 
5.80608976   9.09949903 
6.01976389   7.69200663 
6.10999074   7.55133257 
6.18323042   7.70382124 
6.00522058   11.31460170 
5.99134195   11.20144182 
6.09829338   11.24180781 
5.99764190   11.40619599 
5.91981857   11.36146659 
4.85450929   15.04798033 
5.90195137   11.44433960 
4.85269659   12.08740884 
4.94652222   12.08678081 
5.06326434   10.27329773 
4.85881314   8.02862662 
4.90438985   8.04524030 
4.85941496   8.08916735 
6.85828118   11.10406841 
7.03240867   11.06234505 
6.96816077   11.21038631 
6.92577794   10.95671316 
5.53999931   10.98474601 
5.47059226   10.96093277 
5.52074270   10.91441844 
4.05400437   9.39988721 
7.86595218   15.13577637 
7.53654187   14.96852904 
5.47256951   11.02706229 
6.08751999   12.56002600 
5.94613740   12.50151386 
6.01154774   12.40676110 
5.23350258   12.98930702 
5.16409030   13.12423622 
5.92850401   12.61527993 
0.66654655   12.14369825 
6.05040389   7.26077635 
6.19982843   7.16229205 
6.18674622   7.37296333 
4.91377441   8.10835024 
5.29299499   9.04233015 
5.34982224   9.02982728 
5.33580523   9.10519264 
5.90189277   7.73981341 
5.87843242   7.63214197 
6.76684831   10.99574859 
6.65549796   11.11416787 
6.80099344   11.28504948 
6.63235641   10.93748799 
5.43400472   13.58170824 
5.37224895   13.81628575 
5.22669140   13.96113408 
4.83611959   11.34640118 
5.37868744   11.54457985 
5.44020973   11.48704034 
6.36373935   12.19389715 
6.33420670   12.06117027 
6.49170927   12.10321905 
4.88820720   9.41082046 
4.93093872   9.39923354 
4.91978495   9.44819857 
5.93577290   14.49246953 
5.33500011   9.52694664 
5.27675797   9.52619198 
3.73242467   9.51898557 
3.86694165   9.67968719 
5.88781203   9.58929631 
5.83555604   9.50603584 
5.95764169   9.47081422 
3.93555678   9.51593677 
5.83074556   9.41840182 
4.94912797   6.66704651 
4.83017714   6.76524326 
3.92687985   9.84538142 
3.19308113   6.30690177 
6.50181632   11.01102851 
6.52035068   10.87141288 
4.88633882   7.73017917 
4.94478580   7.70389311 
7.90911941   4.88591291 
6.47341472   10.27948981 
6.36225358   10.38565598 
6.32972749   10.25757571 
5.48815830   10.29253215 
5.47019825   10.37529228 
5.54355548   10.21520359 
4.85809759   10.87195400 
5.29766945   11.58224088 
5.25312390   11.69987059 
7.38620265   8.87547665 
5.09749194   7.65622268 
18.05592640   15.11665961 
6.52368170   10.41732689 
4.80087167   11.76767751 
6.21172346   10.23748524 
6.29607048   10.13553772 
7.29005607   14.00160574 
5.54823382   9.61729306 
5.47864346   9.56399872 
5.41264261   9.59612287 
6.98690932   11.40264378 
6.86667428   11.62558808 
6.94610022   11.86583335 
6.17555398   10.13365769 
6.02001189   10.74648117 
6.13301057   10.75617088 
6.06384258   10.83063220 
6.06490150   10.66047871 
5.40117890   9.53964013 
5.46370324   8.01993124 
5.38122475   8.02376253 
5.40040744   7.93831487 
6.10723492   10.91522198 
5.99606534   10.90182816 
8.19263878   16.96015300 
5.72144121   11.22823388 
5.07315977   7.27329925 
5.13063937   7.21477042 
5.14092428   7.29435119 
5.04816396   7.20872313 
6.36601009   12.49854042 
6.26519679   12.33278823 
5.19339817   7.32934374 
5.13966198   7.35274056 
6.23109368   10.74108675 
6.18212243   10.65137099 
6.18767747   10.85288712 
5.83198483   11.34317430 
5.80497389   11.24935526 
5.57910690   7.81615619 
5.59202036   7.89799729 
5.64061057   7.76733901 
6.29305686   8.89836341 
6.15198302   8.91603339 
6.22233448   8.80097080 
6.20996429   9.02368802 
5.63303321   8.43394958 
5.68072825   8.48420689 
5.59757039   8.48928913 
4.09089957   9.52752421 
6.29902517   7.55995655 
6.34584343   7.75875265 
24.55745311   6.17418789 
16.33696862   17.99022152 
15.42002284   18.36010832 
5.71066491   8.40486082 
5.40192764   9.38218689 
5.44392261   9.32190109 
5.47111288   9.37866143 
3.16133197   7.61521931 
4.95820745   7.91213747 
4.89427543   7.89036320 
4.94115748   7.87168115 
4.97558785   7.85438008 
5.38483113   9.31609393 
4.87543791   7.78919255 
5.77174654   11.66697346 
5.71218287   11.72137999 
5.67674991   11.64320765 
5.78604296   11.75205418 
5.90694972   8.59205594 
5.88802149   8.67833229 
5.82071889   8.62027455 
5.06739216   12.63093337 
5.10427698   12.57670681 
5.13186365   12.63147730 
5.97403348   8.67595548 
4.87046170   12.53999962 
4.90121208   12.50016142 
4.92092089   12.54447564 
10.19649675   3.02230062 
4.95958047   9.43009322 
4.87149169   10.33633076 
4.79932895   10.31669277 
4.85942063   10.26688775 
5.63301811   8.71379662 
5.63529776   8.80540050 
5.58302540   8.75526032 
3.24824639   5.97160888 
5.71202898   8.76550508 
5.44172648   8.33663789 
5.37410672   8.34865099 
5.39217880   8.29048702 
5.40804408   8.39689407 
5.26343048   11.18713166 
5.33468939   11.21278450 
5.31338223   11.28917710 
4.79619091   12.13069357 
4.79413454   12.04649602 
5.08809134   8.84058967 
4.10826822   11.53002204 
3.96483985   11.53336059 
6.01085727   10.58621475 
6.11387474   10.54160803 
5.92953209   10.68102647 
5.20631630   10.48275232 
5.19451268   10.53982648 
5.15063393   10.50469970 
5.25450841   10.52532682 
5.09342412   10.52148872 
5.11432842   10.47032664 
5.92735417   8.93564215 
6.31645397   11.93052807 
6.18108577   12.00740709 
3.86720877   11.71431623 
5.82556346   8.09727596 
5.74898881   8.13527631 
5.76535693   8.04666978 
5.83459824   8.18874863 
5.69446412   8.00351277 
5.78278602   7.94922055 
6.18131007   9.84074269 
6.35383618   9.82904049 
6.27184574   9.97298243 
5.92669244   8.24691582 
5.97248148   8.34768433 
5.67848376   8.18061497 
5.74048948   8.24312435 
6.24185217   9.73351070 
4.86061682   12.14802355 
5.67391934   10.70859845 
5.73687298   10.66619681 
5.72021169   10.76768711 
6.33117959   11.05457418 
6.47306453   11.18866097 
6.20802717   8.43524117 
6.31917589   8.51279077 
6.42651443   8.43528032 
7.27643413   9.44573971 
7.49343911   9.31836884 
7.50234971   9.52972814 
7.29640592   9.18776872 
7.69948143   9.62695536 
7.52361308   9.77809400 
7.75544261   9.88345951 
5.39965094   9.26348011 
5.46425679   9.26654470 
5.47752873   9.21100119 
5.52412579   9.26177007 
5.55338135   9.21321004 
6.40386010   9.69932929 
6.45261098   9.93399077 
6.15932987   8.70303056 
6.05992017   8.73040073 
6.08161805   8.63154438 
6.29184568   8.66345303 
6.37562503   8.77784795 
5.22392638   12.34454629 
5.28348044   12.38078804 
5.09909970   12.24507708 
5.05489182   12.21355198 
5.09332563   12.18242509 
5.89836732   10.34116718 
5.88545253   10.25596940 
5.97613638   10.25927804 
5.92051251   10.17219988 
6.84025552   9.66789479 
6.71397280   9.56292142 
5.03742864   12.27353180 
6.77270369   9.83004427 
5.71020192   10.33657846 
5.69887581   10.26447275 
5.68005696   10.17788838 
5.74902319   10.21627760 
5.74156309   10.12963270 
5.13661015   12.15398862 
6.45759472   8.89568428 
6.36946889   9.00341308 
5.00902292   12.21157328 
6.42238776   9.09213460 
6.29283475   9.09624410 
6.39330080   9.19680321 
4.86409683   9.88963003 
5.74553514   8.54949123 
5.75609267   8.47275653 
8.45184222   4.67614180 
6.18665024   9.14127653 
6.26421352   9.22174688 
5.37857702   7.80464969 
5.81480824   6.70149579 
5.97190292   6.65799993 
6.12700188   6.80577075 
6.04105460   7.02631311 
21.32274629   10.06626379 
21.28154431   11.51428188 
5.02298855   9.84078284 
4.98260195   9.80362316 
3.97946402   12.01080351 
4.01124935   11.86299840 
4.90638813   9.19730070 
5.65467659   10.64253585 
4.80380341   11.04401360 
5.81266404   10.72256730 
5.12963507   9.88483901 
5.17136982   9.91986627 
5.11614850   9.95777147 
5.18316551   9.96657382 
15.82603185   12.43330452 
15.10013242   12.55678098 
5.24428672   8.94803529 
5.18786460   8.92722764 
5.22554326   8.89897049 
4.76922221   11.96926982 
5.18118887   8.87092458 
21.93098248   5.03214811 
5.20795407   8.98675418 
4.70080717   12.03628504 
5.14201216   8.96311530 
5.13739154   12.08962475 
3.93790249   7.86128549 
4.13554469   7.93813709 
4.01095056   8.08799109 
5.70812689   5.60784696 
5.48203291   5.75779606 
18.96900388   11.50279960 
4.81697034   9.82488923 
4.79344545   9.74741201 
6.21371013   12.16817433 
9.10995567   15.67364573 
5.09799306   8.11090040 
5.14109858   8.15387400 
7.90226090   14.21808741 
5.14464760   10.02527451 
5.10183441   10.38257801 
5.10622089   8.69588755 
5.14589550   8.68886977 
5.08401198   8.96963744 
5.05080193   8.92484467 
5.09980486   8.90714289 
23.17715998   8.69815596 
5.04236809   8.97472943 
5.07345701   10.02523887 
3.91706442   3.68670562 
5.05846743   9.01679116 
16.53007767   10.60488674 
11.07893533   14.36343820 
11.42760949   14.81504473 
11.57114821   14.34926309 
4.89972383   11.23156521 
4.08389187   9.93559458 
4.26612582   9.87733523 
4.88518468   8.97550615 
5.07849839   9.91187242 
4.83944294   11.14592606 
4.77809994   11.12784919 
3.98126940   6.95957892 
4.13752168   7.08023457 
3.91783272   16.31476212 
4.21458682   6.90631402 
3.14962319   8.84293820 
3.39234270   8.96773662 
13.73452144   11.10397143 
14.11674202   10.31957241 
12.90567664   11.10042569 
11.94336206   17.05735410 
12.42606004   10.74096367 
5.32220339   9.89669257 
5.30861091   9.84344431 
5.37239168   9.85520189 
4.99842067   7.93683129 
6.00639154   7.42349100 
5.00012952   9.24792355 
4.99889635   9.29471458 
4.96237321   9.31421639 
5.05557632   7.94663097 
4.96961423   7.97500459 
4.99230640   9.35066213 
4.99491850   11.77733182 
4.23629872   6.33881692 
4.32151769   6.52972618 
3.96189265   6.04589054 
5.12169635   9.74542379 
5.14030279   9.68887125 
5.16076840   9.77294968 
4.85644975   10.72366656 
4.90474964   10.69148253 
4.85753713   10.67309299 
4.80650870   10.67970556 
5.08091525   7.12941698 
4.91712201   12.37407347 
4.84680649   12.37566051 
3.95137353   13.99307311 
7.83490984   6.58072788 
8.11361834   6.46779146 
5.78182859   10.84733758 
5.67647026   10.87478138 
5.63951494   10.78664115 
4.88945896   7.25217593 
4.79235372   7.30904677 
4.87853632   7.35194232 
4.95329056   7.32787005 
5.14225039   9.41827016 
5.10940073   9.43997228 
5.10892128   9.38719905 
5.51130990   9.15194773 
5.45125279   9.15904185 
5.01477672   12.42134606 
5.04707880   12.41205560 
4.72499737   9.54156394 
4.78356456   9.59435831 
4.79883958   9.52482271 
4.91928756   10.86788055 
4.96980583   10.90074231 
4.52436092   11.80856225 
3.42423000   3.25298089 
15.94839348   7.74154959 
15.00936465   7.53621678 
10.04876946   14.26724301 
15.71555289   14.59558835 
5.08767118   11.35164717 
7.92471562   2.82255757 
5.21211689   8.75507767 
5.16252743   8.76453789 
5.17763523   8.71751641 
5.19640454   8.81022961 
5.27195161   8.75210595 
5.04624776   8.25624904 
5.04433798   8.21347230 
5.08292144   8.23478509 
5.54697720   14.39009739 
5.07656382   8.28802509 
5.11337154   8.30962031 
3.45013693   16.74033593 
14.69719718   13.22644823 
13.93365793   13.05432847 
6.74137605   5.33711438 
6.92025058   5.58457731 
6.91440089   5.88187907 
15.28891233   19.33762655 
5.08647855   9.69103909 
5.05091945   9.70418089 
5.03788096   12.08976536 
20.82516843   4.82369867 
5.00346209   8.95755710 
3.35342482   8.65771028 
3.62868744   8.81516839 
5.02113463   11.58000783 
5.02593720   11.61568807 
14.84598762   14.26428447 
27.67519039   8.45891927 
5.01275155   9.01614439 
4.96913216   8.99086852 
8.66338784   13.92964354 
8.29234874   13.77917031 
8.59089415   13.56518279 
8.31035503   14.09527733 
8.52856479   13.27543618 
8.85471868   13.29503330 
8.73479768   12.98811605 
4.88567249   9.62839877 
4.92393179   9.66629161 
4.88455934   9.68290361 
5.01960375   10.82255634 
5.07022491   10.84243611 
4.21623878   8.12019606 
22.42325639   14.54052808 
8.63494764   14.28582941 
4.93818396   10.12913030 
4.80623550   7.80941636 
4.84113455   7.75655166 
4.78230854   7.74853262 
5.41559386   9.21038262 
4.48626817   7.67543146 
4.40077730   7.58452839 
4.51381179   7.53758749 
4.45596846   7.44001531 
4.94096547   9.14793514 
4.95381422   9.09115973 
4.72808418   7.74865815 
4.73447126   7.80771955 
4.75660156   7.87474569 
4.82590421   7.88018626 
4.99310096   7.25661232 
5.02773540   7.32286291 
5.08684390   7.34038631 
5.42898839   5.48629898 
4.33584959   8.58720072 
4.42596000   8.63092150 
15.91155534   0.70455469 
16.21336127   1.64123728 
4.43094782   8.53163268 
5.00440758   9.71704591 
5.32490780   8.72823632 
5.28435582   8.69777464 
4.32234659   7.50008124 
4.18308551   7.46140844 
3.83798943   3.05172330 
14.25679737   14.83131674 
15.39604119   13.76162455 
8.90676945   4.86604848 
8.54536420   5.15095465 
5.10705233   8.05807067 
5.06774939   8.06596152 
4.48957248   5.48814678 
4.80451979   5.58334478 
4.57716398   5.85072004 
4.94524741   10.39139267 
4.96429934   10.42673880 
4.91480809   10.45157424 
4.92955161   12.15921864 
4.98804560   12.16715205 
4.96316129   12.20578730 
4.90262105   12.10751171 
10.61205666   6.61847079 
3.83734570   16.94840120 
5.07675024   9.63237587 
5.11220748   9.65379228 
5.12131381   9.60820109 
5.16728866   10.78668626 
5.17024681   10.83477052 
14.49962125   0.75522417 
5.16684425   11.92610970 
5.17650993   11.87501538 
4.94380301   8.01544320 
4.90072572   7.96415709 
5.02319921   7.98786680 
5.12513871   10.86472744 
4.02825595   9.66068110 
5.97872940   9.04111620 
4.21712826   11.46492487 
4.07649664   11.37007596 
4.23438923   11.33468163 
14.81856353   8.64728213 
5.03709572   9.38030169 
5.02819012   9.41916708 
4.98597696   9.39633768 
15.90874754   4.68609176 
7.37309602   13.54593004 
7.59997124   13.25301421 
7.90598469   13.13903840 
4.54155719   12.03266683 
4.62047032   12.07061717 
4.89681587   9.58166447 
4.84337736   9.58262406 
4.76882526   10.08237756 
4.83098862   9.64201201 
5.00057775   11.13890203 
4.97247292   11.09748735 
4.74931235   11.80533001 
4.74877556   11.74019043 
4.65143629   11.06191676 
4.59222741   11.12867742 
4.66359026   11.16208236 
4.90879080   9.06306255 
4.96128470   9.03560481 
4.78921198   9.09011719 
4.72424239   9.15261748 
4.86387244   11.39722078 
4.89541804   11.35703067 
4.92839609   11.39309343 
5.00181030   10.62828744 
5.22778966   11.92863960 
5.22383348   11.85929411 
5.29241966   11.86852522 
4.56886106   9.05637984 
4.37713972   10.87713913 
4.45699338   10.93874557 
5.28548195   8.19605242 
5.84301713   6.04990540 
4.83568313   8.81765272 
4.91082160   8.80756793 
3.90118646   11.36995503 
29.33288258   8.69717507 
4.41453149   12.03703232 
21.98636566   8.94468968 
4.67081405   11.33441894 
4.60975658   11.28103806 
5.18592859   12.05917552 
5.17706276   12.11678483 
22.77783967   10.04291248 
5.58363708   12.52526263 
8.42879102   12.73298496 
8.50157648   12.37296216 
8.70836006   12.61038280 
4.91545148   8.20960079 
4.27652217   12.08577930 
4.30096173   12.23470408 
5.26489265   9.47258402 
5.22794746   9.51314702 
5.27548200   9.88350268 
5.24547443   9.84097210 
4.97383025   14.17981586 
25.02977024   9.61571005 
4.78470009   7.94487245 
4.71042263   7.94153371 
4.87033303   12.20137126 
16.08853220   18.89769027 
8.88737293   3.65426644 
6.57967232   9.45292085 
6.75572105   9.41182233 
5.03764805   10.95982614 
5.13483417   7.61841785 
5.17495341   7.58015235 
4.71159233   11.12213610 
5.25693700   8.99763512 
5.31607910   9.47019090 
5.23699098   9.04882366 
11.18392801   15.51577715 
19.12559180   3.13483453 
5.03471727   8.63475052 
4.98779125   8.67499123 
5.12702143   8.73205528 
5.16198934   12.28744588 
5.14731673   12.34653951 
5.10070969   12.30311555 
5.09549012   12.34816596 
4.71903130   8.16498616 
4.67102880   8.24268270 
4.60144263   8.15934614 
4.57205024   8.24654756 
5.04219778   8.58419553 
5.00991215   8.59477049 
4.97459013   8.61824356 
5.83992637   8.27195671 
5.90863601   8.12084901 
6.01410402   8.15592532 
4.89298918   8.58161446 
4.32328411   11.93331920 
4.15197147   11.99226474 
4.33108673   3.20776282 
4.43855549   12.70694544 
4.33175402   16.79597038 
9.54009344   13.94678202 
5.21914927   10.12802424 
5.20004279   10.06719711 
5.26686529   10.08462128 
5.24624519   10.02878706 
4.58122207   6.53737680 
4.39959350   6.73896645 
5.20867460   7.85790397 
5.17300168   7.91440937 
4.64633213   6.78922565 
4.18699158   5.77243739 
5.08258942   11.30513603 
5.28544224   10.79591323 
16.81282586   0.94382137 
8.76189736   7.23113337 
8.83383704   6.69142564 
4.33956113   12.85989253 
5.00366823   11.72524501 
5.21898402   11.14561532 
5.15233683   11.16153350 
5.20447572   11.20032023 
4.98801498   11.68092158 
11.32239382   10.90271524 
11.09388320   10.22506966 
7.86033826   11.99521092 
4.31728439   8.47839303 
7.51417951   12.09086542 
3.85939889   9.32126234 
7.75156181   12.30075224 
4.99078005   10.20896379 
5.10549579   8.39481881 
5.07571701   8.33843789 
5.13623721   8.35267343 
8.10918257   5.35142638 
4.63420325   9.03248939 
4.62976457   9.11231009 
5.15762535   10.73222177 
5.21591574   10.76055503 
5.19880118   10.69414600 
4.93762571   9.71521729 
11.45696049   6.99840128 
12.45100748   7.25442681 
5.36979492   8.95638289 
5.30093659   8.97999247 
5.29178366   8.90574408 
5.51139186   9.93962130 
5.13736739   9.56660626 
5.07860754   9.58064034 
5.09211816   9.53246330 
22.54110621   13.19130141 
4.48677388   8.11180854 
5.10534422   11.25192991 
12.33889391   16.34814614 
5.42922964   7.86315030 
5.49159057   7.94288817 
5.51545915   7.84030735 
5.14554325   11.22591091 
8.54976123   5.67893809 
8.74009467   6.20157968 
9.26431585   6.31783725 
4.59811441   11.20795571 
5.19318746   9.87233775 
5.20176628   9.80269105 
5.15146601   9.82912388 
4.58245465   7.65074526 
5.28731100   9.79722959 
9.12378372   13.16503898 
9.06014353   12.73156591 
9.55161608   12.84800215 
5.18882471   9.54826608 
5.18672857   9.50222004 
5.23300091   7.62266960 
5.21224969   7.67782120 
3.88258226   8.80608106 
5.14453203   9.51820658 
4.55871253   14.18896251 
5.45696525   8.95940775 
5.42287726   9.02305325 
5.06766065   9.41526191 
8.57918480   10.61958312 
8.23049426   10.68691136 
4.78726500   12.38556393 
4.74675622   12.33855806 
4.77746752   10.24305839 
4.71584470   10.28950806 
4.66121642   10.23303249 
4.61478009   10.30963615 
5.18939056   8.45204121 
5.15601138   8.48482365 
5.13533493   8.44490228 
5.19982801   8.50776209 
11.14445044   13.94734639 
5.07638111   9.46053425 
9.52244264   7.40054005 
4.97662692   9.99399954 
4.75094604   9.84540862 
4.79876410   9.89233692 
5.18638226   9.41707882 
5.15505121   9.46924569 
6.88824414   9.48243972 
4.76389429   9.22303356 
19.10568486   16.26633759 
4.65046527   12.44309223 
4.66228476   12.34602459 
4.73107560   12.40837381 
5.03686375   12.15688931 
8.11798236   12.84428024 
8.31214711   13.07327849 
5.25046761   11.01966579 
5.23328877   11.08696746 
4.83775392   9.70804344 
4.78520969   9.28991861 
5.80293036   14.17085711 
4.32831436   11.25619774 
4.34385085   11.41037111 
4.45785299   11.47093518 
7.46289120   12.35605283 
7.47474596   12.70014615 
5.22184247   7.25556685 
3.96996969   9.12132279 
5.08609399   12.39664568 
5.07430802   12.44917136 
4.62749896   9.64550935 
4.76095004   9.36276705 
6.58913105   5.14436261 
5.05498210   9.07017763 
4.83631412   9.39405923 
4.86084577   9.44648682 
4.27812245   8.88161596 
4.70768545   12.28044973 
5.08091758   8.56534468 
5.07956480   8.53044032 
5.10937058   8.54165516 
4.86511297   7.84080418 
5.12619551   7.01899165 
5.02311516   7.04168113 
4.27076281   8.27010529 
4.32761414   8.36746781 
8.25070054   5.04708874 
5.12715729   11.00294545 
4.88607219   9.35611606 
5.14296178   11.28365794 
5.02987359   8.06896091 
5.04121262   8.02636751 
4.99332932   8.03359169 
4.55839833   9.55800409 
4.34332881   9.51068446 
5.77776808   13.92088565 
5.60456741   13.76828006 
5.90543394   13.69589124 
4.63335080   11.99985279 
5.68850347   13.53904592 
13.98116438   8.95897484 
14.09927428   8.05594732 
17.58346773   15.77146505 
13.47856008   8.42928298 
5.21905828   12.01551680 
4.99680349   11.63889348 
5.67310596   6.65632864 
6.80656702   13.63264416 
16.92496515   19.00996966 
12.04259213   15.33537459 
12.03569206   14.57731901 
4.94591112   11.13778571 
5.05565991   8.88213754 
4.84077678   9.48902816 
4.89068656   10.39789249 
4.82464278   10.37996851 
14.04669231   7.22708840 
6.59796866   13.83403971 
9.04958271   13.65199832 
4.94601058   9.35383527 
4.09919239   7.75422202 
5.87300708   8.84701594 
5.77444346   8.84356615 
4.80163620   8.27084722 
4.74166864   8.23862266 
4.80636888   8.32635258 
4.74038521   8.30914532 
5.28526316   11.93008140 
4.60059754   12.31643066 
5.07418205   10.18108459 
5.09903973   10.23413458 
5.04714677   10.22183484 
11.71073097   15.82916057 
4.50155410   11.13853256 
5.08817627   12.11946490 
10.41596098   4.79732404 
9.96622194   5.23460811 
5.63390368   9.58743758 
5.69277605   9.62379480 
5.61918046   9.66096832 
5.14586302   7.68013672 
4.90541530   8.30166870 
4.94379886   8.33800510 
4.89725674   8.35655287 
7.89283314   6.27008670 
8.23312679   6.12932719 
4.95622815   8.82124471 
5.19944225   8.55439939 
5.25636159   8.54775437 
9.95804792   4.70921689 
9.46558893   4.87162787 
4.85327976   8.31201960 
4.94225905   8.29975166 
5.52320301   14.02722185 
4.91460816   8.54173957 
4.93942342   8.57981941 
4.92700994   8.25742820 
4.97670699   8.57753491 
5.11775845   11.43226266 
5.13257971   11.47970583 
5.13536096   10.68142454 
5.10870050   10.62774660 
5.01700515   10.02228131 
29.04188739   9.56664733 
5.02973174   10.58470662 
5.07028374   10.59593550 
5.05353279   10.62919825 
5.21229928   9.46173357 
4.86209911   8.55277819 
4.88327293   8.49968117 
6.03005816   13.96377287 
6.32013171   13.91409893 
6.22239620   14.10107667 
5.19740911   7.12682215 
5.38924477   11.16869595 
3.99721168   8.94414149 
5.29173477   9.42567470 
5.24634273   9.41096915 
5.98343244   8.81154492 
6.03960514   8.91799789 
6.08113975   9.00591140 
5.22801173   8.15758419 
7.36899154   12.98700372 
7.23877945   13.23368841 
7.93011297   9.73189207 
7.95906533   9.49225828 
5.25020184   9.77397684 
7.72050350   9.33112890 
5.72274381   8.93267221 
4.97944276   10.58708769 
6.07440008   12.14007075 
4.86025370   8.72239840 
8.22578243   9.67033797 
4.73503690   12.10672232 
8.20722036   9.33827533 
5.11756415   10.94903336 
5.13633087   10.90838460 
5.16118047   10.94834536 
5.55011997   9.09238608 
5.57779093   9.15269088 
6.08430451   13.55344268 
5.51272808   9.02466003 
5.59524180   9.02899274 
5.55038573   8.96223599 
5.14344217   8.81988563 
5.35081205   9.19457503 
5.33848918   9.27138332 
5.48533484   6.59506075 
5.65469124   6.46562457 
5.83021988   10.39303059 
5.79597629   10.47256816 
5.75159567   10.39848147 
5.28583736   14.20749990 
4.43324379   14.54115586 
4.16862074   14.24995715 
5.90158297   10.45977313 
14.07378377   2.39103091 
5.64225161   8.95717453 
4.79919348   10.82751344 
6.22323661   10.56085559 
6.19945639   10.46974551 
6.29411202   10.49352750 
5.64660431   6.94387949 
6.42245963   10.54418800 
4.97700009   9.58452374 
5.39490577   8.23054842 
5.34346505   8.20092879 
5.39198661   8.16321935 
5.45829288   7.78256439 
4.75561286   9.94469833 
5.69410244   9.70170328 
6.68605920   12.74090247 
6.94635820   12.71122352 
6.60989683   12.93540914 
5.45192012   8.10662106 
5.53334716   8.14309219 
5.46254960   8.18921723 
4.46411210   7.81459198 
4.37847673   7.70729573 
5.36557859   8.09589806 
5.12673268   8.58046959 
5.64210088   8.88039833 
5.70297506   8.84699734 
5.58253609   8.90838751 
5.06220716   11.58484727 
5.18106824   11.97369143 
4.86546183   9.53552969 
4.88703291   9.49123954 
4.91805206   9.53822577 
4.98972308   12.11863515 
5.77202829   8.33904985 
5.69162465   8.32230629 
5.62908663   8.26649452 
6.32191096   9.59617822 
6.17404728   9.62759750 
6.22313086   9.48536076 
6.10624238   9.52168430 
4.73339249   12.49487558 
4.64243218   12.55891967 
7.61461572   12.96386412 
6.44987017   9.56442821 
4.93395771   9.82843949 
5.48090079   8.40395254 
5.53347323   8.32488227 
5.22602509   9.31150891 
5.23232524   9.24653289 
5.28611288   9.29274399 
4.77005785   13.95441894 
5.18231752   9.27207019 
5.33733406   9.33901437 
4.58759635   9.71948334 
5.81671997   11.51596495 
5.93188292   11.55718913 
5.85180999   11.61149617 
5.86747987   11.70447044 
5.13596106   9.23572937 
5.08124097   9.20101869 
5.20771857   9.36598982 
5.17170022   9.32344644 
6.88620456   9.30017774 
7.04599607   9.16151085 
7.07650373   9.36708324 
6.85875496   9.12782142 
7.20034927   12.77304480 
7.05680716   9.58473878 
7.30178341   9.67856584 
4.93773524   9.57290830 
6.27825993   11.38991972 
6.39519980   11.31408255 
6.40738877   11.43330341 
6.51723147   11.36576679 
6.01053608   9.83298765 
5.88969930   9.89816026 
5.08130837   10.42756946 
5.03658223   10.42206591 
5.87601641   9.79727588 
5.91826360   9.70498208 
6.48955712   11.68800861 
6.58309497   11.83441183 
6.37415212   11.79422304 
4.08197542   7.58232890 
6.65129682   11.65797432 
4.94980784   8.06569728 
6.02316840   9.62120214 
6.10595751   9.72880526 
4.24779189   7.64675912 
7.08548762   12.99826460 
5.33390544   9.40744058 
5.37761901   9.46333915 
5.46007864   9.43840223 
4.99113323   7.37652546 
5.04286815   7.38718528 
6.03560610   11.51150906 
6.18275812   11.50037522 
6.14033468   11.62265324 
6.12561290   11.39906302 
6.22725519   11.72487060 
6.08099033   11.77078467 
6.21308258   11.85389774 
6.35871966   9.30219965 
6.24444114   9.34478982 
6.09986026   9.38590055 
5.02640870   8.34373233 
4.98385330   8.31508625 
5.02817529   8.29243140 
5.73312324   9.47334269 
5.64658810   9.38781627 
5.74422572   9.38108362 
5.70403918   9.28653548 
4.98883661   8.36452186 
4.95438565   12.59927014 
5.01994112   12.59195467 
5.00121694   12.65273293 
5.97848455   9.35716237 
5.18676043   10.99171610 
4.82970699   8.50585949 
4.83841952   8.44101259 
4.84561841   8.36824787 
5.25893143   9.70986950 
4.74844646   12.59721651 
5.33309625   8.25051747 
5.32121735   8.31610845 
7.55457026   6.59950583 
5.02647982   13.04686777 
4.98104138   13.18360003 
4.27853316   10.95788175 
4.28144719   11.10527392 
4.39513141   11.02872150 
5.19622991   10.01621715 
5.17066327   10.23033930 
4.92521924   10.34931900 
5.15499766   10.26924477 
5.34288088   10.64253483 
5.31077140   10.57549916 
5.27695042   10.64847369 
5.11897063   9.33953512 
5.15463137   9.37626451 
8.99532589   15.13493424 
5.58335268   11.39173114 
5.61926437   11.46707683 
5.59614392   11.32119080 
4.56711947   12.47367250 
5.13291472   9.17745538 
5.02705672   8.42377361 
4.99525554   8.40598870 
5.03978711   8.38485398 
6.35607784   7.39498034 
6.30644821   7.24910646 
6.00380279   14.23069541 
4.77301433   11.55950284 
6.60553144   11.98969354 
6.45564402   11.94911332 
6.67594890   7.77855809 
4.82885089   9.34259001 
6.84051667   7.79078551 
5.42720156   10.32512495 
5.40342643   10.39544333 
5.06870813   11.43141465 
5.05355397   12.36416810 
6.84381694   14.25595414 
5.89784676   9.10430283 
5.84578469   9.19925478 
6.59414052   8.42129405 
7.57856571   10.00946023 
4.87937708   8.77135905 
6.88741298   7.99592340 
6.80275162   8.14711955 
6.70189686   7.96933122 
7.00804750   8.16805061 
14.38021377   11.54132130 
13.64279486   11.89633324 
6.61472735   8.19949277 
9.09363686   9.61656953 
6.25440035   12.60612808 
6.21651699   12.47989742 
14.32288085   12.36902662 
3.95528493   10.99285527 
4.08037910   10.85317610 
3.90716931   10.83234011 
5.17967342   7.63276940 
4.71409419   9.28667089 
5.15438598   10.46345862 
5.18796847   10.41969657 
5.12962775   10.42864455 
5.87706038   11.17385038 
6.07535439   11.10681646 
5.73213378   9.17482080 
5.89861477   11.27763495 
4.96935008   8.42762884 
7.00692285   10.12334094 
7.01044539   10.30784531 
6.81471711   10.07663921 
4.92885433   12.42451080 
4.68219739   10.35345640 
4.71433809   10.42465057 
4.75271028   10.36816607 
5.14562501   11.57332494 
5.10540760   11.56007715 
5.18960888   10.36150964 
5.14930982   10.38966119 
6.04331576   10.14182379 
5.95296018   10.07923908 
17.40107922   18.10086647 
5.87571950   9.99979070 
4.38396124   11.15603287 
4.44625912   11.23412708 
4.72515381   8.37339963 
4.78524531   8.37466408 
4.76910891   6.05002241 
4.55358689   6.11609926 
4.74789962   6.31717971 
5.14817526   8.90580369 
6.18186146   11.00888764 
6.28299311   10.91968070 
6.40055708   10.89781765 
4.28267317   6.10591524 
6.19563358   11.14343960 
5.18541530   7.72322773 
6.62770840   11.28312849 
4.59738681   7.45661097 
4.71946915   7.50469163 
8.27046955   10.47319017 
7.77020753   5.58821275 
8.11091980   5.78113738 
8.48807088   10.28258102 
8.02347765   10.82679142 
4.68198150   8.01916623 
4.59140702   8.04335253 
7.92191569   11.11809367 
5.23323038   12.40637877 
5.20680055   12.45893441 
4.90714725   10.50086601 
5.12140430   12.52850327 
5.07877540   12.53400173 
5.09947385   12.48948886 
4.76113226   10.47631558 
4.77942979   10.42355495 
5.26629365   12.46562163 
4.81636123   10.56811149 
4.87911497   10.57962108 
4.91672090   10.53922697 
4.93628106   10.58718924 
5.53980221   9.69196019 
5.54639617   9.78463058 
4.95183902   6.44559476 
4.99144715   6.14071966 
5.12603971   6.36955753 
4.95472974   8.64747005 
5.06293364   12.31793308 
5.27435540   6.22021464 
4.88428307   11.52924327 
4.90628175   11.49455098 
4.92161739   11.53425856 
5.16484609   10.59578834 
5.10745602   10.57483717 
6.97729274   10.82353531 
4.92011914   9.00714003 
4.67158905   8.09402628 
4.65044440   9.18456599 
4.57810431   9.17916773 
6.82449275   8.61647736 
6.66567475   8.57079970 
6.77637932   8.47554075 
4.62349144   9.25722955 
5.06664558   10.55771848 
5.66763373   10.97385116 
5.62112188   11.04172339 
5.21670084   10.94796608 
5.74053074   10.95569053 
4.89384281   11.57090749 
4.24786627   13.95070773 
6.72179625   9.95086601 
6.86103289   9.92781402 
5.20848651   11.74223497 
5.88746764   10.87754680 
5.46172707   8.26607764 
5.05776110   12.57490068 
4.93789089   11.43628902 
4.92899031   11.46733468 
4.89457540   11.44701218 
5.56784667   10.28552309 
5.61901695   10.23796768 
5.23576213   9.61518992 
5.23263775   9.56477300 
5.21139732   12.50706098 
7.15580109   9.81838514 
6.95464968   9.80148537 
5.80541088   12.51216144 
5.81779039   12.64545157 
5.43247136   8.47161534 
4.71270277   7.38617804 
6.23972756   6.96100785 
5.56073159   11.13070689 
5.89926426   9.36683041 
5.50216218   8.48695192 
5.14258008   11.52579336 
5.56208055   8.41717690 
4.82681012   13.22449670 
4.91577879   13.37388428 
12.39434017   9.17368466 
13.21739641   9.14052799 
8.66272563   10.06072499 
8.94138063   9.93686425 
8.64490554   9.71923723 
5.53782751   11.05505106 
5.49471525   11.09101673 
7.24230601   7.60126488 
6.73621615   11.94642588 
6.75838599   11.79558704 
6.84719110   12.05100414 
4.08361961   10.70039242 
4.20862339   10.54925755 
8.12592031   10.25113551 
8.35731143   9.99525717 
8.02837756   9.95297341 
5.61647497   9.74171234 
4.84641891   7.93293761 
7.66204274   8.85714659 
7.56618889   9.09815676 
7.84442862   9.02703994 
7.17123731   8.98428208 
7.18377156   8.79371611 
6.98864351   8.92923827 
5.12988141   8.86387191 
5.47034200   8.70228236 
5.46172750   8.76732463 
5.80022467   9.93667345 
5.75099210   10.02655583 
5.42774073   11.09692353 
5.77702444   9.84960097 
5.61302132   7.69245560 
5.54251456   7.73908775 
12.69519228   14.78963567 
5.93687733   10.56041360 
6.00910071   10.48754696 
6.68505069   11.45164900 
5.49334440   8.83018876 
5.43150985   8.80435095 
5.81293419   8.73704734 
5.71350529   8.64622251 
5.43374526   8.87146716 
4.80958692   12.52593381 
4.83672165   12.59884543 
5.24085034   7.73267530 
6.57531978   10.59527931 
6.45329684   10.73167994 
4.89335676   12.58853177 
5.07194897   11.54026203 
4.31075885   7.10168140 
5.87271360   11.80746502 
5.87019946   11.90149835 
4.93554345   11.67752066 
6.32661748   10.64802595 
5.01245854   9.76500435 
4.96215402   9.75490184 
5.18741203   9.20805130 
5.23189792   9.17314281 
5.16567143   9.13304932 
5.23245322   9.11450648 
5.10681402   8.49541910 
9.37424834   11.80854409 
9.93600941   11.56126729 
9.89227273   12.23317225 
16.94558820   17.29337772 
5.59401756   9.29184682 
5.63551518   9.21000354 
5.52230866   8.07340417 
5.58150764   8.09510101 
5.58106515   8.00227533 
6.02086945   9.28679714 
5.05199756   12.71337146 
5.15147227   12.71651061 
4.83440658   10.62454868 
4.89651130   10.62960881 
6.12843939   9.23751691 
18.43674698   4.15739809 
5.18122134   9.60492870 
5.28065640   7.09805580 
9.58350646   14.40563179 
6.20159646   8.57057682 
6.47301233   8.61550131 
7.01550942   8.68714818 
6.83074639   8.79608873 
4.94640878   9.97143093 
6.79909070   8.31151862 
5.18659267   11.82296223 
5.46051299   9.08636692 
5.18027549   11.77980703 
5.69179251   9.78424966 
6.31370594   10.79852968 
6.81448890   8.95410050 
5.52037544   8.76205212 
5.59496638   10.14450304 
5.56680092   8.83175791 
5.39619062   10.27617525 
5.22974807   9.91183134 
5.37566630   8.81502522 
5.42404486   10.45212913 
5.11797438   9.84326417 
5.33430416   8.15448790 
5.83331361   10.58750666 
6.65589887   10.43711473 
7.17204320   11.20091210 
3.71909853   10.80709811 
4.86045953   11.49518389 
4.78443299   6.58694445 
5.31846386   10.49200179 
5.38396497   10.52765096 
5.32890392   9.69089034 
5.33313406   8.77139887 
7.07408481   7.86315783 
8.57154085   7.64710396 
5.35712512   12.08358898 
9.93573425   9.87040815 
5.67047073   10.09408244 
10.38657257   9.48359608 
4.80418757   12.68443240 
7.25559215   10.44014217 
12.32452539   11.36934103 
11.87041466   10.95621342 
7.32206627   13.77307994 
5.52330658   13.43825236 
10.12474387   12.78494620 
10.64809325   12.38676718 
6.08075281   12.27122252 
5.38841691   10.72927579 
5.33601210   10.70555577 
5.60314951   10.71786984 
5.52896593   10.73129738 
5.51858718   11.44866588 
5.42215036   11.39385294 
4.84759263   7.63287278 
7.29345495   8.06736436 
6.10547033   10.41496227 
6.00722564   10.37617878 
5.63295018   11.74493729 
5.64683389   11.86579095 
5.52961350   9.86186609 
5.44950206   9.86990608 
4.97788542   8.26933521 
6.52230225   8.77945621 
6.64466392   8.89171339 
6.88523617   7.07901319 
6.66014873   8.71167279 
6.54097494   9.01436406 
5.55716302   8.55586118 
5.71618439   11.48288416 
12.22924290   11.99862521 
4.57986568   7.32790927 
4.45592216   6.30397103 
4.52577987   7.16717089 
5.44700477   9.49942473 
5.24128874   8.80010543 
5.43553148   10.89685502 
5.37616744   11.79099347 
6.10194450   10.26832922 
5.50441995   11.34974130 
7.03744666   13.44333938 
5.89136638   7.14706319 
5.61016663   11.96927588 
7.34524583   11.42286362 
4.34653286   10.24764985 
5.54530465   6.79872228 
5.37555893   6.75229371 
5.51032239   10.83068140 
4.96679712   7.15474265 
5.29004340   9.15561144 
4.65159481   8.33744838 
4.60032411   8.42621734 
5.70905469   11.95162990 
7.16721573   5.68542439 
5.96745379   11.87975768 
5.10631463   9.48924569 
5.36856040   10.48140241 
5.28828011   9.22233158 
5.60723881   8.62489254 
5.54701242   8.68549874 
5.28500858   8.11634088 
4.33221892   11.55897299 
8.77663012   9.29586191 
6.58053645   10.06245419 
5.85191061   8.51589855 
5.57587770   10.79393218 
5.12811986   12.38701892 
5.23637760   10.58617313 
5.22561901   12.28077932 
6.41741655   12.73470338 
5.42384936   10.56511922 
5.05973944   8.42270468 
5.08746669   8.44896787 
5.40371537   8.91534789 
5.36246405   8.88130752 
5.72645260   10.56828548 
5.70698131   10.48689146 
4.95110952   12.66054863 
4.89429048   12.65695848 
4.69439479   9.22066114 
4.96247565   12.72031934 
6.30628610   11.21839850 
5.38899128   9.08191569 
5.76845768   9.57832418 
5.82378479   9.65441942 
5.55524916   11.72935457 
5.89770438   12.41334084 
5.93026077   12.28574082 
5.23938131   8.85164201 
5.26531300   10.72002951 
5.57489772   12.15388237 
5.24551626   11.52968307 
5.11319402   9.09028258 
4.98496826   9.17002477 
5.11208668   6.59212070 
5.29442506   6.46486905 
9.28889720   12.33234535 
5.33680808   12.42767651 
4.99956428   9.06728209 
5.15192530   9.64660032 
7.03100074   12.09215264 
5.96185747   10.80386067 
5.48242183   8.64248949 
5.21348122   10.64133890 
7.14920704   11.42177461 
10.04124584   10.49659863 
5.24461800   7.56079816 
7.52605534   7.79011332 
5.24134423   10.37671962 
5.24995974   10.42551466 
5.24081727   10.67593891 
4.62266519   11.63197602 
6.29367106   6.19368821 
5.03601604   8.84689768 
5.33386219   12.51165283 
4.87176190   12.75950195 
5.83481717   7.83821836 
5.52993128   8.61419786 
4.96188842   12.81941878 
5.65400662   11.55666796 
5.74160931   11.57473022 
5.30007877   8.82387787 
10.50227809   10.08515307 
5.16309475   10.64751333 
5.17911803   10.31399268 
5.81664636   8.41692386 
5.92832508   8.42610432 
5.22344546   13.31178134 
5.13972626   10.08837781 
5.87648714   8.34252466 
5.34307017   11.82738119 
5.10753432   13.45243691 
5.07860618   13.27906743 
4.45688710   6.95739907 
5.58746117   10.85697791 
5.60183903   10.94141292 
5.17987714   10.10346196 
5.07312360   8.47620331 
6.12691109   12.40872256 
5.08305614   11.46572963 
8.67416629   7.98641629 
5.47484839   6.37456480 
5.09851040   11.51213087 
6.10912016   7.81338678 
6.40762578   10.05364588 
4.51240161   8.47871898 
10.59062352   12.89713629 
6.43706527   10.16326431 
5.31332020   8.04574059 
5.98412137   7.85367138 
5.98960476   8.01111022 
5.89557166   7.92558305 
5.30086506   9.75045563 
5.86125314   8.02511810 
9.04325585   10.65894292 
6.19659686   11.28548425 
12.83366462   8.45412598 
5.16615204   8.39838758 
4.93977850   7.40710135 
4.91993529   7.46001975 
5.15282379   8.53660210 
9.17573743   7.32064032 
4.65074758   9.55742223 
6.53803045   9.15479385 
6.69160821   9.06488856 
6.68758165   9.25311952 
4.48629107   11.02744468 
5.07659035   10.47609879 
4.89215547   7.04857332 
5.14083607   10.55034539 
5.51902294   9.49560760 
5.55977397   9.55274336 
5.61789904   9.49365584 
4.61749884   9.51175542 
6.10110173   8.08761980 
4.81322388   7.38698985 
5.97278429   7.54188497 
5.10376319   10.05554534 
6.07883217   11.89698134 
5.29388534   6.63769588 
6.11758975   8.49431425 
5.98910644   8.53368343 
8.45687172   9.45904478 
8.43908076   9.17727379 
5.26060863   10.47570806 
5.30108644   10.43245580 
5.27747793   9.09250974 
5.65025510   8.55758831 
6.23064844   10.35269395 
5.96184537   11.76943890 
5.98142132   11.64964880 
5.78241381   12.01277564 
5.51883716   12.10286861 
5.05217126   7.43275832 
5.51668752   9.32705833 
5.57778581   9.35653402 
5.54378460   9.41119359 
5.81466243   9.31230411 
6.43966440   7.86163217 
6.51428728   7.99773827 
6.57763320   7.87570092 
6.22165389   7.84585981 
5.51259157   8.89479336 
6.10092097   8.81967560 
5.90918605   8.75412667 
5.68912165   9.54737995 
6.28673352   12.85231951 
5.79067185   9.73646573 
5.91478709   9.27546953 
5.75371878   9.66302881 
5.54552853   8.22469300 
6.82534575   11.42930249 
5.42775303   11.77229606 
6.39228313   9.43601419 
5.10468776   12.67538973 
6.33397699   11.57873109 
5.30687251   10.75278848 
5.66508546   8.09002295 
6.09461651   9.10457423 
5.98277597   9.17793634 
5.62568536   8.36141035 
5.14721361   11.65283725 
5.60573179   8.16671043 
6.51497661   11.52377631 
5.49372916   11.51215437 
5.27873807   9.36423748 
5.16721165   12.78842844 
5.47251248   11.96294861 
5.64313612   9.10965816 
5.77219702   9.25045084 
5.41630997   8.06031580 
5.26696365   13.47778680 
6.49159800   9.29930854 
5.80108853   10.29638882 
5.40049470   9.13957912 
6.00637672   9.71196110 
5.83967487   10.10158219 
9.68165223   10.21122730 
7.97857141   9.22539499 
4.18504846   12.31033855 
5.87422527   10.78564919 
5.82472767   10.19600959 
7.27629617   7.82742078 
5.58266085   11.89549430 
6.41357095   7.64718811 
6.53501667   10.19088251 
5.00771025   12.77185227 
