BCnode   BCtype
176   4
outBCNode	outBCNum
1	1
151	1
150	1
149	1
148	1
147	1
146	1
145	1
144	1
143	1
142	1
141	1
140	1
139	1
138	1
137	1
136	1
135	1
134	1
133	1
132	1
131	1
130	1
129	1
128	1
127	1
126	1
125	1
124	1
123	1
122	1
121	1
2	1
67	3
66	3
65	3
64	3
63	3
62	3
61	3
60	3
59	3
58	3
57	3
56	3
55	3
54	3
53	3
52	3
51	3
50	3
49	3
3	2
100	2
99	2
98	2
97	2
96	2
95	2
94	2
93	2
92	2
91	2
90	2
89	2
88	2
87	2
86	2
85	2
84	2
83	2
82	2
81	2
80	2
79	2
78	2
77	2
76	2
75	2
74	2
73	2
72	2
71	2
70	2
4	2
170	3
169	3
168	3
167	3
166	3
165	3
164	3
163	3
162	3
161	3
160	3
159	3
158	3
157	3
156	3
155	3
154	3
153	3
152	3
5	4
6	4
7	4
8	4
9	4
10	4
11	4
12	4
13	4
14	4
15	4
16	4
17	4
18	4
19	4
20	4
21	4
22	4
23	4
24	4
25	4
26	4
27	4
28	4
29	4
30	4
31	4
32	4
33	4
34	4
35	4
36	4
37	4
38	4
39	4
40	4
41	4
42	4
43	4
44	4
45	4
46	4
47	4
48	4
68	4
69	4
101	4
102	4
103	4
104	4
105	4
106	4
107	4
108	4
109	4
110	4
111	4
112	4
113	4
114	4
115	4
116	4
117	4
118	4
119	4
120	4
171	4
172	4
173	4
174	4
175	4
176	4
