0	0
0	8
5	8
5	0
0.945	6.5
1	6.445
1.055	6.5
1	6.555
0.945	5.5
1	5.445
1.055	5.5
1	5.555
0.945	4.5
1	4.445
1.055	4.5
1	4.555
0.945	3.5
1	3.445
1.055	3.5
1	3.555
0.945	2.5
1	2.445
1.055	2.5
1	2.555
0.945	1.5
1	1.445
1.055	1.5
1	1.555
1.04753495130763	4.47233362321913
1.02767193358639	4.45246828330903
1.04753495130763	3.47233362321913
1.02767193358639	3.45246828330903
1.04753495130763	5.47233362321913
1.02767193358639	5.45246828330903
1.04753495130763	2.47233362321913
1.02767193358639	2.45246828330903
1.04753495130763	6.47233362321913
1.02767193358639	6.45246828330903
1.02766637678087	3.54753495130763
1.04753171669097	3.52767193358639
0.972333623219129	4.45246504869237
0.952468283309036	4.4723280664136
1.02766637678087	4.54753495130763
1.04753171669096	4.5276719335864
0.972333623219129	5.45246504869237
0.952468283309036	5.4723280664136
1.04753495130763	1.47233362321913
1.02767193358639	1.45246828330903
4.75	8
4.5	8
4.25	8
4	8
3.75	8
3.5	8
3.25	8
3	8
2.75	8
2.5	8
2.25	8
2	8
1.75	8
1.5	8
1.25	8
0.999999999999999	8
0.749999999999999	8
0.5	8
0.25	8
1.02766637678087	2.54753495130763
1.04753171669097	2.52767193358639
5	0.25
5	0.5
5	0.75
5	1
5	1.25
5	1.5
5	1.75
5	2
5	2.25
5	2.5
5	2.75
5	3
5	3.25
5	3.5
5	3.75
5	4
5	4.25
5	4.5
5	4.75
5	5
5	5.25
5	5.5
5	5.75
5	6
5	6.25
5	6.5
5	6.75
5	7
5	7.25
5	7.5
5	7.75
0.972333623219129	3.45246504869237
0.952468283309034	3.47232806641361
1.02766637678087	5.54753495130763
1.04753171669096	5.5276719335864
1.02766637678087	6.54753495130763
1.04753171669096	6.5276719335864
0.972333623219129	6.45246504869237
0.952468283309036	6.4723280664136
1.02766637678087	1.54753495130763
1.04753171669097	1.52767193358639
0.952465048692368	3.52766637678087
0.972328066413606	3.54753171669097
0.972333623219129	2.45246504869237
0.952468283309034	2.47232806641361
0.95246504869237	4.52766637678087
0.972328066413607	4.54753171669097
0.95246504869237	5.52766637678087
0.972328066413607	5.54753171669097
0.972333623219129	1.45246504869237
0.952468283309035	1.47232806641361
0	7.75
0	7.5
0	7.25
0	7
0	6.75
0	6.5
0	6.25
0	6
0	5.75
0	5.5
0	5.25
0	5
0	4.75
0	4.5
0	4.25
0	4
0	3.75
0	3.5
0	3.25
0	3
0	2.75
0	2.5
0	2.25
0	2
0	1.75
0	1.5
0	1.25
0	1
0	0.75
0	0.5
0	0.25
0.25	0
0.5	0
0.75	0
1	0
1.25	0
1.5	0
1.75	0
2	0
2.25	0
2.5	0
2.75	0
3	0
3.25	0
3.5	0
3.75	0
4	0
4.25	0
4.5	0
4.75	0
0.952465048692368	2.52766637678087
0.972328066413606	2.54753171669097
0.95246504869237	6.52766637678087
0.972328066413607	6.54753171669097
0.952465048692369	1.52766637678087
0.972328066413607	1.54753171669097
1.0792508290242	4.47247564600803
1.08007883438585	4.5270603692278
1.05470408660663	4.55934215656069
1.02074551219176	4.57960494696933
0.978659434606447	4.57758860887184
0.942991164067751	4.55674048735508
0.922960338090556	4.52066784065593
0.922607945755831	4.47979274590071
0.94204584601863	4.44329401309473
0.976656170826603	4.42269901570262
1.01852910360136	4.41804229194808
1.05434107598339	4.4403901076318
4.62879714500258	0.200345560012634
4.39130074292163	0.228426583707231
4.125	0.21650635094611
3.875	0.21650635094611
3.625	0.216506350946109
3.375	0.21650635094611
3.125	0.216506350946109
2.875	0.21018557962932
2.625	0.203029716373191
2.375	0.203029716373191
2.125	0.203029716373191
1.875	0.20264591167598
1.625	0.202459185261463
1.375	0.202459185261463
1.125	0.202521875065734
0.875	0.202521875065734
0.605395452852242	0.231026306601129
0.373383377228678	0.200125386174531
0.195740009403305	0.378976347046112
0.231146213724307	0.608060837031267
0.203147601178884	0.875000000000001
0.187033313177306	1.12021426181063
0.186813745798476	1.37291622219421
0.189698566702769	1.62327799025731
0.190227609451266	1.87385326535548
0.188313518105659	2.12379253145521
0.195238507933911	2.375
0.195238507933912	2.625
0.190501390356785	2.87465086241104
0.188723288899613	3.12502858064267
0.195238507933911	3.375
0.195238507933911	3.625
0.190621890788278	3.87430925931984
0.188134357851938	4.12391583246195
0.195238507933912	4.375
0.195238507933912	4.625
0.190501364019981	4.87465086229425
0.188723160717599	5.12502858349544
0.195238507933911	5.375
0.195238507933911	5.625
0.185415049165846	5.87501547439802
0.189380788379286	6.12551543664942
0.190250880008087	6.37557267271147
0.180517200927242	6.62466196502675
0.186666957360548	6.87524071817099
0.203148049830852	7.125
0.231146426719654	7.39193928855029
0.195740024610819	7.62102364714257
0.373383385731699	7.79987459941129
0.605394204111547	7.76897257213248
0.874999999999999	7.79747812493427
1.125	7.79747812493427
1.375	7.79753952703971
1.625	7.79753952703971
1.875	7.79735225355278
2.125	7.79697028362681
2.375	7.79697028362681
2.625	7.79697028362681
2.875	7.78981442037068
3.125	7.78349364905389
3.375	7.78349364905389
3.625	7.78349364905389
3.875	7.78349364905389
4.125	7.78349364905389
4.39332579457152	7.77414594729314
4.62636112470852	7.79943852990963
4.80379915158954	7.62085072153489
4.77157838500644	7.38785325904907
4.78349364905389	7.125
4.78349364905389	6.875
4.78349364905389	6.625
4.78349364905389	6.375
4.78349364905389	6.125
4.78696926201131	5.875
4.78696926201131	5.625
4.78696926201131	5.375
4.78696926201131	5.125
4.78696926201131	4.875
4.78696926201131	4.625
4.78696926201131	4.375
4.78696926201131	4.125
4.78696926201131	3.875
4.78696926201131	3.625
4.78696926201131	3.375
4.78696926201131	3.125
4.78696926201131	2.875
4.78696926201131	2.625
4.78696926201131	2.375
4.78696926201131	2.125
4.78349364905389	1.875
4.78349364905389	1.625
4.78349364905389	1.375
4.78349364905389	1.125
4.78349364905389	0.875
4.77401331108435	0.607996954387291
4.80379915158954	0.379149278465113
1.02003622742072	3.58062280214603
0.976633051298404	3.57719199329941
1.05548263768581	3.55958771692292
1.08139574100514	3.52722485123031
1.07984954856229	3.47277378871198
1.05450924095271	3.44049486716168
1.01857819751783	3.41806783320183
0.976656210105926	3.422698846695
0.942045895085789	3.44329385431534
0.921836150940984	3.47959905515597
0.923003748430534	3.52054536237939
0.943377593935048	3.55544978568949
1.08316038890103	5.47756903390237
1.08026018205127	5.52340622554059
1.05709898649341	5.44269260666138
1.020358143312	5.41947843017978
0.976634587060274	5.4225495827255
0.94202538836189	5.44330340051219
0.921282379029062	5.47942125553003
0.923984939314514	5.52034144039513
0.942870058724428	5.55717256611534
0.979438154524756	5.57587875834204
1.02079664043752	5.57941024374985
1.05639429342026	5.55746493081221
1.02144573277924	2.58325141284957
0.977995081302437	2.57698458966266
0.942870058724437	2.55717256611533
0.923984939314522	2.52034144039512
0.922368519433619	2.47935436268519
0.942403424497059	2.44321322591175
0.978493471781384	2.42254808890122
1.02114777851545	2.41833139814106
1.05503943721642	2.44053653949491
1.081024555791	2.47284974140011
1.08117021365278	2.53141577094923
1.05614067414196	2.5591983259865
1.08091510281311	6.52734206275534
1.07896930257602	6.47208054952546
1.05431023394652	6.44025461924887
1.01953740698341	6.41924603073447
0.978493471781388	6.42254808890121
0.941900289393688	6.4424231499984
0.918751085064024	6.47752998771557
0.914502666401759	6.52230131135128
0.941522117624138	6.55745185298712
0.976278639828967	6.57821617171257
1.01866552910262	6.58449773406035
1.05573825727104	6.56033472267689
0.978659434606443	1.57758860887183
1.02074953799602	1.57960638968007
1.05637877513696	1.55749352967313
1.08112813556831	1.52348380314515
1.08335838211299	1.47752828158024
1.0576892450718	1.44210105341464
1.02156341478021	1.41631523415639
0.97770405542038	1.42013263111917
0.941244796486739	1.44052932078478
0.913902373394538	1.47695523037905
0.918901190903724	1.52264502127142
0.94362283255159	1.55632769031714
4.83606104708149	0.165780335765243
0.170753175473055	0.170753175473055
4.82924682452694	7.82924682452694
0.170753175473054	7.82924682452694
1.09144962669586	4.43174975118379
1.09960771738006	4.50170332514958
1.09167805887294	4.56802122447569
1.06088695849445	4.5949939167152
0.986634815283806	4.61571510387555
0.933330710089713	4.60132603564942
0.899421639159477	4.55807352380999
0.882741352532725	4.50020756507183
0.89923263103464	4.44219416974387
0.933802304407906	4.39961393808953
0.98598268812281	4.38370910717227
1.06064456711525	4.40481687817649
4.25597794991214	0.43792292006398
4.00146399116431	0.44254249957773
3.75	0.433012701892219
3.5	0.433012701892219
3.25	0.433012701892219
2.99452675096005	0.429824649835607
2.74395646049651	0.417747076158777
2.5	0.404726329550196
2.25	0.404489036797332
1.99969146907696	0.403806513262849
1.74984989671592	0.403519407485026
1.5	0.402964248757604
1.25005020996692	0.402722320259356
1	0.40275401351556
0.734233560123512	0.435495240299471
0.434475072457672	0.739804772530094
0.391653052238359	0.994022896366534
0.369896603633288	1.24581756877765
0.37125617902191	1.48746973668686
0.384603793331416	1.7500264301411
0.377660895324215	1.99758690084299
0.386436344805189	2.24645558022132
0.404660006548742	2.49675166640849
0.383525301092079	2.74914264541913
0.377242837921076	2.9994050358057
0.387862989663412	3.24914937509499
0.405353410608283	3.49832201092384
0.384603793331416	3.7500264301411
0.377284943295625	3.99802944387241
0.386436312709679	4.24645558175417
0.404659989297482	4.49675167178755
0.383525296930682	4.74914264520359
0.37724276590055	4.99940504474395
0.38786274398326	5.24914941430726
0.405353365068965	5.49832201686926
0.384603793331416	5.7500264301411
0.374834533419677	6.00094162330459
0.379694317917531	6.25184517335777
0.377005079508465	6.50290858964312
0.371143306647207	6.74466287088584
0.391039316971345	7.00240555928159
0.434477964706762	7.2601960346991
0.734233434334805	7.56450444109634
0.999999999999999	7.59724598648444
1.25004917906508	7.59727519914348
1.5	7.59703179889637
1.74984945542079	7.5964770002648
1.99969294098444	7.59619059348732
2.25	7.5955091615147
2.5	7.59527191122737
2.74395645867281	7.58225286012787
2.99452675096005	7.57017535016439
3.25	7.56698729810778
3.5	7.56698729810778
3.75	7.56698729810778
4	7.56698729810778
4.26404094430299	7.56793800910246
4.56010342673414	7.25697788393752
4.54794026602172	7.00891082250933
4.56698729810778	6.75
4.56698729810778	6.5
4.56698729810778	6.25
4.56873347256363	5.99699014722055
4.57409863861008	5.75
4.57409863861008	5.5
4.57409851754302	5.25
4.57409863861008	5
4.57409863861008	4.75
4.57409863861008	4.5
4.57409851754302	4.25
4.57409863861008	4
4.57409863861008	3.75
4.57409863861008	3.5
4.57409851754302	3.25
4.57409863861008	3
4.57409863861008	2.75
4.57409863861008	2.5
4.57409851754303	2.25
4.56873347256363	2.00300985277945
4.56698729810778	1.75
4.56698729810778	1.5
4.56698729810778	1.25
4.56309013658664	0.990421429212155
4.56440163653713	0.73153225322001
0.987084325482034	3.61411602505631
1.06335291084749	3.59349767628777
0.93765824554294	3.60033968303538
1.0959662227675	3.56514739886198
1.1003108711456	3.49805074556979
1.09144962669584	3.43174975118379
1.06064456711524	3.40481687817651
0.986004756209656	3.38372486616346
0.933802671664601	3.39961249693533
0.898035306883559	3.44401215957317
0.882741352532731	3.50020756507184
0.899421639159492	3.55807352380998
1.0958265391118	5.43554893757732
1.1107194566811	5.50124256760898
1.09394851473301	5.56669403864158
1.0632507858139	5.40660802519568
0.985318681794924	5.38614199242734
0.933615350904785	5.39972942625594
0.898013240190152	5.44404261689385
0.882741352532722	5.50020756507183
0.898871029432115	5.55678090725176
0.934628573661467	5.60063165047368
0.987542133245357	5.6123263554372
1.06185846962018	5.59493764591785
0.987151397939833	2.61430368662972
1.06390965696298	2.59385430197816
0.933354189925884	2.60099299293881
0.896415280735381	2.55440347934596
0.882741352532731	2.50020756507183
0.896629837492496	2.44590793771021
0.93392382071893	2.40044436548594
0.987128282612364	2.38721871891583
1.06423053819934	2.40653953904734
1.09602630735474	2.43469437135185
1.10074789029882	2.50282994594461
1.09622747578228	2.565922360734
1.09647217955593	6.56887744751322
1.09529141596726	6.50247996687219
1.09355838426628	6.43254272858954
1.06067760048143	6.4048004283684
0.98706490363411	6.3860489998298
0.938695310417515	6.40012667703474
0.897392311560358	6.4388312464034
0.877125616729611	6.48701475104492
0.89761033947873	6.56603480005135
0.936932492041108	6.59271484880982
0.982292660153454	6.61744097806968
1.06303009236308	6.5974476520661
0.987555844883013	1.61281197342105
0.937776982004141	1.6009216669544
1.06232371831503	1.59464187447834
1.09433433642606	1.56693438375988
1.11251728610036	1.50145051012007
1.09875276458217	1.43373044665134
1.06618313518525	1.40315862376989
0.982054875340913	1.38241839787666
0.936568983874668	1.40738789945187
0.896458404875073	1.43264046865448
0.879282043692354	1.51256126010903
0.898425237969363	1.56266641070926
4.53884195541124	7.53884195541124
4.53884195541124	0.461158044588755
0.464548461645329	7.53449893926013
0.464548376093654	0.465501112129589
0.835982328187372	4.54744195327846
0.835915556323547	4.45291866280845
4.13515019798752	0.682293255989264
3.860234666374	0.658585093807061
3.625	0.649519052838329
3.375	0.649519052838329
3.11956733155681	0.647465054149587
2.859064618981	0.634925169081749
2.61079211944209	0.620819461894984
2.37481049648085	0.604259291646959
2.12430290284764	0.603225749938238
1.87256559548614	0.600527887907121
1.61937425464095	0.60131198312401
1.37836417606369	0.600983186952904
1.14608061775159	0.603287450930249
0.897622252955127	0.61896393707807
0.606962501754419	0.898820230671833
0.569014146545661	1.13441335535666
0.543286439787762	1.36215430564391
0.588692260948644	1.60832003748
0.550557611903693	1.86513934143102
0.544221082944419	2.11598483557448
0.602493657049351	2.3710273392582
0.597666771132521	2.6230227328771
0.543684259790385	2.87551349180552
0.550088184329542	3.11948611368594
0.603022788661191	3.37171929611329
0.598114943450052	3.6232104789202
0.548818184199714	3.86957013650284
0.544221072592518	4.11598483315472
0.602493622308652	4.37102735638813
0.597666772022891	4.62302273147867
0.543684259977942	4.87551349014273
0.550087810192164	5.11948616993706
0.603022788661258	5.37171929611325
0.598114943450046	5.62321047892021
0.545379180118922	5.87796985224759
0.535477945716474	6.12815013596765
0.581538727442408	6.39113771538281
0.553299554717046	6.63403625741633
0.569521285772386	6.86692506258391
0.606970198491363	7.10118176034614
0.898209697539706	7.38105719572059
1.13841447018312	7.39800593067055
1.378529015699	7.40099904506136
1.62589692984505	7.40386503507973
1.87403120002514	7.40051987849036
2.12430448705735	7.39676576482844
2.37481052524996	7.39573350731673
2.61079351210813	7.37917844707769
2.85906464731331	7.36507429041085
3.11956733026384	7.35253484223869
3.375	7.35048094716167
3.625	7.35048094716167
3.88033722138031	7.35202827518419
4.13394978565478	7.34526643406125
4.31487977807426	7.14273970395868
4.34510454796204	6.86953118163971
4.35048094716167	6.625
4.35048094716167	6.375
4.34979213146831	6.12199005232217
4.35649409464516	5.86882649868752
4.36135167516823	5.625
4.36135161463484	5.3750001030266
4.3613516149001	5.1249998969734
4.36135167516823	4.875
4.36135167516823	4.625
4.36135161463484	4.3750001030266
4.3613516149001	4.1249998969734
4.36135167516824	3.875
4.36135167516824	3.625
4.36135161463484	3.3750001030266
4.3613516149001	3.1249998969734
4.36135167516824	2.875
4.36135167516824	2.625
4.36135161463484	2.3750001030266
4.35649403319019	2.13117339598429
4.34979213146831	1.87800994767783
4.35048094716167	1.625
4.35048094716167	1.375
4.35019111445905	1.1148723561332
4.33479941328706	0.849177629884474
0.835915556323579	3.45291866280847
0.835982328187395	3.54744195327846
0.835915556323546	5.45291866280845
0.835982328187373	5.54744195327846
0.835982328187396	2.54744195327845
0.83591555632358	2.45291866280847
1.11100884021936	6.614562508109
0.838378954037164	6.44862666686723
0.863062060706226	6.53334616741434
0.883673938485787	6.616926324317
0.957582923002123	6.66081608400519
1.11332675698879	1.38332863814648
0.95698825257145	1.3392432518093
0.882337105877911	1.38309406087253
0.861569625733846	1.46199866166158
0.840715756820829	1.54726372614533
0.657876396597015	7.33888891090532
0.657351252628475	0.661148670463805
4.35730387185624	7.36461234859077
4.36378483619452	0.636215163805485
1.12452667194508	2.5342623545552
1.12479669292874	3.53321983982789
1.12375624926857	4.53455061820566
1.1223597306596	6.53548226377853
1.1219397162246	3.46518605641715
1.12041729245952	4.46667305936779
1.1254679757252	5.46682661824366
1.12587419204366	1.46606345508598
1.12027622168164	5.53640162981768
1.12418124951966	2.46654625645925
1.03067280465166	1.37960775833026
1.02967506424313	6.62122647572396
1.12252528325276	1.53653523712981
1.12006195245915	6.46537285106089
1.02952157228012	3.38389548999133
1.03149364505241	2.38464054168134
1.02952157228014	4.38389548999129
1.02641180403095	6.38399500022692
1.0273477525809	5.38421117427195
1.02763924867294	2.61643068840647
1.02749810871988	3.61599157211455
1.03018596890572	1.61535921018105
1.02886619052234	4.61568603980322
1.02911124360843	5.61498373348466
1.10532520843742	4.38848134266406
1.14236479634381	4.42400703663582
1.10480491722694	4.61113069734976
1.14365831118614	4.57570473215802
1.06108698798183	4.63976117059603
1.01156728988819	4.65613192135052
0.955627582212097	4.6569071923824
0.957871456011534	4.34668612937641
1.01619376759213	4.34564609437977
1.06401945448135	4.36084539147799
0.957793539085137	3.65608257199104
1.01001669088291	3.65737286183406
1.05940428912623	3.63961214260779
1.10564234128909	3.60968074106549
1.14407911387235	3.57478127976517
1.14253018990728	3.42374084237227
1.10533959673628	3.38844067360764
1.06401921820111	3.36084413314196
0.95787098495172	3.34668000794822
1.0161937675921	3.34564609437984
1.10712586271508	5.39059145600611
1.14334306168715	5.42499547474084
1.10641711091177	5.61198623798518
1.14373205279062	5.57670299991294
1.05960790267387	5.36024434353763
1.00987720018612	5.34287944534934
0.955522531094415	5.3460119479608
0.957263204609715	5.65657507978894
1.01478719796795	5.65395674111794
1.06265062115158	5.6411127057678
0.95650215255058	2.65736619740517
1.01386004906213	2.65745909958103
1.06398289651646	2.63892775166837
1.1062582539641	2.60931201158497
0.957236992762628	2.34628840018747
1.01677706053513	2.34662473078494
1.10712586271505	2.39059145600612
1.06519499101756	2.36152759929972
1.14384978691777	2.42441920618755
1.14377346428714	2.57467930057523
1.10560241132332	6.38863860435262
1.14117908913527	6.4225188554235
1.06066202387673	6.35995808016677
0.955867477722366	6.34544003014387
1.01023001998435	6.34351181306778
0.958830966541454	1.65606058979754
1.01716136541415	1.65322902098725
1.1073155927905	1.61092138325039
1.0668746143628	1.63770175844178
1.14223470663601	1.57780061714244
3.73569925656042	0.88428945120181
3.49442246724089	0.872147169744871
3.2455200063361	0.867818501969292
2.98282392761511	0.857890224708437
2.72298698966932	0.838050799107554
2.47813390854477	0.821549107174271
2.23903458177652	0.806189245517279
1.99651575816609	0.797972170311722
1.74585998108063	0.795045537702654
1.48569192048578	0.797643221407453
1.26188949089592	0.795376454719961
1.0519981847519	0.801649898945497
0.767982185226054	1.05123899057648
0.736779867570399	1.25606211299587
0.728164836728341	1.76916360557225
0.707914561000949	1.98822250611733
0.710085122930482	2.19683371553222
0.718322667263412	2.78157115582793
0.710585513642357	2.99472311279569
0.710134722750573	3.19729787847136
0.731101504308942	3.77254677275605
0.70940240712998	3.9906168181571
0.710341215016285	4.19690365549389
0.72275371356037	4.78435771477736
0.710585513655271	4.99472311261792
0.710133084819423	5.19729704858456
0.730589601599393	5.77273720654653
0.70509991267482	5.99256650525842
0.698331759692916	6.196850514545
0.743650559159859	6.74990861414731
0.772950794262216	6.95391881793752
1.05305515487111	7.19751467264905
1.2806483747849	7.205703136464
1.50528164770824	7.2122453590463
1.74531119429235	7.20705083098433
1.99658713243287	7.20284061741627
2.23912001635882	7.19403865764753
2.47813917090825	7.17844540503152
2.72298893016857	7.16194758589526
2.98392726011111	7.1474744404824
3.24552009465674	7.13218144527053
3.5	7.13397459621556
3.76284486370689	7.13516335873635
4.11495038076897	6.73604635513998
4.12579708936267	6.49434575227682
4.13206649462092	6.24908871850566
4.13801680054759	5.98971326686672
4.14564156038648	5.7426641984264
4.14886371271151	5.50000010296379
4.14886384719838	5.24999999977454
4.14886406034206	4.99999989726176
4.14886407952074	4.75
4.14886406034106	4.5000001029637
4.14886384719838	4.24999999977454
4.14886406034206	3.99999989726176
4.14886407952074	3.75
4.14886406034106	3.5000001029637
4.14886384719838	3.24999999977454
4.14886406034206	2.99999989726176
4.14886407952074	2.75
4.14886357222333	2.50000010296382
4.14564139110514	2.25733579975535
4.13801688509304	2.01028662756548
4.13206649462092	1.75091128149434
4.14138265358752	1.49309932302642
4.13572204939796	1.23477193879741
0.805691925484149	6.63075657353747
0.890061055902483	6.68718127688376
0.888183459164595	1.31083147213131
0.804957098523383	1.37237058202918
4.14756371570456	0.965220361161968
4.02850712713717	7.15080656180731
0.823636159819975	0.830563930976332
0.826508652302576	7.17032956217308
1.1496646902634	1.4209863057088
1.14731491577863	6.57771314520683
1.01140609615524	1.33823654878346
1.01301588370971	6.662540989611
1.06691303810191	6.64650539639972
1.06626405852923	1.35327951029715
1.15166852801706	1.50159578983569
1.14566805963156	6.50027095822691
1.15377624948984	5.50218607303595
1.15161325363449	2.50016470377122
0.75022710547719	5.49939597912729
0.749840771149808	4.49918226513304
0.751589166385084	6.46136219315424
0.749906614158323	1.52804806759043
0.749840770288301	2.49918226527531
0.750227105477209	3.49939597912729
1.14821253195053	4.50065391105685
1.14988851632413	3.49886304476148
0.870247249248309	4.60383062324152
0.871147758544006	5.60339895731205
0.868820390374066	3.60258948348546
0.873353836077952	2.6040076061147
0.875121523610231	1.60378369861625
0.8772996946467	6.39520969285285
0.873756642177141	5.39822912693123
0.873859366982583	4.39801223697675
0.87371668847726	2.39856895441712
0.873789755389978	3.3982211890018
1.11802204042222	6.67675696902477
1.17274807795002	6.62911077425485
0.977687364018427	6.72168089040604
1.11720798562306	1.32124925550265
1.17644414960934	1.36681916691
0.973952883775111	1.28123200568616
1.10955911037163	4.33564420773873
1.15903561558622	4.37314107244305
1.15986849811763	4.62681276990579
1.10867277163959	4.66474626493204
1.05188287477604	4.69337686083443
0.9858246312592	4.70950402376086
0.984733760633011	4.29151339729818
1.0522610668337	4.30341871249611
0.985779581532903	3.71168701500128
1.05081136093754	3.69319834041889
1.10941610027883	3.66328060484949
1.15991896203689	3.62679050808486
1.15903823535555	3.37309789825914
1.10955518872387	3.3356465122124
1.05223974997715	3.3034503920441
0.984715453928801	3.29151282328839
1.10791096231499	5.33518713796326
1.15895360981531	5.37294881748807
1.11025069988242	5.66651960383978
1.16065108349919	5.62880289755884
1.04984142471591	5.30565603232003
0.98437206395895	5.29376966725524
0.987268483664283	5.71026830266563
1.05227155161284	5.6939160447535
0.985507494679886	2.71034792382031
1.05095471101125	2.69314219361546
1.10834009733843	2.6640157946689
1.1599237314039	2.62659614379314
0.984454627474629	2.29295059187382
1.05177196251535	2.30622986457862
1.16041714680533	2.37182839981983
1.10991305579943	2.33448727789337
1.16110603620092	6.37701304844462
1.11097759871468	6.33622009076205
1.05146156079493	6.30697388656821
0.983299202159204	6.28876609442955
0.987589897879732	1.70903311114039
1.05336317662715	1.69283154842189
1.162747673415	1.62216112344033
1.11302350009107	1.66542350775829
3.6346389775965	1.07960703669291
3.37430192160883	1.08575402707909
3.10582765848703	1.08642847623138
2.84134226385249	1.06667209789158
2.58645298562303	1.03912733089579
2.3447043931334	1.01652861848824
2.10821269857841	1.00020119273189
1.86050214400117	0.990188608721148
1.61655223144649	0.98136637909669
1.382469808926	0.987743819365522
1.17543607973876	0.991591494340511
1.17823155158828	7.00854474153227
1.38216554969838	7.01436181695582
1.609625106025	7.02972701417572
1.86136175159287	7.01283932627856
2.10850003481127	7.00053900730256
2.34471485097655	6.98346000112491
2.58645963248128	6.96086801772507
2.84288939376072	6.93633663984433
3.10654428756645	6.91480019263114
3.37430201134949	6.91424599256157
3.62844536905728	6.9342641176899
3.90334676480428	6.89916761955893
3.92152950035749	6.63455832000878
3.91604318277583	6.37619440403835
3.91368644887377	6.11432290552542
3.92689739554069	5.85955521950622
3.93456576692675	5.61850804319723
3.93654492981959	5.37499993715282
3.93654510381824	5.12499976750054
3.93654542840766	4.87499993234291
3.93654542848558	4.62500006777067
3.93654529026778	4.37500023238572
3.93654529094258	4.1249997675007
3.93654542840766	3.87499993234291
3.93654542848558	3.62500006777067
3.93654529026778	3.37500023238572
3.93654529094258	3.1249997675007
3.93654524478334	2.87499993234289
3.93654500149306	2.62500048231725
3.93456550421742	2.38149208310766
3.9268972964861	2.14044450493617
3.91368654666675	1.88567711463628
3.91604318277583	1.62380559596165
3.93880975664422	1.36846250287673
3.90041132158714	1.09527126168087
1.04722393006353	1.29781800981135
1.05158855178063	6.70441984647781
0.808077521095422	4.40535092053894
0.808077521095421	5.40535092053894
0.808077521095474	3.40535092053895
0.808077515878411	2.40535092245107
0.811616203242664	6.39865224396251
0.803410483269368	4.59098911712286
0.803711178796867	5.58952307461648
0.803410483145529	2.59098911713717
0.803662104178428	3.58951217598171
0.807414319260444	1.59328839222075
0.963279733595434	0.993483970733435
0.966979927137149	7.00382415829951
0.917727361857453	1.17575781695372
0.93020489739106	6.82599540168638
0.907119623946962	5.64654733274438
0.908696472695104	4.64511535287189
0.907442570433843	2.64553879862403
0.909530626243314	3.64468710332275
0.908038526375725	1.64576365921595
0.905577408951642	6.35692518189435
0.907855370604333	5.35776226214656
0.907866623442256	4.35776625634782
0.907866587938301	3.35776488233431
0.907593526094061	2.35859472579233
1.17670066890058	5.53986506107578
1.17594318625636	2.46054314885424
1.1682712076143	6.53855823712058
1.17618153708694	5.4612349165091
1.17467379828472	3.46053084872781
1.17423789605438	4.46089834158961
1.17934213853011	3.53903257990799
1.17907767877147	4.53926696848939
1.16798105984812	1.46095127537802
1.17586327064397	2.53849751603816
1.16510435638738	1.54024595390233
1.16479243846198	6.45929591734303
0.697641849835969	6.57062975594269
0.689461580051861	1.43153246920731
3.95728071916607	0.857373811186127
4.14003422056384	6.9583164737309
0.861449304180808	1.88936990871182
0.857450653191329	2.09617805209369
0.862806532030895	2.89869957412206
0.857811839975137	3.0965960221854
0.867498423288506	3.89960226117476
0.857906801380951	4.09679592109062
0.85940864337095	4.90164289519775
0.857811839975082	5.09659602218539
0.861786367810442	5.89100746685006
0.856799535448781	6.09591711735523
1.12632754533776	6.75318964483597
1.1925680699103	6.69782292899989
1.19221100851064	1.29998488399468
1.12525907832837	1.24475799926907
1.10557638274702	4.27012384949559
1.16798489182462	4.31236959270831
1.16870436206822	4.68736637143141
1.10584659502794	4.72933189148048
1.03181761088692	4.76435894310398
1.03234580923546	4.23058448364239
0.911161190527037	4.3005642077781
1.03229055954856	3.76439838519548
1.10463844695709	3.73271372762113
1.16753340826531	3.68835370530268
1.16798355584534	3.31237424786297
1.105566421152	3.27012708463776
1.03225208305332	3.23068127963808
0.911156615004704	3.30054602359996
1.10498229231375	5.26998976780682
1.16752799930613	5.31169643242003
1.10703787689491	5.73255607717533
1.16926425373712	5.69146526874219
1.02974259593782	5.23481657697129
0.910903200525906	5.30053967788739
1.03339439824085	5.76530074195004
1.03218257977813	2.76367876787252
1.10568544382073	2.72908168335038
1.16883571640981	2.6874485282233
1.02970676043087	2.23545383956663
0.911635251448846	2.30150792789203
1.1060210950607	2.26902411179499
1.17033732164402	2.30993178197316
1.17764994898434	6.31351711306244
1.10796615190893	6.26760844486425
1.03080383819631	6.23172916793497
0.910899162475879	6.29869618922363
1.03110684313993	1.76366704600559
1.11018840017376	1.73312101969711
1.18151727201738	1.69018456537343
3.51035319795986	1.30681183383669
3.24313826955153	1.32484150465704
2.96403237882186	1.30026898934192
2.6859097822683	1.26448269440451
2.44615500270208	1.23561188867057
2.21312168001466	1.21012243124638
1.97877691812312	1.19387849419084
1.73927956457581	1.17169619704954
1.49706411842456	1.16719724996768
1.26578612208008	1.1908618242333
1.26871239916445	6.80413522272984
1.49918173874785	6.83042357205314
1.74021800700336	6.82763165246412
1.97948147928357	6.80754843644656
2.21313795860689	6.78985851325819
2.44616892088728	6.76437890061136
2.68591687337114	6.73551657976706
2.96856378635322	6.70378130376056
3.24336127455216	6.67661711560634
3.6947849955672	6.51028375308818
3.66978598304355	6.25386492624557
3.69410420808427	5.98796200771162
3.71892104377516	5.7322933575848
3.7224251448024	5.49502173001703
3.7243446323458	5.24999970463646
3.72434549550109	4.99999957441034
3.72434565521841	4.74999999999065
3.72455048710332	4.50000026728413
3.7243448740432	4.24999999937044
3.72434558936516	3.9999997332415
3.72434565521841	3.74999999999065
3.72455048710332	3.50000026728413
3.7243448740432	3.24999999937044
3.724345498137	2.99999988910175
3.72434539484331	2.75000041383505
3.72242489791103	2.5049788346833
3.71892065206578	2.26770641945717
3.69583528168999	2.01389581683652
3.66613241685775	1.74854442038203
1.02666975508101	6.76843950955802
1.02386891374096	1.23509893286239
3.50890780724546	6.69669534651137
3.68071358648491	1.49924087423092
0.846727713020378	6.33938157166311
0.845226473982547	5.34104042388072
0.845239588100898	4.34104223306037
0.845237819863716	3.3410362757636
0.845147226165872	2.34128207817588
0.834334770100354	1.67129617869123
0.832325523074314	5.6735859815505
0.827488629305889	4.67650590039644
0.825975771052677	2.67567401641533
0.831047923534045	3.6726540298998
1.21039157037215	1.42293654583922
1.212513073941	6.57418661582453
1.20672143330467	5.58723140414189
1.20493103350569	2.4131892346302
1.20518871348166	3.58521407425401
1.2051005784018	4.58515042460491
1.20512803965415	2.58547765159726
1.20478421772373	3.41503496659041
1.20489020754838	4.41501934501312
1.2047801823815	5.41487209260212
1.20021871975553	1.5681183239261
1.19799510092572	6.42821007530008
0.912288185395662	2.70479971108717
0.915585288268929	3.70303517388776
0.916067312851919	1.70398173306867
0.915468808620979	5.70560907553377
0.911634451525009	4.70797839456239
1.08382544721329	6.86356986863396
1.08192150326966	1.13066009264116
1.2129578594049	5.49955727111274
1.21167618359638	1.50289410049008
1.20989900161732	6.49814109944837
1.21207414756817	2.49887183641274
1.20890992970452	4.49944352954232
1.2089099297045	3.49944352954233
3.734459535408	1.26897140321212
3.73063798969058	6.73310500999203
0.734116326963262	1.62896589864802
0.737827369895256	3.63389399146749
0.73640873629764	2.6335593837158
0.737827369895229	5.63389399146748
0.736408736297584	4.63355938371577
0.747229873215223	6.33921535574017
0.743410888507505	2.35840564847171
0.743410891778669	3.35840565158217
0.743410891778623	5.35840565158219
0.743410891778623	4.35840565158219
0.937655536989182	4.21896176704899
0.937626230440272	3.21889320744886
0.937551755414795	5.21883150573828
0.937454381950818	2.21905155753273
0.937514501791389	6.21838909784658
1.26234724569141	6.64933781412355
1.26279996788687	1.33478815203113
1.09696335561233	4.18481973897994
1.17277034907103	4.23596041407696
1.16917791367548	4.7628980979378
1.09472879868586	4.81636676521082
1.09840242020564	3.81202572317625
1.17515368095432	3.76313723877524
1.17277442998821	3.23596777721357
1.09696106806187	3.18478350153106
1.17210976121803	5.23491461759859
1.0955992983801	5.18500639075998
1.17896522334511	5.77255797627709
1.1007129987596	5.81872084673076
1.09748332260381	2.81289967816713
1.1731509114315	2.76278690993565
1.09462924980471	2.1866626873633
1.17601550092402	2.2291039399592
1.19011654230392	6.22656601744476
1.10301307085582	6.17744294285843
1.09938635867662	1.81868581441266
1.18839909046745	1.77596508394496
3.09250641572974	1.55225630512267
2.82133056134901	1.50456257633694
2.54108395805151	1.457229122668
2.30697710688333	1.43004390279899
2.07095748788639	1.410004088208
1.83968187314247	1.3895383780558
1.61347178237248	1.34680494224573
1.6164246159813	6.65318158012769
1.84273882328324	6.61491462272198
2.0740198134819	6.59102349226063
2.30700082051384	6.56994280786348
2.54110082721766	6.54276377101841
2.80238061127523	6.49741569257209
3.09250775278082	6.44774488484765
3.44274785302964	6.115383333303
3.48427264130473	5.85319327514025
3.51079004225968	5.61055792575659
3.50946782641836	5.37083490416061
3.5125555535558	5.12499890829483
3.51255609380512	4.87499965189447
3.51269135162405	4.62482663533987
3.51269090662282	4.37517429297382
3.51255607340335	4.12499926031687
3.51255612403616	3.87499981082791
3.51269135162406	3.62482663533987
3.51269090662282	3.37517429297382
3.51255604417907	3.12499941553117
3.51255625660699	2.87500023897453
3.50946831889378	2.62916631988887
3.51078931439771	2.38944236896
3.48565101684359	2.14884530191733
3.45336823786144	1.89191970871243
1.28199870832272	1.44579756847058
1.28178341366362	6.55010085199298
1.27375147132338	1.54224966243572
1.27205223745217	6.45470487744001
1.22601225209603	5.64421792538053
1.22578252147741	2.35633121624162
1.22614442250305	3.64352099986731
1.22679552970768	4.64169684345965
1.22627186345717	2.64231167034294
1.22281394637302	4.3597082343068
1.22279038164418	3.3597160890793
1.2224334749457	5.35800697392214
0.94471283067549	2.78450226041445
0.947056275448002	3.78170622591711
0.946707284941666	1.78146423342685
0.943544293192241	4.78680198545032
0.945903832715835	5.78333456882134
1.23538947874636	6.37230792461538
1.23629303931757	1.62454308576216
0.861510898524677	1.75529862901459
0.8551839288836	2.76409993434796
0.862167421162761	3.75554107199243
0.859839524960448	5.76134144206687
0.855794903799577	4.76634204967115
3.40532188296704	1.58900189324947
3.40404353718958	6.41379529991573
1.23462588562467	5.54054618216896
1.23256368460498	2.45830613236489
1.23290499895902	3.5395101716997
1.23292141470663	4.53950597464096
1.23281675711903	2.54019699026234
1.23721719371198	5.4581949813936
1.2334156365772	3.45882833376267
1.23345578094047	4.458802895576
0.986710381723115	1.99784547706303
1.00760485107373	2.99314185537131
1.00294500096277	3.99853360853623
0.99743819553893	4.99272965184723
0.980476920339917	5.99670405004296
1.18499448399808	5.8727066248684
1.18399038697473	2.12570000796
1.19327855768213	6.13302356514892
1.18649986512113	1.87780976149589
2.9072433740088	1.74930184605075
2.64330558218959	1.69431253296264
2.40165868460054	1.65463565733712
2.16258616025854	1.62612457217799
1.91334495321128	1.60629542701478
1.65974718977198	1.5815295833407
1.67320531344073	6.41569749118415
1.92831316209813	6.39315021519761
2.16687361930264	6.37261209662176
2.4000578008462	6.34248806160641
2.6399109010235	6.3041611658273
2.90439973514519	6.25605159519771
3.24439812842825	5.95146987250878
3.28198899380069	5.71382839691332
3.29896397528962	5.49186111600454
3.29986492315936	5.24526487962103
3.30095095984018	4.99999882281576
3.301000266575	4.74979872789198
3.30140336485413	4.50000084077384
3.30099964297743	4.25020083248981
3.30095121545505	3.99999949271569
3.30100026489688	3.74979883299498
3.30140336485413	3.50000084077384
3.3009996447663	3.25020093487981
3.30095129635005	2.99999964744914
3.29986625579656	2.75473550007517
3.29896337226024	2.50814072017438
3.27165205840758	2.28123378276792
3.25265520130858	2.0517002515377
1.37266265757105	1.50503651353209
1.37874389758341	6.48831544767699
1.3305594640742	1.62053976117274
1.32579551056708	6.37418157627809
1.28066483203726	5.58446151227395
1.28058207270784	2.41520995307159
1.28083802127322	3.58210691134418
1.28084478988463	4.58210414523453
1.27999309557442	2.58313003509876
1.27745157782923	4.41596868937819
1.27738404203811	3.41598533028523
1.27763399943791	5.41469987496132
1.28772719702002	5.49804983724426
1.28438873045978	2.49945679540697
1.28265403119214	3.49800031011579
1.28272971857233	4.49796839004791
1.2371423139044	5.2840628776998
1.23931945762144	4.29035543691187
1.23933695821595	3.29039597295512
1.23934205044651	2.70974094553532
1.23992451643979	4.70944323062293
1.24054159124014	3.71120937158489
1.24508679728725	5.72064023625299
1.24438867408164	2.28007215238347
1.26159288658576	1.70863474306659
1.260138054992	6.29126333456727
1.00034879825475	4.86622793678088
1.00264941084786	3.86484675039905
1.0034760719332	2.86428024310301
1.00061867078345	1.86517252615337
1.00312779451488	5.86642023279129
0.997958864470771	5.13197436226446
1.00279275708397	4.13393379713091
1.00295160157252	3.1331956486773
0.999781921083086	6.13089026016388
0.999749318723899	2.13247695719562
3.1847884521904	6.20341584694732
3.19365331644333	1.80150388106185
1.39166763451382	6.64784070230832
1.38819931877075	1.34032738125287
1.18232631125833	4.14924846069019
1.26183775472146	4.20868307269176
1.17376687512091	4.84856553639007
1.25963023803834	4.79220485858996
1.18341209425486	3.84975351760077
1.26210353067185	3.79242928718311
1.18234365506986	3.1492508495699
1.26142262214884	3.20873495766688
1.18219198954048	5.14921511193062
1.26017925060831	5.20625019544967
1.18322271726119	2.85022821081656
1.26163545436827	2.79327603785666
2.73221841515512	1.93016946757978
2.4853661749285	1.88668865404574
2.2602510580562	1.83775808834304
2.01070678034443	1.82233277306182
1.75526540753643	1.82523693100949
1.75108537513065	6.1763313470993
2.02301417531436	6.17349611231319
2.25527209198954	6.15648454036839
2.47663289842534	6.10520851656334
2.71496292501573	6.0689659198546
3.07530595385504	5.58222066959067
3.08292615902695	5.35869459646356
3.08982970011918	5.12169941198362
3.08987746899123	4.87485717440955
3.09014529614868	4.62455920291
3.0901458766545	4.3754419405994
3.08987826902819	4.12514102134658
3.08987753736455	3.87485777907549
3.09014528434115	3.62455925416924
3.09014588823375	3.37544199040553
3.08987831596238	3.12514108317319
3.08983087440568	2.87829916350091
3.08467844783543	2.63222434708309
3.08214218226387	2.4248252693586
1.46471874331076	6.37612993681245
1.37398032195294	1.72866912948138
1.36980693446415	6.26920565996927
1.36340901327563	5.54774103005546
1.36493055285278	2.45676310581605
1.36707650971187	3.54329984871267
1.36657447844691	4.54240961906907
1.3655955432829	2.5504597238011
1.36637220166164	4.45303873616091
1.36619312006143	3.45433850892213
1.36278384518616	5.44846720580405
3.0515607098699	2.19746497722274
3.04716279798198	5.80104143168026
1.46029627460223	1.61608285979366
1.26735510952571	5.81100654803094
1.26716906916971	2.19065609387927
1.09372748815572	4.90835348007147
1.09643657892493	3.90899170926817
1.098326048069	2.90784161705942
1.09479831299393	5.08913056893299
1.09570926665415	4.08906047046582
1.09564907882651	3.08901848897264
1.28259978611541	6.18927035702465
1.27977695715745	1.81362260972578
1.2880025448026	4.34478898635043
1.28799295221776	3.3447890114419
1.28850881594348	2.65552598155178
1.28722492451653	5.33931068220507
1.28880261387501	3.65494736029608
1.28879547949248	4.65493761980187
1.49781140749518	6.51612504711217
1.49409230209559	1.4765555246172
1.29401089298026	2.33832730973096
1.29409867107787	5.66264218763031
2.98814131657014	6.02247563613344
3.0007641934115	1.9854740528083
1.28498473552447	5.93189422547263
1.27967621089002	2.07333893630508
1.28425819283849	6.07012467944715
1.28482884701946	1.94033595072064
1.28735312678924	4.11257737097663
1.21003456152113	4.05429589725976
1.28003762020698	4.88869768780008
1.28615776030806	3.89097500485293
1.28753683774146	3.11278872233214
1.21003455896077	3.05429589974381
1.21003476989664	5.05429569511028
1.28725866192982	5.11240259450212
1.28981088547169	2.89163348096479
2.55613845085239	2.12565403147053
2.33114259616584	2.08498933356404
2.12385001508581	2.00784710687041
1.91546726256103	2.05396603899659
1.91555732721382	5.94598950584937
2.1230731100826	5.98979740455238
2.30413451790097	5.91653018002521
2.53890385538228	5.87831434925307
2.85234765089093	5.46912733480692
2.87700657599763	5.2403368024167
2.87945716756654	4.99823757731417
2.87925695279052	4.74948267440766
2.87951371768506	4.50000008092952
2.87925958132349	4.25051680565083
2.87912834631449	4.00000001630418
2.87925692370526	3.74948307032075
2.87951371743307	3.50000011168838
2.8792596118003	3.25051683170798
2.87946043483337	3.00176055985002
2.87700763882774	2.75966400319264
2.85724293055216	2.53223783504918
1.39788215488035	1.85787991483008
1.40081086090191	6.14380855323096
1.43630920318195	5.49616880246991
1.44194224543446	2.50626519384268
1.45737733165091	3.50163742385338
1.45802964483896	4.49787138595396
2.79176241437225	5.84635580764321
2.79900321021792	2.1530416915033
1.1963265195385	4.94696793883322
1.20811858647785	3.94588855385924
1.20811853204555	2.94588849931269
1.36560654982337	4.63250960298824
1.36560770223248	3.63251028433366
1.36253967283727	3.37092833858334
1.36254169823043	4.37092752579492
1.36512642211722	2.63349861607119
1.34530616947354	2.26990086207039
1.36906976215998	5.63161606148789
1.34703923087235	5.73618271377201
1.36206116322709	5.36140010540292
1.36844471888301	2.3676041024146
1.32798290131318	2.7298075125226
1.33068621718918	4.72667729420286
1.32919933165509	3.72272644842031
1.3291714339893	3.27877302051516
1.32910063086988	4.27837199486215
1.32501343463035	5.27177240033397
1.18905586813852	6.00263366713094
1.19218510748784	2.00479711154029
1.53883180397238	6.24315023256834
1.53271457382447	1.75419961401998
1.12974661868573	2.9996157271821
1.12977251893433	3.99962439314355
1.12597249828272	4.99984203488373
1.69845571755228	2.06565607597005
1.69620078895338	5.93637412474139
1.3993801629118	5.99700320735321
1.40019540002208	2.00839714476262
2.36379671331443	2.3067986802318
2.62505915706793	2.37589667472101
2.36797466376945	5.69243420311705
2.64043176341981	5.62238588451321
2.65294581354533	5.35293147228838
2.66879210405308	5.11716718585149
2.66920778195297	4.87402926821822
2.6719787812381	4.62452791699696
2.67198017938741	4.37546971807652
2.67188590522513	4.12536701078435
2.67188461246465	3.87463514282719
2.67197880115491	3.62452810671055
2.67198019491601	3.37546972093391
2.66921058416421	3.12596904036709
2.66879215125023	2.88283423743618
2.65284326017622	2.64545264373377
1.4459245977883	4.7240832577635
1.44283086486107	3.72751538700375
1.44132786738907	3.27764483981807
1.44116087669552	4.27510677384439
1.44915918272388	2.72793143052141
1.45435185940871	2.27414545467206
1.46401509842097	5.73294244359716
1.44937257255342	5.2715142779523
1.37957069515657	2.15806038469461
1.37953614783067	5.85051068142758
1.36744979531674	4.81898696086426
1.36327371721581	5.17879894141197
1.36604020803616	2.82361596477679
1.36397457975202	3.82344963821138
1.36372193242473	3.18093572283382
1.36680571319439	4.18297237508595
1.29765286669253	5.00150083804514
1.29591499928547	4.0016853981397
1.29767983606792	3.0014617903767
1.55456621944121	1.93551893217864
1.5532407219157	6.06859669480126
2.88466383054541	2.33389944380881
2.87642032479684	5.66613394670404
1.45560364987492	4.59872904644666
1.45854234060034	3.60708493811137
1.46087171030376	5.58870621267072
1.46097135399299	2.41376235168704
1.4530934397724	3.40081565949557
1.45515524298419	4.39890348702219
1.45845941687401	2.59886959128062
1.4648969458286	5.39721425256707
2.10954190761425	5.76123339332621
2.1081117235867	2.23650533577786
1.55983988595399	3.44873336932535
1.56300587377943	3.5699017658491
1.56350126704591	4.44261973484655
1.56518848589875	4.55336755773081
2.22040252504479	2.47407304215653
2.21854776428864	5.52793975888434
2.44687899189811	5.20783911904324
2.45906277159269	4.9839849901091
2.46429050177571	4.74698736311082
2.46607062619093	4.49999766161686
2.46567186677631	4.25049611288724
2.46567746668929	4.00000214000242
2.46566380611078	3.74950394561314
2.46607066170771	3.49999776153127
2.46429972350641	3.2530093892124
2.45846521378424	3.01484773548594
2.44744428823828	2.78437124116932
1.57242764797732	4.66637611777272
1.48510141466759	4.86697183171805
1.5742560100651	3.6794409684778
1.47236314801444	3.87102720842129
1.48410030693686	3.13657057495047
1.57101570791	3.33331645663316
1.57487071239291	4.32356135788619
1.47104878823274	4.13112458482678
1.58536665710285	2.65882454866531
1.48241012820267	2.86893281966248
1.5515896339546	2.36579793995619
1.55516538351257	5.63061409132227
1.4832148787696	5.13378668628293
1.58577934970208	5.33872271220208
2.43708132344154	2.54878186024154
2.43710960083049	5.45124140028421
1.52147406783416	2.12023767543543
1.50807883642393	5.8912825446127
1.39001772176382	4.94044592288438
1.38950461857569	5.06377824806679
1.38873286432222	2.93880101143599
1.38727831137446	3.94352008223334
1.3900269991929	3.06339174597558
1.38618529910259	4.06344570627963
1.84624616648099	5.73091942538513
1.83661822480787	2.26793227172267
1.55599308639075	2.50875417777453
1.55522698244569	5.49001359355809
1.65965289785638	3.50572711603849
1.68469076729496	3.39203961127271
1.70824503488592	3.63333123172932
1.66517309755907	4.49592951642543
1.69872385892297	4.37732511584614
1.69985726808933	4.60398732906997
2.23862132274636	5.08835855477782
2.2521959352254	4.85801337071833
2.25469362628746	4.61977260277037
2.26157917856078	4.3755733917801
2.26124216213907	4.12524455625808
2.26121166479977	3.87476419269986
2.25412766205139	3.62651627677487
2.24841275668397	3.38250205687867
2.25188757862935	3.14362033367094
2.23477639050493	2.91763218542893
1.69542504865272	2.5869656774373
1.67519018028735	2.39936587502538
1.67789029395876	5.59181356136128
1.70287460772789	5.41524470226901
2.21874844944162	2.70911901582381
2.24133070420636	5.3013166541819
1.49873402020604	4.00145560453318
1.50719805817812	5.00029979132399
1.51037794208484	3.00245817431962
1.98564031898717	5.55660238775201
1.98417271740965	2.44230021121594
1.57416054905465	4.78322770443253
1.55573314141563	3.80008538725889
1.55725372596291	4.19861023756986
1.56879022298958	3.21413148575418
1.57368582555582	2.7882261072913
1.57246180514211	5.20979898773456
1.69462974380512	3.25742960485204
1.71036210756162	3.79634363859976
1.70782477819604	4.20976178585593
1.70253611611508	4.743546783853
2.03429469744966	4.96387561763212
2.05294421804673	4.74101471546367
2.02768705650149	4.49520978932655
2.06302680055138	4.24740438837188
2.08018962499904	4.010909237703
2.06332737577238	3.76291047836268
2.02166302848684	3.50173221060548
2.0573066467344	3.25761639852271
2.03223836565058	3.04110071068968
1.74135651491725	2.76598777704464
1.73869734524584	5.22634682910592
1.99487336211259	5.18412111567246
2.00076946355259	2.81881272776571
1.60754953888975	4.08140458729952
1.64150053007032	3.09580144273879
1.64313921745724	4.90354663041627
1.60723720580479	3.92196724016271
1.62810470477552	2.9160001381413
1.62847437808547	5.08228466532201
2.05954760427383	5.38709152304804
2.05461463193762	2.61684531077215
1.81262119954834	3.49482554428655
1.80725651478772	4.49282738023001
1.89813406023048	3.9036756166304
1.9044575026537	4.11417300909095
1.84372271141432	4.83846223768173
1.83456138187116	3.16675600523957
1.86928352907183	3.67864041616887
1.86615571845276	4.65653238529652
1.87034320062206	4.32421954900246
1.87263565723869	3.34143737513685
1.81102889603782	2.96752538177887
1.81315692212476	5.03088736537024
1.88350709651884	5.38088460286835
1.87970261056888	2.6239317862417
1.75823925961948	4.00370877598404
1.81251223340785	5.52261275086744
1.80792404895777	2.47441586505218
1.61760358039748	2.24691311375908
1.62400992140119	5.75630294528895
0.841805808786514	2.50020116516645
0.841805808786513	3.50020116516646
0.836861732254574	1.49603489898388
0.841805808786491	5.50020116516645
0.841805808786493	4.50020116516645
0.824920323202957	6.50003604945333
0.846555787048816	1.42204449666344
0.851425960544705	6.5786936368462
0.924331420333815	6.63170374729019
0.923979015387488	1.36851516838619
0.829675375765598	2.24944630653826
0.829736044140346	3.24934945194243
0.829757779024673	4.24939406898902
0.829723786142587	5.24934481986507
0.831816834273778	6.24622226948017
0.796094926350044	6.55448568002938
0.795476915753389	1.45459149262749
1.09798095624146	1.93021363752081
1.09879290704902	5.93095944122668
1.09490491050578	6.06330605577364
1.10091505811882	2.07075528489315
