270	84	85
177	15	29
311	171	172
343	342	25
424	263	262
309	24	68
273	82	272
431	270	269
179	43	44
301	10	45
226	131	132
287	285	39
487	486	326
285	20	39
186	187	14
196	162	163
189	345	284
333	28	334
195	196	163
279	280	75
197	161	162
200	158	159
626	316	476
207	150	151
346	1	152
346	207	151
346	151	1
204	154	155
525	377	376
314	315	113
217	140	141
213	214	144
502	342	605
626	477	316
216	217	141
185	186	41
540	392	391
445	286	285
183	13	115
184	42	13
222	135	136
181	116	16
226	227	131
183	184	13
356	184	183
392	225	224
229	230	128
464	463	303
303	46	9
227	130	131
304	9	117
231	126	127
247	248	56
307	12	103
403	239	238
331	8	105
348	2	121
404	240	239
402	235	234
238	65	66
235	123	234
241	242	62
328	327	5
425	264	263
242	61	62
245	58	59
243	60	61
246	58	245
240	64	239
247	56	57
419	420	258
570	424	423
256	98	99
347	3	49
253	254	50
258	97	257
347	100	3
263	264	91
251	52	53
248	55	56
258	96	97
483	322	323
260	94	95
410	245	409
261	262	93
900	966	678
733	572	571
410	246	245
264	90	91
266	88	89
331	330	8
434	273	272
265	266	89
269	85	86
273	81	82
273	274	81
440	279	278
290	31	32
291	32	18
276	78	79
367	196	366
199	159	160
193	165	166
275	80	274
282	283	72
586	440	439
191	167	168
192	166	167
190	169	189
506	284	283
284	345	70
277	77	78
294	17	295
293	292	101
188	30	187
187	30	14
272	82	83
448	287	288
188	29	30
295	111	296
218	140	217
595	473	472
293	101	102
310	172	24
296	111	112
178	179	44
262	92	93
484	323	324
178	44	15
352	180	179
457	297	299
391	224	223
302	301	45
544	545	396
325	6	107
324	38	6
308	307	103
315	22	113
290	32	291
292	291	18
312	21	171
216	141	142
214	143	144
386	218	385
333	176	28
382	215	214
274	80	81
437	276	275
177	350	15
334	28	109
317	35	36
436	275	274
478	318	317
289	449	19
319	69	23
298	104	11
332	105	106
405	240	404
483	323	484
230	127	128
325	324	6
231	127	230
327	108	5
398	231	230
488	487	327
234	123	124
329	174	330
240	63	64
330	174	8
203	155	156
373	203	202
198	160	161
336	110	27
197	162	196
199	200	159
337	336	27
197	198	161
338	47	48
915	684	623
339	338	48
202	203	156
340	339	26
210	148	209
212	213	145
211	146	147
342	120	25
347	255	100
255	99	100
886	509	777
225	132	133
198	199	160
318	23	35
614	321	482
180	181	16
636	616	349
447	286	445
252	52	251
254	255	347
304	303	9
229	128	129
805	651	806
426	265	264
476	316	315
474	314	313
277	78	276
318	479	23
241	62	63
763	492	597
313	114	21
313	21	312
373	374	203
202	156	157
437	275	436
192	193	166
218	139	140
311	312	171
469	310	309
292	18	101
236	121	122
348	121	236
295	17	111
186	14	41
259	260	95
256	99	255
348	67	2
237	238	66
213	144	145
531	383	382
339	48	26
204	155	203
956	818	957
651	650	450
219	138	139
592	455	456
342	341	120
381	382	214
345	170	4
345	4	70
269	270	85
734	573	572
628	484	324
305	304	117
300	10	301
427	428	266
747	748	586
271	84	270
239	64	65
239	65	238
537	538	389
286	20	285
302	45	46
302	46	303
500	339	340
341	119	120
490	489	329
322	7	37
221	136	137
455	294	295
320	309	68
451	290	291
226	132	225
182	116	181
388	220	387
357	184	356
501	500	340
378	210	377
468	307	308
323	38	324
223	134	135
223	135	222
608	525	376
209	148	149
228	229	129
593	463	464
221	222	136
220	221	137
438	277	276
360	188	187
630	309	470
522	373	372
310	24	309
311	172	310
472	312	311
218	219	139
241	63	240
321	7	482
201	157	158
201	158	200
434	435	273
288	40	19
205	153	154
375	204	374
191	192	167
283	284	71
208	209	149
202	157	201
185	41	42
185	42	184
215	143	214
383	215	382
423	261	422
177	29	188
265	89	90
265	90	264
299	33	34
677	628	679
335	334	109
1087	972	971
337	27	47
337	47	338
271	83	84
271	272	83
425	263	424
249	55	248
280	74	75
279	76	278
253	50	51
417	253	252
786	453	454
480	320	319
526	378	377
376	377	209
190	191	168
284	70	71
267	88	266
428	267	266
585	439	438
435	274	273
700	529	699
922	701	700
329	173	174
401	234	233
279	75	76
363	193	192
633	180	352
633	353	180
206	153	205
206	207	346
548	399	547
1553	489	600
210	147	148
210	211	147
521	371	520
501	1555	500
283	71	72
281	74	280
519	369	518
368	198	197
374	204	203
204	205	154
259	95	96
259	96	258
250	53	54
250	251	53
189	169	170
189	170	345
263	91	92
263	92	262
489	599	328
929	930	712
385	218	217
316	22	315
335	109	110
335	110	336
194	164	165
194	165	193
343	25	175
503	605	342
232	233	125
401	402	234
215	142	143
215	216	142
249	54	55
249	250	54
257	97	98
257	98	256
224	225	133
1429	1377	1422
282	72	73
281	282	73
233	124	125
233	234	124
261	93	94
261	94	260
801	645	646
388	221	220
396	229	228
397	398	230
300	34	10
300	299	34
535	387	386
387	220	219
630	469	309
668	470	480
318	35	317
362	192	191
1548	503	606
372	202	201
195	163	164
195	164	194
320	68	69
320	69	319
383	216	215
344	176	333
178	15	350
418	257	256
591	454	455
453	292	293
394	395	227
396	397	229
246	57	58
246	247	57
244	59	60
244	245	59
286	112	20
286	296	112
587	441	440
755	511	590
481	492	332
243	61	242
316	36	22
316	317	36
275	79	80
275	276	79
190	168	169
361	362	191
344	175	176
344	343	175
306	12	307
305	118	306
287	39	40
287	40	288
254	49	50
254	347	49
278	76	77
278	77	277
306	118	12
664	634	468
412	413	248
422	261	260
427	266	265
297	298	11
237	348	236
548	400	399
308	103	104
308	104	298
400	401	233
326	325	107
237	66	67
237	67	348
559	412	411
564	416	563
361	190	506
281	73	74
243	244	60
410	411	246
425	426	264
322	482	7
252	51	52
252	253	51
328	5	173
328	173	329
206	152	153
206	346	152
393	225	392
460	457	299
288	19	449
837	838	690
421	422	260
560	412	559
405	241	240
332	331	105
180	16	43
180	43	179
406	242	241
492	331	332
444	283	282
442	443	281
268	86	87
268	269	86
431	269	430
429	268	267
289	19	31
289	31	290
326	107	108
326	108	327
439	440	278
588	442	441
319	23	479
436	274	435
340	26	119
340	119	341
362	363	192
361	191	190
208	149	150
208	150	207
377	210	209
502	341	342
228	129	130
228	130	227
232	125	126
232	126	231
414	250	249
415	250	414
235	122	123
235	236	122
224	133	134
224	134	223
314	113	114
314	114	313
267	87	88
267	268	87
465	304	305
305	117	118
212	145	146
212	146	211
294	102	17
294	293	102
321	106	7
321	332	106
323	37	38
323	322	37
220	137	138
220	138	219
395	228	227
486	325	326
182	115	116
182	183	115
297	11	33
297	33	299
507	237	236
507	403	238
487	326	327
466	305	306
753	604	754
378	211	210
466	306	467
628	324	485
364	193	363
366	196	195
462	302	463
354	182	181
467	306	307
861	862	734
560	413	412
408	244	243
432	271	270
805	650	651
471	472	311
453	293	454
589	443	442
588	589	442
506	189	284
506	190	189
485	324	325
485	325	486
767	619	458
767	458	617
358	186	185
541	392	540
532	383	531
381	214	213
823	673	671
620	318	478
375	205	204
376	209	208
400	233	232
488	328	599
481	332	321
409	245	244
498	337	338
373	202	372
411	247	246
558	411	410
389	222	221
447	296	286
390	391	223
534	386	385
495	334	335
623	496	336
355	356	183
509	356	355
390	223	222
391	392	224
370	199	369
369	199	198
685	513	512
441	280	279
505	255	254
419	258	257
418	419	257
505	254	253
503	342	343
380	213	212
577	430	576
674	480	611
456	455	295
388	389	221
627	360	187
997	998	865
574	427	573
349	188	360
529	381	380
532	533	384
488	327	328
1551	488	599
610	506	444
444	506	283
709	541	708
462	301	302
784	358	357
644	360	627
625	451	291
534	385	533
365	195	194
365	366	195
441	279	440
1357	1271	1196
680	494	493
494	344	333
416	252	251
416	417	252
394	227	226
463	302	303
390	222	389
538	390	389
700	530	529
515	366	365
460	299	300
659	460	629
458	298	297
721	557	556
380	381	213
915	623	765
349	177	188
612	288	449
577	431	430
431	432	270
369	198	368
516	366	515
568	422	421
597	492	481
454	293	294
454	294	455
420	259	258
563	416	415
423	262	261
423	424	262
353	181	180
353	354	181
507	238	237
607	403	507
562	415	414
1096	1097	984
518	369	368
1137	831	1033
477	317	316
477	478	317
384	217	216
1546	473	595
443	282	281
443	444	282
415	251	250
415	416	251
542	393	541
594	464	465
475	314	474
785	474	596
596	474	473
473	474	313
379	211	378
527	379	378
399	231	398
1553	599	489
564	609	417
570	423	569
370	200	199
371	372	201
508	207	206
508	205	375
473	313	312
473	312	472
470	309	320
470	320	480
504	503	343
918	528	527
386	219	218
386	387	219
929	712	711
466	465	305
456	295	296
456	296	447
513	364	363
512	363	362
413	249	248
413	414	249
399	232	231
399	400	232
351	179	178
351	352	179
507	236	235
507	235	402
489	328	329
600	489	490
607	551	403
553	406	405
656	617	457
428	429	267
519	370	369
497	336	337
708	541	540
710	543	542
490	329	330
1554	600	490
439	278	277
439	277	438
379	212	211
379	380	212
508	206	205
608	376	508
421	260	259
421	259	420
579	433	432
433	271	432
367	197	196
367	368	197
404	239	403
554	407	406
491	330	331
491	490	330
582	436	435
437	438	276
624	482	322
554	555	407
508	208	207
508	376	208
575	429	428
613	351	178
1146	1045	906
743	582	581
427	265	426
574	575	428
475	315	314
475	476	315
1547	591	455
1547	455	592
559	411	558
619	459	298
450	289	290
450	290	451
471	311	310
471	310	469
355	183	182
355	182	354
1562	754	1552
632	334	495
501	340	341
501	341	502
408	409	244
408	243	407
802	646	647
627	187	359
464	303	304
464	304	465
621	339	500
765	623	497
364	194	193
364	365	194
511	512	362
834	687	686
907	760	614
619	298	458
407	243	242
407	242	406
452	291	292
452	292	453
553	405	552
405	406	241
396	228	395
397	230	229
393	226	225
393	394	226
783	463	593
541	393	392
493	333	334
493	494	333
800	644	643
1550	356	509
587	440	586
583	436	582
384	385	217
384	216	383
459	308	298
459	468	308
504	343	344
504	344	494
412	248	247
412	247	411
371	201	200
371	200	370
359	187	186
359	186	358
496	335	336
496	495	335
505	253	417
609	505	417
446	285	287
446	287	448
571	425	424
733	571	732
442	281	280
442	280	441
702	533	532
535	536	387
433	272	271
433	434	272
712	546	545
771	917	547
757	525	608
838	691	690
736	737	575
574	428	427
505	256	255
505	418	256
713	546	712
827	679	828
544	395	543
660	629	461
357	185	184
357	358	185
550	402	401
552	405	404
694	695	522
520	371	370
711	545	544
545	397	396
430	269	268
430	268	429
536	388	387
786	454	591
624	322	483
763	622	492
461	300	301
461	301	462
613	178	350
578	432	431
648	446	448
866	738	865
499	338	339
499	498	338
523	373	522
608	508	375
555	408	407
614	481	321
533	385	384
535	386	534
722	723	558
853	854	726
716	552	551
551	404	403
629	460	300
629	300	461
641	354	353
707	539	538
615	449	289
615	289	450
564	417	416
609	418	505
612	448	288
869	742	741
634	307	468
634	467	307
581	435	434
581	582	435
773	532	531
532	384	383
602	498	499
764	499	621
1070	939	938
544	396	395
1559	710	928
1550	510	356
590	444	443
512	513	363
565	419	418
730	569	568
690	517	689
587	588	441
578	579	432
579	580	433
530	381	529
890	606	781
632	493	334
681	493	632
566	420	419
565	609	564
580	434	433
580	581	434
528	380	379
528	529	380
590	443	589
610	361	506
631	445	285
631	285	446
607	507	402
551	552	404
557	410	409
557	558	410
542	394	393
783	462	463
585	586	439
746	584	745
785	475	474
701	531	530
825	676	675
677	484	628
565	566	419
565	418	609
598	487	488
547	399	398
874	747	746
623	336	497
732	571	570
570	571	424
659	629	660
726	562	561
673	620	478
519	520	370
601	1554	491
758	551	607
610	511	361
511	362	361
584	438	437
583	437	436
617	297	457
617	458	297
621	499	339
525	526	377
756	565	564
567	420	566
611	319	479
611	480	319
539	391	390
539	540	391
576	430	429
576	429	575
761	764	621
1552	502	605
546	397	545
828	679	678
514	515	365
688	689	516
759	618	498
759	498	602
667	666	630
625	291	452
530	382	381
530	531	382
616	177	349
616	350	177
928	710	709
709	542	541
620	479	318
688	516	515
705	537	536
1057	1016	883
521	372	371
521	522	372
757	608	524
891	893	697
1546	596	473
1056	1017	884
703	534	533
947	946	807
514	365	364
514	364	513
682	496	684
699	529	528
524	375	374
524	608	375
556	408	555
720	556	555
775	350	616
775	613	350
556	409	408
556	557	409
543	395	394
543	394	542
569	423	422
569	422	568
692	519	691
691	519	518
756	564	563
727	563	562
774	536	535
947	807	808
549	401	400
550	607	402
714	549	548
766	482	624
847	719	846
554	406	553
865	738	737
672	477	626
776	612	449
650	615	450
716	717	552
762	622	763
562	563	415
728	729	567
1551	598	488
758	607	550
782	487	598
782	486	487
919	512	511
755	590	589
1003	871	870
853	725	852
745	584	583
585	438	584
517	368	367
517	518	368
523	374	373
524	374	523
549	550	401
549	400	548
695	523	522
698	527	526
888	595	780
665	471	469
578	431	577
739	578	577
1551	771	598
490	491	1554
684	496	623
692	520	519
604	501	502
1555	753	603
1549	593	464
769	544	543
546	398	397
546	547	398
606	503	504
1548	605	503
721	556	720
766	614	482
572	426	425
572	425	571
567	421	420
567	568	421
768	479	620
583	584	437
1028	638	912
646	445	631
539	390	538
706	538	537
618	497	337
618	337	498
697	526	525
696	524	523
657	459	658
658	459	619
516	367	366
516	517	367
779	456	447
889	592	779
537	389	388
537	388	536
527	528	379
527	378	526
573	427	426
573	426	572
674	668	480
831	682	684
638	351	613
736	575	574
740	579	578
870	743	742
561	413	560
859	732	731
704	534	703
703	533	702
737	576	575
997	865	864
770	540	539
510	357	356
622	331	492
622	491	331
778	594	465
662	466	467
784	357	510
643	644	627
561	414	413
561	562	414
610	444	590
610	590	511
982	847	846
857	730	729
735	736	574
739	577	738
1562	772	918
1552	604	502
696	757	524
757	697	525
948	653	903
652	451	625
715	549	714
1040	844	892
639	640	633
796	639	637
1560	1013	1055
679	628	485
780	595	472
923	703	702
1557	948	1016
958	819	820
882	783	593
710	542	709
873	745	872
689	517	516
777	509	355
949	809	813
780	472	471
1035	1021	897
886	770	509
1054	708	540
654	652	625
654	625	452
1032	656	810
813	659	660
706	537	705
707	538	706
1549	464	594
815	662	663
716	551	758
892	844	716
909	615	650
937	796	795
715	550	549
715	758	550
1186	1114	1113
1127	958	820
904	960	669
681	680	493
669	476	475
873	874	746
1015	881	1059
944	803	804
738	577	576
738	576	737
975	839	838
791	759	602
837	690	689
746	585	584
719	720	555
718	554	553
777	355	354
1039	896	641
861	734	733
727	562	726
733	734	572
853	726	725
693	521	520
694	522	521
637	352	351
637	351	638
842	694	841
1041	891	843
907	614	766
719	554	718
1555	604	753
764	602	499
871	743	870
744	582	743
728	567	566
1177	1178	1105
1561	599	1553
917	548	547
1125	944	804
740	741	579
902	358	784
935	793	800
723	559	558
1145	1025	905
792	603	753
695	696	523
642	359	358
902	642	358
887	594	778
663	634	664
864	865	737
794	636	635
670	672	626
683	632	495
651	450	451
651	451	652
829	680	681
701	530	700
725	561	560
725	726	561
655	656	457
810	656	655
760	481	614
760	597	481
918	772	528
698	753	754
750	588	749
686	514	513
963	825	826
676	624	483
1014	783	882
1222	1062	928
731	569	730
983	847	982
1146	906	1026
836	689	688
820	668	674
817	665	666
1013	782	885
713	547	546
742	581	580
742	743	581
749	588	587
974	837	973
750	589	588
750	755	589
801	646	802
1067	935	940
1036	645	801
779	592	456
752	751	600
752	714	751
1215	1137	1193
671	673	478
690	518	517
690	691	518
635	349	360
635	360	644
704	535	534
883	786	591
657	468	459
657	664	468
869	870	742
735	573	734
681	632	683
821	670	669
717	553	552
1040	892	894
768	611	479
1029	674	914
889	774	592
1051	705	536
850	723	722
724	725	560
944	943	803
1051	536	774
661	461	462
661	660	461
1019	887	778
711	712	545
645	447	445
645	445	646
995	863	862
647	646	631
872	745	744
1005	873	872
781	606	504
1018	890	781
1034	1044	916
816	663	664
776	449	615
909	776	615
1126	795	1028
798	641	640
879	764	761
893	753	698
741	580	579
741	742	580
748	587	586
748	749	587
719	555	554
718	553	717
873	746	745
999	866	998
1053	769	887
887	769	594
698	526	697
893	698	697
729	568	567
729	730	568
969	968	832
921	700	699
890	772	606
1050	772	890
643	627	359
643	359	642
663	467	634
663	662	467
756	563	727
854	727	726
647	631	446
647	446	648
806	651	652
807	652	654
980	844	1040
812	811	657
919	685	512
686	687	514
671	478	477
671	477	672
778	465	466
1038	1019	895
666	469	630
666	665	469
694	521	693
693	520	692
993	994	861
1044	766	916
862	735	734
908	767	617
931	980	1040
980	845	844
670	626	476
670	476	669
1031	910	636
739	740	578
781	504	494
1138	921	699
885	598	771
1055	547	713
686	513	685
1048	970	833
765	497	618
913	765	618
908	617	656
735	574	573
640	353	633
640	641	353
839	692	691
913	618	759
888	773	595
1021	702	1052
655	457	460
655	460	659
762	601	491
762	491	622
747	586	585
747	585	746
882	593	769
1058	543	710
920	566	565
920	728	566
636	349	635
867	740	739
682	495	496
682	683	495
731	570	569
731	732	570
1046	912	775
863	736	735
687	515	514
687	688	515
761	621	500
761	500	603
985	850	849
675	676	483
667	630	470
667	470	668
724	560	559
724	559	723
1057	535	704
883	591	774
1041	893	891
792	753	893
722	558	557
722	557	721
835	836	688
875	876	748
1047	911	776
1031	636	794
675	483	484
675	484	677
830	681	683
824	672	822
860	732	859
850	851	723
1056	531	701
884	596	773
653	452	453
653	654	452
678	485	486
678	679	485
1297	1168	1094
894	752	789
649	448	612
649	648	448
881	510	770
1059	539	707
639	633	352
639	352	637
744	583	582
744	745	583
844	717	716
880	762	763
789	762	880
892	715	894
829	681	830
1018	781	899
841	694	693
1023	759	791
788	597	760
846	719	718
943	802	803
793	644	800
837	689	836
1149	1199	1029
920	565	756
855	856	728
1023	913	759
839	840	692
855	920	756
1049	856	855
840	693	692
839	691	838
815	663	816
1019	778	895
1223	1060	926
926	707	706
986	987	851
1107	996	1106
884	785	596
1556	1017	1056
1012	876	1008
877	750	749
790	764	879
933	934	979
851	724	723
860	733	732
885	782	598
966	900	1013
1047	776	909
806	652	807
812	657	658
849	722	721
898	779	447
898	447	645
881	784	510
1015	941	902
789	752	601
789	601	762
1020	1054	886
1076	949	953
1042	767	908
1227	1101	1144
878	919	755
919	511	755
1053	544	769
1053	711	544
878	833	685
970	834	833
1136	825	963
951	816	811
833	686	685
833	834	686
1051	774	889
1036	898	645
1140	925	705
1022	898	1036
918	527	698
918	698	754
811	664	657
811	816	664
787	880	763
931	880	787
1021	780	897
1021	888	780
901	462	783
901	661	462
911	612	776
911	649	612
809	659	813
797	798	640
864	737	736
864	736	863
848	721	720
848	849	721
955	816	951
964	963	826
1126	937	795
1125	804	1027
1127	820	1029
819	818	667
842	695	694
1041	979	934
989	990	857
858	730	857
926	706	925
1140	1132	925
924	703	923
1185	1186	1113
797	640	639
797	639	796
868	869	741
995	862	994
896	354	641
896	777	354
1139	923	702
957	818	819
1138	1018	1037
967	829	830
914	674	611
914	611	768
988	852	987
850	722	849
845	846	718
1122	1120	1044
843	696	695
792	761	603
981	982	846
952	811	812
1043	765	913
840	841	693
852	725	724
852	724	851
903	453	786
903	653	453
795	637	638
795	796	637
1052	702	532
1021	1052	888
894	714	752
894	715	714
847	720	719
847	848	720
1056	701	1556
1226	1063	922
1201	1151	1030
1004	872	871
866	739	738
866	867	739
900	486	782
900	678	486
892	716	758
892	758	715
878	685	919
1048	833	878
876	749	748
876	877	749
832	830	683
968	830	832
862	863	735
996	997	864
1268	1193	1280
969	832	831
917	751	714
917	714	548
891	696	843
843	695	842
787	763	597
787	597	788
790	602	764
790	791	602
910	775	616
910	616	636
979	843	842
934	790	879
992	860	859
993	861	860
803	647	648
803	802	647
875	748	747
875	747	874
818	666	667
818	817	666
1224	947	1061
974	838	837
819	667	668
819	668	820
990	858	857
855	728	920
1057	704	1557
948	903	1016
906	620	673
906	768	620
868	741	740
868	740	867
793	635	644
793	794	635
804	648	649
804	803	648
1029	820	674
1005	872	1004
1101	991	990
989	857	856
904	475	785
904	669	475
845	718	717
845	717	844
966	828	678
1013	900	782
954	661	901
1559	954	1014
916	766	624
916	624	676
1558	1015	1059
941	642	902
1142	1134	927
1142	927	708
905	658	619
905	619	767
1169	1095	1168
861	733	860
1002	869	1001
1151	909	1030
856	729	728
856	857	729
808	654	653
808	807	654
1050	699	528
1050	528	772
832	683	682
832	682	831
1559	1014	1058
1014	901	783
878	755	750
878	750	877
835	688	687
835	687	834
855	756	727
855	727	854
899	494	680
899	781	494
1032	908	656
994	862	861
799	643	642
799	800	643
933	1066	791
977	841	840
822	672	670
822	670	821
826	675	677
826	825	675
912	638	613
912	613	775
962	823	824
976	977	840
871	744	743
871	872	744
824	671	672
824	823	671
1283	1070	1233
1028	795	638
1095	983	982
1229	1094	981
858	731	730
858	859	731
827	677	679
827	826	677
1007	1008	875
1230	978	1093
1163	1089	1088
1147	911	1047
792	879	761
1280	1193	1191
897	471	665
897	780	471
809	655	659
809	810	655
814	660	661
814	813	660
895	466	662
895	778	466
891	697	757
891	757	696
998	866	865
999	867	866
1138	699	1018
1037	1018	899
1010	792	893
1041	843	979
925	706	705
1155	1223	926
1148	1198	1028
1109	999	998
1006	874	873
973	837	836
964	826	827
1077	951	952
1148	1028	912
1109	1110	999
941	799	642
942	802	943
987	852	851
991	858	990
1133	1138	1037
922	700	921
930	713	712
955	815	816
1137	969	831
1119	1043	1023
1124	1196	1026
1004	871	1003
1130	810	950
993	860	992
927	709	708
928	709	927
1022	779	898
1022	889	779
1353	1357	1299
973	836	972
946	806	807
957	819	958
1556	960	1017
959	822	821
1155	926	925
1558	707	926
942	801	802
1140	705	1022
1055	771	547
1055	885	771
1217	927	1134
1039	641	798
1209	1129	945
1073	945	946
1009	789	880
932	980	931
1144	1011	988
1011	854	853
972	836	835
1066	933	979
1009	894	789
1009	1040	894
978	841	977
1093	977	1092
1072	943	944
1071	942	943
1030	909	650
1030	650	805
1016	903	786
1016	786	883
956	817	818
1131	1139	1035
1114	1004	1003
1005	1006	873
1044	907	766
1065	932	788
939	798	797
1142	708	1020
1013	885	1055
1560	1055	713
1017	785	884
1017	904	785
1052	532	773
1052	773	888
981	846	845
981	845	980
1183	1110	1182
1001	869	868
1020	708	1054
1020	896	1039
1008	876	875
971	972	835
1216	1136	963
1083	964	1084
1231	1232	1068
1408	1307	1308
960	821	669
960	904	1017
1135	1141	1038
1083	963	964
1085	967	968
1556	701	922
1054	540	770
1054	770	886
952	951	811
1042	905	767
1247	1167	1166
961	822	959
1045	914	768
1045	768	906
1110	1000	999
1152	910	1031
1227	1174	1101
1560	966	1013
991	859	858
991	992	859
1050	890	1018
1050	1018	699
938	939	797
1207	950	1075
1147	1197	1027
1000	1001	868
965	827	828
965	964	827
1560	713	930
1225	965	1064
1027	649	911
1027	804	649
1118	1008	1007
1189	1190	1117
967	830	968
1081	961	959
1058	769	543
1058	882	769
931	1040	1009
931	1009	880
1012	877	876
1048	878	877
1360	1236	1212
1128	1200	1031
1014	882	1058
1559	1058	710
971	835	834
971	834	970
1209	945	1073
974	975	838
1056	773	531
1056	884	773
1120	1024	1044
1024	1065	788
1141	711	1019
1141	1019	1038
1189	1117	1116
1129	1201	1030
1227	1144	1100
1144	989	1011
1139	702	1021
1139	1021	1035
1049	854	1011
1049	855	854
984	849	848
986	851	850
1195	1025	1145
1213	952	1123
954	814	661
954	901	1014
1053	887	1019
1053	1019	711
1290	1161	1086
1082	961	1081
1037	680	829
1037	899	680
953	813	814
953	949	813
1034	676	825
1034	916	676
1230	1191	1119
1091	1092	976
1244	1164	1163
924	704	703
1057	774	535
1057	883	774
1098	1099	986
1103	993	992
936	794	793
936	793	935
1079	956	957
1074	946	947
948	808	653
1557	1016	1057
932	787	788
932	931	787
1130	1032	810
1105	994	1104
940	800	799
940	935	800
1113	1002	1112
1206	1046	1152
1088	972	1087
1143	970	1012
1046	775	910
1152	1046	910
1059	770	539
1059	881	770
1024	788	760
1024	760	907
933	791	790
933	790	934
985	849	984
986	850	985
1035	665	817
1035	897	665
978	842	841
978	979	842
1170	1096	1169
1150	908	1032
1116	1006	1005
1116	1005	1115
961	824	822
961	962	824
1033	684	915
1033	831	684
1558	941	1015
1558	1059	707
983	848	847
983	984	848
1007	875	874
1007	874	1006
1141	929	711
1078	951	1077
996	864	863
996	863	995
1010	879	792
1010	893	1041
1051	889	1022
1051	1022	705
938	797	796
938	796	937
1000	868	867
1000	867	999
1557	704	924
1361	1350	1292
1002	870	869
1002	1003	870
1217	1156	927
1207	1130	950
988	853	852
988	1011	853
1038	662	815
1038	895	662
1084	964	965
1225	1064	930
950	810	809
950	809	949
1091	976	975
1214	1124	962
1093	978	977
913	1023	1043
1026	673	823
1026	906	673
1099	987	986
1145	905	1042
945	805	806
945	806	946
1020	777	896
1020	886	777
1216	963	1083
1097	985	984
1049	989	856
1049	1011	989
1025	812	658
1025	658	905
1043	915	765
1043	1033	915
1015	784	881
1015	902	784
1010	934	879
1010	1041	934
1048	877	1012
1048	1012	970
976	840	839
976	839	975
1135	929	1141
1157	929	1221
1112	1001	1111
1112	1002	1001
1061	947	808
1061	808	948
1225	930	1157
1157	930	929
1092	977	976
1226	959	1063
1564	1157	1221
1078	955	951
1107	997	996
1106	996	995
1156	928	927
1098	986	985
1167	1093	1092
1121	1043	1119
1131	923	1139
1219	1154	923
1111	1001	1000
1111	1000	1110
1103	1104	993
1105	1106	995
1202	1032	1130
1150	1203	1042
1219	923	1131
1154	924	923
1229	1120	1192
1065	980	932
1351	1275	1200
1107	1108	997
1212	1072	944
1179	1106	1178
1211	937	1126
1349	1360	1295
1135	1038	815
1135	815	955
1108	998	997
1108	1109	998
1143	971	970
1118	1007	1117
1184	1111	1183
1182	1110	1109
1089	974	973
1247	1166	1246
1136	1034	825
1168	1095	1094
1115	1005	1004
1115	1004	1114
1226	1081	959
1566	1365	1159
1300	1213	1123
1194	1192	1122
1191	1121	1119
1167	1092	1166
1132	1036	801
1132	801	942
1064	965	828
1064	828	966
1368	1288	1154
1210	958	1127
1090	974	1089
1162	1088	1087
1102	992	991
1102	991	1101
1185	1113	1112
1180	1181	1108
1362	1291	1208
1212	944	1125
1117	1007	1006
1117	1006	1116
1066	1023	791
1066	1119	1023
1096	984	983
1095	1096	983
1262	1185	1184
1298	1093	1167
1105	995	994
1104	994	993
1073	946	1074
1205	1047	1151
1237	1074	1288
1317	1244	1316
1261	1183	1260
1103	992	1102
1062	814	954
1062	953	814
1233	1070	1069
1156	1222	928
1063	821	960
1063	959	821
1100	1144	988
1175	1102	1174
1144	990	989
1144	1101	990
1150	1042	908
1098	985	1097
1176	1177	1104
1178	1106	1105
1086	968	969
1086	1085	968
1187	1188	1115
1151	1047	909
1128	1031	794
1128	794	936
1202	1203	1150
1203	1145	1042
1180	1107	1179
1148	912	1046
1082	962	961
1166	1092	1091
907	1044	1024
1120	1065	1024
1123	952	812
1123	812	1025
1204	1045	1146
1210	1080	958
1197	1125	1027
1147	1027	911
1165	1090	1164
1165	1091	1090
1100	988	987
1100	987	1099
1143	1087	971
1228	1087	1143
1180	1108	1107
1177	1105	1104
1068	936	935
1068	935	1067
1134	798	939
1134	1039	798
1075	950	949
1075	949	1076
1140	1022	1036
1140	1036	1132
1161	1085	1086
1159	1082	1081
1071	943	1072
1231	1067	1287
1143	1012	1008
1143	1008	1118
1149	1029	914
1149	914	1045
1297	1229	1192
1564	1364	1565
1142	1020	1039
1142	1039	1134
1090	975	974
1090	1091	975
1121	1033	1043
1121	1137	1033
1113	1003	1002
1113	1114	1003
1129	1030	805
1129	805	945
1060	940	799
1060	799	941
1088	973	972
1088	1089	973
1213	1077	952
1169	1096	1095
1257	1179	1256
1179	1107	1106
1155	925	1218
1218	925	1132
1133	921	1138
1220	921	1133
1094	982	981
1094	1095	982
1069	938	937
1069	1070	938
1122	1044	1034
1122	1034	1136
1124	823	962
1124	1026	823
1131	817	956
1131	1035	817
1183	1111	1110
1276	1272	1205
1080	957	958
1080	1079	957
1225	1084	965
1221	929	1135
1133	829	967
1133	1037	829
1200	1206	1152
1260	1183	1182
1221	1135	955
1221	955	1078
1188	1116	1115
1265	1187	1264
1255	1177	1254
1270	1195	1203
1222	953	1062
1222	1076	953
1441	1391	1414
1239	1240	1075
1228	1118	1190
1190	1118	1117
1214	962	1082
1399	1396	1353
1176	1104	1103
1174	1102	1101
1269	1194	1216
1192	1120	1122
1198	1126	1028
1211	1069	937
1230	1119	1066
1298	1167	1280
1223	1067	940
1223	940	1060
1199	1127	1029
1357	1196	1299
1206	1148	1046
1200	1152	1031
1196	1146	1026
1199	1149	1204
1171	1172	1098
1300	1123	1195
1198	1148	1206
1273	1198	1206
1224	1074	947
1288	1224	1154
1171	1098	1097
1253	1176	1175
1218	1132	942
1218	942	1071
1181	1109	1108
1181	1182	1109
1301	1174	1227
1416	1270	1339
1164	1090	1089
1189	1116	1188
1303	1305	1364
1158	1078	1077
1217	939	1070
1217	1134	939
1228	1143	1118
1263	1186	1185
1173	1100	1099
1173	1227	1100
1224	1061	924
1224	924	1154
1232	1208	1068
1235	1071	1072
1298	1230	1093
1566	1226	1153
1239	1075	1076
1234	1069	1211
1363	1294	1207
1277	1270	1203
1204	1149	1045
1204	1146	1196
1358	1242	1210
1205	1197	1147
1172	1099	1098
1172	1173	1099
1160	1083	1084
1458	1400	1397
1229	1065	1120
1297	1094	1229
1164	1089	1163
1244	1163	1243
1165	1166	1091
1163	1088	1162
1292	1129	1209
1263	1185	1262
1238	1209	1073
1242	1080	1210
1366	1168	1267
1338	1269	1289
1193	1137	1121
1193	1121	1191
1230	979	978
1230	1066	979
1250	1170	1249
1202	1150	1032
1246	1166	1165
1264	1187	1186
1219	956	1079
1219	1131	956
1289	1269	1216
1321	1249	1320
1195	1123	1025
1195	1145	1203
1296	1126	1198
1415	1272	1341
1326	1256	1255
1261	1262	1184
1229	981	980
1229	980	1065
1302	1162	1228
1228	1162	1087
1184	1112	1111
1184	1185	1112
1255	1178	1177
1258	1181	1180
1175	1103	1102
1175	1176	1103
1254	1176	1253
1251	1252	1172
1153	921	1220
1457	1410	1371
1208	1128	936
1208	936	1068
1220	967	1085
1220	1133	967
1153	922	921
1153	1226	922
1170	1097	1096
1170	1171	1097
1248	1169	1168
1249	1169	1248
1256	1179	1178
1366	1267	1269
1292	1201	1129
1457	1399	1374
1194	1122	1136
1194	1136	1216
1244	1245	1164
1278	1190	1189
1239	1076	1286
1240	1207	1075
1272	1197	1205
1261	1184	1183
1396	1357	1353
1387	1388	1333
1215	969	1137
1215	1086	969
1563	1153	1220
1563	1365	1566
1565	1364	1160
1565	1225	1157
1257	1180	1179
1351	1200	1291
1205	1147	1047
1205	1151	1201
1271	1274	1204
1245	1246	1165
1187	1115	1114
1187	1114	1186
1249	1170	1169
1366	1248	1168
1243	1163	1162
1245	1165	1164
1286	1076	1222
1286	1222	1156
1254	1177	1176
1252	1173	1172
1291	1200	1128
1291	1128	1208
1274	1199	1204
1412	1278	1266
1237	1073	1074
1288	1074	1224
1352	1358	1293
1418	1276	1350
1284	1218	1071
1284	1155	1218
1279	1253	1175
1279	1175	1174
1231	1068	1067
1369	1155	1284
1355	1300	1354
1400	1281	1355
1275	1206	1200
1258	1259	1181
1265	1188	1187
1264	1186	1263
1367	1167	1247
1271	1204	1196
1302	1190	1278
1302	1228	1190
1266	1189	1188
1266	1278	1189
1290	1086	1215
1367	1337	1268
1259	1182	1181
1259	1260	1182
1236	1072	1212
1235	1072	1236
1318	1319	1246
1412	1344	1278
1267	1168	1297
1267	1194	1269
1476	1432	1431
1256	1178	1255
1299	1124	1214
1299	1196	1124
1339	1270	1277
1411	1366	1338
1294	1130	1207
1294	1202	1130
1282	1214	1082
1282	1082	1159
1281	1077	1213
1281	1158	1077
1316	1243	1344
1335	1265	1264
1321	1322	1250
1378	1323	1377
1277	1203	1202
1356	1294	1363
1295	1125	1197
1295	1212	1125
1287	1067	1223
1287	1223	1155
1306	1161	1290
1304	1282	1159
1241	1080	1242
1237	1238	1073
1293	1210	1127
1293	1127	1199
1320	1249	1248
1433	1383	1382
1482	1438	1437
1341	1272	1276
1250	1171	1170
1251	1172	1171
1298	1191	1230
1298	1280	1191
1321	1250	1249
1251	1171	1250
1460	1453	1402
1273	1206	1275
1316	1244	1243
1463	1311	1409
1283	1156	1217
1283	1217	1070
1235	1284	1071
1362	1351	1291
1267	1192	1194
1267	1297	1192
1289	1216	1083
1289	1083	1160
1268	1215	1193
1268	1290	1215
1234	1233	1069
1326	1255	1325
1301	1279	1174
1301	1227	1173
1418	1341	1276
1241	1285	1079
1403	1242	1358
1241	1079	1080
1407	1345	1309
1310	1235	1236
1285	1154	1219
1285	1219	1079
1453	1398	1402
1296	1211	1126
1462	1310	1404
1308	1231	1287
1414	1391	1348
1324	1254	1253
1334	1264	1263
1276	1205	1201
1325	1255	1254
1416	1354	1270
1314	1240	1239
1430	1380	1379
1323	1252	1251
1422	1321	1320
1265	1266	1188
1412	1266	1336
1258	1180	1257
1329	1259	1258
1312	1237	1288
1368	1312	1288
1331	1260	1330
1388	1334	1333
1302	1243	1162
1344	1243	1302
1342	1273	1275
1328	1258	1257
1344	1302	1278
1438	1439	1388
1370	1286	1156
1407	1314	1313
1301	1173	1252
1343	1279	1301
1368	1154	1285
1405	1393	1361
1348	1359	1296
1370	1156	1283
1564	1158	1364
1411	1338	1373
1410	1367	1247
1457	1374	1410
1350	1201	1292
1350	1276	1201
1305	1289	1160
1305	1338	1289
1336	1266	1265
1317	1245	1244
1565	1157	1564
1364	1305	1160
1402	1398	1363
1363	1207	1240
1369	1308	1287
1329	1258	1328
1359	1211	1296
1359	1234	1211
1419	1351	1394
1386	1331	1385
1361	1209	1238
1361	1292	1209
1327	1328	1257
1427	1441	1414
1566	1153	1563
1399	1304	1374
1381	1382	1327
1421	1356	1398
1387	1333	1332
1461	1315	1403
1433	1382	1432
1369	1287	1155
1336	1265	1335
1335	1264	1334
1354	1300	1195
1354	1195	1270
1386	1387	1332
1358	1210	1293
1375	1317	1316
1439	1389	1388
1333	1263	1262
1333	1334	1263
1337	1290	1268
1306	1290	1337
1389	1334	1388
1319	1247	1246
1377	1323	1322
1456	1430	1379
1370	1283	1345
1345	1283	1233
1407	1313	1345
1459	1407	1309
1303	1158	1281
1303	1364	1158
1365	1304	1159
1365	1306	1304
1383	1329	1328
1436	1385	1435
1324	1325	1254
1343	1252	1323
1393	1418	1350
1386	1332	1331
1352	1199	1274
1352	1293	1199
1394	1362	1406
1360	1212	1295
1413	1279	1343
1343	1301	1252
1355	1213	1300
1355	1281	1213
1461	1409	1315
1347	1312	1368
1413	1253	1279
1413	1324	1253
1332	1262	1261
1332	1333	1262
1390	1376	1336
1376	1316	1344
1563	1161	1365
1365	1161	1306
1313	1239	1286
1313	1314	1239
1440	1455	1390
1340	1274	1271
1322	1251	1250
1322	1323	1251
1327	1257	1256
1327	1256	1326
1311	1238	1237
1311	1237	1312
1372	1320	1248
1465	1422	1320
1385	1330	1384
1394	1351	1362
1346	1235	1310
1346	1308	1369
1378	1379	1324
1460	1314	1407
1307	1232	1231
1307	1231	1308
1309	1233	1234
1309	1345	1233
1366	1269	1338
1494	1422	1465
1370	1345	1313
1370	1313	1286
1330	1260	1259
1330	1259	1329
1348	1296	1198
1348	1198	1273
1464	1406	1307
1362	1208	1232
1367	1280	1167
1367	1268	1280
1353	1299	1214
1353	1214	1282
1420	1395	1352
1417	1357	1396
1318	1246	1245
1318	1245	1317
1349	1197	1272
1349	1295	1197
1347	1285	1241
1347	1368	1285
1315	1241	1242
1315	1347	1241
1409	1311	1312
1395	1358	1352
1356	1202	1294
1356	1277	1202
1331	1261	1260
1331	1332	1261
1380	1326	1325
1448	1394	1406
1346	1284	1235
1346	1369	1284
1390	1336	1335
1467	1340	1417
1398	1356	1363
1456	1378	1377
1385	1331	1330
1434	1384	1383
1406	1232	1307
1406	1362	1232
1409	1312	1347
1409	1347	1315
1415	1349	1272
1435	1385	1384
1393	1350	1361
1375	1316	1376
1389	1390	1335
1423	1319	1318
1392	1404	1360
1444	1404	1392
1431	1380	1430
1432	1382	1381
1384	1330	1329
1384	1329	1383
1382	1328	1327
1382	1383	1328
1468	1339	1421
1517	1475	1490
1374	1304	1306
1374	1306	1337
1423	1318	1317
1455	1375	1376
1402	1363	1240
1402	1240	1314
1404	1310	1236
1404	1236	1360
1422	1322	1321
1422	1377	1322
1525	1494	1539
1505	1441	1474
1543	1495	1540
1502	1499	1520
1464	1448	1406
1522	1497	1503
1403	1315	1242
1467	1420	1340
1397	1400	1355
1465	1320	1372
1389	1335	1334
1395	1403	1358
1381	1327	1326
1381	1326	1380
1392	1360	1349
1392	1349	1415
1451	1467	1417
1466	1371	1319
1379	1325	1324
1379	1380	1325
1417	1271	1357
1417	1340	1271
1410	1337	1367
1410	1374	1337
1545	1458	1397
1400	1303	1281
1401	1234	1359
1401	1309	1234
1440	1389	1439
1423	1317	1375
1405	1361	1238
1405	1238	1311
1458	1373	1400
1373	1338	1305
1378	1324	1413
1456	1379	1378
1397	1355	1354
1397	1354	1416
1412	1336	1376
1412	1376	1344
1446	1418	1393
1438	1388	1387
1493	1463	1461
1428	1423	1375
1428	1375	1455
1461	1403	1450
1391	1359	1348
1391	1401	1359
1408	1308	1346
1408	1346	1310
1414	1273	1342
1414	1348	1273
1438	1387	1437
1519	1491	1522
1421	1339	1277
1421	1277	1356
1419	1342	1275
1419	1275	1351
1373	1305	1303
1373	1303	1400
1371	1247	1319
1371	1410	1247
1399	1282	1304
1399	1353	1282
1420	1352	1274
1420	1274	1340
1411	1248	1366
1411	1372	1248
1378	1343	1323
1378	1413	1343
1455	1376	1390
1440	1390	1389
1482	1483	1438
1442	1401	1391
1494	1429	1422
1452	1397	1416
1431	1381	1380
1496	1391	1441
1451	1417	1396
1457	1396	1399
1466	1319	1423
1486	1467	1451
1477	1433	1432
1437	1387	1386
1459	1401	1442
1460	1402	1314
1432	1381	1431
1462	1404	1444
1505	1496	1441
1539	1516	1517
1485	1449	1467
1544	1371	1466
1459	1309	1401
1492	1453	1460
1463	1405	1311
1450	1403	1395
1500	1395	1449
1544	1396	1457
1526	1428	1489
1499	1502	1446
1493	1461	1450
1461	1463	1409
1472	1426	1473
1491	1464	1462
1454	1421	1398
1487	1452	1468
1503	1497	1443
1464	1307	1408
1447	1419	1394
1498	1504	1447
1449	1395	1420
1449	1420	1467
1468	1421	1454
1545	1397	1452
1433	1434	1383
1434	1435	1384
1492	1459	1442
1459	1460	1407
1426	1342	1419
1426	1419	1447
1530	1535	1504
1473	1426	1447
1456	1377	1429
1490	1456	1429
1497	1444	1392
1497	1392	1443
1495	1466	1423
1489	1428	1455
1544	1457	1371
1544	1451	1396
1527	1469	1470
1425	1443	1415
1436	1386	1385
1436	1437	1386
1445	1393	1405
1445	1405	1463
1483	1439	1438
1470	1424	1446
1462	1408	1310
1462	1464	1408
1458	1372	1411
1458	1411	1373
1427	1414	1342
1427	1342	1426
1424	1341	1418
1424	1418	1446
1443	1392	1415
1523	1450	1500
1496	1442	1391
1474	1441	1427
1545	1465	1372
1545	1372	1458
1484	1439	1483
1500	1450	1395
1491	1462	1444
1491	1448	1464
1468	1416	1339
1468	1452	1416
1425	1415	1341
1425	1341	1424
1480	1436	1435
1513	1482	1512
1479	1480	1435
1471	1503	1443
1508	1509	1478
1528	1472	1473
1533	1503	1471
1471	1443	1425
1484	1440	1439
1489	1455	1440
1523	1493	1450
1484	1489	1440
1473	1447	1504
1541	1529	1530
1479	1435	1434
1478	1433	1477
1472	1427	1426
1472	1474	1427
1490	1430	1456
1475	1431	1430
1495	1423	1428
1526	1495	1428
1475	1476	1431
1517	1506	1475
1524	1516	1501
1475	1430	1490
1469	1424	1470
1481	1482	1437
1485	1515	1449
1543	1485	1486
1477	1432	1476
1509	1479	1478
1478	1434	1433
1478	1479	1434
1481	1437	1436
1481	1436	1480
1488	1468	1454
1542	1487	1488
1485	1467	1486
1543	1540	1485
1493	1445	1463
1515	1500	1449
1469	1425	1424
1469	1471	1425
1535	1509	1508
1511	1512	1481
1488	1487	1468
1488	1454	1516
1521	1442	1496
1492	1460	1459
1501	1516	1454
1521	1492	1442
1540	1515	1485
1536	1513	1512
1521	1496	1505
1534	1507	1531
1527	1471	1469
1512	1482	1481
1498	1394	1448
1498	1447	1394
1520	1499	1445
1520	1493	1523
1499	1446	1393
1499	1393	1445
1501	1398	1453
1501	1454	1398
1536	1532	1513
1511	1481	1480
1510	1479	1509
1535	1508	1528
1519	1504	1498
1541	1519	1522
1520	1445	1493
1502	1470	1446
1518	1489	1484
1515	1523	1500
1528	1474	1472
1508	1478	1477
1530	1509	1535
1507	1476	1506
1513	1483	1482
1536	1502	1532
1531	1521	1505
1525	1517	1490
1538	1506	1517
1506	1476	1475
1529	1511	1510
1530	1510	1509
1514	1483	1513
1532	1514	1513
1538	1516	1524
1524	1492	1521
1518	1484	1514
1514	1484	1483
1533	1471	1527
1541	1522	1503
1522	1444	1497
1522	1491	1444
1531	1507	1506
1534	1531	1505
1507	1477	1476
1507	1508	1477
1525	1429	1494
1525	1490	1429
1532	1537	1514
1518	1526	1489
1510	1480	1479
1510	1511	1480
1534	1508	1507
1534	1528	1508
1537	1520	1523
1537	1523	1515
1539	1517	1525
1539	1488	1516
1519	1448	1491
1519	1498	1448
1526	1540	1495
1536	1512	1527
1524	1453	1492
1524	1501	1453
1537	1515	1518
1537	1518	1514
1535	1473	1504
1535	1528	1473
1538	1531	1506
1538	1517	1516
1533	1512	1511
1533	1527	1512
1542	1488	1539
1542	1539	1494
1534	1505	1474
1534	1474	1528
1529	1541	1503
1529	1510	1530
1532	1502	1520
1532	1520	1537
1538	1524	1521
1538	1521	1531
1529	1503	1533
1529	1533	1511
1540	1526	1518
1540	1518	1515
1536	1470	1502
1536	1527	1470
1547	592	774
1547	774	591
1544	1466	1486
1544	1486	1451
1558	926	1060
1558	1060	941
1549	594	769
1549	769	593
1552	605	1562
1552	754	604
1541	1504	1519
1541	1530	1504
1564	1221	1078
1564	1078	1158
1566	1159	1081
1566	1081	1226
1556	922	1063
1556	1063	960
603	500	1555
1555	501	604
1543	1486	1466
1543	1466	1495
1548	606	772
1562	918	754
1559	928	1062
1559	1062	954
1565	1160	1084
1565	1084	1225
1561	751	917
1561	917	771
1557	924	1061
1557	1061	948
1563	1220	1085
1563	1085	1161
1554	601	752
1554	752	600
1550	509	770
1550	770	510
1553	600	751
1553	751	1561
1551	599	1561
1551	1561	771
1562	605	1548
1562	1548	772
1546	595	773
1546	773	596
1542	1494	1465
1542	1465	1487
1545	1452	1487
1545	1487	1465
1560	930	1064
1560	1064	966
