BCnode   BCtype
131  4
outBCNode	outBCNum
1   1 
2   2 
3   2 
4   1 
5   4 
6   4 
7   4 
8   4 
9   1 
10   1 
11   1 
12   1 
13   1 
14   1 
15   1 
16   1 
17   1 
18   1 
19   1 
20   1 
21   1 
22   1 
23   1 
24   1 
25   1 
26   1 
27   1 
28   1 
29   1 
30   1 
31   1 
32   1 
33   1 
34   3 
35   3 
36   3 
37   3 
38   3 
39   3 
40   3 
41   3 
42   3 
43   3 
44   3 
45   3 
46   3 
47   3 
48   3 
49   3 
50   3 
51   3 
52   3 
53   3 
54   3 
55   3 
56   3 
57   3 
58   3 
59   3 
60   3 
61   3 
62   3 
63   3 
64   3 
65   3 
66   3 
67   2 
68   2 
69   2 
70   2 
71   2 
72   2 
73   2 
74   2 
75   2 
76   2 
77   2 
78   2 
79   2 
80   2 
81   2 
82   2 
83   2 
84   2 
85   2 
86   2 
87   3 
88   3 
89   3 
90   3 
91   3 
92   3 
93   3 
94   3 
95   3 
96   3 
97   3 
98   3 
99   3 
100   3 
101   3 
102   3 
103   3 
104   3 
105   3 
106   3 
107   3 
108   3 
109   3 
110   3 
111   3 
112   3 
113   3 
114   3 
115   3 
116   3 
117   3 
118   3 
119   3 
120   4 
121   4 
122   4 
123   4 
124   4 
125   4 
126   4 
127   4 
128   4 
129   4 
130   4 
131   4 
BCEdges
21
Edge1  Edge2   type
71   72   1
68   69   1
2   67   1
69   70   1
72   73   1
75   76   1
84   85   1
73   74   1
79   80   1
82   83   1
85   86   1
86   3   1
67   68   1
70   71   1
76   77   1
74   75   1
77   78   1
83   84   1
80   81   1
81   82   1
78   79   1
