0.00000000   0.00000000 
30.00000000   0.00000000 
30.00000000   20.00000000 
0.00000000   20.00000000 
5.00000000   10.65500000 
5.00000000   10.54500000 
5.00000000   9.45500000 
5.00000000   9.34500000 
0.00000000   19.23076923 
0.00000000   18.46153846 
0.00000000   17.69230769 
0.00000000   16.92307692 
0.00000000   16.15384615 
0.00000000   15.38461538 
0.00000000   14.61538462 
0.00000000   13.84615385 
0.00000000   13.07692308 
0.00000000   12.30769231 
0.00000000   11.53846154 
0.00000000   10.76923077 
0.00000000   10.00000000 
0.00000000   9.23076923 
0.00000000   8.46153846 
0.00000000   7.69230769 
0.00000000   6.92307692 
0.00000000   6.15384615 
0.00000000   5.38461538 
0.00000000   4.61538462 
0.00000000   3.84615385 
0.00000000   3.07692308 
0.00000000   2.30769231 
0.00000000   1.53846154 
0.00000000   0.76923077 
0.79015560   0.00000000 
1.58551415   0.00000000 
2.38610964   0.00000000 
3.19197683   0.00000000 
4.00315047   0.00000000 
4.81966513   0.00000000 
5.64155647   0.00000000 
6.46885969   0.00000000 
7.30161029   0.00000000 
8.13984421   0.00000000 
8.98359761   0.00000000 
9.83290681   0.00000000 
10.68780845   0.00000000 
11.54833926   0.00000000 
12.41453636   0.00000000 
13.28643685   0.00000000 
14.16407870   0.00000000 
15.04749956   0.00000000 
15.93673721   0.00000000 
16.83183028   0.00000000 
17.73281735   0.00000000 
18.63973694   0.00000000 
19.55262818   0.00000000 
20.47153061   0.00000000 
21.39648359   0.00000000 
22.32752702   0.00000000 
23.26470106   0.00000000 
24.20804611   0.00000000 
25.15760268   0.00000000 
26.11341171   0.00000000 
27.07551441   0.00000000 
28.04395221   0.00000000 
29.01876663   0.00000000 
30.00000000   0.95238095 
30.00000000   1.90476190 
30.00000000   2.85714286 
30.00000000   3.80952381 
30.00000000   4.76190476 
30.00000000   5.71428571 
30.00000000   6.66666667 
30.00000000   7.61904762 
30.00000000   8.57142857 
30.00000000   9.52380952 
30.00000000   10.47619048 
30.00000000   11.42857143 
30.00000000   12.38095238 
30.00000000   13.33333333 
30.00000000   14.28571429 
30.00000000   15.23809524 
30.00000000   16.19047619 
30.00000000   17.14285714 
30.00000000   18.09523810 
30.00000000   19.04761905 
29.01876663   20.00000000 
28.04395221   20.00000000 
27.07551441   20.00000000 
26.11341171   20.00000000 
25.15760268   20.00000000 
24.20804611   20.00000000 
23.26470106   20.00000000 
22.32752702   20.00000000 
21.39648359   20.00000000 
20.47153061   20.00000000 
19.55262818   20.00000000 
18.63973694   20.00000000 
17.73281735   20.00000000 
16.83183028   20.00000000 
15.93673721   20.00000000 
15.04749956   20.00000000 
14.16407870   20.00000000 
13.28643685   20.00000000 
12.41453636   20.00000000 
11.54833926   20.00000000 
10.68780845   20.00000000 
9.83290681   20.00000000 
8.98359761   20.00000000 
8.13984421   20.00000000 
7.30161029   20.00000000 
6.46885969   20.00000000 
5.64155647   20.00000000 
4.81966513   20.00000000 
4.00315047   20.00000000 
3.19197683   20.00000000 
2.38610964   20.00000000 
1.58551415   20.00000000 
0.79015560   20.00000000 
5.03889087   10.56110913 
5.05500000   10.60000000 
5.03889087   10.63889087 
4.96110913   10.63889087 
4.94500000   10.60000000 
4.96110913   10.56110913 
5.03889087   9.36110913 
5.05500000   9.40000000 
5.03889087   9.43889087 
4.96110913   9.43889087 
4.94500000   9.40000000 
4.96110913   9.36110913 
7.54929674   14.49283347 
7.49765790   14.80196257 
7.24532220   14.54175457 
22.64169763   1.26695837 
21.74984721   1.36557581 
21.99575027   0.69203660 
22.19638365   2.10140805 
3.13503029   11.04923238 
3.43086354   11.16541851 
3.15064281   11.43248208 
10.21097113   19.36899173 
9.60119147   18.75693814 
10.43109237   18.73063065 
2.80015135   11.20246161 
2.53766684   10.98985695 
2.84534997   10.90573345 
22.64929381   16.03069667 
21.88331896   16.16768367 
21.94867539   15.30939956 
22.38616730   16.80704917 
29.38188178   3.24999601 
29.19079709   2.49672748 
2.27704798   19.01271199 
2.99377886   19.17381284 
29.15389268   17.52612123 
29.19715941   16.69011425 
0.92326046   2.94252881 
0.70921802   3.59294243 
10.04707425   18.14540703 
0.73350285   16.43190366 
0.84200166   17.03057508 
3.65777796   10.36728743 
3.47242132   10.51493127 
3.47637082   10.27115381 
3.65832457   9.26155990 
3.73767162   9.49409945 
3.49048532   9.38052677 
13.89658550   17.85171114 
14.42291275   18.37956043 
13.62904828   18.39721257 
13.96794533   18.92906245 
6.17358869   5.18302062 
5.91281204   5.51737038 
5.81810147   5.14431785 
5.51006692   5.40520666 
3.73240672   10.55085642 
3.21968302   10.73470543 
3.53358392   10.73291395 
9.58088858   19.45646662 
6.26302123   16.45048923 
6.64766254   16.30761879 
6.44014373   16.80645893 
6.93042387   16.68786520 
9.35930116   16.81643735 
9.92096196   16.56144701 
9.72858700   17.09420540 
9.51930225   16.19896007 
3.21470549   10.43267055 
5.01216229   9.62247074 
5.05724205   9.66511788 
4.99149390   9.67301911 
9.61376314   0.62601707 
10.29767844   0.58373453 
10.01136062   1.01890512 
1.02664124   8.26847889 
1.60352863   8.02388315 
1.48987461   8.56794951 
1.96349896   8.37910000 
1.49217330   11.45156788 
1.64831317   12.11403136 
1.01941602   11.72904259 
2.00844525   11.66394518 
0.61412512   10.38921920 
1.15485834   10.06403136 
1.15039403   10.59173308 
7.12864292   14.96156122 
8.40846942   1.94563807 
8.96652627   1.54856908 
8.91803991   2.13983843 
3.64665660   5.95032846 
3.88293698   5.62917965 
3.97194851   5.95897972 
11.00494500   16.11603579 
10.53301149   15.88448256 
10.88081190   15.58198420 
1.60865999   10.41819385 
2.08431688   10.53863760 
1.82288030   10.81593058 
5.78889108   14.84242747 
5.86972935   14.47467124 
6.13344781   14.75900387 
5.44122925   14.63147288 
1.47036570   5.86427648 
1.26645007   6.57386899 
0.71794979   6.03082024 
6.52279080   14.63362821 
6.36494435   14.97103026 
6.71138634   14.93040909 
3.08652882   9.97852934 
2.86921728   9.90999046 
3.05647586   9.74280974 
2.76389880   9.61322150 
3.42732208   5.58179253 
4.17917426   14.66909059 
4.12369792   14.25922046 
4.48169193   14.42749756 
19.46210236   2.02834044 
18.85393294   2.77097910 
18.52016241   1.89775972 
4.40357342   14.06477102 
10.47952577   16.38879996 
5.21756802   9.72565913 
5.14964196   9.74987568 
5.17139740   9.68006077 
4.93900587   9.67471705 
4.88534153   9.71040405 
4.89615760   9.65390003 
4.91083313   14.51523857 
4.67969296   14.19877937 
6.67297769   17.13860144 
6.28053969   17.30500546 
5.93274490   16.87417246 
7.14222458   17.16464199 
6.70544824   17.67728909 
7.34715807   17.64060589 
5.92355559   15.75975328 
5.47475576   15.93934704 
5.61537909   15.52103696 
5.13711461   15.61744809 
5.53108188   4.47727347 
5.54576108   4.01641070 
5.94811841   4.24703540 
5.11093238   4.27905479 
6.45428468   3.04991912 
6.22601633   2.60481946 
6.77495686   2.72500894 
5.96798006   3.08696299 
7.22072360   16.24672393 
6.91999227   15.88736163 
2.34893691   9.60251280 
2.27878875   9.28650925 
2.57577629   9.33076009 
1.87917874   9.46362279 
6.09175202   2.08063397 
5.78576441   2.45159096 
6.62611868   2.17288196 
5.50907023   2.85889263 
5.26638218   2.32784888 
4.99940809   2.96056338 
5.79491809   17.49910948 
6.14741590   17.82202647 
4.95000325   9.72189349 
5.25854562   17.66238194 
5.48607536   17.11846329 
4.98540658   17.03798076 
4.46992291   2.72762960 
4.11515036   2.23803545 
4.71955874   2.26554547 
3.91953534   2.90147073 
5.02852732   1.75998007 
5.65338563   1.75038786 
4.12449842   6.95177360 
3.82321206   7.14004454 
3.84402718   6.84970527 
15.21896532   18.79367238 
15.21269581   17.97754290 
16.02668220   18.47538631 
4.71674204   17.73581867 
4.13655890   17.78132202 
4.46293797   17.25157841 
3.98605310   17.18083366 
5.02649378   18.23222418 
5.66418706   18.21260725 
12.91792084   18.41320908 
13.40176932   19.07814641 
12.72854686   19.26619751 
4.65041825   13.91970837 
4.97379496   14.10830669 
8.22596296   3.96603234 
8.87584685   4.11739209 
8.48732954   4.45390708 
14.50185953   17.38350991 
21.63476384   14.47644491 
20.92828711   14.98474849 
20.84672725   13.97454476 
4.98223386   13.77729148 
8.33041207   4.87845566 
7.94354915   4.46331146 
8.74683383   3.14237157 
9.48861646   3.24159308 
9.15366674   3.67135858 
9.14062340   2.60838503 
4.46239191   10.33985841 
4.32717563   10.38810605 
4.36061878   10.26968771 
24.32459120   14.98229561 
23.70168331   15.29646577 
23.64205121   14.67956811 
8.33349881   1.22380918 
22.96837292   15.10684305 
0.57071579   15.00633747 
0.52567855   14.29799323 
1.02156347   14.58513408 
4.14362573   7.25858018 
6.78489316   5.58662543 
6.90337864   5.18384989 
7.15748876   5.39290418 
24.93165726   12.64116785 
25.72563076   12.73348843 
25.24167280   13.54287615 
26.51177132   13.32147955 
6.55374273   5.22248428 
7.54264494   5.28556917 
7.42868970   5.72750423 
10.79267207   5.19385320 
10.25529537   5.16155794 
10.54438655   4.75580479 
8.47157701   0.54126880 
9.00555700   0.86071535 
13.74551917   17.11709997 
13.32294958   17.73074665 
26.91424078   7.00914062 
27.58714913   7.56278123 
26.83593099   8.09149017 
28.00753656   8.42038967 
19.90576348   19.24745917 
20.58684763   18.86794763 
13.41968397   5.56541453 
13.95193217   5.70685611 
13.43327190   6.20093893 
10.04393475   4.56085866 
10.14943940   1.64924331 
10.92605137   1.49532480 
10.78078727   2.05769210 
0.82418302   1.85615579 
1.25152577   2.36991049 
0.49982820   2.34861200 
1.44881306   1.75090814 
0.62715407   17.56197246 
1.40857644   17.47390406 
0.99341777   18.00929111 
1.53444033   18.13451248 
28.47508015   17.05585239 
28.35150745   17.71901276 
28.61119928   3.09375680 
28.38286562   2.31303200 
10.57018887   1.11875419 
10.99358614   2.64005199 
10.31182801   2.37343319 
2.97150745   0.77979893 
10.53889775   3.05300929 
6.69900797   4.82998595 
6.34655062   4.88375098 
6.35346257   4.52355779 
5.99756402   4.72725106 
13.87598360   1.63438315 
13.61205321   0.79919368 
14.58090433   0.95592352 
6.81106700   4.42267697 
26.49246067   19.22147543 
27.51363186   19.19475391 
6.39987760   4.01942823 
27.50983601   0.88274011 
26.49336844   0.77681323 
3.53425664   8.39306110 
3.39239996   8.63858150 
3.20256968   8.37820092 
3.04734833   8.67923618 
10.34868203   17.73699397 
10.71788006   18.06531575 
12.87452654   6.63244432 
12.21404810   6.44244048 
12.78673554   5.87266694 
2.85618033   7.91232713 
2.80282800   7.57064205 
3.18721765   7.72420011 
5.91637364   11.41286921 
5.95371775   11.27380290 
6.12211289   11.38700325 
3.09205542   8.06121624 
3.43627887   8.07903091 
4.48700530   0.75311174 
5.19089905   0.55586862 
5.11939274   1.20379672 
3.58612270   7.75255789 
3.48570901   7.36885710 
9.68695849   4.98494327 
9.86723304   5.51249175 
5.12212052   18.78484385 
5.19022706   19.44118904 
4.49061845   19.24231406 
2.42550251   12.86797222 
2.23169227   12.41350577 
2.67677030   12.55147026 
2.62720773   12.14683525 
2.66015556   13.37740351 
2.12991952   13.29964115 
1.65830177   18.76289658 
2.08658541   18.32118466 
2.38382434   13.90534908 
7.52238632   13.75168003 
7.11617796   13.81095079 
7.30062465   13.33841619 
2.03655567   1.53389675 
1.55540377   1.19456598 
8.72268506   5.88684314 
8.87815009   5.49974085 
9.10507770   5.78683016 
8.42730211   5.44459583 
27.61356165   17.89098546 
27.98830385   18.44140168 
9.12533729   6.30038075 
8.56647708   6.31351410 
27.98169320   1.58799540 
27.59747207   2.12449943 
16.31380196   11.83983005 
16.63727825   11.02723645 
17.20547323   11.51652943 
15.85084809   10.84436862 
6.10135258   11.22880391 
8.89159288   8.25349667 
9.35320368   8.32011089 
8.98562726   8.60574165 
17.10192815   9.73421962 
17.21567242   8.96144164 
17.87109982   9.61048945 
29.21201318   15.86248007 
3.45828105   6.30064250 
3.26914323   5.96722711 
29.12347566   3.99929410 
7.69314809   9.94745750 
7.73901784   9.67998965 
7.99816638   9.92331630 
27.87326108   17.15120069 
28.34617646   16.34823600 
5.51069036   3.43140506 
5.05148974   3.69063507 
5.93028622   3.72310600 
28.19397765   3.70457878 
27.84762428   2.88955739 
4.64009946   4.05371186 
4.46874249   3.42198691 
4.06556640   3.95795369 
5.02762456   16.29521041 
5.48876437   16.55541806 
5.90949287   16.25962739 
4.45715613   16.64699453 
4.62254994   15.97407400 
2.69598024   18.39680289 
3.73184411   19.26775877 
8.04394863   9.57406544 
3.72228338   0.72231846 
3.59164612   18.40617279 
3.56437544   1.59041708 
2.10446202   2.27803308 
20.96756173   0.87514497 
2.20089000   17.73296193 
5.63465208   13.75143684 
5.30586219   13.94789804 
5.28138040   13.57754750 
25.72516828   19.12133962 
25.71593256   0.65411415 
11.68501959   18.63239025 
12.35165859   18.76599519 
11.99895925   19.33983439 
12.20263943   18.04254483 
26.19395144   18.53496700 
26.27590932   17.74398122 
26.92750744   18.35045475 
27.05604447   17.37699173 
4.70096051   13.61121418 
4.38150613   13.76909621 
26.89438082   1.66793614 
27.04916996   2.60350276 
26.27439231   2.23159660 
2.61363032   1.54285385 
17.21983143   13.79654905 
17.52158392   12.93585392 
17.98776869   13.71561026 
16.59511335   12.96750234 
5.39056182   10.02122844 
5.31609546   9.99859540 
5.37778201   9.95578079 
18.60005128   13.60941933 
18.41641855   14.41865299 
29.10837295   14.95508416 
19.04339229   14.16336857 
29.16072032   4.98049966 
27.76289176   15.65942391 
28.53912821   15.54498092 
27.39719630   16.51612578 
28.51655063   4.39479888 
27.78859052   4.28249276 
27.38546432   3.43109960 
5.34275025   10.05174192 
10.55275937   7.38829693 
10.84384465   8.01143544 
10.25558192   7.84946755 
6.83231356   15.22344631 
6.66709332   15.58205404 
6.47440348   15.26317647 
7.08831060   15.43740651 
1.90546218   11.23529279 
2.39467561   11.34516819 
0.89269277   11.04140769 
6.28798999   15.60318545 
1.87796026   8.71078853 
2.28886746   8.65754891 
0.93425395   8.97676250 
6.37411540   15.97858426 
10.22135716   8.40015922 
11.13193909   19.26991495 
2.94639999   10.60797816 
2.67355709   10.63626978 
2.39167234   10.70517830 
2.43796837   10.34427439 
1.47871043   10.92568764 
7.74569071   4.85288556 
7.39202568   4.45894882 
7.60697163   4.05005070 
7.97256117   5.28182965 
5.35299980   10.14294540 
5.32965860   10.09360823 
5.39816233   10.09162478 
25.50857294   18.29219659 
24.71312895   19.08416134 
9.32704273   8.71325720 
24.98211180   0.86602733 
1.53336459   9.04868400 
2.06403023   9.02897201 
5.65855215   14.16702813 
6.04637445   14.14428146 
6.27163798   14.36333233 
2.20563931   10.97807959 
2.24434909   15.04859248 
2.79212078   15.34271721 
2.25997562   15.77857566 
2.97355679   15.89366369 
4.87993068   10.27635259 
4.88695211   10.33164997 
4.82540734   10.31915109 
4.86543838   10.38048809 
2.52602157   9.00667858 
25.47689387   17.27257322 
26.50983326   16.84468649 
25.58433374   2.66661948 
25.82935963   1.57692876 
26.52488580   3.08942561 
5.20770844   9.77507074 
5.25800992   9.77244691 
5.23136016   9.81325101 
27.13385487   8.92322405 
0.55804385   12.08872043 
3.84129806   9.96488324 
3.54180982   9.99687374 
3.64673868   9.77206175 
3.71060092   10.18386362 
3.88201455   9.71184312 
7.04153496   4.05974699 
7.19811889   4.87130072 
6.79178523   3.71835037 
7.24748260   3.68902688 
6.90730801   3.25965357 
6.56405423   9.80965685 
6.77486759   9.80027646 
6.64856306   9.96415354 
6.63084575   9.65146089 
0.55231578   7.88327161 
28.31081192   14.88185536 
29.04644788   13.95045417 
28.33922572   5.08764405 
29.08402707   5.84667798 
27.40396971   15.02393394 
26.91745498   15.93804021 
27.34122734   5.06656032 
26.88102279   3.99719570 
16.89174409   14.78740987 
16.40894128   13.97804313 
17.70868742   14.71421476 
7.41292002   8.65826603 
7.64541207   8.52145554 
7.62808597   8.73690043 
16.68795083   15.71428733 
16.07447656   14.93847255 
2.14546415   5.73838804 
1.63176895   5.31614315 
2.07478492   5.03600051 
0.55643696   6.69600499 
2.12468766   4.26783273 
2.67650682   4.77143179 
2.92713232   4.09882694 
1.10154876   13.91653501 
0.73299690   13.21512632 
1.46276986   13.25943515 
19.77481837   4.48140033 
20.58740035   5.04180915 
19.54991007   5.22767458 
24.66638582   17.99615709 
20.42173617   3.85458263 
5.21987954   9.12824158 
5.15932922   9.03914218 
5.28250368   9.05500412 
24.81494940   1.86503483 
24.16678042   1.10008625 
5.14105932   9.14562305 
0.93397816   12.68343774 
5.65215683   5.85700657 
6.05960284   5.96706370 
0.87713813   7.21688944 
6.34655607   5.60619982 
5.80812958   6.23052088 
5.61605103   9.04235842 
5.74575881   9.08259489 
5.65916557   9.14631039 
18.05710666   7.62135186 
18.14330497   6.72636920 
18.91817762   7.14958804 
11.89273345   5.36286970 
12.41014445   5.40174863 
12.16638451   5.88910074 
18.98574386   8.28364973 
24.93757706   16.50254954 
25.93550065   16.22040680 
23.86297655   18.51095389 
25.97493170   3.60653954 
25.06470625   3.27648610 
28.00406103   14.15725504 
17.91306082   8.56172984 
3.26090942   10.13129628 
28.14423843   5.95483472 
28.91980220   6.90553334 
27.02115006   14.26993677 
26.40744850   15.23709233 
28.47238826   13.30488151 
26.36464473   5.39095972 
26.27103708   4.50705636 
5.73579567   8.96391212 
5.07087680   9.53448449 
5.04844562   9.57808051 
5.02847251   9.54287299 
6.98234538   7.49822494 
6.98465478   7.24247984 
7.16948871   7.35140475 
7.20648819   7.06974827 
11.81036728   3.71192701 
11.80321078   2.93001436 
12.39418742   3.44523508 
12.66672470   2.79302726 
23.86685887   2.05731721 
5.03610990   10.39639155 
4.97804539   10.36435170 
5.04017809   10.34092513 
25.97784527   9.82223916 
25.48347213   9.02743606 
26.34768258   9.02549164 
4.50239794   6.11115828 
4.82622550   6.42443767 
4.39706893   6.47312663 
25.90151103   8.30632124 
24.15770053   15.94062612 
25.24006616   15.47359568 
4.09462575   13.87905020 
3.73303423   14.05951600 
3.82841055   14.47454612 
25.52360450   4.10245395 
24.75738999   4.23405821 
23.42600256   1.28571391 
27.57643508   13.41887430 
15.28894491   2.81916306 
15.87376872   3.50766521 
15.20331140   3.84847167 
15.99966019   4.49534165 
27.87666089   6.79791348 
17.23658393   2.97771391 
18.01259241   2.55744531 
18.01560070   3.19441210 
29.03231254   7.95862077 
25.93451062   14.40464633 
17.44429531   1.92860511 
18.07270294   0.96994703 
18.97945309   0.89588701 
4.11983091   13.55221687 
11.50466681   1.33101912 
11.48118314   2.07650930 
25.54079134   4.87862889 
4.42739688   13.37634530 
11.07004275   0.73873079 
11.93090668   0.65123979 
18.87935972   14.90000714 
19.59638582   14.67815965 
19.29465872   15.63507409 
20.11346254   15.09916256 
18.23460430   15.34104916 
5.18356498   8.27018798 
4.98427595   8.23026520 
5.13764124   8.12353281 
12.96823551   15.84844439 
12.37501015   15.71480465 
12.80916121   15.22202803 
12.62787456   16.39443437 
15.65686788   12.58057408 
15.35272048   11.65132453 
5.03400609   8.39215076 
3.72258465   11.90834262 
3.69711482   11.62873654 
3.91662447   11.72461600 
14.77642465   12.16974227 
3.45174732   11.70622613 
9.18257210   15.06074944 
8.64521357   15.24258261 
8.73424633   14.65861051 
6.40217239   11.18031079 
6.27653269   11.27722722 
6.25560484   11.12754925 
9.77857873   14.91158684 
9.57980657   15.55696759 
6.42228997   11.32924328 
6.41779026   11.50828812 
6.56573915   11.37642611 
6.55008922   11.58268768 
10.27380161   15.40558124 
6.71886902   11.50815110 
5.06137572   10.12932456 
5.01487662   10.14145599 
5.03906677   10.09102746 
3.39214586   4.64642762 
4.05993370   4.80259171 
3.67074789   5.19992625 
6.02171950   10.97169508 
5.88923663   10.98570405 
5.90441557   10.87889309 
16.65635880   1.58930807 
16.31380902   0.84021481 
17.18527182   0.88828232 
8.26949142   14.39370538 
8.69359063   14.04300523 
4.97998414   10.10693206 
9.20023678   11.57693718 
9.40913303   11.19390390 
9.58331010   11.63520710 
7.86743103   14.72500348 
7.81657893   14.16946448 
9.01226315   11.21045419 
8.43925564   16.25444444 
7.86308739   16.20259015 
8.27016661   15.71683615 
8.10873796   16.71350277 
4.73491569   10.12406106 
4.67745288   10.08014893 
4.74756959   10.04030356 
4.65065477   10.16630516 
6.89148277   14.58228686 
6.63066397   14.27760930 
5.74939439   10.91939671 
4.93367083   8.54147973 
5.00790380   8.67211161 
4.86122560   8.68193521 
5.11355400   8.60093606 
5.57339286   13.33120348 
5.40369398   12.93748209 
5.72656009   13.02645076 
18.71946037   11.01935002 
19.53523751   11.09286898 
18.78333094   11.83064461 
5.95104840   13.05237511 
6.18394936   13.25079535 
5.87848614   13.29247452 
23.54664563   5.32090045 
24.07479583   5.95541573 
23.23159803   6.19481075 
24.07377472   6.69936993 
19.03990710   10.41914209 
10.33169491   17.05888076 
2.67433301   8.63529015 
2.42415775   8.27428700 
2.82390573   8.26302881 
15.91952881   9.98518016 
16.52061241   9.31028415 
16.53907447   10.22668656 
6.40850890   8.73151510 
6.24841947   8.90625901 
6.26444213   8.63542139 
6.47470086   8.90012894 
11.14877919   3.37876476 
4.22456272   10.30087539 
4.19634461   10.44635346 
4.28522341   10.51720529 
11.37139819   15.79217767 
5.07904420   6.11131147 
5.25463344   6.52176275 
4.91463417   10.12096148 
4.94270687   10.05617257 
11.77044606   16.32196002 
15.62048820   9.34485783 
7.85386591   15.60724255 
7.42202701   15.76075131 
4.75159806   9.63541331 
4.73305260   9.70969782 
4.68301135   9.64319577 
16.51577769   19.22394248 
17.04020885   18.38714135 
13.82596502   3.56730298 
14.53482369   3.37331245 
14.44879909   4.10796607 
17.41098937   19.26389249 
18.06189330   18.62459662 
3.92489252   10.66148583 
3.94495288   10.49626902 
4.10733667   10.55606628 
4.06902383   10.36536687 
3.89512373   10.85447600 
3.73053652   10.74352112 
3.65616574   10.95399114 
3.63849100   6.58416278 
3.26914910   6.64720012 
3.03817856   6.31123370 
4.05628373   6.59699217 
6.10719730   11.07784327 
5.95909694   11.10369244 
20.48917172   17.25477889 
19.58608257   17.23481352 
19.87807697   16.48649294 
19.88633225   18.21122015 
5.09841816   10.17320662 
5.11898462   10.13110622 
5.04799204   10.17815778 
19.73082869   9.19518775 
20.55832498   9.60370274 
19.92841468   10.18202946 
20.71325444   8.88259186 
18.71053655   9.23242836 
4.98583925   10.23197313 
5.02072327   10.25640328 
4.97682245   10.27077688 
14.65140792   11.54059616 
14.88324568   10.92469903 
4.94115634   10.31118658 
4.93506647   10.25234543 
18.84169818   17.85215482 
19.01957273   19.03652387 
12.03134169   7.50387619 
11.98617222   6.96045220 
12.47365841   7.09196496 
4.80841186   9.62968698 
4.78795614   9.67960455 
5.03448753   9.98307088 
5.03374660   9.93740243 
5.07559481   9.94822131 
4.99030998   9.96165444 
4.89736869   10.42245525 
4.95417683   10.41023212 
4.93672273   10.45280546 
11.09402281   18.51957983 
11.50223244   17.83255783 
10.88417646   17.42672519 
4.92186134   10.37047183 
4.09593906   8.71249367 
4.03201319   8.85624353 
3.90649888   8.75048626 
4.66081838   10.26448765 
4.73524751   10.20726839 
4.75193788   10.28370093 
3.87468221   8.94848991 
5.06974287   10.22749991 
5.02970604   10.21463206 
11.79565164   15.50235819 
13.28917627   7.65257381 
13.69056160   8.22134029 
13.02801895   8.28946919 
13.96163065   7.65138686 
6.91719745   5.98455182 
7.08720725   5.70257562 
7.20139293   6.00098729 
18.19703454   16.96294349 
19.03964674   16.72251523 
4.83507914   9.86884107 
4.76233673   9.83504330 
4.81739630   9.79641332 
4.76274742   9.90631796 
21.55736602   12.81206216 
21.36591497   11.99280132 
21.98823917   12.29549440 
2.86874765   6.77441664 
2.47648934   6.36298339 
20.79270245   12.69246434 
5.05629613   10.28611464 
10.99447660   16.72681032 
5.10986921   10.26895440 
27.68170435   11.02628364 
27.10344702   10.49335258 
27.70058692   10.08184764 
26.89117295   11.15126572 
4.24644302   8.72944042 
4.22389634   8.55507806 
4.19246896   8.86753357 
4.91341768   9.77254489 
4.97520316   9.77178550 
4.93624767   9.81911172 
4.44549475   9.81934734 
4.39862790   9.73997283 
4.48132712   9.73617343 
4.44169407   9.64014857 
5.31563407   9.75949961 
5.28125117   9.71281566 
5.37022166   9.75110011 
5.34311220   9.80587750 
5.40994999   9.80892334 
4.53862329   9.60563837 
4.61473310   9.64899009 
4.54517066   9.69210954 
4.63620090   9.56979672 
3.89486134   11.26110054 
4.08769454   11.16271038 
4.04297630   11.37352473 
3.89758086   11.06267735 
20.84322917   2.90464093 
21.34477733   2.05666448 
21.86760574   3.16614374 
14.78712033   15.79845394 
14.01513536   15.89565694 
14.14142554   15.37847863 
14.22672426   16.53487589 
14.72930205   1.97012541 
13.88094811   14.82890327 
14.55318432   14.91900940 
14.27803938   14.29025268 
10.10899845   7.03977770 
9.68952281   6.91979229 
10.08395962   6.61258156 
9.62268924   6.45186795 
24.47367796   2.73576168 
6.19941838   10.95614156 
8.42387619   10.30872654 
8.55009073   10.02409575 
8.69968757   10.35715711 
6.21994128   13.63745422 
5.91053434   13.52219267 
5.96865920   13.86745475 
4.44725900   12.27437745 
4.21971816   12.41200349 
4.24417847   12.14725085 
4.41122337   12.50963174 
8.25154870   10.10950839 
5.45069869   7.11209198 
5.62696837   6.80590911 
5.81676717   7.14813212 
4.94759400   9.52246139 
4.99856490   9.51985329 
4.98702051   9.56980533 
4.03192302   11.97454406 
4.29347343   11.93077809 
4.19095447   11.72269740 
6.80583624   6.96035057 
6.80356039   6.56817744 
7.13651408   6.73354679 
6.52770248   6.77256320 
9.51746216   10.72344831 
9.14091122   10.85764988 
13.70521187   13.37592508 
13.75171320   14.13984202 
13.02521098   13.91788014 
9.24143111   12.87891148 
9.25584959   13.31021391 
8.87685476   13.11386730 
8.83127885   13.53816508 
12.00347910   8.07846250 
11.48636419   7.78895680 
11.55937977   7.23793549 
3.17095955   13.48047533 
3.43504226   13.07532743 
3.63615041   13.39132451 
3.53712784   13.71380211 
24.94151112   8.10726489 
24.17408522   7.48581186 
24.82657746   7.17511165 
20.06913057   5.99535329 
20.75581103   6.92049397 
19.75062129   6.83188618 
19.87790426   7.59611837 
13.00525817   7.18844341 
13.56381160   6.96367541 
4.96308613   10.15496128 
4.99775492   10.18833278 
7.70252867   13.40640898 
4.73510190   7.31332243 
4.63160717   7.55199047 
4.44180235   7.40242881 
4.86603171   7.50883231 
5.10958884   9.91611204 
5.12682721   9.96506316 
5.09244919   10.00380297 
4.03231533   13.27986795 
3.80772872   13.05100449 
3.99596184   12.59872725 
4.24664855   12.68699187 
19.86294670   3.00728956 
3.70213485   12.78245413 
3.77839313   12.49767146 
19.87110006   1.02925763 
3.50508600   12.54964276 
21.65105948   13.57285344 
21.03112447   13.23883615 
4.61919363   12.45907228 
4.69541057   12.18930527 
5.12519523   10.21503059 
5.17919449   10.20539519 
5.15371558   10.25119257 
5.20076912   10.25771536 
5.63520446   10.71531822 
5.71538214   10.65098241 
5.72257971   10.77309861 
4.85713676   9.75562427 
4.80145316   9.73455415 
4.76211988   9.76808159 
13.55843210   10.46405204 
13.79015249   9.90902247 
14.28478115   10.33532598 
13.17780053   9.96692851 
4.73696296   12.60870978 
4.53034595   12.73406239 
4.95811463   12.72653596 
4.74598527   12.81827891 
5.80512142   10.71106075 
5.59951346   12.02802614 
5.80026673   12.12553688 
5.59009572   12.26516463 
5.77904358   11.88944350 
5.58358761   12.49318489 
5.39595447   12.32514139 
5.36252821   12.58595845 
12.43650352   8.46148050 
11.86469137   8.69100999 
11.37014670   8.38013198 
12.81750833   8.80237231 
13.38669413   8.74353992 
11.05809371   13.99558058 
10.48930967   14.02012929 
10.89933176   13.58878036 
10.45216040   13.49060759 
11.68038113   13.97345739 
11.21189212   14.54891275 
11.95452301   14.49017255 
12.83170116   10.51300857 
12.26271105   10.51027707 
12.44429881   9.92396262 
11.79795080   10.23050968 
4.18776527   9.44391956 
4.07050230   9.34993801 
4.20585466   9.31088034 
4.12200433   9.17642674 
4.45410465   7.92760256 
4.28540827   8.10910690 
4.21441121   7.83502431 
4.05171021   8.04543517 
14.08534281   11.84915211 
13.56029212   12.14513243 
13.44407170   11.61171312 
5.29930794   9.64984563 
5.23739923   9.66368498 
5.27684067   10.32470920 
5.21611629   10.31801924 
5.25894895   10.26261147 
10.53366314   6.26934384 
10.02177083   6.05357076 
10.55738126   6.80929540 
4.44418277   8.43729647 
4.65475566   8.38810993 
4.60260341   8.59310714 
4.77628664   8.53485542 
9.17273803   13.78124774 
9.58246253   13.58328752 
9.98804697   13.35626771 
10.01266742   13.80670286 
4.62933401   10.33873525 
4.70195537   10.33809192 
4.66165474   10.40692349 
5.44934797   10.05759570 
5.50948577   10.02425493 
5.52086760   10.09500975 
5.58190539   10.05445964 
8.76555897   6.69193943 
9.21972965   6.77541212 
9.33279156   7.25718402 
9.86722115   7.45316594 
4.43075269   10.46059368 
3.85884741   13.64596294 
4.52952984   10.53835139 
4.39923955   10.58653053 
4.52718135   10.67383137 
5.59820088   7.70123270 
5.36124554   7.74587651 
5.41966877   7.54305056 
5.52444284   7.92388023 
23.06250203   2.09627640 
5.59321169   10.00155513 
5.55384087   9.95210646 
5.51144120   9.89631734 
5.60343473   9.87474475 
5.54912431   9.81883700 
6.96536748   13.07179375 
6.97117956   13.39812364 
6.75991561   13.22655456 
6.51390366   13.23186659 
6.63531525   12.88808592 
6.36846394   13.00939740 
23.98318557   3.56175552 
6.87941358   12.68659223 
4.58225726   9.49602632 
4.48000400   9.50886635 
4.34050076   9.51834354 
4.43335486   9.40753275 
4.32617737   9.35967081 
23.20652906   10.50847384 
22.50187559   10.25505265 
23.05633378   9.66073764 
1.06483038   7.69605084 
23.86568640   9.80609249 
1.03124250   12.24515556 
3.24792383   16.55063553 
3.39176879   17.13148410 
2.66076709   17.04104261 
3.02593308   17.73397318 
2.55333392   2.96667665 
3.30699817   2.86379277 
3.11206811   3.48292798 
2.95372468   2.26761797 
14.58335870   19.30877525 
13.88071778   19.46319682 
0.50264219   8.56416414 
0.49403053   11.43337260 
2.00420284   7.69246339 
1.57908062   7.54927880 
1.88914464   7.21955141 
0.47204484   13.67054630 
3.04160774   9.47701531 
3.30278897   9.53709249 
2.09660506   8.04014293 
2.47069562   7.90064409 
2.86792386   11.79954307 
2.46161930   11.74606648 
2.73754256   11.49229663 
8.38205500   17.83976457 
8.27945668   17.30796465 
8.80480333   17.61646825 
8.75894339   16.85781142 
1.84153197   19.42157494 
22.89138442   0.64454045 
10.04685608   15.95892661 
27.30448731   6.02467920 
23.70271378   0.52642420 
28.93962347   18.33693344 
24.61021165   17.23597747 
29.27489805   13.10275922 
23.84585155   19.30448031 
28.58399123   19.15626977 
0.39495847   7.28347184 
28.92406662   1.68851722 
8.76412104   18.38047933 
9.33837148   17.98487518 
9.30587241   17.32791433 
28.58153807   0.85124754 
10.77350003   15.03385911 
11.32016757   15.25472646 
4.44742793   18.41815385 
7.48812701   16.68826899 
1.20937557   0.60039943 
0.48671321   0.69682975 
0.92074810   1.27288677 
2.05115665   0.80735928 
4.43796154   1.57921541 
23.35726231   15.83121669 
8.86853896   4.64580424 
7.79127443   3.66323769 
8.18000721   3.41977471 
0.51892855   18.24267988 
0.98904240   18.60774547 
1.22957285   19.31983550 
29.42373022   19.10601006 
29.42072855   0.89948460 
23.18585488   18.93060080 
0.42763978   12.68388061 
22.59649606   19.30250480 
4.79737689   10.08971489 
4.85133972   10.11344351 
4.79125983   10.17253913 
4.85986993   10.16976047 
0.50395706   19.12322408 
15.91455114   6.31834016 
16.70381283   5.89168658 
16.67916358   6.74530714 
9.25730077   12.05384934 
17.39871544   6.31708583 
8.87555049   11.88320975 
6.39675614   3.51325656 
25.03159730   6.31711436 
6.82631613   18.86118464 
6.38604665   18.32509014 
7.05914372   18.21485873 
24.57904479   5.23908372 
7.67695235   2.74362561 
8.10060842   2.90565583 
7.54513649   3.21805841 
7.29525939   2.35882488 
7.96063322   2.38356332 
12.27410569   1.16446577 
12.77374919   0.67322306 
2.55689789   9.95079425 
2.03908098   9.97016892 
1.79414833   13.85328440 
9.84522807   17.59768842 
9.56222377   2.05303450 
9.84603373   2.78756795 
9.55147837   1.29274741 
9.50568852   5.90793569 
3.39029019   10.89947829 
25.01926303   14.48157588 
24.18678293   14.02194212 
0.68374238   15.70748304 
1.43449807   16.01442246 
1.19287631   15.20140136 
1.44077495   16.76201832 
2.87302243   9.22535444 
3.24767962   9.22570759 
5.91857762   0.82421661 
5.91376887   19.16257469 
2.03824746   16.50605474 
4.71601328   9.56619025 
3.75587839   3.45107050 
3.50333094   4.01329020 
6.82651984   1.08850237 
7.06346480   1.71126415 
6.36330310   1.60464782 
7.88490369   17.71860087 
17.21295297   7.99875150 
16.67438037   8.55317529 
7.70921258   17.15522133 
1.35118635   3.94948457 
0.67389221   4.28197254 
1.32587252   4.69776593 
23.82653096   17.58108003 
23.16174760   18.07746629 
3.61454627   17.69537472 
4.77251610   9.57390537 
10.07500265   14.38643315 
9.67614876   14.48108227 
0.69521418   9.65034524 
3.85335056   16.57824818 
3.82483591   9.25806070 
10.45628540   5.66010745 
1.42783715   7.16866839 
28.30137645   7.49497219 
8.93779628   19.16344849 
8.43695152   19.47519967 
7.78842232   1.82109417 
7.52971792   1.18894101 
1.89037905   6.75637088 
23.44814324   2.79885250 
17.36616400   10.57459921 
3.50615786   9.11966132 
3.57954822   2.36393441 
10.32404644   14.91126175 
10.07350325   3.36091160 
9.82466516   3.88727341 
3.92176527   7.73435882 
4.15948231   7.55188395 
18.10248031   5.75521065 
19.02916848   6.10456252 
4.41898613   7.67502159 
9.01385580   16.31668924 
9.18537117   15.85771101 
10.65186957   14.45078891 
8.75442920   15.81224579 
1.29204082   9.50694652 
12.18782055   17.13168020 
12.72947968   17.67035821 
13.01606799   17.03361029 
26.21184831   6.26798163 
11.34687020   5.30664074 
11.64951452   4.88780877 
3.30794227   8.92277842 
3.56683618   8.86766379 
12.18657007   4.85988130 
11.03055566   5.78165998 
2.88228503   10.26459746 
3.70270340   8.62993109 
6.76660384   0.51911060 
8.15188708   12.61069822 
7.87394646   12.81766031 
7.76309878   12.50763855 
8.17378643   13.00858021 
5.02322966   10.47903222 
4.97889787   10.48612904 
4.99235140   10.43257055 
10.41170845   13.08037196 
10.09313149   12.84448668 
23.80570965   4.41803121 
9.68256267   12.62441353 
10.20475852   12.29070126 
9.68766033   12.12335700 
8.98193682   7.59041484 
9.40571675   7.67837518 
11.09273091   6.40633150 
19.85844053   13.81953677 
11.59023871   6.67383357 
11.06848055   7.01922113 
5.16569743   10.10124848 
5.22694749   10.09343857 
5.21078193   10.14479005 
15.73858554   15.71613210 
15.30032301   14.97155032 
1.55537512   9.83823321 
1.95622165   17.10934352 
1.74897407   2.87594663 
5.27510758   10.12807630 
8.50079586   12.47099588 
8.50430915   12.85439507 
1.33001668   3.39083821 
23.36350289   16.70455613 
1.94343102   3.46555557 
15.53827050   0.72876238 
15.74326777   1.73790887 
8.53873347   12.07255059 
8.84198448   12.34266899 
5.15954567   10.30964019 
5.17797445   10.37181808 
3.08275755   7.36462188 
5.23719931   10.37849633 
1.39117605   12.60830837 
4.22679811   11.05999420 
4.07516816   10.96691198 
1.88064075   12.73847988 
3.70860490   11.22225817 
3.54444733   11.43506899 
4.61250908   7.78119944 
4.70787740   8.01160840 
3.82771058   11.45529251 
4.50258508   8.19794679 
4.84770802   7.75889858 
4.95944679   8.01552467 
3.19140548   11.81135489 
3.03912528   12.16822313 
3.40428886   12.02137166 
28.96516002   8.74035320 
9.25995160   12.45572241 
9.62954629   13.10412304 
2.60237754   16.35340885 
15.33436554   17.16217621 
4.37644772   11.00220415 
4.36798517   11.16464452 
4.21909010   11.25874923 
7.24253277   12.49756680 
7.15575343   12.13893783 
7.37556338   12.23043957 
8.51469262   7.49718781 
8.73366142   7.92467975 
4.11568478   1.21058299 
9.18188146   7.96772421 
5.72715176   10.53771678 
5.63012045   10.51526468 
5.68264282   10.45315928 
5.63091262   10.59816166 
8.26614748   11.80292835 
8.53272044   11.68124895 
8.02499807   18.39574329 
8.26002743   18.91160720 
5.61137437   10.11825831 
5.53525133   10.17324248 
4.11989394   18.78425289 
5.54378512   10.24556674 
5.45477628   10.21494861 
5.49266921   10.29954379 
6.76149245   19.46246334 
5.71599543   10.12816970 
5.67458749   10.03322006 
2.53213060   3.65636397 
5.63963898   10.22544824 
4.25049134   10.66558174 
4.37993053   10.74318976 
12.32273454   13.95520292 
12.06394044   13.44262354 
18.93876919   4.56847732 
18.64692366   5.26830500 
6.36716590   12.75447332 
6.14470405   12.92665032 
6.12099613   12.67339984 
28.82802047   12.52483948 
2.38616246   7.42127996 
2.79119226   7.19407998 
2.13171919   12.06224567 
5.91037464   12.61735379 
6.10970565   12.41698521 
5.81483735   12.40002102 
5.76946799   10.43561753 
3.67851221   15.95922368 
8.49408744   2.52654138 
4.36775065   11.37771174 
4.50470975   11.27778087 
4.28211135   10.17582856 
4.13988726   10.18036434 
11.61246186   9.27574264 
11.89818673   9.68287722 
11.29132521   9.86705938 
21.39416353   18.40397601 
21.87180666   19.23153044 
21.13281331   19.29450229 
11.28853271   8.89532662 
5.25993157   9.98914426 
5.27927304   10.05365275 
5.20355892   9.98041147 
5.24205689   9.93100221 
5.17281814   9.93130917 
6.60228808   12.55516844 
7.95215442   6.62878647 
8.22185557   6.34706399 
8.32965952   6.67886011 
7.86901152   6.27449038 
8.45696358   7.05973291 
8.86754358   7.14475410 
7.98353738   11.54682183 
7.95051259   11.90268615 
24.17922075   16.79370343 
5.81267039   10.12392982 
5.77668306   10.23174167 
22.84559442   17.52173702 
21.95226132   17.57207094 
22.38335643   18.38819953 
12.14044462   2.29639143 
7.82931310   19.39815463 
7.89735141   12.23487874 
7.69263819   11.98542372 
7.61219569   12.22473753 
7.31745175   0.68283403 
13.22597860   14.65121387 
28.06252048   12.74163554 
27.29447698   12.67278054 
28.04275623   11.92191736 
12.57524239   14.53298192 
12.26330506   15.04211835 
5.23709376   10.19943348 
7.84895000   0.60614217 
5.15392584   10.16333550 
5.29795046   10.19794422 
5.32302573   10.26627005 
5.14807116   10.42438548 
5.19826716   10.42959088 
7.29690727   19.28855738 
5.12457141   10.47413842 
5.08887397   10.42262838 
5.07145841   10.47407096 
5.89186640   10.17630059 
12.95200945   1.46398906 
8.67022715   3.62329240 
17.80993391   17.88763085 
17.47435515   17.00140083 
12.45768029   12.93566751 
12.53568970   12.38676874 
13.18450650   12.68110693 
12.95976400   12.03829486 
19.36580274   3.78255380 
11.87644548   12.94706996 
11.41577803   13.39141476 
5.29494188   9.42236868 
5.26454778   9.48752299 
5.23486737   9.45214215 
4.92955798   12.02735113 
4.72894124   11.92668253 
4.49523282   12.03480424 
11.10999322   7.52189922 
2.84305598   8.91095334 
7.14075406   2.90395468 
7.54078485   18.06987957 
7.54053784   18.71356353 
16.96068197   17.45897201 
5.30649830   10.39649929 
5.34960975   10.33850249 
5.39600741   10.28057716 
5.43615832   10.37039883 
5.37605418   10.20619566 
5.33490552   9.47337605 
26.43936797   12.31787908 
5.23508246   9.41018371 
1.87794535   6.24878655 
5.26460837   9.35263781 
4.85439190   10.94173898 
4.89249943   11.06210904 
4.79294930   11.05156389 
9.36732400   9.83877433 
9.75583972   9.94628458 
9.45844731   10.24679171 
4.97487990   11.00287236 
5.85306167   10.40549028 
5.80269727   10.33484140 
5.69200551   10.35010265 
4.74046799   11.68233822 
4.48285307   11.78351103 
4.62829679   10.49417070 
4.71262809   10.46678417 
4.74069506   10.39874362 
4.62255748   10.59562572 
8.43203659   11.01538805 
8.16226178   11.23517074 
8.15827557   10.89022742 
8.49279341   11.35651694 
6.91956052   7.93729692 
7.02078359   7.72794104 
7.18568929   7.90058419 
7.25600745   7.61110030 
6.16647273   7.18325733 
6.29992046   6.89137751 
6.49041912   7.14328352 
6.00778716   6.89430518 
4.72236043   9.05687616 
4.64113255   9.04383402 
4.69963003   8.97534835 
4.59536330   8.94837454 
8.30062991   9.78309317 
7.17932332   11.77231100 
6.92990038   11.94135180 
6.90138779   11.65269529 
6.66050000   11.79413745 
4.82189853   10.23251644 
17.86464029   4.82177082 
4.81957271   9.06862476 
4.74181624   9.14768398 
12.16194872   1.73481792 
4.81980554   9.15852046 
5.34450519   9.53838357 
5.30931363   9.58827289 
5.28976594   9.53792876 
5.35929468   9.60734128 
5.23606980   9.54089419 
9.19385517   10.12486599 
6.29996960   11.60156690 
6.28110597   11.43336909 
6.38754766   11.72643563 
18.26493714   10.47577512 
18.00680929   11.27196569 
6.72543125   11.24892120 
6.52576340   11.19996134 
11.27605568   12.65960417 
10.64216602   12.61104260 
10.79916755   12.14347502 
9.81670995   10.41294096 
5.19796597   9.38156325 
5.15487004   9.35133914 
5.20776268   9.32956274 
25.91191893   7.26599718 
3.38327952   15.42500648 
7.66067243   11.39202154 
7.37048229   11.51509672 
7.39657611   11.23129120 
7.65752843   11.68635696 
5.14244363   9.40344920 
4.97590502   11.46390345 
4.84443348   11.53193970 
4.85602550   11.41477970 
7.55899259   10.60290367 
7.32314945   10.48680223 
7.53489500   10.29176115 
7.28764779   10.20755546 
16.05386550   8.64258139 
15.20763692   8.67678403 
4.94557264   11.62419286 
7.40478636   9.13272526 
7.16345702   9.12062937 
7.29366747   8.89797944 
15.75183490   7.89620216 
5.52758998   10.37428874 
5.48575151   10.45846837 
5.54743937   10.52989165 
5.46595924   10.55896176 
19.87035076   12.79749286 
19.15886015   13.28791872 
5.53046612   10.64063390 
7.25653414   9.28789360 
5.02745502   9.77933833 
5.09092545   9.76006742 
5.07225608   9.80567362 
11.49607139   17.04846023 
5.04351441   9.71942921 
5.96618791   10.24187948 
6.06778831   10.24354751 
5.99413157   10.33222340 
5.85983621   8.92015512 
6.00725546   8.95068012 
5.85184341   9.04254805 
6.10511711   10.33255917 
5.22239651   8.45571024 
5.31530598   8.33423087 
5.29570307   8.17452307 
8.06514795   15.18191134 
7.55979455   15.20926454 
5.22314268   11.60023457 
5.08969861   11.70873281 
5.09469971   11.53271960 
3.72154747   14.93130588 
4.20229665   15.15831783 
7.15841951   11.10189327 
6.92314114   11.18036541 
6.94682405   10.93941157 
4.99555734   9.72889033 
5.24610961   11.76085697 
6.73507975   10.83978244 
6.93354852   10.72549108 
5.11457011   11.38669751 
6.75911539   7.33267068 
10.71117900   10.17750619 
11.26478822   10.46454413 
4.98146787   11.32228261 
5.32012593   10.61661894 
5.31185423   10.68594711 
5.26530883   10.64528918 
5.23910734   10.71126762 
5.90873442   10.76049466 
5.80365138   10.81775785 
10.09561929   11.72358507 
9.84335474   11.16920274 
4.08042810   10.74020178 
5.82159202   9.96695574 
5.88375362   10.05030675 
5.77860754   10.03589276 
5.89093179   9.93958899 
5.98425494   9.97835413 
5.64509843   9.78290420 
5.57238507   9.75011470 
5.62611506   9.69105771 
5.52729334   9.67918435 
5.22058996   10.48370410 
5.26111161   10.52424278 
5.20711472   10.54785941 
5.54563333   11.67795096 
5.66443386   11.54408135 
5.73146748   11.69425186 
5.48352092   11.49693417 
24.73291519   11.15014600 
24.01911164   11.64688484 
23.98673719   10.78843786 
23.28720518   7.22338592 
23.74343199   8.23389143 
5.41321326   9.55106503 
5.40202064   9.49200341 
5.18302871   9.44220666 
5.12099912   9.45208613 
5.46621427   10.87968117 
5.54059069   10.84360047 
5.57312035   10.94306891 
5.62672447   10.82407571 
4.90137062   10.64762135 
4.95919844   10.68419664 
4.91802126   10.71191735 
4.53754381   8.78912162 
4.71804242   8.71601760 
5.37669732   10.89868755 
5.39708153   10.81869783 
5.46133535   10.78895573 
5.81646082   9.86474080 
5.73618001   9.94581623 
5.70098949   9.86290975 
10.45138771   10.85573445 
10.45573403   10.49803800 
10.83448018   10.69371122 
10.13022395   10.57564329 
10.32558679   11.24919603 
10.11818582   10.90986595 
5.80217365   10.59536081 
8.73199994   8.84034513 
9.08134274   8.97343510 
23.31041460   11.39061449 
4.68592491   9.23567074 
4.57797466   9.26193078 
4.62878880   9.13925770 
14.47741682   6.14854053 
15.11035421   5.76255295 
15.05291623   6.60319808 
4.77444502   9.22715409 
5.77289651   8.17904694 
5.59693185   8.13406915 
5.74508326   8.01151522 
8.80346164   9.16822756 
5.71032077   7.84066955 
5.87494860   7.90596784 
5.86826253   7.68506725 
7.63797422   9.14514248 
7.51611477   9.31442377 
3.51388153   9.62071817 
7.52906515   8.91386627 
7.62997358   9.48752651 
7.37248698   9.45966059 
5.98269331   15.26893369 
5.50334087   15.15421857 
5.05473790   15.04399235 
7.47104812   9.64053474 
7.39253540   8.08009692 
7.42653846   7.83677540 
7.13580584   8.17600575 
5.37711637   11.65134687 
5.33342502   11.51075825 
5.22519174   11.45485025 
4.84209877   10.56859911 
4.84261119   10.50375182 
4.88814859   10.53732073 
5.14718418   8.85005714 
5.04249476   8.85396884 
5.08253124   8.75455493 
5.08631731   8.95302026 
5.84238734   11.54371456 
5.94790590   11.70462473 
6.19895926   10.39585555 
6.19121662   10.26646788 
6.32380709   10.32583703 
18.46003954   12.81897150 
6.28487645   10.19697054 
5.21079029   12.75874322 
5.12843882   12.93257153 
4.66141415   15.39425731 
4.91473777   13.01335172 
6.47039800   10.60113958 
6.38002937   10.75736124 
6.28533440   10.63179696 
12.61928257   2.07653283 
7.93638933   8.14283973 
7.91222429   8.45414018 
7.65312336   8.26503613 
3.36375653   9.84395277 
4.81086760   9.33481020 
4.81810439   9.39669811 
4.76536958   9.37112469 
4.76198796   9.43272402 
5.29972460   10.75008568 
5.37360793   10.74747317 
5.37375663   10.65915189 
5.32430516   10.81900670 
5.25438685   10.78182186 
5.23572802   10.84691212 
4.82315118   9.28089072 
4.86167982   9.31613871 
4.85774754   9.36681921 
4.24838354   10.85810500 
4.84653850   9.22565088 
6.14372439   10.15702990 
6.10318558   10.03005201 
6.23125897   10.07044510 
6.17672878   9.95124679 
5.64852751   9.49401895 
5.54606121   9.52856392 
5.55692016   9.44096755 
5.61443913   9.59704217 
7.88797623   9.13829751 
7.77807464   8.93405637 
7.79510685   9.37523031 
6.32108136   9.95674048 
6.38605924   10.08861857 
5.53229957   4.93633879 
0.95646943   5.36468114 
7.22877524   9.60957372 
7.31430181   9.79466128 
7.11266689   9.78079074 
5.23865095   5.12428663 
4.94937845   9.62509780 
5.08037850   9.62229181 
15.19387141   4.80370925 
14.30033542   4.72654875 
7.20089016   9.97428916 
7.12559222   9.43715802 
6.43048501   10.23584866 
6.54487247   10.10166859 
14.46548986   5.36297496 
21.25031417   15.84168868 
21.44502193   16.80565469 
13.39791075   3.06852130 
13.31881423   2.31057613 
13.94201298   2.88384705 
6.47252327   9.95982360 
13.18996995   11.04708102 
6.48380364   10.40450268 
6.34308298   10.47349066 
5.22601436   11.33645506 
5.13529958   11.27093296 
5.05476297   11.21809200 
5.14862789   11.14337895 
4.59317991   14.85788535 
8.03599684   5.64248100 
4.99625043   11.12180417 
3.08723170   9.00582015 
8.12919955   8.68412819 
7.86833469   8.71440175 
8.24948871   8.38162219 
5.94355121   10.42787238 
6.05938362   10.44574918 
13.06042486   3.66310284 
24.50597516   9.16366767 
2.31486647   14.47775990 
1.68492670   14.57765691 
17.54437422   3.83676285 
16.69780084   3.67560261 
27.63000953   9.33213879 
28.45995462   9.48862260 
3.17797611   7.03764595 
3.48749499   6.94447745 
16.98736432   4.41740427 
4.80521638   10.38862477 
4.79160897   10.46846738 
7.75332038   5.58699067 
17.38864682   5.62402680 
16.83263587   5.11448683 
4.15948314   16.16810130 
4.20534709   15.66907258 
5.99166625   7.41046582 
1.76181144   15.31737420 
7.03023076   14.24298300 
7.37462209   14.16890030 
10.51785193   3.64902237 
3.75934144   8.83957913 
3.73247215   9.05545128 
24.38209371   13.19583287 
22.51812680   11.14990792 
4.91035372   7.03932029 
5.02996511   7.32963928 
15.58281108   7.08008061 
15.02669633   7.39333871 
4.64893172   4.63113565 
5.09833221   4.73969706 
4.87427508   5.15128644 
3.14579176   12.55186129 
3.36048896   12.29512547 
22.22311198   4.75144305 
22.95184611   4.66463515 
22.71402906   5.41839208 
3.68631116   8.22865658 
17.97390860   12.05484632 
4.85873253   9.62172721 
4.90164113   9.60633992 
14.29821893   7.04111730 
4.82727321   9.57642459 
2.87278058   14.35156032 
2.65239353   14.79747105 
14.41989987   8.33330484 
14.03605006   8.82042129 
5.85697881   10.51489347 
4.70566337   9.78222230 
4.69665227   9.85511570 
4.69149605   9.91609265 
4.62008427   9.88838317 
4.65791994   9.96401444 
5.09663504   12.55231559 
4.98596418   9.81788938 
19.15753863   12.55370911 
19.64684763   11.94903937 
4.00282179   9.52297367 
12.76807145   11.53238924 
17.37488413   7.15991459 
16.05169077   5.43669086 
6.72090397   13.93087753 
5.91967453   6.56702498 
5.40394749   6.21459257 
5.60216678   6.46940358 
15.05872656   10.11834986 
14.51174586   2.67687838 
14.06281834   2.30649108 
3.86065407   10.33938226 
5.26405454   14.27186959 
7.88172059   13.12603875 
7.58097631   13.03696617 
22.22475668   9.48976209 
21.77754961   10.06438321 
21.33696078   9.48982270 
29.11555978   11.69689090 
28.46188312   11.23127063 
29.21109714   10.88435844 
23.53501455   13.26339393 
23.09261504   14.03953712 
22.51515558   13.07992328 
25.50002472   11.84533211 
6.51649374   6.43299537 
6.78045982   6.26789455 
7.12055029   6.33541563 
4.95963852   9.86580587 
5.00359231   9.90326985 
4.95308405   9.92474631 
20.38900114   14.45180880 
23.00888665   3.63770459 
22.70617818   2.75529951 
5.23854160   6.89271404 
4.15978559   5.32311755 
4.24539136   5.76665853 
14.08247186   12.60507692 
14.44233359   13.19135857 
12.45803068   4.18068765 
7.53571627   12.73411827 
15.19058675   13.41189722 
14.38318906   13.77594885 
16.73820576   7.38010408 
16.43595729   7.95129467 
16.18375396   7.22855480 
29.32599639   9.26270439 
9.07216407   15.50525795 
3.85331951   7.46771375 
3.92035470   9.37454740 
11.31222280   10.97132835 
11.80643272   11.30334065 
11.32046918   11.37761155 
8.48769286   13.28609304 
8.85294196   12.70576748 
4.36968535   6.79194527 
11.80305102   10.78081041 
11.64177387   11.78299046 
5.03927744   10.43905174 
16.42639486   2.61977941 
22.38702937   14.56101745 
18.43052001   3.82915933 
2.86397533   13.79186477 
3.26041273   13.97513603 
3.38459886   14.45359766 
25.53493044   10.63994332 
26.42786516   10.51794985 
26.31741845   11.36926705 
5.01059489   10.51883067 
8.57046107   9.26452765 
8.32717875   9.18830019 
8.48936520   9.02317106 
3.13781128   14.88926149 
4.20581734   11.48536771 
4.38185334   11.57724293 
3.85311703   15.42829527 
14.93124957   14.24641754 
27.11114949   11.74323223 
2.05092459   14.18592954 
3.96594187   9.24766518 
8.84575948   5.10172286 
15.32882052   19.46848546 
20.44403647   1.92707332 
3.93425055   9.11504100 
6.34190088   13.98233516 
14.50811560   7.69630951 
4.89368231   10.07282923 
9.31581099   4.01622892 
9.40939162   4.44512109 
4.85121518   10.05485586 
4.62700985   10.03029816 
4.69016110   10.01344864 
20.35897994   15.74602177 
20.68908012   16.42896386 
4.76630012   10.34069010 
7.79303445   5.92299168 
8.23376609   5.97599716 
4.50927432   11.45788043 
10.52831074   4.24206792 
7.91011205   13.72625270 
8.24745856   13.99337964 
4.61094876   10.09463335 
0.59285962   4.89446565 
4.54286770   10.03919190 
22.29953807   4.09921452 
21.44623990   4.27614605 
3.78527677   8.40396564 
4.00649252   10.09161968 
3.88569483   10.16360122 
8.24471515   13.61217334 
4.84682622   10.43438183 
4.04070931   9.68475710 
4.02284783   9.83228351 
4.95949086   9.22981820 
5.01211037   9.21215764 
5.00727032   9.27477760 
15.77138954   17.67095213 
16.15149242   17.04021636 
5.15485743   13.22674463 
20.73048262   18.05052815 
22.64380891   7.96372448 
21.71479011   7.59342076 
22.45464209   7.30505165 
21.79538212   6.76060386 
5.29745218   5.79771029 
15.92889971   13.38180922 
15.67936627   14.09871150 
18.58618224   9.95910424 
20.84275611   7.99490496 
3.66038145   12.23895770 
3.02558009   5.61342166 
3.12278536   5.20624021 
24.64209200   10.21465318 
4.31926507   9.20396755 
4.44823311   9.28212517 
8.39024207   9.48053778 
21.85547287   10.75968600 
20.98775460   10.32928275 
2.40440776   6.96436663 
6.52868122   6.01381240 
23.33173916   12.31200977 
24.01348025   12.51754691 
21.20912560   17.56577892 
4.92701184   9.56711767 
4.87135134   9.56869842 
6.21122899   6.30803387 
22.59725834   11.97369511 
23.64003890   9.10319037 
4.16952587   6.19267250 
22.86644373   8.81085143 
3.87030775   6.26414924 
4.82754310   9.53305229 
2.54440944   5.42444145 
2.97593775   12.95640202 
21.79634038   8.61574568 
8.38607820   8.72189609 
25.22630761   9.73963176 
20.35157135   10.87768720 
20.22285846   11.45664319 
13.98558953   6.41454377 
25.54322105   5.61684071 
4.55617818   10.14351154 
5.09841271   9.71014215 
2.74987747   5.90294922 
4.91529540   9.46638534 
4.97372921   9.48065980 
5.88344901   12.84446683 
12.98908927   4.97658093 
4.90008836   10.03132054 
4.18073477   9.60171102 
21.08359149   11.32761163 
21.91987475   11.61422077 
8.59472414   8.50926812 
4.88921863   9.51820573 
20.49704429   12.03600879 
11.71990801   4.34959214 
11.14390125   3.96241615 
5.00220361   10.30495970 
11.09512477   4.63703212 
6.05326541   8.33394843 
5.92164227   8.48067507 
5.86016602   8.32173236 
4.88594538   9.92988529 
4.93234832   9.98712885 
4.85676417   9.99083662 
5.03745470   9.51214132 
15.84821826   19.21723472 
21.09561296   3.49807175 
5.07023145   9.48166215 
4.94660433   10.20293544 
26.84811469   9.74660996 
4.62460645   13.04196750 
4.32780144   13.01378465 
15.52113522   16.41910660 
5.12889340   9.51559224 
6.09809166   8.53722408 
9.09897403   14.24136500 
9.56151796   14.12080058 
5.67134242   8.34246030 
19.22038795   1.47835765 
4.90479755   5.67804701 
22.18107755   6.05361233 
21.69208603   5.25265542 
16.85337628   16.58525628 
17.57624375   16.15034671 
5.92841544   8.79877757 
5.15014932   9.86532606 
5.22130129   9.86553737 
5.18180515   9.81258349 
5.62453843   11.42408921 
5.75905565   11.42754733 
3.76541882   8.01532352 
14.10098985   11.05822905 
4.45314634   8.95421904 
4.34819983   8.83203053 
9.18383160   9.42288901 
8.99165528   9.79771519 
8.76376930   9.48499744 
8.07736506   13.36057807 
4.04845151   12.92843686 
8.64296411   9.77608742 
5.39011234   9.42011470 
5.34046942   9.36060303 
4.53851325   5.45041410 
4.65843475   6.76666164 
4.99642039   6.73026200 
8.31404976   14.82588257 
4.00942859   10.23825730 
11.62062074   5.97662064 
3.91032471   8.25190174 
5.16812216   5.42555242 
4.03727292   11.55439557 
4.96400229   9.29720049 
5.05783950   9.24841598 
6.72549664   10.12984600 
6.90740047   10.14034431 
6.79790513   10.31047013 
3.98042485   12.28480567 
6.32076019   10.88547251 
6.22164826   10.79139717 
6.99231203   10.34128958 
6.13033635   10.67311524 
4.90149271   9.87205732 
5.47838864   8.28538823 
5.56897293   8.48688335 
7.51209972   10.84130981 
7.32122946   10.71336517 
4.16705216   9.75518073 
4.88037681   9.81807383 
5.66174560   8.64424464 
5.47212789   8.63739402 
5.56102055   8.76984585 
5.07793312   10.37882182 
5.09459477   10.32465614 
5.12449886   10.37199168 
6.69838306   9.46934220 
6.87093508   9.40815119 
6.82547857   9.61595256 
7.00894858   9.59440559 
4.50554917   7.08000348 
11.04012953   9.35815448 
6.24998490   6.63919478 
5.80285039   9.18698522 
5.95956392   9.15096083 
5.93600633   9.29590983 
5.80447886   9.32904990 
6.25822170   9.73930072 
6.27340842   9.86936202 
6.16084348   9.80163561 
5.08941064   9.85530975 
5.13066973   9.80644007 
6.38650948   9.80094681 
5.17306913   10.78183721 
5.16901511   10.70287504 
6.07270882   9.88146425 
6.05405351   9.74166502 
5.94859758   9.83758755 
4.53983364   9.38822097 
5.99002736   10.69643468 
5.89543367   10.64051137 
6.05375712   10.81831021 
6.17114812   10.53102938 
7.18246861   8.49296818 
6.99752019   8.67483114 
6.93682471   8.40401384 
7.19587442   8.71333821 
6.80476046   8.63609482 
6.26796932   7.41618266 
6.12020820   7.59958164 
7.41586646   8.33135413 
7.65661056   7.95966510 
5.39020189   8.75330145 
5.28887130   8.62507229 
22.27979861   13.90682882 
5.39362284   8.47652601 
5.46667450   8.87203293 
5.32701890   8.84999074 
5.37602923   8.95809508 
7.01090960   9.94723569 
6.92761914   9.78281480 
11.67358280   14.88836197 
5.74807938   8.81502533 
5.83370713   8.65701945 
5.75089049   8.50880578 
6.31718459   7.67092671 
7.01358479   9.26731398 
6.92423525   9.09169944 
7.05258251   8.91830428 
5.09195436   10.88298488 
5.04743042   10.93821310 
5.03201324   10.85010762 
4.58216888   10.21882050 
4.48303928   10.22524093 
4.96202930   10.90106613 
5.09253704   10.80730871 
5.15745253   10.86699264 
13.59518132   9.36155461 
14.33167426   9.55256088 
9.26072098   4.88892663 
9.29202300   5.34247278 
21.00065735   5.97452984 
4.40724910   9.90193808 
4.43935844   10.00303944 
4.32127556   9.96331965 
5.03267241   10.76418146 
6.28481835   8.36865105 
6.20587429   8.13264482 
13.75902914   5.02964216 
6.65394609   7.94504894 
6.80132868   8.18654180 
6.76957179   7.66210424 
6.66646641   8.42563639 
4.98287074   10.01348311 
5.42571828   11.24088237 
5.51323006   11.33875557 
5.35929853   11.36223652 
5.03727097   10.03456413 
5.54781015   11.18852234 
4.88899543   9.12494161 
4.90412217   9.04174999 
4.80137137   13.29598202 
4.51366542   9.91684714 
7.50749575   12.42373820 
4.94403594   8.92814199 
4.99599918   9.02898366 
6.37189156   7.93478409 
6.52692978   7.71231791 
6.09424367   7.87311300 
4.73324483   9.96672776 
5.99095900   8.08545765 
4.83720279   9.46412009 
28.48427260   10.48391916 
4.98098682   13.49907408 
5.09100937   11.04391860 
5.19681739   11.03289333 
5.27133213   11.09700405 
8.50094721   13.69456327 
4.93462942   10.51408083 
5.28635427   11.21869163 
6.62103562   8.90645271 
6.72582862   9.05049880 
6.57463722   9.07183365 
4.88355211   10.47698200 
6.81495209   8.85615718 
6.49889391   9.24157249 
6.39040077   9.08465786 
6.31031650   9.26705279 
6.11492633   9.26810986 
6.21961992   9.43653261 
6.03033103   9.44254183 
5.10542668   9.30364482 
5.09164607   9.36349222 
4.78720905   6.03131848 
4.58896693   5.77873589 
5.17398431   9.28413886 
4.91185703   10.17280307 
5.22912581   8.92439748 
5.28557466   9.88029691 
4.35851917   10.08258016 
5.66313582   9.26152265 
5.66770642   9.38901949 
5.31332450   9.93553711 
5.11337093   9.66686849 
5.13701340   9.62410412 
5.67545546   11.29635568 
5.06183508   9.89624984 
4.82812976   9.92745517 
4.79133374   9.97714243 
4.12846106   10.03569265 
4.03418540   9.96691932 
4.17182751   9.91011754 
5.19217499   7.14693814 
6.57054606   9.37186198 
6.41049942   9.40633755 
5.29271679   7.35369427 
5.19571318   9.62659185 
5.24925376   9.59912275 
17.32653246   15.40543592 
6.45722501   8.51224083 
6.60520317   8.70005528 
6.11312037   9.07942203 
5.12456935   9.22827229 
6.52150633   9.52708279 
4.62433835   10.77330718 
4.64826821   10.68325045 
4.73400623   10.75366527 
4.71765992   10.62958473 
5.10504529   10.74115115 
5.11324545   10.68162039 
5.46859365   9.83841930 
5.42108710   9.89346987 
4.99534002   10.06055274 
3.31734228   12.79030411 
4.64025250   9.80058230 
7.10858749   10.56338575 
7.11970738   10.83723577 
4.55508014   9.79689371 
4.65489497   11.04420694 
4.63820530   10.89129949 
4.74053523   10.96344880 
5.10041201   10.09373560 
5.07941155   10.05544762 
4.74877833   10.86640517 
4.38358190   8.63320829 
7.08797924   10.15794748 
6.83284361   9.95822776 
4.69849777   9.38957094 
4.61382504   9.42576473 
4.64318654   9.33530069 
6.42196574   13.47346338 
6.49263817   13.72848402 
4.68505670   9.47787079 
6.71381210   13.54290293 
4.80796131   10.03308624 
8.21377616   12.17808828 
18.24895679   19.32023632 
5.28660342   10.47179536 
5.24749900   10.43034132 
16.20010343   16.31504032 
5.51897714   9.59780331 
5.47352880   9.55751027 
5.46397454   9.48404130 
4.74306323   9.31064601 
8.86139738   10.08608522 
7.62789931   11.07820531 
7.90648058   11.29182017 
11.09181131   11.71290292 
11.35270207   12.13314186 
7.91548862   11.02172749 
8.52888479   8.22121607 
5.45923291   9.97203204 
7.34028097   10.97403111 
7.71209630   10.83804377 
5.13398120   7.62188912 
6.59959478   10.51357777 
6.64618148   10.64501303 
6.54706719   10.74507795 
4.39669763   10.87404233 
4.50163337   10.94855697 
4.50948195   10.81292756 
14.59426923   8.98728452 
4.80343250   10.53675988 
4.75005080   10.54259502 
8.28115839   11.51676892 
5.01981186   9.48136790 
5.26454168   11.95002098 
5.15230761   12.09701109 
5.10266098   11.90835373 
5.37304021   12.12297165 
12.57956882   13.49383522 
5.19673623   9.49842802 
5.17724205   9.57081190 
3.87140370   12.11574427 
6.16129748   11.74607328 
5.98499594   11.94597105 
4.76769656   9.49695951 
6.21300327   11.93200394 
6.35433850   12.50252235 
6.57136451   12.29786759 
6.31088024   12.25772415 
22.65271270   6.72068203 
5.42585345   10.44208023 
5.37562693   10.39933105 
6.04000473   12.18008664 
5.35506244   10.45900798 
4.79056655   10.59940827 
4.79376143   10.67798265 
8.82344365   11.50209283 
8.73580659   11.20282244 
8.76404763   10.92931893 
5.13578149   9.69949423 
4.31701882   9.82425887 
7.54173326   9.81179672 
7.45844788   10.01739100 
7.07360497   11.29209286 
6.91006671   11.39403886 
7.10942787   11.49212233 
6.78953507   11.04766618 
6.62370625   11.04414323 
8.43857894   10.64454436 
8.07536932   10.62763633 
8.19411879   10.38756215 
3.97431397   8.51618020 
7.93215094   10.41370904 
8.04318865   10.22124826 
7.79789891   10.18959293 
4.83439071   10.63613676 
5.42579733   8.09194320 
4.70419623   11.47448428 
4.63225344   11.34048895 
4.79583242   11.28306600 
4.64266174   11.20001746 
12.60150763   7.74996450 
6.49587801   12.07571815 
6.72834948   12.11112267 
6.78455720   12.36922336 
6.29399001   12.07316498 
6.41018379   11.92029203 
7.92591816   10.79689755 
7.80317352   10.63287742 
4.46738969   10.11687740 
5.66387026   11.07773256 
4.54278704   9.05779070 
4.84216994   9.68364303 
4.42010607   9.08103335 
20.43441416   13.27758476 
5.39452766   10.58191979 
5.40959032   10.50577350 
5.32620224   10.53856848 
10.91189816   13.09139335 
5.99378325   11.52238744 
6.13436252   11.56583745 
6.65160252   10.40026697 
6.60756795   10.26586382 
4.51718851   11.10788191 
5.61011200   11.83825036 
5.43086667   11.86134628 
6.34040746   9.59778435 
12.92298971   9.33143959 
12.30381574   9.15760449 
4.87696853   9.41672307 
8.01534590   7.04043109 
7.52977781   6.60552477 
4.92547732   10.55828169 
4.52257772   5.00987220 
14.86805552   16.67899612 
4.63956625   9.72481308 
5.58590847   10.32034020 
5.59723502   10.43105833 
13.44966707   16.31610667 
18.44032949   16.16361251 
4.30760475   9.67993593 
10.81575366   8.60985134 
10.36996986   8.93919650 
17.11586727   12.25985690 
14.96628122   8.04312460 
4.96893498   10.52669993 
5.53702324   7.32516421 
6.79388645   10.66342393 
6.89720598   10.50970702 
5.70526481   7.46885211 
9.67485248   9.55854593 
9.54065820   9.09094215 
4.69794005   8.86993354 
4.88602219   10.21719697 
4.86108373   11.14728830 
4.93787948   11.21850661 
9.68540551   8.57196673 
9.72517719   8.03926790 
20.01431568   8.39618734 
5.17049965   10.46716461 
12.99043569   13.28088298 
4.92823105   11.82552339 
4.88941433   10.59132661 
14.96255904   9.33596742 
13.47073958   15.45036959 
8.24898087   7.30522488 
8.04458775   7.50342654 
4.85946620   8.38134176 
4.77520064   8.20483950 
4.68888707   10.82486894 
19.20521067   9.78572475 
4.89395994   12.43834705 
5.34602341   9.86599436 
5.28534467   9.82499275 
11.95470192   12.36673674 
12.32452601   11.80420903 
4.38443178   10.18821694 
5.02901839   9.84837472 
5.43178097   9.72103501 
5.66929013   12.70070255 
4.23368032   10.05798382 
5.35586482   9.68976473 
7.43702660   11.96630638 
7.47494956   6.18722672 
4.23637149   4.38173548 
3.78897562   4.42592720 
14.82973695   12.79172981 
5.44106564   10.14022320 
5.36639024   9.91382185 
5.88973987   10.30719274 
6.73106272   10.50707648 
5.05361599   10.51501367 
5.43356324   9.62671582 
6.92789677   12.18843765 
4.83383849   8.82423099 
4.95855253   8.78478305 
4.86221686   10.70084236 
5.14661813   10.63900741 
5.20788599   10.63998140 
5.53945720   10.74997136 
9.33867298   14.57903244 
15.19665335   1.40179855 
13.04566783   4.25849426 
13.63448761   4.32845135 
5.05536331   10.68949766 
5.08829102   10.63767827 
5.49379276   9.77052170 
5.13269637   10.94832899 
8.09357736   9.28536017 
5.07469343   9.43707213 
8.25892066   7.93786695 
6.99803075   12.37615157 
4.54904820   11.61003378 
4.19891733   8.30184933 
5.10582555   10.52464551 
6.23543669   9.12110031 
10.51179859   9.35530703 
10.73598791   9.72263296 
10.21513401   9.76699038 
5.17945007   10.59246823 
5.06304368   9.17447662 
10.80067091   9.03285828 
4.91191087   9.38331678 
4.92124554   9.42363640 
7.35287154   6.86206409 
7.56984557   7.00799077 
16.43472518   17.85218641 
5.15624448   9.99571189 
5.50485799   8.99611678 
5.60541319   8.90988191 
5.20387748   10.03942529 
5.17774599   12.33413943 
4.08556682   9.00415220 
4.56246193   10.29869300 
5.11176311   9.57655771 
5.97479246   8.64801027 
5.13793598   10.05425928 
10.18080344   10.22956724 
4.58552356   9.96913630 
6.50364736   10.88209347 
6.41524142   11.02072344 
4.55701914   10.40501528 
5.78264432   9.46338614 
5.82239822   9.55433078 
5.72844792   9.56969357 
5.54324135   9.23180604 
5.55401050   9.33897852 
5.90653149   9.50413481 
7.74727618   6.82634845 
7.24575626   12.89298994 
29.20486732   9.98930807 
5.64623892   9.94373456 
4.27487801   9.01696347 
5.14985283   10.55572211 
5.16307569   10.50887236 
12.43655346   11.10309408 
5.75721715   9.77470939 
5.86817108   9.76317186 
5.05017891   9.31607329 
5.80636131   9.66291878 
10.84411546   11.20795217 
24.62562518   11.96017504 
5.46596538   9.39806407 
5.22256987   10.93138250 
5.23352026   7.94185531 
5.02990405   7.83767291 
9.94499409   8.86806304 
4.82372831   10.74825848 
5.29529600   10.89814368 
5.31742893   10.99502425 
8.82468930   10.64505467 
9.09949287   10.43443613 
5.53353600   9.12027440 
7.90878893   7.83261260 
7.76858124   7.30343259 
7.42620642   7.33040107 
7.62228787   7.60062980 
5.66018347   11.18512670 
5.79618544   11.18768884 
4.96529152   10.74378881 
4.90202884   10.78313757 
7.38618376   11.72593809 
4.48952579   9.17101754 
5.20404428   9.21050271 
6.47586994   9.67395962 
6.08958937   8.75663826 
7.15479385   10.36588276 
5.90388748   9.39781135 
9.85418600   10.74921284 
4.96979642   12.21723079 
5.51658803   11.07191921 
5.39988683   9.09322759 
5.44846038   10.98507652 
5.31077145   9.18692083 
4.75109133   11.14668007 
4.68440876   10.55456570 
5.00939811   10.70796148 
5.24817250   9.27542079 
5.43175709   9.19779916 
5.42850912   9.31034612 
5.32786397   9.28876169 
5.15250450   9.47982598 
7.22170215   11.32649928 
4.96662486   10.81268285 
4.89683549   10.86078188 
5.07322082   10.55731494 
5.09662017   9.40988906 
5.69631704   9.64646463 
5.70622180   9.71161094 
5.82718499   11.32275977 
7.63651906   10.09421574 
10.59728070   11.66207751 
10.42738382   11.93535382 
6.48300978   8.22032716 
4.89834179   9.19052923 
4.90231290   9.27094441 
4.97290750   9.13329982 
4.80322224   8.96650812 
5.25245706   10.58643263 
5.06977603   9.07909093 
6.00801169   10.56168517 
5.81155673   11.05484292 
6.12993964   9.62677484 
5.39887861   11.10422817 
5.45323209   10.70249729 
5.44105786   10.62963536 
5.95815015   9.68555097 
5.89852189   9.59821926 
6.00140600   9.56851951 
9.98632736   9.28539515 
6.73696351   9.24769110 
8.11701160   8.95572976 
5.11277172   10.58580638 
4.90939446   9.33161285 
7.72751715   10.43727743 
6.00635223   10.13112521 
4.82662818   10.82566456 
5.22549819   8.76547287 
6.52186500   7.48958095 
5.37465296   9.24664157 
