0	0
0	10
10	10
10	0
3.945	5.4
4	5.345
4.055	5.4
4	5.455
3.945	4.6
4	4.545
4.055	4.6
4	4.655
4.04753495130763	5.37233362321913
4.02767193358639	5.35246828330903
4.04753495130763	4.57233362321913
4.02767193358639	4.55246828330903
4.02766637678087	5.44753495130763
4.04753171669097	5.42767193358639
9.75	10
9.5	10
9.25	10
9	10
8.75	10
8.5	10
8.25	10
8	10
7.75	10
7.5	10
7.25	10
7	10
6.75	10
6.5	10
6.25	10
6	10
5.75	10
5.5	10
5.25	10
5	10
4.75	10
4.5	10
4.25	10
4	10
3.75	10
3.5	10
3.25	10
3	10
2.75	10
2.5	10
2.25	10
2	10
1.75	10
1.5	10
1.25	10
0.999999999999999	10
0.749999999999999	10
0.5	10
0.25	10
4.02766637678087	4.64753495130763
4.04753171669097	4.62767193358639
3.97233362321913	5.35246504869237
3.95246828330904	5.3723280664136
10	0.25
10	0.5
10	0.75
10	1
10	1.25
10	1.5
10	1.75
10	2
10	2.25
10	2.5
10	2.75
10	3
10	3.25
10	3.5
10	3.75
10	4
10	4.25
10	4.5
10	4.75
10	5
10	5.25
10	5.5
10	5.75
10	6
10	6.25
10	6.5
10	6.75
10	7
10	7.25
10	7.5
10	7.75
10	8
10	8.25
10	8.5
10	8.75
10	9
10	9.25
10	9.5
10	9.75
0	9.75
0	9.5
0	9.25
0	9
0	8.75
0	8.5
0	8.25
0	8
0	7.75
0	7.5
0	7.25
0	7
0	6.75
0	6.5
0	6.25
0	6
0	5.75
0	5.5
0	5.25
0	5
0	4.75
0	4.5
0	4.25
0	4
0	3.75
0	3.5
0	3.25
0	3
0	2.75
0	2.5
0	2.25
0	2
0	1.75
0	1.5
0	1.25
0	0.999999999999999
0	0.749999999999999
0	0.5
0	0.25
3.95246504869237	5.42766637678087
3.97232806641361	5.44753171669097
3.97233362321913	4.55246504869237
3.95246828330904	4.5723280664136
3.95246504869237	4.62766637678087
3.97232806641361	4.64753171669097
0.25	0
0.5	0
0.75	0
1	0
1.25	0
1.5	0
1.75	0
2	0
2.25	0
2.5	0
2.75	0
3	0
3.25	0
3.5	0
3.75	0
4	0
4.25	0
4.5	0
4.75	0
5	0
5.25	0
5.5	0
5.75	0
6	0
6.25	0
6.5	0
6.75	0
7	0
7.25	0
7.5	0
7.75	0
8	0
8.25	0
8.5	0
8.75	0
9	0
9.25	0
9.5	0
9.75	0
3.97845219680727	5.478332496284
4.02290177249161	5.48463285115429
3.94360484075174	5.45938358707267
3.91969178620655	5.42773936841909
3.91992397315816	5.37315097564507
3.94268857483505	5.34289699050712
3.97253942458467	5.32015762004378
4.026433178531	5.32119787628975
4.05960823980375	5.34410870279479
4.08437246434153	5.3773608470801
4.07821039306553	5.42151378576665
4.05709345806939	5.45824814657532
9.62085072153489	0.196200848410458
9.38807067887705	0.227898161494056
9.13133398141319	0.222769741260378
8.88135979092869	0.225226872313757
8.625	0.216506350946109
8.375	0.216506350946109
8.125	0.216506350946109
7.875	0.216506350946109
7.625	0.216506350946109
7.375	0.216506350946109
7.125	0.21650635094611
6.875	0.213608239176803
6.625	0.213481632771099
6.375	0.213481632771099
6.125	0.213481632771099
5.875	0.213468418890169
5.625	0.21346841889017
5.375	0.213468418890169
5.125	0.21346841889017
4.875	0.213468418890169
4.625	0.213468418890169
4.375	0.213492856173891
4.125	0.213492856173892
3.875	0.213492856173892
3.625	0.213492856173892
3.375	0.213492856173892
3.125	0.213468495944499
2.875	0.213468495944499
2.625	0.213468495944499
2.375	0.216506350946109
2.125	0.216506350946109
1.875	0.216506350946109
1.625	0.216506350946109
1.375	0.21650635094611
1.12104736357123	0.218283696475222
0.867519082147412	0.219169351735086
0.607996954387291	0.225986688915656
0.379149278465112	0.196200848410457
0.200561470090369	0.373638875291482
0.228644335121967	0.609830873329799
0.220793980084989	0.870864872636271
0.227012233112399	1.12194332020884
0.21650635094611	1.375
0.216506350946109	1.625
0.216506350946109	1.875
0.21650635094611	2.125
0.21650635094611	2.375
0.21302096060488	2.625
0.21302096060488	2.875
0.213003399489132	3.125
0.213003399489132	3.375
0.213003399489133	3.625
0.213003399489133	3.875
0.21303073798869	4.125
0.21303073798869	4.375
0.21303073798869	4.625
0.21303073798869	4.875
0.21303073798869	5.125
0.21303073798869	5.375
0.21303073798869	5.625
0.21303073798869	5.875
0.213003505376993	6.125
0.213003505376993	6.375
0.213003505376993	6.625
0.213003505376993	6.875
0.213021148932684	7.125
0.213021148932684	7.375
0.21650635094611	7.625
0.21650635094611	7.875
0.21650635094611	8.125
0.21650635094611	8.375
0.21650635094611	8.625
0.21650635094611	8.875
0.217698572355042	9.12980602273207
0.22437155533305	9.38937586475536
0.196200848410457	9.62085072153489
0.371202854997424	9.79965443998737
0.607937269521785	9.76921417893374
0.868199178796746	9.7747007814489
1.12111537617595	9.77219584054787
1.375	9.78349364905389
1.625	9.78349364905389
1.875	9.78349364905389
2.125	9.78349364905389
2.375	9.78349364905389
2.625	9.78653158110983
2.875	9.78653158110983
3.125	9.78653158110983
3.375	9.78653158110983
3.625	9.78650714382611
3.875	9.78650714382611
4.125	9.78650714382611
4.375	9.78650714382611
4.625	9.78650714382611
4.875	9.7865315040555
5.125	9.7865315040555
5.375	9.7865315040555
5.625	9.7865315040555
5.875	9.7865315040555
6.125	9.786518222837
6.375	9.786518222837
6.625	9.786518222837
6.875	9.78639172521597
7.125	9.78349364905389
7.375	9.78349364905389
7.625	9.78349364905389
7.875	9.78349364905389
8.125	9.78349364905389
8.375	9.78349364905389
8.625	9.78349364905389
8.87871479205455	9.77635505724602
9.13016049118696	9.77635321873738
9.38686832845547	9.77194073194602
9.62085072153489	9.80379915158954
9.79943852990963	9.62636112470852
9.77079629720775	9.39217744525035
9.78413951702115	9.13773036021589
9.78383031400265	8.88371227067205
9.78349364905389	8.625
9.78349364905389	8.375
9.78349364905389	8.125
9.78349364905389	7.875
9.78349364905389	7.625
9.78349364905389	7.375
9.78349364905389	7.125
9.78349364905389	6.875
9.78349364905389	6.625
9.78349364905389	6.375
9.78349364905389	6.125
9.78349364905389	5.875
9.78349364905389	5.625
9.78349364905389	5.375
9.78349364905389	5.125
9.78349364905389	4.875
9.78349364905389	4.625
9.78349364905389	4.375
9.78349364905389	4.125
9.78349364905389	3.875
9.78349364905389	3.625
9.78349364905389	3.375
9.78349364905389	3.125
9.78349364905389	2.875
9.78349364905389	2.625
9.78349364905389	2.375
9.78349364905389	2.125
9.78349364905389	1.875
9.78349364905389	1.625
9.78349364905389	1.375
9.78308991162155	1.12135344339597
9.7814389027331	0.866977592924544
9.77356589314751	0.604758427119679
9.79965443998737	0.371202854997424
3.97356922436966	4.67880774818117
4.02746086090713	4.67982096743087
4.05730059372659	4.65709220171765
4.07925762648505	4.62699467320312
4.07922109553821	4.56834342757513
4.05654728550433	4.54324540531662
4.03174305479775	4.51911001816008
3.9730758313991	4.52117303817211
3.94273665020314	4.54274016726767
3.91880389807066	4.56845402194749
3.91981170237915	4.62708150737572
3.94290101350659	4.65730739333862
9.83421966423476	0.16393895291851
0.170753175473055	0.170753175473055
0.16393895291851	9.83421966423476
9.82924682452695	9.82924682452695
3.99897492463679	5.50958080632655
3.93490753709528	5.49385712888939
4.06383680341001	5.49560048458743
3.90400731023093	5.46640600259585
3.90442005481972	5.39754324360806
3.90611437178206	5.33436006378737
3.93457935742646	5.30395807006677
4.00228845816574	5.30379619957015
4.06580787803923	5.30557487929014
4.09700358751286	5.33510431187852
4.10966969215166	5.40079339099037
4.09376459735727	5.4650699133417
9.25706735388206	0.438403750731142
9.01245535854888	0.449899119762804
8.75589511077085	0.4371038262942
8.5	0.433012701892219
8.25	0.433012701892219
8	0.433012701892219
7.75	0.433012701892219
7.5	0.433012701892219
7.25	0.433012701892219
6.99749022903482	0.431557827560193
6.74989185816167	0.427084364976627
6.5	0.426901302773489
6.25	0.426873745771248
5.99998872104394	0.426867217783068
5.75	0.426860541464912
5.5	0.426860541464913
5.25	0.426847495729365
5	0.426847495729365
4.75	0.426847495729365
4.50002085761586	0.426859670330187
4.25	0.426871915142322
4	0.426871915142322
3.75	0.426872100058579
3.5	0.426872100058579
3.24997920813496	0.426859876060442
3	0.426847757642156
2.75	0.426847757642156
2.50263078192004	0.43148738136338
2.25	0.43301270189222
2	0.433012701892218
1.75	0.433012701892218
1.5	0.433012701892219
1.2434298048201	0.433862431114931
0.984789020778518	0.437357363190495
0.731532253220011	0.435598363462867
0.437902120835387	0.743987542650691
0.452321456052874	0.99780216824528
0.437881402417461	1.25219051421619
0.433012701892219	1.5
0.433012701892219	1.75
0.433012701892219	2
0.433012701892219	2.25
0.431261591604547	2.50301831925774
0.425908421394419	2.75
0.42589975504732	3.00001495417338
0.425890877463169	3.25
0.425586635629156	3.49997271280125
0.425872794668171	3.75
0.425667981901933	3.99998747111796
0.42546328876153	4.24997939368449
0.425616669802446	4.50001249770775
0.425626104789955	4.75000904444404
0.425901361389918	5
0.425766373586499	5.25000065926043
0.425900248722741	5.5
0.425535308575354	5.75000448916523
0.425672474959274	6.00001220484334
0.425873043048258	6.25
0.425784806403763	6.49999717242998
0.425891188513143	6.75
0.425900107745131	6.99998497561035
0.425908814805608	7.25
0.431261686677688	7.49698184381991
0.433012701892219	7.75
0.43301270189222	8
0.43301270189222	8.25
0.43301270189222	8.5
0.432825168835528	8.75251553400331
0.43379719310663	9.00551938085706
0.432084260380588	9.26220647929427
0.739180220017531	9.55539136670664
0.991011064733462	9.54752399760837
1.24854966623079	9.55861634514866
1.5	9.56698729810778
1.75	9.56698729810778
2	9.56698729810778
2.25	9.56698729810778
2.50263084864513	9.56851265748807
2.75	9.57315250427064
3	9.57315250427064
3.25	9.57315250427063
3.49997914238414	9.57314032966981
3.75	9.57312808485768
4	9.57312808485768
4.25	9.57312789994142
4.5	9.57312789994142
4.75002079186504	9.57314012393956
5	9.57315224235784
5.25	9.57315224235784
5.5	9.57313922962183
5.75	9.57313922962183
5.99998866355861	9.57313251929749
6.25	9.57312595802579
6.5	9.57309843986
6.74989195107745	9.57291553814371
6.9974902598691	9.56844215449323
7.25	9.56698729810778
7.5	9.56698729810778
7.75	9.56698729810778
8	9.56698729810778
8.25	9.56698729810778
8.5	9.56698729810778
8.75113783927794	9.56396284192604
9.00772001268985	9.55030718819063
9.25791255283358	9.55713342355325
9.57934631371483	9.2661827848513
9.56855309330943	9.00837780147664
9.56708729972567	8.75346700993422
9.56698729810778	8.5
9.56698729810778	8.25
9.56698729810778	8
9.56698729810778	7.75
9.56698729810778	7.5
9.56698729810778	7.25
9.56698729810778	7
9.56698729810778	6.75
9.56698729810778	6.5
9.56698729810778	6.25
9.56698729810778	6
9.56698729810778	5.75
9.56698729810778	5.5
9.56698729810778	5.25
9.56698729810778	5
9.56698729810778	4.75
9.56698729810778	4.5
9.56698729810778	4.25
9.56698729810778	4
9.56698729810778	3.75
9.56698729810778	3.5
9.56698729810778	3.25
9.56698729810778	3
9.56698729810778	2.75
9.56698729810778	2.5
9.56698729810778	2.25
9.56698729810778	2
9.56698729810778	1.75
9.56698729810778	1.5
9.56724802799358	1.24608667827511
9.56718545164316	0.99029603893233
9.56440163653713	0.731532253220011
3.99770010852443	4.69615047102174
3.93439915679221	4.69472061814987
4.06532075728628	4.69565556709152
4.0950535762421	4.66556194435642
4.09796449527519	4.59700641154536
4.09499924081051	4.53320740200722
4.06633245286024	4.50392247211578
4.00275938134506	4.50067590461333
3.93365092920111	4.50517791926014
3.90325276413133	4.53419992218426
3.90239373101945	4.59612662456491
3.90383488571233	4.66565263748557
9.5378997553142	9.54021506533936
9.53748705247236	0.453803523127978
0.460103243610571	9.53493444406595
0.449980820987136	0.458327774068706
9.14664497131226	0.685451712332459
8.875	0.649519052838329
8.62504846502353	0.653634752560343
8.375	0.649519052838328
8.125	0.649519052838328
7.875	0.649519052838328
7.625	0.649519052838328
7.375	0.649519052838328
7.12249017391043	0.650094293498026
6.87286732955391	0.6455004716058
6.62478955639201	0.640451762626499
6.374976483874	0.640228273354913
6.12498879000158	0.640212308994996
5.87498866297895	0.640203247070545
5.625	0.640170206928358
5.37498886887097	0.640163743303251
5.125	0.640157171499906
4.875	0.640157171499906
4.62502081740323	0.640160958095523
4.3750208754911	0.640171530519046
4.125	0.640175389237183
3.87500015777312	0.640175481695163
3.625	0.640175574006447
3.37497917481247	0.640178405818659
3.1249792633908	0.640161701411128
2.875	0.640157945194581
2.62718328507973	0.64509178121159
2.37763084537975	0.650121808480917
2.125	0.649519052838328
1.875	0.649519052838327
1.625	0.649519052838327
1.36868064383571	0.648576272706814
1.11122870762702	0.649634097513844
0.849177629884474	0.665200586712941
0.68956923705677	0.869255357076778
0.659128970307981	1.13965760469904
0.655779868856877	1.38026258218445
0.649519052838328	1.625
0.649519052838328	1.875
0.649519052838329	2.125
0.650209788389963	2.37801841495614
0.644625623811686	2.62744944900259
0.640734424646135	2.8761879134805
0.638648197341444	3.12501503246505
0.638486108346381	3.37499193177185
0.638302281033009	3.62496365512369
0.638340008162466	3.87497528977606
0.638295363807783	4.12498905888407
0.638117504170425	4.37502485788566
0.638375453994885	4.6250077276036
0.638461310520249	4.87499979806169
0.638418103919732	5.12500106325604
0.638430483781328	5.37500007522824
0.638380788004001	5.62500466460132
0.638222041626259	5.87502091747222
0.638402173058101	6.12499837010633
0.638481543782813	6.37498204420924
0.638538127482823	6.62498134001819
0.638648860835129	6.87498489696794
0.640721158965485	7.12381034826835
0.644631665710417	7.37255100540296
0.650209751411422	7.62198174813695
0.64951905283833	7.875
0.649519052838329	8.125
0.649519052838329	8.375
0.649420451583271	8.62953060045669
0.647971724815805	8.88033722138031
0.654733565938752	9.13394978565478
0.857503422495872	9.31424940618093
1.1304790978342	9.34482928936878
1.37835289862916	9.34533398759366
1.625	9.35048094716167
1.875	9.35048094716167
2.125	9.35048094716167
2.37763091210965	9.34987817635301
2.62718171817376	9.35458385117876
2.875	9.35984259965937
3.125	9.35984259965937
3.37497918258562	9.35983881307307
3.62497912450889	9.35982846948095
3.875	9.35982461076282
4.12499984222688	9.35982451830484
4.375	9.35982442599355
4.6250208248601	9.35982829115889
4.87502073659834	9.3598385227203
5.125	9.35984227894546
5.37498889701249	9.35983572378257
5.625	9.35982927648917
5.87498860521317	9.35979646789874
6.12498873285706	9.35978735979032
6.37497651701066	9.35977140512862
6.62478974005961	9.35954814621051
6.8728971255617	9.35470255445404
7.12249020474673	9.34990571351554
7.375	9.35048094716167
7.625	9.35048094716167
7.875	9.35048094716167
8.125	9.35048094716167
8.375	9.35048094716167
8.6219642345529	9.34876987029859
8.86855582797949	9.34922968325491
9.13100373706246	9.31204539642838
9.348779797916	9.13825620698381
9.35127120894803	8.88229393622825
9.34983871199922	8.62995598926201
9.35048094716167	8.375
9.35048094716167	8.125
9.35048094716167	7.875
9.35048094716167	7.625
9.35048094716167	7.375
9.35048094716167	7.125
9.35048094716167	6.875
9.35048094716167	6.625
9.35048094716167	6.375
9.35048094716167	6.125
9.35048094716167	5.875
9.35048094716167	5.625
9.35048094716167	5.375
9.35048094716167	5.125
9.35048094716167	4.875
9.35048094716167	4.625
9.35048094716167	4.375
9.35048094716167	4.125
9.35048094716167	3.875
9.35048094716167	3.625
9.35048094716167	3.375
9.35048094716167	3.125
9.35048094716167	2.875
9.35048094716167	2.625
9.35048094716167	2.375
9.35048094716167	2.125
9.35048094716167	1.875
9.35048094716167	1.625
9.3505751322729	1.3693311466784
9.35216393145704	1.11719021811046
9.35367017046094	0.858364442288308
0.633077612863149	0.634997133460577
0.635387651409233	9.35730387185624
9.36378483619452	0.636215163805485
9.3659127157473	9.36369632271519
3.87819201520846	5.36631756980679
3.87774298572734	4.63274179645252
4.1237955448077	4.63273747028865
4.12407156732761	5.36692876300124
4.03318650041808	5.52466670997832
3.96589531603935	4.47839817097897
4.03415848143074	4.47594117117902
3.96440054057669	5.51872806343806
4.11873783890865	5.43442700395531
4.12150377064559	4.56260792400108
3.87479984007181	4.56377492294034
3.87955156387265	5.43369319627208
4.03352771857944	5.28104408732959
3.96669989137123	4.71904548222825
4.03258104919748	4.71934362332589
3.96749324569321	5.2805661076417
3.88775704409131	5.51145091943661
3.92474701818457	5.54191279122611
4.07417780936507	5.54301631291998
4.10995544451684	5.51062729388141
3.85891026276383	5.4754281259321
3.88989621672037	5.28722207279702
3.85717191902263	5.32528965836302
3.92742981067385	5.25895627714605
4.10855778741562	5.28986653137821
4.07257291276942	5.25881980434389
4.14137464932206	5.3251871815004
4.1423879227308	5.47492028099622
3.92750165998061	4.74129074129029
3.89115445026106	4.71028155532747
4.10852065311396	4.71025938040033
4.0726409367717	4.74095521585676
4.14280735932501	4.67453948274597
4.13943692424191	4.52506249633113
4.1097937499899	4.48878034473714
4.07374150353194	4.45546831844459
3.88861090670762	4.48879688787688
3.92369620948581	4.45598834660353
3.85637723906609	4.52453804129451
3.8579161625105	4.67445544835267
8.74351723821342	0.880376802861409
8.49993632151929	0.87212607934288
8.25	0.866025403784437
8	0.866025403784437
7.75	0.866025403784437
7.5	0.866025403784438
7.24619164384587	0.866827260493645
6.99540326424384	0.864135838245982
6.74638522413754	0.85922060141761
6.49969220195394	0.853633816243059
6.24996902261863	0.853408434543125
5.99998099886748	0.853397226825297
5.74996615819031	0.853351832324164
5.49998892423361	0.853299974021033
5.24998883197811	0.853275778622302
5	0.853273676322002
4.75001363688009	0.853273297008069
4.5000298590797	0.853282716959247
4.25001372693172	0.853292214840878
4.00000015770388	0.853291906921148
3.75000015757887	0.853292380857364
3.49999200125825	0.853296091308918
3.24996497913788	0.853286841572447
2.99998642941167	0.853274407641096
2.75365242428255	0.85826319145344
2.50507212808922	0.863467309422339
2.25413425645137	0.865656147406344
2	0.866025403784437
1.75	0.866025403784436
1.4914729526856	0.860780592082444
1.23574228212819	0.864739352954845
0.884286022048804	1.26431783999768
0.877542277753239	1.50305870081588
0.866025403784437	1.75
0.866025403784438	2
0.866995198229374	2.25458059387005
0.863827656710305	2.50550034644
0.857391443258328	2.75415873900816
0.853244555439864	3.00179822991754
0.851152777171599	3.25000996049513
0.851024481920243	3.50000301976933
0.850896420790929	3.74998969241595
0.850750452405309	3.99997757811368
0.850547507815437	4.25002896702893
0.85087956922282	4.50000308958866
0.85092116419788	4.75000201834632
0.850908033026267	5.00000211125873
0.850930684879839	5.24999917769405
0.850892880943486	5.50000509926151
0.850763318761094	5.75003210298399
0.850945156413636	6.00000966691747
0.850973101124809	6.24993833825424
0.851076775690666	6.49990211055963
0.851153799399087	6.74998999277792
0.853159455720196	6.99815974646925
0.857391514116949	7.24584453362091
0.863861652156641	7.4944898187445
0.867003054407593	7.74541564059769
0.866025403784439	8
0.866025403784439	8.25
0.866668546374238	8.50853305393865
0.863940758614364	8.76630003142646
1.26409852265106	9.1151642456212
1.50516711910146	9.12713639863198
1.75	9.13397459621556
2	9.13397459621556
2.2539948281414	9.13312119009395
2.50480558590445	9.13584141084271
2.75382684534661	9.14081750230148
3	9.14672612047032
3.24998636312266	9.14672649978969
3.49997033598678	9.14671719376825
3.74998627306867	9.14670781059052
3.99999984229612	9.14670811850857
4.24999984242112	9.14670759909125
4.50001370711804	9.1467072453448
4.75002950280395	9.14671657902277
5.00001357059055	9.14672579624314
5.24998886022578	9.14672331031984
5.49998895221851	9.14669919403656
5.74996632673832	9.14664771643686
5.99998090201692	9.14660214376706
6.24996901886909	9.14659090845559
6.49969250703831	9.1463658525957
6.74633599130155	9.14187231180851
6.99533328928803	9.13583880226008
7.24616161166746	9.13316692531631
7.5	9.13397459621556
7.75	9.13397459621556
8	9.13397459621556
8.25	9.13397459621556
8.49855213815541	9.13106583841813
8.73895229486224	9.12919835266617
9.13251316413652	8.76651434429289
9.13377795850909	8.50713733046626
9.13397459621556	8.25
9.13397459621556	8
9.13397459621556	7.75
9.13397459621556	7.5
9.13397459621556	7.25
9.13397459621556	7
9.13397459621556	6.75
9.13397459621556	6.5
9.13397459621556	6.25
9.13397459621556	6
9.13397459621556	5.75
9.13397459621556	5.5
9.13397459621556	5.25
9.13397459621556	5
9.13397459621556	4.75
9.13397459621556	4.5
9.13397459621556	4.25
9.13397459621556	4
9.13397459621556	3.75
9.13397459621556	3.5
9.13397459621556	3.25
9.13397459621556	3
9.13397459621556	2.75
9.13397459621556	2.5
9.13397459621556	2.25
9.13397459621556	2
9.13397459621556	1.75
9.13336767424766	1.49008650419966
9.13626041813715	1.23073393309318
0.965220361161967	0.852436284295442
0.849193438192692	9.02850712713717
9.14756371570456	0.965220361161967
9.14593817786875	9.03558724305405
3.99988297914185	4.45204803605319
3.99888056709269	5.55026076072589
3.85242555439506	4.5982001526423
3.85078797108074	5.40147882097011
4.00022669904512	5.25439729539514
4.00020776084028	4.74522425102798
4.14734728385671	4.59758436786681
4.14974284876941	5.40172893440335
3.87544945325415	5.56265524962343
3.83640043054312	5.52098117231461
4.12396874072662	5.56311110571256
4.16291982030391	5.52360167211823
3.8831913699569	5.23476035968984
3.83916521467206	5.27380102705569
4.15880564797012	5.27571188719999
4.11632475914634	5.23460817797099
3.88513068938948	4.76438992118863
3.84030698509103	4.72529433287116
4.15983345867159	4.72359500902185
4.11638101709432	4.76454864721027
4.16231863490445	4.47884065572453
4.12259532882284	4.43600843183516
3.83649114509185	4.4744423985259
3.87659032246671	4.43545153680712
8.63091246697204	1.08199949393555
8.38109695395652	1.0901919754136
8.13380973105459	1.09591877429614
7.875	1.08253175473055
7.625	1.08253175473055
7.37139523582767	1.08455505507844
7.11825292673125	1.08700262211146
6.86699971134703	1.07764565759233
6.62090935376164	1.07450206800695
6.3746381923101	1.06672267739936
6.12496545708007	1.06649717908048
5.87493488853779	1.06646359811243
5.62493333627518	1.06641092826961
5.37496825517854	1.06637524020698
5.1249926245009	1.06630425083045
4.87500649520257	1.06630273606047
4.62502977538975	1.06630694995828
4.37502988544875	1.0663077358591
4.1250066799598	1.06631206269894
3.87500056147016	1.06631067445593
3.62499924090834	1.06631365413664
3.37497060899063	1.06632616544076
3.12496510819221	1.06631005813397
2.87974924294075	1.07056432762376
2.63361473155639	1.07767142228758
2.38318503595172	1.08414465984666
2.12279180236924	1.08838443750996
1.86007984525366	1.09781375804939
1.61444158351041	1.09038686142808
1.36954676724542	1.06329024265344
1.09637625088888	1.1010887928004
1.08117507942524	1.36626875289212
1.09066685820352	1.61616840636245
1.09639546667563	1.86442686534266
1.08896783048442	2.12346832667635
1.08786877304753	2.38317769058434
1.07718340378358	2.634590973286
1.06968123929087	2.88054227799226
1.0655458654244	3.12714033044963
1.06355011926278	3.37503346188904
1.06326566514765	3.62505257427414
1.06301378063788	3.8749641855319
1.06261696515685	4.12499450009216
1.06313085773691	4.37498283539539
1.0631402137227	4.62499404018978
1.06315107499952	4.875013107656
1.06317286493803	5.12499372617929
1.06316364773911	5.37499418942532
1.06304771935178	5.62502325551233
1.0632560189931	5.87501271962263
1.06327122937852	6.12495263194212
1.06335027808285	6.37471512933333
1.06364731959636	6.62453294111854
1.06526612551792	6.87260127427366
1.06946698441297	7.11938998251916
1.07736409021919	7.36539717425875
1.08786848128915	7.61682275345357
1.08983163077143	7.87639746587409
1.09889371811486	8.13841082482449
1.08942272157459	8.38047318396015
1.07937819678097	8.62774128004146
1.10073902635835	8.89803412715561
1.375	8.91746824526945
1.619686083359	8.90980545865847
1.86507890073475	8.90394813993325
2.12374796904854	8.91161722653968
2.38212144479707	8.91282737758447
2.63358530167924	8.92194355599143
2.88033246854347	8.92556941572367
3.12499350480441	8.93369642441835
3.37497041921419	8.93369224603006
3.62497030980999	8.9336922542056
3.87499332003897	8.93368796368059
4.12499939977658	8.93368932918239
4.37500647336597	8.9336873894751
4.62502955797866	8.93367905998054
4.87502939135394	8.93369177602734
5.1249990969087	8.93369605122282
5.37496835071608	8.93362375657907
5.62493375905471	8.93358828472795
5.87493477247202	8.93353575681156
6.12496538325547	8.93350202635161
6.37463862143563	8.93327686628508
6.6202292600453	8.92842675175815
6.86650323689966	8.92233024293759
7.11825296580521	8.91299745991303
7.37155484737488	8.91529705072577
7.625	8.91746824526945
7.875	8.91746824526945
8.13858949656513	8.89982153908161
8.3817949977949	8.90716970071364
8.6267821404951	8.9144307756849
8.92320097934658	8.62471601307866
8.89867093079823	8.89551883791225
8.9106148651441	8.37902128745708
8.90469623052712	8.13316916580357
8.91746824526945	7.875
8.91746824526945	7.625
8.91746824526945	7.375
8.91746824526945	7.12500000000001
8.91746824526945	6.875
8.91746824526945	6.625
8.91746824526945	6.375
8.91746824526945	6.125
8.91746824526945	5.875
8.91746824526945	5.625
8.91746824526945	5.375
8.91746824526945	5.125
8.91746824526945	4.875
8.91746824526945	4.625
8.91746824526945	4.375
8.91746824526945	4.125
8.91746824526945	3.875
8.91746824526945	3.625
8.91746824526945	3.375
8.91746824526945	3.125
8.91746824526945	2.875
8.91746824526945	2.625
8.91746824526945	2.375
8.91746824526945	2.125
8.90120916483856	1.86289626910859
8.91044423081166	1.61964116578353
8.92079813295805	1.3718086664161
8.90073422268248	1.10028821359314
4.17178298495252	4.63522627536579
3.82581189378438	5.36354804761786
4.17062188062649	5.36214639480873
3.82773167265365	4.63815879069292
3.96031560238983	5.57266369848397
4.03658798301574	4.42245045345769
4.03838167851083	5.57465359710529
3.96178445601056	4.43076140537391
4.17269882864007	5.43902812526808
3.83692513859963	5.43945493239129
3.82411216554237	4.561018905683
4.16132032567994	4.5603439449748
4.03614301281976	5.23855009877743
3.96584839254606	4.76208097566387
4.03659631062963	4.76118946292274
3.96342009074062	5.23881251810432
0.857346600062007	1.04393244478813
8.96248196109076	0.85551050043829
1.04181727663097	9.13889806038221
8.95739128304908	9.14433939795828
3.81338250054456	5.57944338239063
4.18429988732042	5.58359687073852
3.82475457586045	5.21218635130063
4.17403577418393	5.21773600549735
3.82701776349635	4.78366163033028
4.17397956225905	4.78185229129577
4.18485704789629	4.41875234978848
3.81640184540411	4.41491773314176
8.50725137666445	1.30599968749365
8.27214899483306	1.32790656285235
8.00735216050424	1.30885801268661
7.75	1.29903810567666
7.49553985472345	1.30165582500239
7.23794705074739	1.30388563696791
6.9892924367296	1.29812530058782
6.73949574605858	1.29044101819494
6.49439100681876	1.28433988302895
6.24960933397188	1.27973650766907
5.9999215635251	1.27949376833946
5.74988923579498	1.27944762995317
5.49992039038966	1.27935708453484
5.24991996084178	1.2793050706208
4.99999826940107	1.27926966709901
4.75002172528374	1.27926997906825
4.50002401142707	1.27912213913209
4.25002401625964	1.27909140154164
4.00004558307481	1.27907404213761
3.75005385069606	1.27916441312411
3.49999558191747	1.2792910836569
3.2499541374906	1.27928671835823
3.0053689204845	1.28372840087522
2.76245990913857	1.29111378318128
2.5110291666941	1.29982829694766
2.25417808120024	1.30477812614489
1.98824506082445	1.31160544110379
1.72532039520444	1.32831896464444
1.30846353775722	1.48423315579352
1.32778959498423	1.7249268286855
1.312020900683	1.98849899066161
1.30529263182897	2.25221044955043
1.29970462735929	2.51357274979569
1.29016477507664	2.76236350847594
1.28212997282183	3.00580166842123
1.27721678127255	3.25234338091024
1.27558255029036	3.5003628418895
1.27527230325166	3.75008739171565
1.27455858421534	3.99987429530298
1.27504348629437	4.24996748710401
1.27502071753961	4.49999175617909
1.27491696962347	4.75001181454047
1.27525991603231	4.9999924320659
1.2751878631737	5.24997077100463
1.27510523924241	5.49997186483903
1.27538441361914	5.74999143880094
1.27540061661315	5.99997768432769
1.275408575508	6.24965738231069
1.27574808254567	6.49902928498662
1.27701848751691	6.74747264708872
1.28105041427338	6.99354370783029
1.28986464667572	7.23757409078855
1.30105668249071	7.48601937929329
1.30665633486838	7.74443082347264
1.31358734205346	8.00962960564861
1.33063640444064	8.27591345826504
1.49274862333555	8.69400031250634
1.72685729114033	8.67247763360844
1.98895566798179	8.68860302734763
2.25546113927069	8.69718078561562
2.51101056483233	8.70004485051075
2.76405313950805	8.70922650682171
3.00593501551932	8.7161528491749
3.24997840227894	8.72072934693655
3.49997037147659	8.72072476407462
3.75003388499918	8.72099092219152
3.99998068573797	8.72095416293262
4.24997887478273	8.72093115115366
4.49999863656449	8.72088542786991
4.75004030712698	8.72071723622392
5.00001788643978	8.72072896798322
5.24992213126004	8.72069468887275
5.49992083370822	8.72064141192529
5.74988950995545	8.72055152841065
5.99992134119953	8.72050532116631
6.24960980082874	8.72026295447034
6.49460360275243	8.71608554338161
6.73861010522425	8.70937709211054
6.98650387980046	8.70156086590298
7.24238726864918	8.69634519376709
7.49739545481229	8.69799992665396
7.75	8.70096189432335
8.01037899717097	8.68740439026728
8.27804057235505	8.66803616996285
8.51942016087014	8.67804220036682
8.67309952014594	8.27008542233473
8.69126982994027	8.00838926819811
8.69351385031483	7.75346065581934
8.68969585708887	7.50572723658136
8.70096189432334	7.25000000000001
8.70096189432333	7
8.70096189432334	6.75
8.70096189432334	6.5
8.70096189432334	6.24999999999999
8.70096189432335	6
8.70096189432334	5.75
8.70096189432334	5.5
8.70096189432334	5.25
8.70096189432334	5
8.70096189432334	4.75
8.70096189432334	4.5
8.70096189432334	4.25
8.70096189432334	4
8.70096189432334	3.75
8.70096189432334	3.5
8.70096189432334	3.25
8.70096189432334	3
8.70096189432334	2.75
8.69337337267332	2.49696247977771
8.69376667183584	2.24743356395001
8.68976647983529	1.99174179140039
8.66892610537449	1.72519214706595
8.68991769419619	1.48596834376928
1.30997314825725	8.51430434465265
8.69379905780892	8.50414809718377
1.48936608974295	1.30577934224719
4.19480147249407	5.31701066807816
4.1990182157637	4.68242741257981
3.79941516724919	5.31427013623132
3.80169877410406	4.68363377431655
3.9165145183031	5.59958481627969
3.91825264434596	4.39884897568442
4.07916334878056	4.39560714727049
4.20257206221271	5.48401234837131
4.08394210626617	5.6013037512378
4.19397813694061	4.5278655403699
3.80471440087575	5.47237132221747
3.80086616333079	4.51634733866751
4.06340352131414	5.20320762799338
4.06346981722275	4.79512514909867
3.93647134748522	4.80016731498686
3.93657253780512	5.20474580828265
4.00096500193338	5.19757427855479
4.00030489760013	4.79998043727268
4.20408676034099	5.39993621865773
4.20407534435545	4.58725037527914
3.99836520124768	5.60130488461112
3.79131077573117	5.41176621434644
3.99871631766755	4.4071740616452
8.73249989568098	8.7209734812969
1.26972007672052	1.26590746583221
8.72783246349328	1.27578916958428
1.27216753650672	8.72421083041572
3.79486017194719	4.59969909068874
8.13273398105399	1.53689061177522
7.87423828470077	1.52449523457026
7.62130407186535	1.51897842382497
7.36852215827427	1.52117231946519
7.11181555600725	1.53109614879639
6.85861357550145	1.51286993006482
6.61225557234429	1.50426616515041
6.36939986479085	1.49762480507978
6.1245584738704	1.49251469545202
5.87469480514954	1.49233979691172
5.62480653185901	1.49222297972283
5.37487057266788	1.49211653682456
5.12492291316506	1.49205040464083
4.87497503933843	1.49198793208814
4.625000555736	1.49195193703784
4.37501115908116	1.49185655214407
4.12504966845071	1.49178488228987
3.87516701350504	1.49185196084523
3.62531269612946	1.49216989721434
3.37736989660821	1.49343386943394
3.13063702214217	1.49658479624417
2.88736958944355	1.50295596268929
2.64070772334975	1.51710597788347
2.38539612144571	1.52498847254622
2.11813500842069	1.52004202357019
1.85224179626095	1.53967450612987
1.54192902430962	1.85256186581659
1.52070281136511	2.11712007583884
1.52531546341333	2.38896390974371
1.51629148598853	2.64516081615446
1.50596937823329	2.88763762849797
1.49245619897423	3.13117462176225
1.48820940373421	3.37727916245087
1.48733786466034	3.62532228690703
1.48714053941483	3.87498768240964
1.48613337419704	4.12482152153238
1.48653097144879	4.37493671898505
1.48668943937012	4.62500335659995
1.48694379067282	4.87498090094271
1.48699390224138	5.12495066788738
1.48687323247242	5.37492645164579
1.4871694203767	5.62490454082677
1.48727213670963	5.87490562544677
1.48728202973904	6.12489524838969
1.48739470154677	6.37417236066948
1.48821881518064	6.62265081086165
1.49208736531269	6.86829149880394
1.50155056302671	7.10951600235411
1.51715619659922	7.35650618331834
1.52349597008791	7.60550071546435
1.52027623141888	7.86743160449351
1.54406030463117	8.14677364789427
1.85078229884082	8.46042423542721
2.11813478099908	8.47995786003281
2.38015285201661	8.47673615201944
2.64125797445545	8.4831128215371
2.89043179107369	8.49304177993932
3.13158349666295	8.50314647947456
3.37767088427394	8.50660504932488
3.62530343415629	8.5078338770489
3.87492859817519	8.50818066083081
4.12494092568491	8.50825172606171
4.37488390351102	8.50823370219314
4.62498270058311	8.50802821795174
4.87497780839764	8.5079716850929
5.12492079596317	8.50795746234749
5.37487235371622	8.50785853142633
5.62476539432664	8.50777428704084
5.87469629245515	8.50764462512336
6.12455891428403	8.50748442235539
6.36937309206363	8.50128513372224
6.61212711851431	8.4950250782583
6.85661794294033	8.48669182221519
7.11015542799236	8.47855200104265
7.36981082271824	8.47768990225134
7.62254388279844	8.48042704061615
7.87683063246903	8.47338292203079
8.13854013547288	8.44877976148144
8.47192884649192	8.14892455767828
8.47812490868006	7.87491343148749
8.46172841634385	7.63495134573848
8.4791072731942	7.37955177643468
8.48445554337723	7.12500000000001
8.48445554337723	6.875
8.48445554337723	6.625
8.48445554337723	6.37499999999999
8.48445554337724	6.12499999999999
8.48445554337724	5.875
8.48445554337724	5.625
8.48445554337724	5.375
8.48445554337724	5.125
8.48445554337723	4.875
8.48445554337723	4.625
8.48445554337723	4.375
8.48445554337723	4.125
8.48445554337723	3.875
8.48445554337723	3.625
8.48445554337723	3.375
8.48445554337723	3.125
8.48445554337723	2.875
8.48445554337724	2.625
8.46576013075951	2.37054732203884
8.47556690057539	2.12465310402269
8.46872384807478	1.86294409461261
3.73961262228066	5.46171586324674
4.04090288236854	5.13665299276139
4.04431067344553	4.84784241177134
3.95766050761998	4.85992888138944
3.95480736765315	5.15099757098769
4.12035088863312	5.16881206346728
4.11657111588361	4.82704325980772
3.8851705099016	4.82972019916113
3.88322291586341	5.17228151598502
4.22332270014289	4.73456258946883
4.22156469050941	5.26420836586493
4.13531628165405	4.37173761361148
4.13756773564402	5.62589034941304
3.77204187679862	5.52503462187788
3.77237906163306	4.46613272361001
3.77621303992972	5.25950400171723
3.77769608780102	4.73856508560528
3.86261250327118	5.62697499671725
4.2277958818398	4.47429874461029
3.86782051164767	4.3714175793401
4.22581100476408	5.53631468929687
4.22086584028126	4.63728050156345
4.22096369459812	5.35886931159597
3.77235162215204	5.36094464443634
8.42038784305556	1.57808143434571
1.57467860808425	8.42685245054597
8.42559354227775	8.41963185546581
1.5768636622373	1.5768253244032
3.77250074694336	4.64065705668572
3.95918642953415	5.6301600589161
4.02841188469177	4.36525562216626
4.04005154711827	5.62649101670803
3.96100357028992	4.37162365724845
3.77232057558022	4.55814893601508
4.22687098489275	5.43963528795258
3.73984420014311	5.59301551496371
3.79134612982652	5.64631058483396
4.20643461176507	5.65346153973684
4.2538238567016	5.60373157524883
3.81642610131774	5.13178900317295
3.75530080748635	5.18720084589625
4.24903052928098	5.19484108463705
4.19027584304926	5.14188676431327
3.75490797718365	4.8105231383485
3.81291639597886	4.85933785850226
4.24815474897087	4.80549668585425
4.18287460632576	4.86605752113863
4.20720572574811	4.34695609823049
4.25724447772939	4.4038382383811
3.74327743208578	4.39980076292097
3.80207704533507	4.3425586514734
4.27059061576721	4.60761564981737
7.98209538173855	1.75491656187052
7.73910253058308	1.73690128837352
7.49370834005283	1.73724179221849
7.23733771668279	1.74410780413537
6.9838524936058	1.73759607744286
6.72807708557486	1.72667672043631
6.48587882252278	1.72135921063148
6.24342531706512	1.71070544961342
5.99961837160041	1.70516083546292
5.74940511261673	1.70518513529276
5.49976928354105	1.70492872132904
5.24983658124695	1.70480460816829
4.99991922059225	1.7047373843572
4.74994267757647	1.70456768268984
4.49993428984976	1.70453908920074
4.24994989153019	1.70432375729866
4.00015405706858	1.70431720916463
3.75037838107356	1.70467162396772
3.50204313489872	1.70593127866805
3.25686408809902	1.70923330855243
3.01300670902399	1.7150341462816
2.76994785530289	1.73147259712075
2.51726619540095	1.75574759648674
2.27709548697891	1.74620100683718
2.00071869566681	1.73376799078315
1.72852673240589	2.01816912573851
1.74809594610402	2.26961437844353
1.75522933208513	2.52920816077524
1.72250317746824	2.77839064792768
1.71186331067091	3.01722124305027
1.70067698947593	3.25474049164495
1.69927182276635	3.50176618252325
1.69884236674891	3.75022547776848
1.69870283523262	3.99988387648316
1.69714280487815	4.2496266793819
1.69764944372702	4.50000650784841
1.69816978219924	4.75000874440709
1.69835343605906	4.99995670449658
1.69824965341248	5.2499176972216
1.69814587612991	5.49980256960514
1.69872332617807	5.7497126434918
1.69874926130634	5.99980542863818
1.69881969058548	6.24969307812639
1.69927669897319	6.4981994948313
1.70068184307487	6.74526125622661
1.71248464186016	6.98310832058555
1.73007724073774	7.22459586497742
1.75447127220806	7.47611658959063
1.7393478952433	7.70513587221215
1.71860709191821	7.9691663998084
2.00776946676086	8.26671184463614
2.26692760050651	8.25511608109379
2.52471594336261	8.25533976859758
2.77231516512422	8.2690718811518
3.01416245297705	8.2857549974199
3.2574408368176	8.29101165680474
3.50210212893416	8.29403893852607
3.75034264467214	8.29532934495596
3.99999439508148	8.29576292436421
4.2499023740066	8.29566671476112
4.49986728353949	8.29545984441452
4.74986318682694	8.2953540739748
4.99989094655737	8.29527661070943
5.24982137344947	8.29518374711745
5.49976320841082	8.29505079952112
5.74938233575265	8.29480610904611
5.99961860329327	8.29483748389862
6.24340635998084	8.28877702147851
6.48666302307528	8.27632974210399
6.72996400332373	8.27237348734315
6.98023346744257	8.26020023007366
7.23746255467464	8.25493416546213
7.49484770259027	8.26217862921555
7.74126738436003	8.2628737150983
7.98835863252331	8.24593019877868
8.29590079620963	8.00350332577824
8.21745515563694	7.76727437219843
8.26794919243113	7.5
8.27420486215808	7.24461146322252
8.26794919243111	7
8.26794919243112	6.75
8.26794919243111	6.5
8.26794919243112	6.24999999999998
8.26794919243113	6
8.26794919243113	5.75
8.26794919243113	5.5
8.26794919243113	5.25
8.26794919243113	5
8.26794919243113	4.75
8.26794919243113	4.5
8.26794919243113	4.25
8.26794919243113	4
8.26794919243113	3.75
8.26794919243113	3.5
8.26794919243113	3.25
8.26794919243113	3
8.27248364794344	2.75650018030155
8.2715446744463	2.51143897325985
8.22270374551431	2.23629110384152
8.28415029758301	2.00700074582473
3.69432329274151	5.52749059316228
4.12300753451067	5.09686931711586
4.1092070724992	4.90873674318353
3.88240743144632	4.90421812619535
3.89145366657347	5.09103428783976
4.07819308096912	4.31782758968287
4.08236877491512	5.67220862527882
3.73441817310886	4.52335839948405
3.72696143616026	5.31599855035995
3.72928894372212	4.68205652233436
3.9190562169884	5.67868191273
3.92304888035831	4.33191045825617
4.27097757716961	5.48067204289389
4.27584219207481	5.39754501430769
3.72209507813619	4.59981519771818
4.00019056994379	5.67544874788316
3.99787615109714	4.31219250265185
1.74357062683802	1.76293140605025
1.74948163573427	8.24175750561208
8.22463630708068	8.22463630708068
8.22435176626808	1.78348827239611
3.72067853538669	5.39219108956251
4.26040880080528	5.32044575399962
4.2605019592689	4.67773862984874
4.25649333581656	4.53809486898006
3.65135048147365	5.61000498748657
3.71393933886409	5.68272334777725
4.28350985286813	5.68054124637354
3.72999469162427	5.11156728229626
3.80502245263776	5.04602415827773
4.27113412625409	5.10759228778363
4.20160360635951	5.05239505168438
3.72912804954588	4.88874369541187
3.80327268541618	4.94562717677302
4.27064251335341	4.89186331477556
4.19676676602017	4.95442364063891
4.28802775555292	4.32076203961692
3.71915187627382	4.31727362032851
4.33242527804813	4.55624436592683
4.34292938240639	4.65202876197686
7.60768166298749	1.9470637695996
7.35396488740262	1.96623243466452
7.10469204707871	1.97069652854862
6.85075436814969	1.95714381538388
6.60045981619119	1.93984465827972
6.36095460882592	1.9292470157451
6.11807383101679	1.92280457255865
5.87223976494612	1.91893212195204
5.62443038852636	1.91770753577497
5.37471671534289	1.91741389671396
5.12478360915595	1.91730403965414
4.8748543393726	1.91716403240977
4.62489225489334	1.91697325939604
4.37478162962583	1.91682346978691
4.12503633872516	1.91664702701988
3.87556247655363	1.91673004785331
3.62788315136612	1.91841751414415
3.38167945962524	1.9211973922809
3.13846136455925	1.92577780362107
2.90239131622658	1.94290319383793
2.66024389441967	1.96948686328454
2.39121475665123	2.00738539732006
1.99773114151015	2.40445556602388
1.96102412104064	2.66500126098263
1.94206228510962	2.90929667135202
1.92103990111812	3.14481194436908
1.91110978996468	3.37860233963887
1.91024840768847	3.62625892895698
1.90957558778192	3.87526937762567
1.9090607778247	4.12520219664689
1.90746853575123	4.37499926245189
1.90855771262991	4.62510699094112
1.90917835822959	4.87479250068504
1.9091580313013	5.12490101094993
1.90898226870909	5.3746881816701
1.90884659484802	5.62460110408855
1.90949005445722	5.87463744456539
1.90945362941128	6.12473008777136
1.91024269603047	6.37361462290406
1.91111718618545	6.62139878573517
1.92104271181577	6.855633232644
1.94337621727427	7.09357789092247
1.96605641737427	7.33231625574956
2.00329927717944	7.60483621943406
2.39788687719857	8.0050516690221
2.66075922356759	8.03532932132325
2.90379887607969	8.0579006279559
3.13868566329518	8.07577572792015
3.38208726729949	8.07855325165741
3.62800549848652	8.0815599316137
3.87530528143756	8.08300947084856
4.12494162058989	8.08332621879826
4.37471145992167	8.08317011776498
4.62479274443381	8.08294439217871
4.87483632527315	8.08278004822728
5.12475533588472	8.08267462745639
5.3746895153318	8.08251835273909
5.62441502385608	8.08225962941713
5.87210181446763	8.08104454011095
6.11748716718167	8.07713025522159
6.35971771063403	8.07019595496216
6.60035988736558	8.05554858811833
6.84763909604116	8.04148462416615
7.10393117340594	8.02500856557038
7.3677911124716	8.03207985617959
7.6056786712946	8.05001453685269
8.06810764947149	7.58505475396629
8.06405109239098	7.36023790805244
8.05740493306982	7.11945951297191
8.051442841485	6.87499999999999
8.05144284148501	6.62500000000001
8.051442841485	6.37499999999998
8.05144284148503	6.12499999999998
8.05144284148502	5.87500000000001
8.05144284148501	5.625
8.05144284148501	5.375
8.05144284148501	5.125
8.05144284148501	4.875
8.05144284148501	4.625
8.05144284148501	4.375
8.05144284148501	4.125
8.05144284148501	3.875
8.05144284148501	3.625
8.05144284148501	3.375
8.05144284148501	3.125
8.05781300667331	2.88264913838709
8.06415623837724	2.64447630246132
8.06899902534889	2.41875110932004
4.03574643905111	4.23993058219703
4.04488464885222	5.75492079061051
3.65716833804601	4.54786729429042
3.64477434327918	5.35427684385749
3.6465379230242	4.63733798345492
3.95681155400918	5.7573210514682
3.94802691434797	4.25816307025539
4.35588730641438	5.43796225761124
4.34051112507259	5.33386207083584
3.95744736231081	4.94349142890999
4.04558785080053	5.05672994618125
2.12323389579579	8.04693554873796
2.12902998243979	1.94725018035342
7.85252830842328	8.04083996074722
7.84269452662548	1.96370271028683
4.30049976471008	4.73717775447901
4.30042717761804	5.25785686945949
3.66051785253689	5.44545985843114
4.30115869933272	4.47319909804746
4.15417661154013	5.69080997243436
4.15155853724255	4.3078922167202
4.29015784044935	5.5523990793367
3.69309692298969	4.46764636491445
3.71146038671471	4.75553573682249
3.71063139339317	5.24406100554161
3.87023868883882	4.29471253834318
3.84504010830293	5.69151410867895
8.07652780777401	8.00449580816513
8.05142778427317	2.00738649622183
3.61327046209093	5.71231712715334
4.42035433510615	4.5825581035669
4.39326951017425	4.48539766797996
4.38389529702694	4.75067474825434
7.48974277368534	2.18201075220109
7.22376835978316	2.21288326365374
6.97706593308689	2.19831560930168
6.71220595636052	2.17033351857581
6.4751827462681	2.15576713164772
6.23509185679841	2.14162801931348
5.99413514041945	2.13355288623832
5.74751220163063	2.13109417731705
5.49962658980068	2.130107052948
5.2496267821256	2.12990361090052
4.99970980131357	2.12975269871191
4.74970264240853	2.1295065682453
4.49972657867047	2.12908118452148
4.24979008009087	2.12888420951968
4.00014302396072	2.12880857101239
3.75281597832445	2.13028946945358
3.50755165711496	2.13441002084296
3.26523487890599	2.13810252309924
3.03172062720653	2.1534456295484
2.80594720425925	2.17857336739473
2.57464126770951	2.21499141830029
2.15866660910489	2.17797988939184
2.19833785807141	2.60154545939394
2.16758574562943	2.82033874922966
2.14755809015695	3.04474811225185
2.13152643657937	3.27078253789356
2.12428998702297	3.50871067043882
2.12051102285504	3.75088300656765
2.11938887966638	4.00063713918228
2.11841071824254	4.2506181345143
2.11701346289308	4.50053996941966
2.1199030582555	4.74975454360757
2.11875128159324	4.99946144512625
2.11910373905726	5.24978142895877
2.11842230260049	5.49923217051924
2.11895467039099	5.749284184629
2.11952730021288	5.99940551926471
2.1203251641442	6.2481509694542
2.12346306052691	6.49137197651822
2.13033355828168	6.73018351251199
2.1471831661751	6.95789500989324
2.17440167065779	7.18563230801158
2.21142680360757	7.40902992626487
2.17183318605919	7.82814318588449
2.59599276958241	7.80450751417969
2.8113705062221	7.82680242348583
3.03458469822969	7.84648945249348
3.26801229907838	7.85916492010727
3.50819738761043	7.86555282993167
3.75294106259511	7.86979390246503
4.00012239018683	7.87118993539473
4.24968881040713	7.87112284083369
4.49939784405349	7.87086081307158
4.74971306247239	7.87038698162008
4.99973685970739	7.87017397261169
5.24954103872862	7.87006706046707
5.4995822295004	7.86977518583801
5.74746408639319	7.8688580714355
5.99413634652379	7.86644491693413
6.23292859969681	7.85837565689187
6.46746019138276	7.84234634081372
6.7095458194403	7.82422403015502
6.96869131314006	7.79426094294355
7.22610588781787	7.78532095057179
7.48127946059238	7.81486542464125
7.86068154190803	7.50951817855581
7.84375119529908	7.25484291190488
7.83493649053887	7.00000000000001
7.8349364905389	6.74999999999999
7.83493649053888	6.5
7.8349364905389	6.24999999999996
7.83493649053893	6
7.83493649053891	5.75000000000001
7.8349364905389	5.5
7.83493649053891	5.25
7.83493649053891	5
7.83493649053891	4.75
7.83493649053891	4.5
7.83493649053891	4.25
7.83493649053891	4
7.83493649053891	3.75
7.83493649053891	3.5
7.83493649053891	3.25
7.83493649053891	3
7.84454576388849	2.74538483870149
7.85704139328304	2.48988084064839
3.97840932339352	4.16008376289648
4.00009252649932	5.82826686715834
3.56104839963713	4.57864181312202
3.56667898825238	5.42120180979175
4.43304501537191	5.3615941072955
4.39655996891972	5.25648124708671
7.71171742952638	7.86653450565799
7.7132440520737	2.13165135269551
3.64032700549389	5.27150971135798
3.64522639284474	4.73047404916257
4.34520950031528	4.39512846604334
4.12458355286575	4.235046983684
4.12635252640899	5.75912637688759
3.87775412541679	5.76537855244012
3.88095884343348	4.20532745509261
3.60158065972375	5.52220760641932
1.94701934189572	7.86577954123888
1.9466547288705	2.13807286570848
4.33594268084647	4.82326363642553
4.35851070896774	5.5227534767751
3.60143458695072	4.47407389689604
4.3370285442067	5.17922906700613
3.87859526787182	4.99113405867385
4.12394616407823	5.00904648294966
3.66664765891389	5.18222635247067
3.66902416177218	4.81850951646534
3.79674552375826	4.25268984250035
3.78579377625929	5.73958736750766
3.65501573894121	4.38879281758265
4.33409647544561	5.61422900491287
4.21744338821481	5.73290105651736
4.21681644995613	4.2644987490585
1.91001113525392	1.9200061219256
1.91024768967241	8.08007512711737
3.70668372245289	5.00029832656997
7.93123078636974	7.77686529959847
7.93035151715887	2.22259898366053
3.97823470170699	5.08923924922451
4.02204972032575	4.91081284811338
4.29582258661147	4.99825440905805
4.30478653518029	5.77503775115694
4.37902354147232	5.69626237661376
4.38649215064484	4.30031058108921
4.30387054744716	4.22003167194626
3.61549607295673	4.29673816701986
3.69764338112475	4.21724920325616
4.50179558042011	4.51203026482778
4.45371432971011	4.40103698843869
4.43710829899806	4.83248004088264
7.08124129922495	2.46386231690449
6.8138811899315	2.40928340245733
6.56488414842631	2.37731197262027
6.34178990956075	2.36873267986929
6.11025417841857	2.35568631564349
5.86905293812798	2.34557093017042
5.62269245412978	2.34328246050171
5.37445339038912	2.34232793605346
5.1244470850617	2.3421861331174
4.87432867726687	2.3419402492782
4.62436116120934	2.3415547809019
4.3745367064621	2.34102227512725
4.12492734878216	2.34081844857276
3.87902761767197	2.34293903049068
3.63334149509141	2.34656862641696
3.39183608562623	2.35474885218381
3.1629400986992	2.36812997345288
2.93994247106052	2.38811276686923
2.70561411983994	2.41553098890895
2.41034741054404	2.71576624538868
2.38107128685672	2.95575601467365
2.36020206552042	3.17299711603602
2.34358500049383	3.39430498647839
2.33245994381511	3.63328896670842
2.32777591917274	3.87701029591957
2.32658867924039	4.1260285498406
2.32493703852039	4.37607054565411
2.33008433258592	4.62470855976227
2.33006364788681	4.87395662845274
2.32781638994363	5.12510368450005
2.3278485477166	5.37467325310868
2.32501213625307	5.6226707623163
2.32708181128383	5.8737620488152
2.32888058897836	6.12329456617818
2.33291224501559	6.36738885998502
2.33941787090894	6.60725260901635
2.35483915419889	6.83117076407428
2.37765219569264	7.04883405792116
2.41190301357288	7.28670270664851
2.71451331440241	7.58784242093064
2.94021264880516	7.61406418839629
3.16166932593307	7.63454785124112
3.39240230134027	7.64598758625068
3.63323770086873	7.65389050703877
3.87884462186463	7.65739500267613
4.12487200665378	7.65920259787324
4.37433294086902	7.65892886246251
4.62413245233288	7.65835647536413
4.874508395789	7.65772092760102
5.12436190176367	7.65780021847553
5.37380968906383	7.65746514116419
5.62244793883433	7.65660285469401
5.86905432311547	7.65442636923069
6.10919337317294	7.64541087786
6.33822697404031	7.63029868180181
6.55540006851311	7.61542940409798
6.81002151426594	7.59307651343825
7.07121340975802	7.53588186994727
7.63055232435155	7.39403445834404
7.62982074620399	7.13685098753613
7.61843013959277	6.87499999999997
7.61843013959279	6.62500000000002
7.61843013959276	6.37499999999996
7.61843013959283	6.12499999999996
7.61843013959281	5.87500000000002
7.61843013959279	5.625
7.6184301395928	5.375
7.6184301395928	5.125
7.6184301395928	4.875
7.6184301395928	4.625
7.6184301395928	4.375
7.6184301395928	4.125
7.6184301395928	3.875
7.6184301395928	3.625
7.6184301395928	3.375
7.6184301395928	3.125
7.63340564875027	2.86237466628617
7.6343937040246	2.60417166497652
3.89329783226255	4.09990619872111
3.48556109221316	4.49064184937131
3.48941694071412	5.50764392920109
4.45811955397927	5.15601359694974
3.55184880028792	5.19028451373008
3.56736552346966	4.80666940063159
4.20109666111378	4.1660932274147
4.19730436291545	5.82961899927802
3.80503859881384	5.83341554630522
3.78987346835697	4.15297724276348
4.42935214999347	5.58722380243226
3.55100290615055	4.38446181155184
7.67711686174825	7.65105332405139
7.67643018305101	2.34693298144133
4.35434755032506	5.09213760164257
3.54361003750266	5.6173979567711
4.36956723215811	4.91458516351084
4.44442238412652	5.47612774888045
3.69909374746078	5.78797508841749
3.62515469652246	5.09898694984425
3.62080416355598	4.90056837198071
3.55033104809641	4.68852696568492
3.55118601328293	5.31282860960953
4.08623102558482	4.14631341941791
4.09342116274199	5.84304717241422
3.91152132773668	5.84672753747609
4.04192080032326	4.97938831988843
3.95851959699728	5.02070552918077
3.490819814988	5.7349030675622
3.58802753206318	5.83565257772881
4.54379725124814	5.40981162598841
4.41534539555083	5.8121371163972
4.29127777541278	5.8963649405031
4.49698114010616	5.68885858550144
4.51037126682622	4.28652766383424
4.41716477007665	4.17989567299359
4.30113166765641	4.10027057115224
3.5793602544809	4.17542507248476
3.49296018206375	4.27032705063867
3.68048182357343	4.09718940564738
4.58168351295192	4.414557699838
6.84758461930755	2.66922380112518
6.65419302607045	2.58254829569999
6.4450874109937	2.60814429503862
6.21882073066078	2.59275362678166
5.98343917372324	2.56826940965537
5.7443959610471	2.55785001705596
5.49739459575891	2.55582675047159
5.24944424565713	2.55450809320413
4.99923870436178	2.55444212237937
4.74914711217124	2.55396665105942
4.49913650912534	2.55313789696392
4.24945340212709	2.55262412461792
4.00344699847377	2.55375203277019
3.76089052235237	2.55917109803456
3.52022684463479	2.56759027353461
3.29063310258642	2.59359384474102
3.06996840801731	2.59351946083974
2.86521696738904	2.60747227403113
2.59577428405532	2.8716204287712
2.58949394209892	3.0799520989569
2.58269858501985	3.29780571809126
2.55000284105834	3.51870852566853
2.53550423602731	3.75949887850011
2.53119367363167	4.00249574780128
2.53029052277396	4.25150510399553
2.53859665743739	4.50019724728897
2.54231693190133	4.74672673281518
2.53923254481254	4.99642162235433
2.53830763104994	5.24444478123438
2.5346708179037	5.49520175308916
2.52857260570364	5.7469594998584
2.53235480815229	5.99654338396485
2.53864301783143	6.24361030521193
2.55049164196408	6.48007761575333
2.5670167462546	6.70661176301155
2.58072324790377	6.91985092149735
2.59574559036269	7.12796614096747
2.86523328588996	7.39254652362713
3.06706813533152	7.40826784692259
3.28884489078959	7.4105898534864
3.51796109173722	7.43478058930921
3.75914780786397	7.44287354440183
4.00330646511705	7.44597582288131
4.2492186041643	7.44723911542912
4.49888583719867	7.4468730965345
4.74940528142915	7.44445884322282
4.99961601533319	7.44580088840459
5.24937543048453	7.44549690106528
5.49766220381725	7.44458638942997
5.74417265382491	7.44227537737201
5.98357082936508	7.43280198289264
6.21927500888046	7.41297525297895
6.44494165897627	7.39928342987949
6.65009103629197	7.42182324315341
6.8421965749065	7.34667420992841
7.42842989525729	7.2702463294637
7.40192378864661	7.00000000000001
7.38781381581853	6.75897897853029
7.40192378864663	6.50000000000001
7.40192378864669	6.2499999999999
7.40192378864674	6.00000000000001
7.40192378864668	5.75000000000003
7.40192378864668	5.5
7.40192378864669	5.25
7.40192378864669	5
7.40192378864669	4.75
7.40192378864669	4.5
7.40192378864669	4.25
7.40192378864669	4
7.40192378864669	3.75
7.40192378864669	3.5
7.39327904626972	3.24386315829861
7.40192378864669	3
7.43589088841691	2.72767156131235
3.78572024151968	4.04225144749021
3.43472246296916	4.38023523760417
3.41593984493503	5.61190517895876
3.50846195050558	5.05659230443322
3.43411843056484	5.25961591915597
3.49093947650295	4.92040690018808
3.44549428353165	4.77347460801432
4.16678011939945	4.05212237203039
4.1551868949921	5.9429314547277
3.85318911519364	5.94350160648224
3.71105661314498	5.90761143915692
4.5416265888925	5.55127719829872
4.48813565059733	4.74246440294441
4.49591039265975	4.92982358750152
3.4513140781012	5.38610865408525
4.51792975007649	5.27698337013669
7.38222398046672	7.53912288507151
7.39784234351462	2.45111210557307
2.47200688047639	7.53733914694266
2.46086078749005	2.47447669985479
4.01791311042898	4.03588714061995
3.43635282425351	4.61563852187246
3.59357549759951	5.00021222631813
4.42741320482331	5.02257058102756
4.00159365193513	5.9341960183111
4.63040991125114	4.55184567108368
3.44914659895205	5.87869684123954
3.34190656998417	5.75144399330217
3.58297568823421	5.98394602859437
4.66830482214117	5.48327351901388
4.66176215131572	5.32288634599414
4.56304542529725	5.82540525661382
4.4323557540734	5.96318795225109
4.26862219189204	6.03898949274965
4.64481667103973	5.65714060453611
4.65875819456072	4.28278811552857
4.55667087399049	4.14418098915371
4.42453978147865	4.03401149742499
4.27017153368945	3.95864888287743
3.4406691425508	4.13720522554764
3.54797077756129	4.03172190099326
3.34273693628179	4.26098345960109
3.674428608582	3.95668054073
6.33371032730433	2.80745359275957
6.09418293074362	2.79184407352811
5.85667436724281	2.77868259529899
5.61935965192676	2.77056105191522
5.37372920664191	2.76732958822532
5.12423693841619	2.76662306840794
4.8737424004503	2.76725038943846
4.62328214696702	2.76536631010429
4.37380160579361	2.76433403598319
4.12678717103789	2.76464856292224
3.88460313151584	2.76837256533438
3.64274908116256	2.77401833736069
3.41138683047067	2.79410660336143
3.18725194649972	2.82568309668231
2.97474530184892	2.81703317516706
2.81441039022105	2.98759697900705
2.81927590000113	3.19311600773128
2.77852683811179	3.42071337057085
2.75223729710152	3.65282516605046
2.73072671299233	3.88070160924567
2.73313708014367	4.12783501287487
2.74581531933703	4.3763393786517
2.76289339655953	4.61630911164576
2.7555173204056	4.86759341550707
2.75560553945859	5.10708657574381
2.74232784510642	5.36467564678606
2.74086961528809	5.616150356272
2.7277972564718	5.87054559194311
2.72962285859841	6.12232952232148
2.75622339167604	6.35447595848585
2.77386197881331	6.57853752067735
2.7959988582535	6.80164328726414
2.81117487059501	7.00771890987478
2.96629821983301	7.18502055916635
3.17700164752293	7.17175840890232
3.40572472536617	7.20818247700027
3.64633061988074	7.22617316148073
3.88584073138476	7.23110359026015
4.12804826824321	7.23300448717725
4.37476511341033	7.23246963472348
4.62407893210936	7.23172151489986
4.87416791494686	7.23143602503065
5.12423742977351	7.2334323512095
5.37225738878969	7.23217348718216
5.61918036501266	7.22995728995186
5.85695111236836	7.22111298698835
6.09678658314155	7.21032774235265
6.34003392296161	7.19400221514903
7.15995294817585	6.89383763729052
7.17709087387661	6.63255557957757
7.18541743770049	6.37499999999991
7.18541743770066	6.1249999999999
7.18541743770061	5.87500000000007
7.18541743770056	5.62500000000001
7.18541743770058	5.37499999999999
7.18541743770058	5.125
7.18541743770058	4.875
7.18541743770058	4.625
7.18541743770058	4.375
7.18541743770058	4.125
7.18541743770058	3.875
7.18541743770058	3.625
7.17567789270666	3.3669173579117
7.16706347636358	3.10886776464657
3.37560373870782	5.03106550038429
3.31136539359767	5.33912408684759
3.33453860448999	4.87790331051648
3.30891010157701	4.71961696211582
4.11074776071485	3.91631226699073
4.09554111448922	6.07113122972932
3.91777105478845	6.07059622490811
3.74293082769684	6.04980274416943
4.55941487252296	5.04592234470749
3.35640105513406	5.47980268773769
3.35980038040611	4.49200545102349
3.89041986642135	3.99697759694642
4.55686221212075	4.82733179809152
2.61833633773125	7.36849733965027
2.63363949992842	2.64057172951484
3.43275588524424	5.14282827482755
7.21098817717775	2.88595212796525
7.21047293935927	7.1136871248958
6.61836030555784	7.17250713785938
6.62010296044612	2.83167631929822
7.24091037543288	7.34284731251422
7.24471817988161	2.65636891070783
4.52312616520041	4.62996068756596
3.26760517542567	5.90487876953382
3.4092994991118	6.03763633329001
3.58561292860168	6.17696124087697
4.80600105837559	5.5857829956881
4.80736117796366	5.38120519323598
4.77435884563071	5.81078022876492
4.61833500002575	5.99516124383221
4.43241398587147	6.15626789186197
4.20996075704356	6.22353013936441
4.73277124628232	4.10313038544982
4.58213699725618	3.96501545975469
4.40905625260462	3.85816763739911
4.22257083247766	3.78704460001862
3.26634971297078	4.11558830865791
3.37772842247376	3.9661702480996
3.53450778963094	3.86081342754334
6.19387527233519	3.01716760130989
6.44621133008307	3.03999388223418
5.96618571530281	2.99806192733229
5.73203435246814	2.98934048765303
5.49372608484319	2.98317369039273
5.24838077651319	2.97966420407956
4.99749230322775	2.9821370575257
4.74832818500296	2.98046249700464
4.50006657557727	2.97835182782648
4.26054871552461	2.97648317281929
4.00611467085979	2.97807108399086
3.76716419328165	2.98222304571255
3.53478472477695	2.9986011672786
3.3091708712338	3.0255500054895
2.99758505061469	3.31766823345232
2.96925000339476	3.56327481761801
2.95561450186342	3.78436792096586
2.92335740489659	4.00856139253417
2.93750934236385	4.24381811182253
2.98786910358558	4.48717823750248
2.95856272955078	4.74097485885602
2.98962487172403	4.98491710151925
2.93546115619723	5.22546797748589
2.95700410131854	5.48005142453139
2.93786247447555	5.74071363400317
2.92310151774267	6.01312186354
2.96918147012729	6.22671017126891
2.98213782843032	6.44650656101946
2.99055442400221	6.6848611657014
3.29702537279356	6.97927236523918
3.53178189543083	7.00440185652668
3.76874111328044	7.01668194832589
4.00818905120927	7.01941881139616
4.25308707290085	7.01684470357033
4.49943993507679	7.01612863187768
4.74942513639221	7.01545585221327
4.99983073071665	7.01522459631581
5.24341507746378	7.0107633064803
5.49394805906027	7.01759943855485
5.73128368395645	7.00953796704989
5.96451049890458	6.99920810161384
6.19276588830195	6.98221207880997
6.44573398605075	6.96123093275816
6.94521232970334	6.76840536974849
6.95615485206386	6.50719561380619
6.96891108675446	6.24999999999976
6.96891108675461	6.00000000000003
6.96891108675444	5.75000000000009
6.96891108675445	5.49999999999999
6.96891108675447	5.25
6.96891108675447	5
6.96891108675447	4.75
6.96891108675447	4.5
6.96891108675447	4.25
6.96891108675447	4
6.96891108675447	3.75
6.96080767994497	3.49626713271785
6.93979721829086	3.22920927567081
3.21947102947043	5.0000360292673
3.18520197403444	5.46108420582324
3.1577812052983	4.82883255834345
4.00531866404553	6.21805565393697
3.80184252635409	6.20685265324191
3.26681780689114	5.61183661806607
4.73786966155717	4.44340410050919
3.80560344832288	3.90448457366535
3.30302194839094	4.38866525547432
6.92526470853696	7.06183664812925
6.9189158543004	2.94018383259271
2.77655004507159	2.78616573789482
2.77524602609548	7.21369156072729
3.30027093741235	5.17657239887448
4.63679407899367	4.92819239016636
3.29417715289958	4.58900258509118
3.95270967107576	3.89349608715115
3.03120908470659	6.94493036852433
3.04737187027325	3.04640753530665
4.62273451340594	4.69404619547196
3.36991570410624	6.21016178493561
3.68693486162941	6.38227449091041
4.97902364636809	5.46458310922937
4.83265096427304	6.04517168657606
4.32408230013659	6.37207690500092
4.11383311594756	6.39021345454075
4.78623733803562	3.9057211248536
4.60434577371519	3.77927259267974
4.38464899198598	3.63570513468517
3.36682020867173	3.7579398067876
6.28100519772788	3.22575701561701
6.06413706002886	3.22158404566752
5.84158746656201	3.21235526709904
5.60824323175255	3.20120394288325
5.36515331082509	3.19778665407894
5.11690289057664	3.20300601733022
4.87127726452613	3.19785761469732
4.62642250743332	3.19519508483613
4.38020163091354	3.1898883445416
4.14220731537073	3.18504042223419
3.90104489803275	3.18876467698848
3.66711716146809	3.20422543953801
3.44723107472561	3.23541380867938
3.15659563965682	3.46114222684633
3.1922991460743	3.6754011215127
3.21080692290757	6.34861042568358
3.15241241330799	6.55475187183072
3.44032494004911	6.77579000425378
3.66390181856132	6.79823897416848
3.89172170046705	6.80536404201242
4.13049475102205	6.80073914839952
4.38011384120143	6.7926963162159
4.62676470010714	6.79285999679416
4.87859298677577	6.79746982902559
5.12218607450468	6.79061019241571
5.3686095764956	6.80527685263554
5.60777548809444	6.80006209179956
5.83649810224158	6.78044010318691
6.06355428609125	6.77770063811857
6.2816095846436	6.77429937055053
6.73478355557866	6.6285066852853
6.75250866479801	6.3671463594997
6.75240473580857	6.12499999999976
6.75105001075287	5.88076266023141
6.75240473580828	5.62500000000004
6.75240473580835	5.37499999999997
6.75240473580836	5.125
6.75240473580836	4.875
6.75240473580836	4.625
6.75240473580836	4.375
6.74864506331329	4.11801459963993
6.75240473580836	3.875
6.75079533217719	3.63752235179215
6.73887431377797	3.37698942844519
3.90090359746253	6.38871496797057
4.72065396749768	5.05618130481689
3.20385914700625	4.48489219486907
3.86042922015538	3.75573375611733
4.7907794336169	4.62403052470087
4.84179395327054	4.27578400272175
3.22478828877648	6.7529144257496
3.22980963875204	3.26432007206261
3.11559380531079	5.13777173213254
3.14443487385643	4.64833547836133
3.69386769284721	3.78923782857627
3.16665058955794	6.10074173957183
3.16445647907113	3.90672971690542
4.71642005824928	4.79138127001806
4.04008404190547	3.75414441957715
6.69781918384294	6.89114846730696
6.70080722617664	3.11223956436142
3.10480093726686	5.61136295522746
3.16167598006964	4.30516239312452
3.16512167408142	5.76298329285645
4.61548508774679	5.17344703173343
4.96767483167122	5.24967459884647
4.84638650763985	3.67224750885697
6.16207328331917	3.44174610344966
5.94402147287096	3.44864949991259
5.71872729636015	3.42552342654689
5.48475372460141	3.41146221846814
5.24221210590935	3.41244961230795
4.99208278934944	3.42519374592737
4.7489249258598	3.41384265483433
4.50371458803339	3.40236608788518
4.26119705599759	3.40765285662744
4.02801345475172	3.39229176892655
3.80113775653522	3.39844187344573
4.49953074550696	6.55582902868744
4.76924317091366	6.57732768717471
5.00176596357406	6.56262594593872
5.24808958934508	6.58845725906571
5.49051194428455	6.59808102147131
5.7184324836029	6.57533033120026
5.94357734346868	6.55232678297529
6.14667183326955	6.548011232238
6.54092027978366	6.47962294642958
6.53450803266908	6.25019316781994
6.53121413449251	6.01217200090363
6.53889058395655	5.75578288569616
6.53702248186458	5.50399989070482
6.53589838486226	5.24999999999998
6.53589838486225	5
6.53589838486225	4.75
6.53677427840305	4.49539933583431
6.53597105743651	4.24165659461358
6.52764462557719	3.98635616244428
6.53287088154401	3.75311092034792
6.53680831770587	3.53779177188859
3.73581126325274	3.60566126755361
4.90413204505585	4.79904945455067
4.96465210306577	5.67719973793515
4.51088443681759	6.33267387672548
3.56386166620802	6.58510985719549
3.58864122808865	3.43201109720405
3.54451360853301	3.66145346740026
4.92410418557003	4.45997580653211
4.94389425660597	4.08415401919429
4.01132728525406	6.5871108720975
6.51840002389957	6.72314765547556
6.51738126828874	3.27633864994971
4.2443168987932	6.58389760402442
3.78522688597009	6.58937990844011
4.78538733030404	4.91650799003789
3.37862254155301	3.49436391406207
4.15182861361152	3.59362744739257
5.17819722395393	5.57644997845032
5.18511342219114	5.34732090374846
6.0758493217695	3.69718633876105
5.83508814278125	3.66081477638355
5.60698181976806	3.62563627950845
5.36677978427506	3.61411727485201
5.12688812725507	6.36175622367645
5.39028721373696	6.39347179592207
5.60501161904632	6.37585543206116
5.82270247290654	6.34553761747258
6.06102227203433	6.31419019590294
6.30768578641965	6.14756090406188
6.3282937200993	5.88871840698398
6.33023191204512	5.6333865214316
6.31102902229679	5.37750636243095
6.30862108655405	5.12738852142551
6.31939203391614	4.875
6.32084678162221	4.61758423793217
6.32397823620888	4.36146160932815
6.32307925742478	4.09985422283268
6.30316960755434	3.84209044180244
6.31910670971727	3.61925774811069
6.31939203391561	6.37499999999957
5.02392949194171	3.86731758861056
5.0618929667027	4.26338140066625
5.12006746218499	3.63885384602759
4.99930713909562	4.63393521804015
4.78719613235974	5.20055142950484
4.96481765653062	5.87998231670215
3.93253814225333	3.58180710459894
4.61727633660854	3.58194913037296
4.65394333166285	6.18930024145253
4.93570333873918	5.02060852033238
5.09430090867473	6.0835580259851
5.3868146226518	5.46421131325637
5.90100397345268	3.88374823227473
5.67426488715059	3.85838198989217
5.47986024671013	3.78614485003236
5.28746197856573	6.19331120412904
5.48339977197414	6.16126841400132
5.68727783445419	6.13586116938794
5.90210223278987	6.09850008364715
6.1316969897812	5.76225901822405
6.08816095016072	5.50725649314508
6.07464164639321	5.24811462284747
6.10288568297004	5.00000000000002
6.11192979070922	4.74285902019751
6.10201375083179	4.47766215877797
6.12276173343568	4.23225600181232
5.26810412657563	3.84251168747776
5.16413500108935	5.80701712627825
5.18641675826447	4.05134324862933
5.17457532393042	5.10299752915083
5.15390120921219	4.45922404463041
6.35967805676903	6.57641674625683
6.35865983748271	3.42235907853423
5.14032401345456	4.86182056841334
4.88814245079541	6.30677326299786
6.12423045574532	6.01947401308437
6.11810151674359	3.96958031585244
5.54363776250414	5.93055056679096
5.87220923066514	5.6561084215456
5.82856017749356	5.36909201630408
5.87158208710379	5.11143379666439
5.91334504288584	4.86402338215131
5.90618268913926	4.61990680011689
5.86594681529096	4.33441683273703
5.41028205652776	4.96498311089693
5.9537210733812	4.10617111589707
5.95588973525639	5.88061585872011
5.32150435183964	4.27328581476297
5.40399547468054	5.70803430032058
5.37906142229646	5.21745919641929
5.32797117135831	5.97550480740944
5.1995328115474	4.65041083469978
5.46549247698685	4.03939677471747
5.72789102559972	4.74322772910657
5.66085298453308	4.52412827496634
5.57659600483855	4.2943664238658
5.67041049415093	4.94349717500527
5.41438897285302	4.52686589227978
5.73706746055917	4.09194496347634
5.75516051491393	5.89897087392021
5.35857616719513	4.75037422444815
5.62192529092939	5.5410199583616
5.62168314752392	5.15856172552555
3.12164432317416	5.30181762054731
3.09230977457596	4.12109137211105
5.64219777250836	5.74054544133908
2.23337883836599	2.3817080691914
2.2406907135718	7.62736342119633
3.46862616985159	6.38827491744652
4.66126280398412	6.3998094244108
3.3475751677042	6.54860787140151
2.3627762085881	2.24480243126906
2.38216000224171	7.76166107486521
7.04315923723954	2.73977243567325
7.04992985914345	7.25600666965117
3.09437397749733	5.91119347862116
4.42947942325998	4.67075094926747
5.55130660258208	5.3511495922474
5.53019867495961	4.74198847697641
