224	156	157
323	87	88
437	438	262
328	83	327
400	222	221
325	85	86
223	224	157
394	216	215
433	258	257
294	35	36
248	126	247
185	187	141
426	250	425
349	12	517
685	373	192
191	6	60
194	195	7
681	376	195
361	4	62
341	342	69
404	405	226
212	213	168
354	353	15
215	165	166
214	215	166
396	217	395
216	165	215
194	7	13
219	161	162
223	157	158
225	155	156
240	241	133
244	129	130
357	143	358
240	133	134
362	1	146
532	234	233
234	146	147
234	147	233
236	138	235
231	150	230
232	233	148
238	135	136
231	149	150
669	412	532
230	150	151
229	151	152
229	230	151
227	153	154
224	225	156
405	227	226
417	418	242
424	249	248
189	61	5
248	125	126
582	583	428
250	123	124
356	10	142
253	120	121
604	451	450
254	120	253
428	253	252
192	6	372
435	260	259
259	114	115
437	262	261
585	431	430
466	293	465
282	47	48
263	110	111
273	274	56
187	140	141
270	103	104
445	270	269
531	272	271
275	276	54
277	52	53
277	278	52
279	280	50
269	105	268
268	105	106
266	108	265
606	453	452
264	110	263
265	109	264
606	452	605
260	114	259
267	268	106
264	109	110
281	282	48
438	263	262
284	45	46
188	369	5
453	454	281
467	294	466
462	290	289
286	43	44
186	8	17
677	186	367
291	292	38
463	290	462
196	186	17
297	33	296
295	35	294
329	330	81
296	33	34
494	325	324
299	30	31
318	93	317
481	308	480
310	19	20
364	100	3
309	20	21
312	99	311
480	307	479
311	99	100
308	21	22
313	98	312
474	302	301
310	20	309
304	25	26
302	27	28
318	92	93
317	93	94
319	320	91
303	304	26
295	34	35
494	495	325
298	299	31
322	323	88
473	301	300
503	334	333
471	299	298
195	18	7
324	325	86
328	82	83
330	80	81
327	83	84
332	78	79
329	82	328
703	519	520
547	548	392
337	338	73
207	208	173
214	166	167
337	73	74
214	167	213
211	169	170
338	72	73
389	211	210
217	163	164
339	72	338
341	69	70
382	204	203
202	178	179
342	68	69
205	175	176
343	67	68
380	202	201
336	337	74
343	68	342
344	66	67
202	179	201
346	64	65
347	64	346
361	184	4
348	63	347
347	63	64
192	14	6
350	12	58
353	11	15
528	359	360
329	81	82
331	80	330
708	523	679
206	207	174
212	168	169
387	209	208
218	163	217
355	16	10
222	158	159
223	158	222
246	127	128
357	142	143
579	425	424
358	143	9
278	51	52
285	45	284
8	186	185
188	140	187
201	179	180
200	201	180
288	41	42
466	294	293
294	36	293
293	36	37
208	172	173
207	173	174
307	22	23
308	22	307
464	291	463
185	141	8
320	90	91
301	28	29
280	49	50
440	265	264
335	75	76
382	203	381
316	95	315
316	317	94
205	176	204
204	176	177
203	178	202
343	344	67
576	422	421
241	132	133
303	26	27
300	30	299
569	415	414
242	131	132
582	428	427
349	145	12
274	55	56
276	277	53
245	246	128
358	9	527
340	70	71
384	206	205
530	348	347
533	378	377
674	359	528
844	673	369
647	648	495
490	320	489
220	161	219
355	10	524
501	332	331
353	521	11
441	442	266
275	55	274
498	329	328
494	324	493
635	483	482
302	303	27
279	50	51
279	51	278
247	126	127
247	127	246
306	23	24
638	486	485
364	19	310
364	3	19
197	184	361
200	180	181
188	5	140
256	117	118
235	138	139
233	147	148
645	492	644
326	85	325
237	136	137
232	149	231
193	14	192
821	652	651
221	159	160
221	222	159
331	79	80
331	332	79
240	134	239
409	231	230
220	160	161
220	221	160
414	239	238
241	242	132
243	244	130
226	155	225
680	366	185
365	185	186
206	175	205
340	71	339
308	309	21
307	23	306
302	28	301
469	297	296
363	2	101
363	57	2
209	171	172
209	172	208
196	17	18
196	18	195
213	167	168
523	522	354
199	181	182
198	183	197
360	144	145
359	527	9
193	13	14
193	194	13
356	142	357
399	220	398
272	101	102
272	363	101
446	271	270
273	363	272
305	306	24
305	25	304
199	200	181
345	346	65
345	65	66
345	66	344
266	107	108
265	108	109
600	670	446
271	272	102
513	343	512
514	345	344
429	254	253
434	259	258
319	91	92
319	92	318
386	207	385
210	171	209
516	347	346
665	666	513
276	53	54
275	54	55
281	48	49
281	49	280
321	89	90
321	90	320
239	134	135
239	135	238
460	461	288
283	47	282
315	95	96
316	94	95
354	15	16
354	16	355
664	512	511
662	663	510
548	393	392
733	555	554
210	170	171
210	211	170
292	37	38
292	293	37
197	183	184
348	197	361
212	169	211
392	393	214
598	444	443
680	185	365
258	115	116
258	259	115
198	182	183
198	199	182
271	102	103
271	103	270
333	77	78
333	78	332
322	88	89
322	89	321
658	506	505
203	204	177
203	177	178
383	205	204
686	518	349
374	194	193
551	396	395
750	751	575
248	249	125
757	581	756
257	258	116
432	433	257
434	435	259
439	440	264
237	238	136
413	414	238
289	41	288
291	38	39
228	153	227
407	228	406
269	104	105
269	270	104
406	228	227
417	242	241
410	231	409
232	148	149
313	97	98
478	306	305
474	301	473
977	978	826
470	298	297
298	31	32
364	311	100
364	310	311
390	212	211
391	213	212
512	343	342
382	383	204
375	195	194
676	194	374
351	58	59
351	350	58
255	118	119
255	256	118
226	154	155
226	227	154
362	146	234
362	139	1
362	235	139
362	234	235
252	121	122
252	253	121
465	293	292
295	296	34
339	71	72
340	341	70
509	340	339
206	174	175
324	86	87
324	87	323
283	46	47
283	284	46
464	292	291
460	288	287
352	59	11
352	351	59
312	98	99
529	310	309
463	291	290
623	470	469
262	111	112
262	263	111
677	365	186
287	288	42
314	315	96
484	314	483
257	116	117
257	117	256
273	56	57
273	57	363
401	222	400
578	423	577
305	24	25
476	304	303
504	335	334
334	77	333
245	128	129
245	129	244
261	112	113
261	262	112
290	39	40
290	291	39
423	424	248
251	252	122
251	122	123
251	123	250
260	113	114
260	261	113
336	74	75
336	75	335
729	551	550
706	682	522
190	191	60
360	145	349
464	465	292
376	367	196
593	439	438
595	441	440
249	124	125
249	250	124
752	753	577
436	260	435
511	512	342
387	388	209
377	199	198
836	666	835
449	277	276
604	450	603
843	527	674
371	191	190
297	32	33
297	298	32
334	76	77
334	335	76
287	42	43
287	43	286
326	84	85
326	327	84
348	62	63
348	361	62
289	40	41
289	290	40
216	164	165
216	217	164
218	162	163
218	219	162
236	137	138
236	237	137
753	578	577
669	532	411
267	106	107
267	107	266
243	130	131
243	131	242
412	237	236
568	569	414
491	492	322
492	323	322
594	439	593
603	450	449
359	9	144
359	144	360
398	220	219
678	356	525
496	327	326
642	643	490
973	974	822
499	330	329
649	496	648
622	468	621
228	152	153
228	229	152
480	308	307
481	529	309
190	60	61
190	61	189
485	316	315
491	322	321
401	223	222
402	224	223
300	29	30
300	301	29
314	96	97
314	97	313
609	456	455
455	283	282
1158	865	988
715	537	536
254	119	120
254	255	119
420	245	244
526	357	358
285	44	45
285	286	44
383	384	205
542	387	386
418	243	242
408	409	230
487	318	317
642	490	489
445	269	444
446	270	445
415	239	414
525	356	357
789	616	788
443	268	267
507	338	337
388	210	209
350	517	12
518	528	360
458	286	285
769	594	593
575	420	574
419	243	418
787	615	614
791	619	618
189	5	369
754	579	578
390	391	212
389	390	211
429	253	428
674	527	359
489	320	319
487	488	318
378	200	199
377	378	199
531	273	272
610	456	609
683	526	358
434	258	433
481	309	308
482	313	312
444	269	268
444	268	443
634	635	672
477	478	305
587	433	432
584	585	430
470	471	298
470	297	469
450	278	277
450	277	449
410	232	231
568	414	413
523	354	355
508	509	339
379	201	200
379	380	201
411	232	410
532	235	234
493	324	323
493	323	492
684	369	188
366	187	185
530	197	348
671	530	516
373	374	193
759	584	583
518	360	349
702	528	518
869	717	868
352	11	521
600	446	445
447	275	274
454	282	281
454	455	282
500	330	499
817	648	647
461	289	288
461	462	289
366	368	187
368	188	187
373	193	192
696	688	371
646	647	494
644	491	643
403	225	224
406	227	405
498	499	329
648	496	495
421	246	245
421	245	420
472	473	300
644	492	491
979	828	827
502	332	501
601	448	447
448	449	276
416	241	240
416	417	241
649	497	496
497	327	496
479	307	306
479	306	478
541	386	385
656	657	504
407	229	228
745	746	570
532	236	235
532	412	236
510	341	340
510	340	509
504	334	503
656	504	503
451	279	278
451	278	450
619	466	465
367	186	196
741	742	563
560	404	559
608	455	454
456	283	455
430	255	254
429	430	254
442	267	266
442	443	267
472	300	299
472	299	471
592	437	591
684	188	368
389	210	388
682	353	522
605	452	451
919	768	767
379	200	378
515	516	346
381	203	202
381	202	380
452	280	279
452	279	451
506	337	336
506	507	337
645	493	492
681	195	375
415	240	239
415	416	240
402	403	224
732	554	553
531	271	446
778	605	777
547	392	391
396	218	217
486	317	316
486	316	485
547	391	546
522	353	354
487	317	486
475	476	303
413	238	237
413	237	412
477	305	304
477	304	476
395	217	216
395	216	394
572	418	417
562	406	561
726	548	547
682	521	353
457	285	284
457	458	285
439	264	263
439	263	438
419	244	243
419	420	244
614	461	460
611	612	458
422	247	246
422	246	421
858	712	702
905	754	753
531	274	273
531	447	274
792	619	791
619	465	618
658	505	657
543	388	387
402	223	401
752	577	576
515	346	345
515	345	514
495	326	325
495	496	326
511	342	341
511	341	510
539	383	538
662	510	509
534	379	378
667	515	514
519	350	351
687	517	350
427	252	251
427	428	252
393	215	214
393	394	215
657	505	504
505	506	336
484	485	315
482	312	529
618	465	464
617	464	463
529	311	310
529	312	311
639	487	486
641	488	640
687	350	519
697	699	374
617	618	464
676	375	194
425	250	249
425	249	424
488	319	318
488	489	319
385	207	206
385	206	384
191	372	6
685	192	372
497	328	327
497	498	328
525	357	526
736	557	735
408	230	229
408	229	407
592	438	437
762	587	586
557	558	402
728	549	727
632	479	478
484	315	314
625	626	472
643	491	490
448	276	275
448	275	447
436	261	260
436	437	261
396	397	218
679	355	524
583	429	428
683	358	527
663	511	510
538	383	382
500	331	330
500	501	331
468	296	295
468	469	296
399	221	220
399	400	221
624	471	470
630	477	476
530	347	516
671	377	530
467	295	294
467	468	295
397	219	218
397	398	219
431	256	255
431	255	430
916	765	764
759	583	758
376	196	195
654	502	501
459	286	458
613	459	612
634	481	480
638	639	486
483	314	313
483	313	482
453	281	280
453	280	452
459	287	286
459	460	287
558	403	402
356	524	10
411	233	232
411	532	233
426	251	250
426	427	251
505	336	335
505	335	504
621	468	467
943	792	791
557	402	401
678	524	356
441	266	265
441	265	440
423	248	247
423	247	422
475	303	302
475	302	474
550	394	549
730	552	551
567	413	412
567	568	413
404	226	225
404	225	403
432	257	256
432	256	431
647	495	494
967	816	815
370	190	189
370	371	190
392	214	213
392	213	391
633	480	479
634	672	481
513	344	343
513	514	344
386	208	207
386	387	208
502	333	332
502	503	333
456	284	283
456	457	284
574	420	419
908	756	907
490	321	320
490	491	321
675	352	521
861	707	862
545	390	389
710	678	525
553	397	552
572	417	571
520	351	352
520	519	351
705	703	520
624	470	623
530	198	197
530	377	198
508	339	338
508	338	507
622	469	468
622	623	469
668	516	515
671	533	377
561	406	405
564	565	409
848	375	676
968	817	816
639	640	487
640	488	487
667	668	515
667	514	666
544	545	389
544	389	388
635	482	672
634	480	633
673	189	369
673	370	189
572	573	418
749	574	573
1673	1549	1426
695	370	673
693	684	368
906	754	905
863	709	711
1132	894	893
662	509	661
661	509	508
1000	847	682
675	520	352
575	421	420
575	576	421
608	454	607
1219	1081	1080
556	401	400
557	401	556
626	473	472
627	473	626
771	596	595
602	603	449
715	716	537
666	514	513
651	499	498
824	655	654
578	424	423
578	579	424
831	662	661
664	511	663
589	435	434
591	437	436
672	482	529
672	529	481
876	724	875
1116	1117	974
563	408	407
740	561	739
660	661	508
660	508	507
629	630	476
807	637	806
742	743	564
743	565	564
542	386	541
540	385	384
607	454	453
606	607	453
688	191	371
688	372	191
577	423	422
577	422	576
770	594	769
590	435	589
570	416	415
570	415	569
565	410	409
566	410	565
601	670	600
599	444	598
670	447	531
670	531	446
950	798	949
627	474	473
918	767	766
588	433	587
693	368	689
1356	1202	1201
549	394	393
549	393	548
597	443	442
597	598	443
659	507	506
542	543	387
615	616	462
786	614	613
620	467	466
620	466	619
555	400	399
555	556	400
796	624	623
630	631	477
604	605	451
601	447	670
602	449	448
601	602	448
819	650	649
946	794	945
843	683	527
758	583	582
611	458	457
785	613	612
537	538	382
871	872	720
537	381	536
534	378	533
586	587	432
1004	688	696
815	646	645
814	815	645
691	677	367
620	621	467
554	399	398
554	555	399
612	459	458
786	613	785
586	432	431
586	431	585
749	750	574
1143	693	850
544	388	543
724	725	546
537	382	381
835	666	665
616	463	462
617	463	616
1075	929	1074
596	597	442
679	523	355
727	549	548
641	489	488
641	642	489
566	411	410
669	411	566
845	685	372
686	349	517
652	500	499
652	499	651
625	472	471
624	625	471
829	660	659
826	657	656
540	541	385
539	384	383
596	442	441
596	441	595
632	633	479
629	475	628
536	381	380
535	380	379
535	536	380
535	379	534
615	462	461
615	461	614
571	417	416
571	416	570
2116	1931	1831
650	651	498
795	623	622
1232	1094	1093
653	501	500
653	500	652
803	804	631
800	628	627
580	426	425
580	425	579
798	799	626
814	645	644
631	478	477
631	632	478
751	576	575
1139	708	994
893	894	742
746	571	570
1146	1150	1003
845	372	688
837	566	565
740	562	561
671	516	668
671	668	533
546	391	390
546	390	545
1216	1078	1077
919	767	918
669	567	412
669	566	567
650	498	497
650	497	649
564	409	408
564	408	563
608	609	455
780	608	607
960	808	959
637	484	636
689	368	366
592	593	438
789	790	617
692	691	367
581	426	580
757	582	581
636	484	483
636	483	635
841	679	524
750	575	574
842	365	677
796	797	624
584	430	429
584	429	583
886	735	734
1428	1138	1284
846	686	517
846	517	687
707	523	708
725	547	546
803	631	630
959	808	807
1081	936	935
768	593	592
719	541	540
540	384	539
1025	873	1024
722	723	544
599	445	444
599	600	445
613	460	459
613	614	460
562	407	406
562	563	407
816	646	815
800	627	799
690	689	366
769	593	768
654	501	653
972	973	821
922	770	921
776	777	604
1113	971	970
848	681	375
646	494	493
646	493	645
559	404	403
559	403	558
789	617	616
782	610	609
637	485	484
637	638	485
560	405	404
560	561	405
720	541	719
659	506	658
962	811	810
800	801	628
628	475	474
628	474	627
552	397	396
552	396	551
550	395	394
550	551	395
801	629	628
629	476	475
665	513	512
665	512	664
809	640	639
802	629	801
590	436	435
590	591	436
610	457	456
610	611	457
778	606	605
783	611	610
806	637	636
840	635	634
774	599	598
928	777	776
716	538	537
655	656	503
573	419	418
573	574	419
827	658	657
659	660	507
588	434	433
588	589	434
847	521	682
722	544	543
942	943	791
1085	940	939
979	827	978
826	827	657
1167	1025	1024
834	665	664
747	572	571
893	742	741
581	427	426
581	582	427
655	503	502
655	502	654
553	398	397
553	554	398
981	982	830
830	660	829
865	713	988
717	538	716
594	440	439
594	595	440
747	571	746
742	564	563
1308	1281	1013
857	702	701
914	762	913
765	766	590
777	605	604
778	779	606
961	810	809
799	627	626
713	535	534
714	535	713
855	697	856
908	757	756
775	776	603
776	604	603
840	636	635
805	632	804
1537	1408	1407
737	738	559
828	829	659
1283	861	1015
745	570	569
897	898	746
835	665	834
836	667	666
754	578	753
752	576	751
1287	991	1133
853	696	694
712	674	528
712	528	702
698	373	685
1148	696	853
1192	1052	1051
896	745	744
767	592	591
767	768	592
783	610	782
1141	995	691
837	565	743
837	567	566
723	545	544
721	543	542
690	366	680
761	586	585
860	704	703
1150	846	1003
781	609	608
781	608	780
911	760	759
912	913	761
921	769	920
772	596	771
782	609	781
786	787	614
978	827	826
976	825	824
728	550	549
881	882	730
732	553	731
730	551	729
761	762	586
764	588	763
1140	852	700
820	650	819
705	520	675
692	367	376
790	618	617
790	791	618
755	580	579
755	579	754
736	558	557
900	749	748
1401	1249	1248
1151	848	991
760	585	584
760	584	759
1004	845	688
1013	858	857
731	553	552
730	731	552
812	643	642
965	813	964
955	956	804
804	632	631
748	749	573
737	559	558
1144	711	999
864	710	709
822	653	652
822	652	821
818	819	649
972	820	971
727	548	726
726	547	725
946	795	794
940	789	788
721	722	543
871	720	719
833	664	663
833	834	664
933	781	932
1154	990	844
818	649	648
818	648	817
779	607	606
779	780	607
997	681	848
794	622	621
873	874	722
861	706	707
732	733	554
1468	1330	1329
711	526	683
709	526	711
986	834	985
1407	1255	1254
748	573	572
748	572	747
707	522	523
707	706	522
981	830	829
1124	982	981
784	612	611
784	785	612
775	603	602
927	776	775
880	729	728
875	724	723
701	518	686
701	702	518
734	556	555
734	555	733
811	642	641
810	640	809
839	668	667
1127	985	984
699	676	374
855	699	697
773	598	597
924	773	772
724	546	545
724	545	723
796	623	795
797	625	624
952	801	800
811	812	642
766	591	590
766	767	591
990	673	844
761	585	760
808	639	638
808	809	639
694	370	695
1288	1425	1135
788	616	615
788	615	787
1141	691	851
936	785	784
974	823	822
823	653	822
692	376	700
795	622	794
1000	682	706
825	655	824
764	589	588
765	590	589
932	781	780
783	784	611
763	588	587
763	587	762
793	621	620
793	794	621
774	598	773
838	600	599
847	675	521
1286	1134	989
700	376	681
997	700	681
877	726	725
728	729	550
1218	1080	1079
849	689	690
947	948	796
842	680	365
744	569	568
1005	568	567
757	758	582
888	889	737
718	540	539
718	719	540
792	620	619
792	793	620
704	687	519
704	519	703
928	776	927
931	932	780
862	707	708
878	879	727
825	656	655
825	826	656
964	812	963
813	643	812
944	793	792
851	691	692
838	601	600
838	599	774
735	557	556
735	556	734
805	633	632
956	805	804
798	626	625
798	625	797
756	581	580
755	756	580
744	745	569
1005	744	568
1096	951	950
961	962	810
894	743	742
895	896	744
820	651	650
820	821	651
717	539	538
717	718	539
885	886	734
887	736	735
841	524	678
884	732	883
832	833	663
982	831	830
802	630	629
802	803	630
980	829	828
874	875	723
936	784	935
938	787	786
1005	567	837
738	560	559
840	806	636
1008	840	634
1039	888	887
737	558	736
948	797	796
967	968	816
828	659	658
828	658	827
807	638	637
807	808	638
813	644	643
813	814	644
941	789	940
1088	943	942
739	561	560
739	560	738
1254	1118	1117
965	814	813
823	654	653
823	824	654
906	755	754
1314	1315	1016
984	985	833
867	716	715
697	374	373
697	373	698
709	525	526
709	710	525
844	369	684
1143	998	693
897	745	896
891	740	739
839	533	668
839	667	836
810	641	640
810	811	641
832	663	662
832	662	831
902	903	751
1050	902	901
741	563	562
741	562	740
1007	602	601
1007	775	602
909	758	757
863	864	709
816	647	646
816	817	647
1029	878	877
1177	1034	1176
1006	534	533
1006	713	534
1030	879	878
1155	994	841
714	536	535
714	715	536
1008	634	633
1008	633	805
765	589	764
915	916	764
830	661	660
830	831	661
770	595	594
770	771	595
945	794	793
944	792	943
1209	1069	1068
850	693	689
858	702	857
913	762	761
720	542	541
720	721	542
772	597	596
772	773	597
935	784	783
849	850	689
902	751	750
901	749	900
694	371	370
694	696	371
852	851	692
947	796	795
1069	1070	921
921	770	769
934	783	782
934	935	783
872	721	720
873	722	721
951	800	799
1105	963	962
954	802	953
955	804	803
952	953	801
958	805	956
953	802	801
952	800	951
949	798	797
949	797	948
1063	914	1062
920	769	768
983	831	982
868	717	716
1246	1110	1109
1152	989	847
954	803	802
961	809	960
1033	882	881
1038	886	1037
1426	1136	1281
908	909	757
1002	686	846
1002	701	686
1120	978	977
1142	706	861
852	692	700
1089	944	943
1066	1067	918
917	765	916
899	900	748
901	750	749
1198	1199	1058
990	695	673
874	723	722
1286	989	1152
1007	601	838
926	1007	838
856	697	698
1266	1145	1149
1047	899	898
889	738	737
859	703	705
859	860	703
1035	884	883
883	732	731
960	809	808
1156	1131	957
1006	533	839
988	839	836
1003	846	687
1003	687	704
964	813	812
1092	947	946
969	817	968
970	819	818
985	834	833
865	714	713
1038	887	886
1032	881	880
1185	1186	1043
891	739	890
915	764	763
912	760	911
1083	937	1082
1207	1066	1206
888	737	736
888	736	887
999	683	843
999	711	683
942	791	790
1062	914	913
930	779	778
1065	917	916
984	833	832
867	868	716
984	832	983
983	832	831
904	753	752
904	905	753
907	756	755
906	907	755
895	1005	837
895	744	1005
1371	1218	1217
923	924	772
963	812	811
963	811	962
870	718	869
869	718	717
1144	863	711
1057	909	908
1115	973	972
975	976	824
995	677	691
995	842	677
925	774	773
1212	1072	1071
971	819	970
1113	1114	971
1131	1102	959
958	1008	805
1160	843	992
1351	1196	1350
950	799	798
950	951	799
873	721	872
980	828	979
1006	839	988
1006	988	713
1149	845	1004
1149	1001	845
977	826	825
977	825	976
922	771	770
923	772	771
903	752	751
903	904	752
1273	1269	1148
1145	1001	1149
1046	897	1045
1347	1348	1193
1140	700	997
1110	967	1109
870	719	718
870	871	719
865	866	714
986	835	834
886	887	735
1197	1057	1056
1268	1147	1150
1150	1002	846
1022	1023	871
1158	988	987
892	741	740
892	893	741
1217	1078	1216
1370	1216	1369
879	728	727
879	880	728
1109	967	966
966	967	815
876	725	724
876	877	725
1054	905	1053
1011	853	854
925	773	924
926	927	775
897	746	745
1157	896	895
938	939	787
1077	1078	932
975	824	823
975	823	974
1118	976	975
1026	1027	875
957	807	806
957	959	807
1148	1004	696
1148	1149	1004
929	778	777
929	777	928
902	750	901
1051	903	902
898	747	746
899	748	747
939	788	787
939	940	788
1220	1082	1081
937	785	936
1277	1141	851
1224	1086	1085
912	761	760
1928	1811	1698
1159	927	926
926	775	1007
1094	949	948
1105	962	1104
1001	685	845
1001	698	685
996	678	710
996	841	678
882	731	730
882	883	731
993	690	680
993	680	842
910	758	909
1281	858	1013
945	793	944
1010	851	852
881	730	729
881	729	880
1088	1089	943
1087	941	1086
1086	941	940
954	955	803
971	820	819
973	822	821
1053	905	904
1355	1201	1200
933	782	781
933	934	782
919	920	768
1077	932	931
910	759	758
910	911	759
1064	916	915
1280	854	1135
923	771	922
1159	926	925
1156	957	958
958	840	1008
1072	924	923
929	930	778
1021	870	869
1125	983	982
885	734	733
884	885	733
980	981	829
1026	875	874
1014	860	859
1439	1287	1133
1045	897	896
899	747	898
1044	1132	893
1046	898	897
866	715	714
866	867	715
854	694	695
854	853	694
958	806	840
958	957	806
1097	951	1096
1104	962	961
991	848	676
991	676	699
1030	1031	879
1028	877	876
931	780	779
931	779	930
917	766	765
917	918	766
1156	958	956
1103	1104	961
1396	1244	1243
1430	1151	1287
1079	933	1078
1078	933	932
878	727	726
878	726	877
891	892	740
1284	1138	864
1229	1090	1228
946	947	795
1020	869	868
1126	983	1125
1252	1116	1115
1285	1010	852
994	708	679
994	679	841
1207	1067	1066
1214	1076	1075
890	739	738
890	738	889
926	838	774
926	774	925
1317	1162	1161
1164	1165	1022
1264	1127	1263
986	987	835
1065	916	1064
1203	1062	1202
969	818	817
969	970	818
1115	972	1114
1152	1000	1142
941	790	789
941	942	790
1097	952	951
1245	1109	1108
989	705	675
989	675	847
884	733	732
1155	841	996
895	837	743
895	743	894
966	815	814
966	814	965
998	684	693
998	844	684
937	786	785
937	938	786
1675	1695	1565
1032	880	1031
1048	1049	900
1041	890	889
1016	864	863
1043	1044	892
1111	969	968
972	821	820
1575	1455	1576
1114	972	971
987	836	835
987	988	836
992	843	674
992	674	712
914	763	762
914	915	763
1017	866	865
1158	1017	865
1031	880	879
1168	1169	1026
1053	904	1052
1040	889	888
1100	954	1099
1291	1102	1131
1181	1038	1180
1335	1179	1334
1124	1125	982
1164	1022	1021
1421	1269	1273
1280	1011	854
1242	1106	1105
1107	965	964
1020	1021	869
1128	985	1127
1142	1000	706
1169	1027	1026
1029	1030	878
1139	862	708
1095	950	949
1095	1096	950
1198	1057	1197
1059	1060	911
1131	959	957
1102	960	959
1159	1073	927
1073	928	927
1040	1041	889
1044	893	892
1026	874	1025
1024	873	872
1108	966	965
1108	1109	966
1564	1277	1302
1085	1086	940
1267	1150	1146
1256	1120	1119
1043	892	891
1050	1051	902
1091	946	945
1092	946	1091
1052	904	903
1052	903	1051
1060	912	911
1059	911	910
1090	945	944
1090	944	1089
1365	1211	1210
1067	919	918
1121	979	978
1025	874	873
1151	997	848
1287	1151	991
1098	953	952
1099	954	953
1128	986	985
1129	1017	1158
1157	1045	896
1157	895	894
1277	851	1010
1432	1427	1294
1032	1033	881
1177	1035	1034
1080	935	934
1080	1081	935
1373	1220	1219
1213	1075	1074
1129	986	1128
1289	1129	1128
1059	910	1058
1061	912	1060
1130	924	1072
1130	1073	1159
1489	1490	1354
1206	1065	1205
1130	925	924
1130	1159	925
1027	876	875
1027	1028	876
1251	1252	1115
1112	1113	970
1019	868	867
1020	868	1019
1117	975	974
1117	1118	975
1112	970	969
1112	969	1111
1204	1064	1063
1278	1265	1143
1160	999	843
1298	999	1160
1228	1090	1089
1505	1373	1372
1058	910	909
1058	909	1057
1043	891	1042
1189	1048	1188
1036	885	884
1037	886	885
1082	937	936
1082	936	1081
1036	884	1035
1037	885	1036
1178	1036	1035
1284	864	1016
1470	1332	1331
1029	877	1028
1094	1095	949
1091	945	1090
1056	908	907
1056	1057	908
1145	856	698
1145	698	1001
1015	861	862
1172	1030	1029
1432	1153	1296
1523	1394	1393
1133	699	855
1133	991	699
1126	1127	984
1903	1788	1787
1147	1002	1150
1269	1149	1148
1023	872	871
1023	1024	872
1136	712	858
1136	992	712
1157	894	1132
1157	1132	1045
1168	1026	1025
1018	866	1017
1079	934	933
1079	1080	934
1055	907	906
1055	1056	907
1255	1256	1119
1152	847	1000
1066	918	917
1066	917	1065
1009	850	849
1206	1066	1065
1074	929	928
1074	928	1073
1022	871	870
1022	870	1021
1243	1107	1106
1233	1095	1094
1068	920	919
1068	919	1067
1071	923	922
1071	1072	923
1257	1120	1256
1123	1124	981
1440	1274	1134
1165	1023	1022
1107	1108	965
1107	964	1106
1250	1114	1113
1249	1112	1248
1049	901	900
1050	901	1049
1034	1035	883
1276	862	1139
1199	1059	1058
1281	1136	858
1221	1083	1082
1084	1085	939
1012	855	856
1198	1058	1057
1271	1267	1146
1270	1145	1266
1084	939	938
1225	1086	1224
1126	984	983
1261	1125	1124
1154	844	998
1154	998	1143
1087	942	941
1087	1088	942
1424	1144	1298
1265	1154	1143
1138	710	864
1138	996	710
1119	976	1118
1257	1121	1120
1121	978	1120
1440	1286	1316
1147	701	1002
1147	857	701
1093	948	947
1093	1094	948
1101	1131	1156
1097	1098	952
1430	1299	1151
1328	1172	1327
1295	994	1155
1336	1181	1180
1177	1178	1035
1510	1378	1377
1146	704	860
1146	1003	704
1263	1127	1126
1162	1020	1019
1038	1039	887
1570	1428	1284
1110	968	967
1110	1111	968
1153	993	842
1282	1009	849
1116	974	973
1116	973	1115
1099	953	1098
1100	955	954
1106	964	963
1106	963	1105
1048	900	899
1048	899	1047
1429	1140	1299
1092	1093	947
1366	1211	1365
1075	930	929
1054	906	905
1054	1055	906
1040	888	1039
1195	1055	1054
1236	1237	1098
1235	1097	1096
1076	1077	931
1214	1075	1213
1103	961	960
1103	960	1102
1232	1233	1094
1243	1106	1242
1190	1050	1049
1182	1183	1040
1042	891	890
1042	890	1041
1119	977	976
1119	1120	977
1063	915	914
1063	1064	915
1046	1047	898
1186	1044	1043
1076	931	930
1076	930	1075
1070	922	921
1070	1071	922
1034	883	882
1034	882	1033
1069	921	920
1069	920	1068
1061	913	912
1061	1062	913
1333	1334	1178
1276	1015	862
1122	980	979
1122	979	1121
1129	987	986
1129	1158	987
1429	1285	1140
1253	1117	1116
1272	1147	1268
1687	1418	1555
1237	1099	1098
1101	955	1100
1217	1079	1078
1208	1068	1067
1345	1346	1191
1433	1295	1297
1240	1104	1103
1248	1112	1111
1018	867	866
1018	1019	867
1231	1093	1092
1241	1242	1105
1135	695	990
1135	854	695
1123	981	980
1123	980	1122
1418	1307	1270
1404	1405	1252
1238	1100	1099
1391	1238	1237
1283	1142	861
1180	1038	1037
1539	1540	1410
1325	1169	1324
1134	859	705
1134	705	989
1318	1163	1162
1544	1414	1543
1153	842	995
1296	995	1141
1188	1048	1047
1185	1043	1042
1223	1085	1084
1232	1093	1231
1187	1046	1292
1345	1191	1190
1101	956	955
1101	1156	956
1137	849	690
1137	690	993
1083	938	937
1083	1084	938
1182	1040	1039
1334	1179	1178
1420	1272	1268
1269	1266	1149
1296	1153	995
1423	1141	1277
1195	1196	1055
1424	1279	1144
1290	1073	1130
1290	1074	1073
1264	1128	1127
1161	1019	1018
1239	1240	1103
1239	1103	1102
1219	1220	1081
1218	1079	1217
1222	1084	1083
1223	1084	1222
1482	1347	1346
1191	1050	1190
1175	1176	1033
1176	1034	1033
1179	1036	1178
1474	1336	1335
1267	1268	1150
1310	1014	1274
1354	1199	1353
1417	1265	1278
1259	1123	1122
1166	1167	1024
1274	1014	859
1274	859	1134
1163	1021	1020
1163	1020	1162
1295	1422	1139
1329	1174	1173
1552	1430	1553
1398	1246	1245
1226	1088	1087
1229	1091	1090
1173	1031	1030
1173	1030	1172
1235	1096	1234
1236	1097	1235
1290	1213	1074
1435	1290	1212
1234	1096	1095
1234	1095	1233
1161	1018	1289
1264	1289	1128
1406	1407	1254
1328	1173	1172
1275	1133	855
1275	855	1012
1166	1024	1023
1166	1023	1165
1210	1211	1070
1502	1370	1369
1174	1032	1031
1174	1031	1173
1370	1217	1216
1208	1209	1068
1449	1308	1309
1450	1449	1309
1293	1160	992
1293	992	1136
1250	1251	1114
1251	1115	1114
1191	1051	1050
1191	1192	1051
1223	1224	1085
1221	1082	1220
1215	1216	1077
1498	1362	1497
1244	1107	1243
1395	1243	1242
1257	1258	1121
1316	1286	1152
1702	1267	1419
1447	1306	1307
1227	1089	1088
1285	852	1140
1292	1045	1132
1292	1046	1045
1193	1053	1052
1193	1052	1192
1417	1278	1300
1438	1154	1265
1221	1222	1083
1423	1296	1141
1202	1062	1061
1200	1059	1199
1261	1124	1260
1262	1126	1125
1230	1092	1091
1230	1231	1092
1194	1054	1053
1194	1053	1193
1438	1288	1154
1219	1080	1218
1262	1263	1126
1409	1257	1256
1205	1065	1064
1205	1064	1204
1289	1017	1129
1289	1018	1017
1797	1695	1675
1161	1162	1019
1299	997	1151
1299	1140	997
1415	1263	1262
1318	1319	1163
1290	1130	1072
1290	1072	1212
1273	853	1011
1273	1148	853
1469	1330	1468
1245	1246	1109
1184	1042	1041
1185	1042	1184
1228	1089	1227
1227	1088	1226
1253	1116	1252
1253	1254	1117
1386	1387	1233
1398	1399	1246
1315	1284	1016
1347	1193	1192
1455	1316	1441
1563	1283	1313
1183	1041	1040
1183	1184	1041
1211	1071	1070
1211	1212	1071
1187	1047	1046
1187	1188	1047
1400	1401	1248
1247	1110	1246
1282	849	1137
1363	1209	1208
1288	990	1154
1288	1135	990
1313	1015	1312
1312	1015	1276
1360	1205	1359
1207	1208	1067
1260	1124	1123
1260	1123	1259
1225	1087	1086
1225	1226	1087
1298	1144	999
1431	1160	1293
1272	857	1147
1272	1013	857
1179	1037	1036
1179	1180	1037
1297	1155	996
1297	996	1138
1241	1105	1104
1241	1104	1240
1196	1056	1055
1196	1197	1056
1427	1137	1294
1364	1365	1210
1292	1132	1044
1292	1044	1186
1258	1122	1121
1258	1259	1122
1358	1204	1203
1492	1357	1356
1436	1238	1391
1236	1098	1097
1410	1258	1257
1415	1262	1414
1694	1302	1444
1369	1216	1215
1473	1335	1334
1337	1338	1182
1314	1016	1279
1295	1139	994
1203	1063	1062
1203	1204	1063
1378	1224	1377
1376	1223	1222
1343	1189	1188
1476	1338	1337
1362	1208	1207
1361	1207	1206
1294	993	1153
1294	1137	993
1201	1061	1060
1201	1202	1061
1261	1262	1125
1412	1260	1259
1270	856	1145
1270	1012	856
1552	1429	1430
1553	1430	1439
1300	1278	1009
1301	1009	1282
1175	1033	1032
1175	1032	1174
1372	1219	1218
1371	1372	1218
1171	1029	1028
1171	1172	1029
1479	1480	1344
1434	1187	1292
1387	1234	1233
1392	1239	1436
1486	1351	1350
1195	1054	1194
1229	1230	1091
1511	1378	1510
1164	1021	1163
1320	1321	1165
1238	1099	1237
1291	1131	1101
1189	1049	1048
1189	1190	1049
1291	1239	1102
1436	1291	1238
1255	1119	1118
1255	1118	1254
1210	1070	1069
1210	1069	1209
1404	1252	1251
1169	1170	1027
1473	1474	1335
1346	1192	1191
1291	1101	1100
1291	1100	1238
1170	1028	1027
1170	1171	1028
1181	1039	1038
1181	1182	1039
1279	863	1144
1279	1016	863
1441	1142	1283
1405	1253	1252
1397	1244	1396
1531	1402	1401
1374	1221	1220
1676	1564	1694
1200	1060	1059
1200	1201	1060
1382	1229	1228
1509	1377	1376
1384	1231	1230
1394	1395	1242
1278	1143	850
1278	850	1009
1352	1198	1197
1549	1431	1426
1168	1025	1167
1655	1535	1654
1319	1164	1163
1573	1416	1415
1247	1111	1110
1247	1248	1111
1422	1276	1139
1333	1178	1177
1402	1249	1401
1591	1470	1590
1307	1012	1270
1419	1267	1271
1249	1113	1112
1249	1250	1113
1390	1237	1236
1389	1236	1235
1271	860	1014
1271	1146	860
1215	1077	1076
1215	1076	1214
1424	1298	1431
1350	1196	1195
1244	1108	1107
1244	1245	1108
1469	1331	1330
1330	1331	1175
1391	1237	1390
1436	1239	1291
1344	1189	1343
1340	1185	1184
1380	1381	1227
1634	1635	1514
1673	1426	1568
1356	1201	1355
1435	1213	1290
1680	1365	1500
1302	1277	1010
1693	1444	1303
1360	1206	1205
1300	1009	1301
1332	1177	1176
1333	1177	1332
1357	1203	1202
1357	1358	1203
1418	1270	1266
1712	1682	1577
1669	1553	1561
1439	1133	1275
1578	1458	1457
1411	1258	1410
1383	1229	1382
1393	1241	1240
1385	1232	1231
1399	1247	1246
1414	1262	1261
1583	1463	1462
1409	1410	1257
1408	1255	1407
1367	1213	1435
1368	1369	1215
1356	1357	1202
1806	1679	1442
1507	1375	1374
1373	1219	1372
1534	1405	1404
1560	1274	1440
1565	1312	1276
1471	1332	1470
1375	1376	1222
1374	1220	1373
1311	1419	1271
1452	1419	1311
1564	1423	1277
1375	1222	1221
1349	1195	1194
1349	1350	1195
1326	1171	1170
1324	1168	1323
1379	1226	1225
1513	1381	1380
1323	1168	1167
1321	1166	1165
1691	1443	1301
1508	1509	1376
1480	1345	1344
1338	1183	1182
1818	1701	1421
1554	1420	1268
1328	1329	1173
1325	1326	1170
1700	1559	1573
1413	1260	1412
2355	2035	1918
1592	1472	1471
1313	1283	1015
1462	1324	1323
1320	1165	1164
1320	1164	1319
1359	1205	1204
1359	1204	1358
1428	1297	1138
1455	1441	1563
1386	1233	1232
1577	1560	1456
1461	1462	1323
1322	1166	1321
1367	1214	1213
1556	1368	1367
1322	1167	1166
1322	1323	1167
1331	1176	1175
1331	1332	1176
1362	1207	1361
1496	1360	1495
1396	1243	1395
1524	1525	1395
1348	1194	1193
1349	1194	1348
1351	1197	1196
1351	1352	1197
1366	1212	1211
1366	1435	1212
1610	1489	1609
1426	1293	1136
1342	1188	1187
1434	1292	1186
1519	1520	1387
1389	1235	1388
1362	1363	1208
1503	1370	1502
1311	1271	1014
1311	1014	1310
1353	1199	1198
1353	1198	1352
1660	1541	1540
1416	1264	1263
1325	1170	1169
1324	1169	1168
1400	1248	1247
1400	1247	1399
1337	1181	1336
1339	1340	1184
1360	1361	1206
1621	1501	1556
1392	1240	1239
1394	1242	1241
1427	1282	1137
1677	1691	1571
1389	1390	1236
1522	1390	1389
1441	1152	1142
1441	1316	1152
1555	1418	1266
1686	1420	1554
1388	1235	1234
1388	1234	1387
1337	1182	1181
1475	1476	1337
1411	1259	1258
1411	1412	1259
1408	1256	1255
1408	1409	1256
1570	1284	1315
1545	1422	1433
1514	1381	1513
1776	1649	1648
1535	1405	1534
1538	1409	1408
1475	1336	1474
1481	1345	1480
1413	1261	1260
1413	1414	1261
1430	1287	1439
1440	1134	1286
1664	1545	1551
1483	1348	1347
1344	1190	1189
1344	1345	1190
1678	1664	1551
1433	1422	1295
1656	1537	1536
2039	1940	1935
1504	1372	1371
1371	1217	1370
1494	1359	1358
1506	1507	1374
1682	1560	1577
1560	1310	1274
1684	1567	1547
1446	1421	1304
1425	1280	1135
1425	1288	1438
1406	1254	1253
1406	1253	1405
1317	1318	1162
1559	1318	1317
1335	1180	1179
1335	1336	1180
1416	1263	1415
1437	1161	1289
1155	1297	1295
1433	1297	1428
1347	1192	1346
1454	1315	1314
1380	1227	1226
1380	1226	1379
1496	1361	1360
1443	1300	1301
1531	1532	1402
1526	1397	1396
1796	1673	1689
1309	1272	1420
1660	1661	1541
1585	1465	1464
1393	1394	1241
1392	1393	1240
1330	1175	1174
1330	1174	1329
1437	1317	1161
1573	1559	1317
1342	1343	1188
1342	1187	1434
1385	1231	1384
1385	1386	1232
1647	1528	1527
1518	1385	1517
1431	1298	1160
1431	1293	1426
1699	1572	1558
1524	1395	1394
1354	1200	1199
1354	1355	1200
1403	1251	1250
1403	1404	1251
1341	1186	1185
1341	1185	1340
1327	1172	1171
1327	1171	1326
1339	1184	1183
1339	1183	1338
1381	1228	1227
1381	1382	1228
1341	1434	1186
1696	1342	1434
1572	1436	1391
1572	1392	1436
1708	1692	1802
1692	1314	1567
1304	1273	1011
1304	1421	1273
1364	1210	1209
1364	1209	1363
1485	1486	1350
1484	1349	1348
1303	1010	1285
1303	1302	1010
1309	1013	1272
1309	1308	1013
1686	1421	1446
1548	1425	1438
1521	1389	1388
1887	1888	1772
1516	1384	1383
1530	1531	1401
1444	1302	1303
1631	1511	1510
1667	1562	1679
1497	1362	1361
1397	1245	1244
1397	1398	1245
1377	1224	1223
1377	1223	1376
1477	1338	1476
1696	1434	1341
1506	1374	1373
1375	1221	1374
1306	1275	1012
1306	1012	1307
1501	1368	1556
1504	1505	1372
1695	1453	1312
1467	1329	1328
1437	1289	1264
1437	1264	1416
1802	1692	1684
1626	1506	1505
1508	1376	1375
2031	1886	1885
1378	1225	1224
1378	1379	1225
1481	1346	1345
1487	1351	1486
1305	1011	1280
1305	1304	1011
1625	1505	1504
1503	1371	1370
1368	1215	1214
1368	1214	1367
1402	1250	1249
1402	1403	1250
1432	1294	1153
1432	1296	1423
1430	1429	1299
1456	1560	1440
1383	1230	1229
1383	1384	1230
1553	1439	1561
1687	1448	1418
1467	1468	1329
1463	1464	1325
1460	1322	1321
1541	1412	1411
1538	1408	1537
1659	1539	1658
1726	1593	1592
1477	1339	1338
1706	1453	1707
1542	1412	1541
1791	1664	1678
2350	1598	1925
1649	1650	1530
1509	1510	1377
1693	1303	1566
1517	1384	1516
1813	1672	1548
1689	1673	1568
1580	1459	1579
1543	1414	1413
1694	1564	1302
1764	1634	1763
1557	1341	1340
1479	1344	1343
1540	1411	1410
1540	1541	1411
1669	1561	1685
1529	1400	1399
1505	1506	1373
1546	1432	1423
1495	1360	1359
1442	1417	1300
1424	1547	1567
1491	1356	1355
1443	1442	1300
1574	1442	1443
1535	1406	1405
1532	1403	1402
1457	1319	1318
1457	1318	1559
1701	1266	1269
1687	1452	1448
1825	1711	1706
1717	1583	1716
1619	1499	1498
1629	1509	1508
1562	1265	1417
1691	1301	1571
1697	1435	1366
1697	1367	1435
1828	1709	1708
1487	1352	1351
1488	1353	1352
1488	1352	1487
1561	1439	1275
1561	1275	1306
1536	1537	1407
1528	1399	1398
1733	1601	1732
2117	2024	1906
1573	1317	1437
1573	1437	1416
1499	1364	1363
1500	1364	1499
1662	1542	1661
1459	1320	1458
1529	1399	1528
1527	1397	1526
1544	1415	1414
1700	1573	1415
1668	1553	1669
1533	1403	1532
1525	1396	1395
1525	1526	1396
1627	1507	1506
1986	1873	1985
1571	1301	1282
1571	1282	1427
1458	1320	1319
1458	1319	1457
1568	1426	1281
1568	1281	1308
1529	1530	1400
1517	1385	1384
1465	1327	1326
1466	1327	1465
1530	1401	1400
1781	1654	1653
1599	1557	1478
1593	1472	1592
1565	1276	1422
1706	1674	1453
1654	1535	1534
1563	1441	1283
1703	1452	1451
1900	1785	1784
1485	1350	1349
1485	1349	1484
1547	1424	1431
1547	1431	1549
1472	1334	1333
1473	1334	1472
1501	1369	1368
1501	1502	1369
1483	1484	1348
1604	1484	1483
1674	1576	1563
1453	1313	1312
1695	1312	1565
1958	1843	1957
1722	1723	1589
1584	1464	1463
1562	1438	1265
1562	1548	1438
1954	1840	1839
1469	1470	1331
1451	1311	1310
1451	1452	1311
1494	1358	1493
1496	1497	1361
1696	1341	1557
1681	1479	1343
1686	1450	1420
1450	1309	1420
1459	1321	1320
1459	1460	1321
1527	1398	1397
1527	1528	1398
1815	1665	1546
1801	1683	1808
1539	1410	1409
1539	1409	1538
1590	1470	1469
1595	1475	1474
1508	1375	1507
1878	1762	1761
1500	1365	1364
1697	1556	1367
1512	1380	1379
1512	1513	1380
1662	1543	1542
1584	1463	1583
1490	1355	1354
1490	1491	1355
1482	1483	1347
1605	1606	1485
1550	1427	1432
1550	1432	1546
1521	1522	1389
1641	1521	1520
1464	1326	1325
1464	1465	1326
1523	1524	1394
1572	1393	1392
1690	1678	1570
1482	1346	1481
1498	1363	1362
1498	1499	1363
1519	1387	1386
1774	1647	1646
1613	1614	1493
2031	1884	1996
1687	1419	1452
2355	1918	1577
1699	1393	1572
1670	1558	1522
1628	1507	1627
1504	1371	1503
1520	1388	1387
1521	1388	1520
1448	1307	1418
1448	1447	1307
1576	1455	1563
1894	1779	1778
1494	1495	1359
1492	1356	1491
1569	1280	1425
1569	1305	1280
1856	1739	1738
1672	1688	1569
1701	1269	1421
1686	1446	1450
1567	1314	1279
1567	1279	1424
1608	1487	1607
1698	1446	1445
1620	1500	1499
2351	1924	1622
1808	1683	1552
1651	1532	1531
1493	1358	1357
1492	1493	1357
1603	1604	1483
1603	1483	1482
1615	1494	1614
1614	1494	1493
1478	1557	1340
1597	1598	1477
1628	1508	1507
1665	1550	1546
2028	1795	1910
1607	1487	1486
1515	1383	1382
1515	1516	1383
1511	1379	1378
1511	1512	1379
1718	1719	1585
1637	1516	1636
1542	1413	1412
1542	1543	1413
1489	1354	1353
1489	1353	1488
1607	1486	1606
1666	1547	1549
1699	1523	1393
1558	1390	1522
1471	1333	1332
1471	1472	1333
1463	1325	1324
1463	1324	1462
1514	1382	1381
1514	1515	1382
1648	1529	1528
1635	1515	1514
1652	1653	1533
1651	1531	1650
1699	1558	1670
1642	1522	1521
1558	1391	1390
1558	1572	1391
1618	1619	1498
1618	1498	1497
1880	1764	1763
1644	1645	1525
1536	1407	1406
1536	1406	1535
1533	1404	1403
1533	1534	1404
1609	1489	1488
1812	1673	1796
1478	1340	1339
1478	1339	1477
1445	1304	1305
1445	1446	1304
1475	1337	1336
1606	1486	1485
1625	1626	1505
1978	1864	1977
1461	1323	1322
1461	1322	1460
1518	1386	1385
1518	1519	1386
1456	1440	1316
1456	1316	1455
1853	1735	1852
1730	1596	1729
1742	1611	1610
1667	1548	1562
1566	1285	1429
1566	1303	1285
1551	1433	1428
1551	1545	1433
1466	1328	1327
1466	1467	1328
2345	1925	1600
1602	1482	1481
1599	1479	1681
1681	1696	1557
1772	1644	1771
1646	1527	1526
1685	1561	1306
1685	1306	1447
1701	1555	1266
1818	1421	1686
1780	1653	1652
1918	1712	1577
1633	1513	1512
1704	1798	1694
1647	1648	1528
1639	1519	1518
1650	1531	1530
1921	1669	1794
1653	1534	1533
1653	1654	1534
1708	1454	1692
1739	1608	1607
1620	1499	1619
2346	1500	1620
1632	1511	1631
1693	1566	1683
1737	1606	1605
1792	1684	1666
1636	1516	1515
1636	1515	1635
1649	1530	1529
1649	1529	1648
1582	1462	1461
1661	1542	1541
1702	1268	1267
1702	1554	1268
1578	1457	1671
1837	1718	1836
1643	1524	1523
1670	1803	1699
1647	1527	1646
1767	1638	1637
1961	1962	1847
1589	1468	1588
1582	1461	1581
1581	1461	1460
1681	1343	1342
1681	1342	1696
1602	1603	1482
1599	1681	1557
1807	1682	1712
1794	1669	1685
1744	1613	1612
1743	1612	1611
1638	1518	1517
1638	1639	1518
1637	1517	1516
1637	1638	1517
1692	1567	1684
1692	1454	1314
1593	1473	1472
1594	1595	1474
1575	1456	1455
1782	1655	1654
1621	1680	1500
1680	1556	1697
1679	1417	1442
1679	1562	1417
1688	1305	1569
1688	1445	1305
1657	1538	1537
1657	1537	1656
1645	1526	1525
1645	1646	1526
1756	1626	1755
1809	1574	1443
1627	1506	1626
1630	1631	1510
1672	1425	1548
1672	1569	1425
1634	1514	1513
1634	1513	1633
1616	1496	1495
1617	1497	1496
1605	1485	1484
1605	1484	1604
1916	1809	1799
1761	1632	1631
1668	1552	1553
1778	1650	1777
1763	1634	1633
1758	1759	1629
1720	1587	1586
1723	1590	1589
2028	2013	1909
1611	1612	1491
1643	1523	1699
1888	1773	1772
1727	1728	1594
1736	1737	1605
1623	1624	1503
1621	1556	1680
1700	1415	1544
1663	1700	1544
2346	1620	1924
1743	1744	1612
1601	1481	1480
1602	1481	1601
1882	1883	1766
2030	1888	1887
1715	1582	1581
1717	1718	1584
1640	1641	1520
1770	1641	1640
1866	1867	1749
1755	1626	1625
1676	1423	1564
1676	1546	1423
1630	1510	1509
1630	1509	1629
1642	1521	1641
1642	1670	1522
1594	1474	1473
1594	1473	1593
1678	1551	1570
1428	1570	1551
1762	1632	1761
1766	1636	1765
1868	1751	1750
1617	1496	1616
1591	1471	1470
1591	1592	1471
1790	1662	1789
1663	1804	1700
1628	1629	1508
1866	1748	1865
1680	1366	1365
1680	1697	1366
1652	1533	1532
1652	1532	1651
1615	1495	1494
1615	1616	1495
1659	1660	1540
1658	1539	1538
1613	1493	1492
1611	1491	1490
1785	1658	1657
1582	1583	1462
1644	1525	1524
1644	1524	1643
1674	1563	1313
1674	1313	1453
1666	1684	1547
1741	1742	1610
1624	1504	1503
1624	1625	1504
1682	1310	1560
1682	1451	1310
1658	1538	1657
1584	1585	1464
1806	1442	1574
1746	1614	1745
1597	1477	1476
1597	1476	1596
1795	1810	1688
1811	1796	1689
1818	1555	1701
1818	1686	1554
1586	1466	1465
1586	1465	1585
1596	1476	1475
1596	1475	1595
1655	1536	1535
1655	1656	1536
1671	1457	1559
1671	1559	1700
1777	1650	1649
1760	1761	1631
1608	1488	1487
1608	1609	1488
1815	1546	1676
1871	1755	1754
1698	1449	1450
1698	1450	1446
1857	1740	1739
2023	1907	1792
1579	1459	1458
1578	1579	1458
1587	1467	1466
1587	1466	1586
1663	1544	1543
1663	1543	1662
1580	1460	1459
1580	1581	1460
1809	1443	1691
1816	1550	1665
1598	1478	1477
2350	1599	1478
1588	1468	1467
1588	1467	1587
1738	1606	1737
1792	1802	1684
1632	1512	1511
1632	1633	1512
1677	1571	1427
1677	1427	1550
1671	1700	1804
1923	1578	1804
1612	1492	1491
1612	1613	1492
1703	1447	1448
1703	1448	1452
1793	1679	1806
1927	1792	1666
1957	1843	1842
1814	1797	1675
1589	1469	1468
1589	1590	1469
1659	1540	1539
1718	1585	1584
1675	1422	1545
1675	1565	1422
1771	1644	1643
1922	1803	1642
1689	1568	1308
1689	1308	1449
1751	1620	1619
1623	1503	1502
1899	1900	1784
1783	1655	1782
1617	1618	1497
1747	1616	1615
1683	1429	1552
1683	1566	1429
1817	1687	1555
1817	1702	1419
1872	1873	1756
1749	1618	1617
1883	1884	1767
1801	1693	1683
1851	1734	1733
1729	1596	1595
1753	1624	1623
1750	1619	1618
1610	1490	1489
1610	1611	1490
1640	1520	1519
1640	1519	1639
1600	1480	1479
1600	1601	1480
1730	1597	1596
1732	1601	1600
1622	1502	1501
1622	1623	1502
1690	1570	1315
1690	1315	1454
1710	1575	1576
1783	1656	1655
1834	1716	1715
1895	1780	1779
1750	1618	1749
1752	1623	1622
1705	1444	1693
1765	1636	1635
1936	1821	1921
1805	1447	1703
1731	1597	1730
1731	1598	1597
1734	1603	1602
1733	1602	1601
1756	1627	1626
1757	1628	1627
1735	1604	1603
1850	1733	1732
1766	1637	1636
1940	1937	1824
1786	1659	1658
1786	1658	1785
1816	1677	1550
1983	1984	1871
1807	1451	1682
1807	1703	1451
1973	1860	1859
2069	1969	1968
1853	1736	1735
1847	1848	1729
1788	1661	1660
1787	1788	1660
1878	1879	1762
1822	1704	1705
1872	1756	1755
1799	1809	1691
1997	1998	1889
1768	1638	1767
1748	1617	1616
1748	1749	1617
1789	1662	1661
1804	1578	1671
1643	1699	1803
1803	1670	1642
1810	1445	1688
1810	1698	1445
1808	1552	1668
1771	1643	1803
1827	1707	1797
1844	1725	1843
1855	1738	1737
1830	1800	1709
1838	1720	1719
1711	1710	1576
1716	1583	1582
1781	1782	1654
1734	1735	1603
1906	1800	1830
1999	1891	1890
1776	1777	1649
1997	1888	2030
2021	1929	1919
1747	1748	1616
1864	1747	1746
1912	1812	1796
1854	1855	1737
1805	1685	1447
1805	1794	1685
1717	1584	1583
1716	1582	1715
1837	1838	1719
2034	1923	1905
1884	1768	1767
1775	1776	1648
1930	1816	1665
1757	1758	1628
1719	1586	1585
1719	1720	1586
1831	1711	1825
1784	1785	1657
1721	1588	1587
1721	1587	1720
1754	1625	1624
1754	1755	1625
1780	1781	1653
1710	2035	1575
1833	1715	1714
1713	1580	1579
1728	1595	1594
1728	1729	1595
1759	1630	1629
1875	1758	1874
1848	1730	1729
1734	1602	1733
1762	1633	1632
1762	1763	1633
1798	1676	1694
1798	1815	1676
1814	1545	1664
1814	1675	1545
2185	2021	2124
1897	1782	1781
1707	1453	1695
1707	1695	1797
1925	1598	1731
2350	1478	1598
1800	1678	1690
1800	1791	1678
1713	1714	1580
1923	1790	1905
2054	2055	1951
1724	1590	1723
1740	1609	1608
1740	1608	1739
1817	1419	1687
1817	1555	1818
1799	1691	1677
1799	1677	1816
1849	1731	1730
1709	1800	1690
1852	1735	1734
2023	1792	1927
1714	1581	1580
1714	1715	1581
1742	1743	1611
1795	1672	1813
1769	1639	1768
1768	1639	1638
1757	1627	1756
1758	1629	1628
1773	1646	1645
1773	1774	1646
1753	1754	1624
1753	1623	1752
2006	2007	1898
2060	1957	1956
1904	1905	1789
1789	1661	1788
2011	1903	1902
1905	1790	1789
1924	1752	1622
2346	1621	1500
1704	1694	1444
1704	1444	1705
1835	1717	1716
1826	1707	1827
1883	1767	1766
1766	1767	1637
1817	1554	1702
1817	1818	1554
1725	1592	1591
1725	1726	1592
1711	1576	1674
1711	1674	1706
1709	1690	1454
1709	1454	1708
1812	1666	1549
1812	1549	1673
1724	1591	1590
1724	1725	1591
1760	1631	1630
1760	1630	1759
1971	1858	1857
2028	1909	1795
1736	1605	1604
1736	1604	1735
1820	1809	1916
1865	1748	1747
1738	1607	1606
1738	1739	1607
1769	1640	1639
1769	1770	1640
1862	1745	1744
1793	1667	1679
2032	1834	1833
1891	1775	1890
1741	1610	1609
1741	1609	1740
1722	1589	1588
1722	1588	1721
1843	1725	1724
1955	1956	1841
1801	1705	1693
2001	1893	1892
1745	1614	1613
1745	1613	1744
2202	2049	1947
1813	1548	1667
1746	1615	1614
1746	1747	1615
1779	1652	1651
1779	1780	1652
1886	1770	1769
1881	1765	1764
1727	1594	1593
1727	1593	1726
1795	1688	1672
1858	1740	1857
1914	1815	1798
2019	1930	2018
1811	1449	1698
1811	1689	1449
1784	1657	1656
1784	1656	1783
1899	1784	1783
1836	1718	1717
1881	1882	1765
1882	1766	1765
2006	1898	1897
1919	1807	1712
1860	1861	1743
1861	1744	1743
1772	1645	1644
1772	1773	1645
1778	1651	1650
1778	1779	1651
1750	1751	1619
1872	1755	1871
1881	1764	1880
1874	1758	1757
1775	1648	1647
1775	1647	1774
1863	1746	1745
1870	1871	1754
1764	1635	1634
1764	1765	1635
1790	1663	1662
1790	1804	1663
1895	1779	1894
1917	1801	1808
1947	1829	1907
1854	1736	1853
1787	1660	1659
1787	1659	1786
1920	1667	1793
1920	1813	1667
1856	1738	1855
1854	1737	1736
1890	1775	1774
1892	1777	1776
1851	1852	1734
1851	1733	1850
1834	1835	1716
1901	1785	1900
1969	1855	1968
1830	1709	1828
1866	1749	1748
2026	1924	1751
1849	1730	1848
1966	1853	1852
2106	2009	2008
1942	1826	1943
1923	1579	1578
1923	1804	1790
1862	1863	1745
1908	1806	1819
2204	1921	1794
1893	1894	1778
1841	1722	1840
1953	1954	1839
1943	1826	1827
1842	1724	1723
1819	1806	1574
1977	1864	1863
1837	1719	1718
2352	1832	1713
2031	1885	1884
1885	1886	1769
1909	1810	1795
1858	1741	1740
1878	1761	1877
1877	1761	1760
1859	1741	1858
1860	1743	1742
2061	1957	2060
2012	1904	1903
1844	1845	1726
1856	1857	1739
1922	1641	1770
1887	1772	1771
2094	2031	1996
1889	1773	1888
1926	1664	1791
1842	1843	1724
1937	1822	1824
1824	1801	1917
1923	1713	1579
2034	1713	1923
1902	1787	1786
1902	1903	1787
1885	1769	1768
1885	1768	1884
1909	1911	1928
1928	1698	1810
1964	1851	1850
1961	1847	1846
1909	1928	1810
1911	1912	1796
2038	2037	1934
1876	1759	1875
1879	1763	1762
1879	1880	1763
1845	1727	1726
1844	1726	1725
1945	1946	1828
1967	1854	1853
2035	1710	1931
1898	1899	1783
1846	1727	1845
1906	1791	1800
1821	1808	1668
1821	1917	1808
1831	1710	1711
1952	1838	1837
2105	2106	2008
1896	1781	1780
1921	1668	1669
1921	1821	1668
1915	1916	1799
1876	1877	1760
1925	1732	1600
2027	1732	1925
1939	2018	1914
1823	1914	1798
1834	1715	1833
1835	1836	1717
1972	1973	1859
2201	2111	2115
1891	1776	1775
1891	1892	1776
1893	1778	1777
1893	1777	1892
1981	1868	1867
1984	1985	1872
1832	1714	1713
1832	1833	1714
1944	1827	1913
1953	1839	1838
1839	1721	1720
1839	1720	1838
1876	1760	1759
1875	1759	1758
2343	2069	2196
1946	1830	1828
2000	2001	1892
1896	1780	1895
1924	1620	1751
2026	1751	1868
1908	1793	1806
2022	1920	1793
1913	1797	1814
1913	1827	1797
1956	1842	1841
1943	1827	1944
1829	1708	1802
1829	1828	1708
1922	1642	1641
2033	1887	1922
1927	1666	1812
1927	1812	1912
2009	1901	1900
1951	1952	1837
1864	1746	1863
1864	1865	1747
2000	1892	1891
1996	1884	1883
1896	1897	1781
2002	1893	2001
2012	2029	1904
2011	1902	2010
1911	1796	1811
1911	1811	1928
2122	1869	2026
1870	1754	1753
1859	1742	1741
1859	1860	1742
1867	1750	1749
1867	1868	1750
1898	1783	1782
1898	1782	1897
1922	1771	1803
1922	1887	1771
1934	1932	1820
1932	1819	1820
1910	1795	1813
1910	1813	1920
1961	1846	1960
1847	1729	1728
1820	1574	1809
1820	1819	1574
1826	1706	1707
1826	1825	1706
1840	1722	1721
1840	1721	1839
1933	1819	1932
1862	1744	1861
1841	1723	1722
1841	1842	1723
2164	2088	2163
2002	1894	1893
1930	1665	1815
1930	1815	1914
1967	1968	1854
1968	1855	1854
1907	1802	1792
1907	1829	1802
1987	1875	1874
1980	1866	1979
1967	1853	1966
2066	2067	1966
1889	1774	1773
1889	1890	1774
1988	1876	1875
1990	1878	1877
1873	1757	1756
1873	1874	1757
1929	1794	1805
1929	1807	1919
2027	1850	1732
2121	1850	2027
1982	1870	1869
1983	1871	1870
1929	1805	1703
1929	1703	1807
2099	2002	2001
1999	2000	1891
1965	1852	1851
1960	1845	1959
1824	1705	1801
1824	1822	1705
1915	1799	1816
1915	1816	1930
2126	2024	2117
1959	1845	1844
1846	1728	1727
1846	1847	1728
1926	1814	1664
1926	1913	1814
2019	1915	1930
1980	1867	1866
1984	1872	1871
1985	1873	1872
2005	1896	2004
2004	1896	1895
1904	1789	1788
1904	1788	1903
2016	1927	1912
1974	1861	1860
1823	1798	1704
1823	1704	1822
1901	1786	1785
1901	1902	1786
1993	1881	1880
1994	1882	1881
1869	1753	1752
1869	1870	1753
1975	1976	1862
2077	1977	1976
1951	1837	1836
1950	1836	1835
2141	2054	2052
2198	2017	2126
2018	1930	1914
2113	2018	2044
1974	1860	1973
1979	1866	1865
2026	1752	1924
2026	1869	1752
1933	1908	1819
2079	1979	1978
1993	1880	1992
1992	1880	1879
2022	1793	1908
2014	1910	1920
2008	1900	1899
2008	2009	1900
2037	2036	1932
1978	1865	1864
2078	1977	2077
1988	1875	1987
1978	1979	1865
1980	1981	1867
1991	1878	1990
1988	1989	1876
1971	1972	1858
1972	1859	1858
2072	1972	1971
2112	2016	2015
2342	2074	2192
2014	1920	2022
2007	1899	1898
2007	2008	1899
2117	1906	1948
1960	1846	1845
2032	1833	1832
2052	1949	2053
1991	1879	1878
2083	1985	2082
2036	1933	1932
2075	1975	1974
1991	1992	1879
1939	1914	1823
2343	2070	2069
2342	2075	2074
2197	2129	2188
2103	2006	2005
2121	1849	1963
1962	1848	1847
2021	2204	1794
2021	1794	1929
2033	1922	1770
2033	2030	1887
2118	1947	1907
1969	1856	1855
1934	1820	1916
2081	1983	2127
2049	1945	1947
1970	1857	1856
1995	1883	1882
1995	1882	1994
1958	1844	1843
1965	1851	1964
2172	2097	2171
1940	1824	1917
2083	1986	1985
2082	1985	1984
1945	1828	1829
1945	1829	1947
2010	1902	1901
2010	1901	2009
2047	1943	1944
2046	1943	2047
1955	1841	1840
1955	1840	1954
2017	1913	1926
1957	1842	1956
2253	2124	2197
2247	2189	2045
2012	1903	2011
2352	2034	2029
1982	1983	1870
2081	2082	1984
2096	1999	1998
2097	1999	2096
1944	1913	2017
2247	2045	2136
2005	1897	1896
2005	2006	1897
2003	2004	1895
2040	1935	1936
1986	1874	1873
1986	1987	1874
2116	1831	1941
2088	1990	2087
2015	1912	1911
2015	2016	1912
1949	1835	1834
1949	1950	1835
2202	1947	2118
1970	1971	1857
2121	2027	1849
2128	1965	1964
1938	1822	1937
2162	2087	2086
1976	1863	1862
1976	1977	1863
2013	1911	1909
2013	2015	1911
2198	2048	2017
2066	1966	1965
2067	1967	1966
2137	2136	2046
2046	1942	1943
2143	2055	2142
2055	1952	1951
1952	1953	1838
1975	1862	1861
1975	1861	1974
2158	2083	2082
2020	1934	1916
2032	1949	1834
2107	2009	2106
1993	1994	1881
2039	2041	1940
2065	1962	1961
1965	1966	1852
2074	2075	1974
2111	2014	2022
2354	2195	2077
2123	2028	1910
2003	1895	1894
2003	1894	2002
2063	1959	2062
2064	1961	1960
1941	1831	1825
1951	1836	1950
1989	1877	1876
1989	1990	1877
1995	1996	1883
2091	1994	1993
1958	1959	1844
2062	1959	1958
2091	2092	1994
2041	1937	1940
1997	1889	1888
2095	1998	1997
2181	2107	2106
1935	1940	1917
2024	1791	1906
2024	1926	1791
2029	1905	1904
2029	2034	1905
2070	2071	1970
1970	1856	1969
2201	2076	2075
2354	2203	2036
2353	1770	1886
2353	2030	2033
2020	1916	1915
2020	1915	2019
2120	2032	1832
2056	1953	1952
2085	2086	1988
2086	1989	1988
2025	1712	1918
2025	1919	1712
1935	1917	1821
1935	1821	1936
2122	1982	1869
2122	2026	1868
2167	2168	2092
2169	2093	2168
1963	1849	1848
1963	1848	1962
2080	1980	1979
2114	2020	2019
2142	2054	2141
2312	2240	2282
2053	1949	2032
2108	2011	2010
2198	2126	2187
2061	1958	1957
2355	1575	2035
1931	1710	1831
1942	1825	1826
1942	1941	1825
1938	1823	1822
1938	1939	1823
1998	1890	1889
1998	1999	1890
2027	1731	1849
2027	1925	1731
1948	1906	1830
1948	1830	1946
2123	1910	2014
2123	2013	2028
2042	1937	2041
2098	2001	2000
2054	1951	1950
2045	1942	2046
2139	2050	2196
2068	2069	1968
2118	1907	2023
2071	2072	1971
2095	2096	1998
2199	2031	2094
2057	1953	2056
2200	2032	2120
2142	2055	2054
2045	1941	1942
2167	2092	2091
2090	1993	1992
2125	2186	2023
2073	2072	2112
2081	1984	1983
2078	1978	1977
2140	2052	2053
2253	2185	2124
2109	2011	2108
2200	2053	2032
2127	1983	1982
2127	1982	1981
2102	2005	2004
2210	2211	2144
2037	1932	1934
2195	2036	2037
2091	1993	2090
2084	1987	1986
2151	2064	2063
2064	2065	1961
2070	1970	1969
2186	2118	2023
2175	2101	2100
2102	2103	2005
2104	2007	2006
2104	2006	2103
2128	1964	1963
2066	1965	2128
2196	2050	2049
2068	1968	1967
2061	2062	1958
2152	2065	2064
2067	2068	1967
2194	1948	2051
2098	2099	2001
2132	2039	2040
2191	2128	2065
2194	2117	1948
2352	1713	2034
2120	2029	2012
2051	1948	1946
2254	2244	2245
2115	2111	2022
2076	2077	1976
2110	2013	2123
2110	2073	2112
2127	1981	1980
2127	1980	2080
2294	2263	2262
2159	2083	2158
2088	1991	1990
2042	1938	1937
2126	2017	1926
2126	1926	2024
2058	1955	1954
2056	1952	2055
2087	1990	1989
2087	1989	2086
2119	1886	2031
2221	2165	2164
2079	1978	2078
2354	2036	2195
2137	2046	2047
2058	2059	1955
2084	1986	2083
2085	1988	1987
2201	2075	2111
2074	1974	1973
2044	2018	1939
2085	1987	2084
2278	2227	2226
2353	2033	1770
2134	2044	2043
2157	2158	2082
2174	2175	2100
2308	2257	2205
2349	2347	2243
2131	2038	2114
2143	2056	2055
2215	2138	2255
2071	1971	1970
2070	1969	2069
2050	1945	2049
2196	2069	2068
2100	2003	2002
2100	2002	2099
2043	1938	2042
2221	2222	2165
2039	1935	2040
2168	2093	2092
2124	2021	1919
2124	1919	2025
2164	2165	2089
2188	2129	1931
2128	1963	1962
2128	1962	2065
2260	2210	2209
2101	2003	2100
2109	2012	2011
2109	2120	2012
2093	1996	1995
2093	2094	1996
2052	1950	1949
2052	2054	1950
2129	2035	1931
2176	2101	2175
2107	2010	2009
2107	2108	2010
2048	1944	2017
2048	2047	1944
2248	2159	2252
2161	2086	2085
2122	1868	1981
2122	1981	1982
2092	1995	1994
2092	2093	1995
2073	1972	2072
2192	2110	2123
2342	2111	2075
2342	2192	2123
2089	1992	1991
2089	1991	2088
2073	1973	1972
2073	2074	1973
2076	1976	1975
2076	1975	2075
2038	1934	2020
2038	2020	2114
2164	2089	2088
2166	2090	2165
2162	2086	2161
2089	2090	1992
2311	2238	2277
2183	2109	2108
2150	2063	2062
2154	2068	2067
2105	2008	2007
2105	2007	2104
2190	2127	2080
2157	2082	2081
2059	1956	1955
2059	2060	1956
2144	2056	2143
2146	2058	2145
2101	2004	2003
2101	2102	2004
2110	2015	2013
2110	2112	2015
2133	2042	2041
2165	2090	2089
2119	1997	2030
2119	2095	1997
2121	1964	1850
2121	1963	1964
2113	2019	2018
2113	2114	2019
2097	2000	1999
2097	2098	2000
2156	2190	2080
2079	2080	1979
2193	2186	2125
2193	2071	2186
2297	2266	2265
2241	2039	2132
2057	1954	1953
2057	2058	1954
2136	2045	2046
2145	2058	2057
2043	1939	1938
2043	2044	1939
2129	2025	1918
2129	1918	2035
2343	2196	2049
2202	2118	2186
2195	2078	2077
2155	2078	2195
2063	1960	1959
2063	2064	1960
2125	2023	1927
2125	1927	2016
2115	2022	1908
2115	1908	1933
2050	1946	1945
2050	2051	1946
2148	2061	2060
2149	2062	2061
2177	2103	2102
2284	2133	2041
2152	2191	2065
2150	2062	2149
2228	2173	2172
2172	2098	2097
2180	2181	2106
2181	2182	2107
2248	2160	2159
2184	2131	2114
2231	2175	2230
2246	2116	2189
2140	2141	2052
2179	2104	2178
2169	2094	2093
2171	2097	2096
2182	2108	2107
2182	2183	2108
2250	2053	2200
2250	2140	2053
2187	2126	2117
2187	2117	2194
2241	2041	2039
2159	2084	2083
2200	2120	2109
2200	2109	2183
2204	1936	1921
2204	2021	2185
2150	2151	2063
2244	2152	2151
2203	1933	2036
2203	2115	1933
2146	2059	2058
2147	2059	2146
2184	2114	2113
2252	2159	2158
2188	1931	2116
2330	2282	2309
2226	2171	2170
2199	2119	2031
2193	2112	2072
2193	2072	2071
2249	2199	2094
2174	2100	2099
2234	2179	2178
2306	2241	2256
2186	2071	2202
2070	2202	2071
2227	2171	2226
2268	2229	2228
2153	2066	2191
2191	2066	2128
2154	2067	2153
2254	2139	2154
2223	2166	2222
2173	2174	2099
2153	2067	2066
2139	2051	2050
2138	2047	2048
2138	2137	2047
2130	2037	2038
2251	2135	2134
2245	2051	2139
2152	2064	2151
2163	2088	2087
2163	2087	2162
2254	2245	2139
2239	2245	2244
2155	2156	2079
2248	2184	2135
2206	2136	2137
2212	2146	2145
2246	2188	2116
2277	2258	2207
2217	2244	2151
2216	2150	2149
2170	2096	2095
2170	2171	2096
2192	2074	2073
2192	2073	2110
2154	2196	2068
2154	2139	2196
2166	2091	2090
2166	2167	2091
2255	2138	2048
2255	2048	2198
2209	2142	2208
2180	2106	2105
2199	2095	2119
2199	2170	2095
2190	2081	2127
2190	2157	2081
2155	2079	2078
2156	2080	2079
2222	2166	2165
2219	2163	2162
2243	2252	2158
2347	2131	2243
2193	2016	2112
2193	2125	2016
2178	2104	2103
2178	2103	2177
2148	2149	2061
2214	2138	2215
2211	2212	2145
2213	2212	2206
2176	2102	2101
2176	2177	2102
2236	2181	2180
2235	2236	2180
2189	1941	2045
2189	2116	1941
2135	2044	2134
2252	2131	2184
2347	2155	2130
2349	2156	2155
2258	2208	2207
2237	2181	2236
2130	2195	2037
2130	2155	2195
2179	2105	2104
2179	2180	2105
2238	2182	2237
2286	2137	2138
2144	2057	2056
2144	2145	2057
2135	2113	2044
2135	2184	2113
2224	2168	2167
2229	2230	2174
2197	2124	2025
2197	2025	2129
2218	2162	2161
2242	2134	2043
2217	2151	2150
2245	2194	2051
2160	2084	2159
2248	2252	2184
2220	2163	2219
2264	2222	2263
2147	2060	2059
2147	2148	2060
2160	2085	2084
2160	2161	2085
2173	2099	2098
2173	2098	2172
2201	2115	2203
2201	2203	2076
2215	2255	2216
2214	2148	2147
2225	2169	2168
2256	2132	2257
2237	2182	2181
2238	2183	2182
2232	2177	2176
2230	2175	2174
2285	2198	2187
2285	2255	2198
2287	2043	2042
2287	2042	2133
2286	2214	2213
2214	2215	2148
2208	2142	2141
2280	2246	2189
2215	2149	2148
2215	2216	2149
2284	2041	2241
2264	2265	2223
2243	2158	2157
2243	2131	2252
2283	2288	2205
2283	2204	2185
2253	2197	2240
2240	2197	2188
2217	2239	2244
2285	2216	2255
2235	2180	2179
2235	2179	2234
2286	2138	2214
2213	2146	2212
2349	2155	2347
2349	2190	2156
2254	2153	2191
2254	2154	2153
2256	2241	2132
2233	2234	2178
2274	2234	2273
2280	2189	2247
2218	2134	2242
2218	2219	2162
2287	2242	2043
2348	2218	2242
2223	2167	2166
2223	2224	2167
2270	2231	2230
2269	2230	2229
2205	2132	2040
2283	2205	2040
2211	2145	2144
2209	2143	2142
2261	2211	2210
2279	2206	2281
2254	2191	2152
2254	2152	2244
2251	2134	2218
2348	2219	2218
2251	2160	2248
2251	2248	2135
2326	2280	2307
2281	2211	2261
2288	2253	2240
2301	2271	2300
2225	2168	2224
2278	2266	2267
2249	2094	2169
2310	2169	2225
2220	2164	2163
2220	2221	2164
2277	2238	2237
2275	2236	2235
2239	2187	2194
2239	2194	2245
2213	2147	2146
2213	2214	2147
2207	2141	2140
2207	2208	2141
2251	2161	2160
2251	2218	2161
2217	2150	2216
2285	2187	2239
2227	2172	2171
2227	2228	2172
2250	2200	2183
2250	2183	2238
2249	2170	2199
2249	2226	2170
2233	2178	2177
2233	2177	2232
2260	2209	2259
2259	2209	2208
2231	2176	2175
2231	2232	2176
2257	2132	2205
2270	2230	2269
2229	2174	2173
2229	2173	2228
2210	2144	2143
2210	2143	2209
2274	2235	2234
2260	2261	2210
2271	2272	2232
2314	2267	2266
2285	2239	2217
2285	2217	2216
2264	2223	2222
2266	2225	2224
2268	2269	2229
2267	2228	2227
2306	2284	2241
2262	2263	2221
2312	2288	2240
2272	2233	2232
2265	2224	2223
2265	2266	2224
2278	2267	2227
2278	2225	2266
2276	2237	2236
2330	2312	2282
2277	2237	2276
2276	2236	2275
2300	2271	2270
2268	2228	2267
2341	2328	2323
2301	2272	2271
2296	2265	2264
2314	2268	2267
2263	2222	2221
2295	2264	2263
2281	2206	2212
2281	2212	2211
2274	2275	2235
2302	2273	2272
2262	2221	2220
2313	2287	2133
2279	2247	2136
2279	2136	2206
2282	2240	2188
2282	2188	2246
2310	2225	2278
2310	2249	2169
2313	2220	2219
2348	2313	2219
2273	2234	2233
2273	2233	2272
2283	2185	2288
2288	2185	2253
2304	2275	2274
2331	2326	2307
2277	2276	2258
2258	2259	2208
2292	2260	2259
2334	2336	2326
2283	2040	1936
2283	1936	2204
2301	2302	2272
2297	2314	2266
2307	2280	2247
2293	2261	2260
2286	2206	2137
2286	2213	2206
2292	2293	2260
2291	2259	2258
2299	2270	2269
2299	2300	2270
2271	2232	2231
2271	2231	2270
2311	2140	2250
2311	2250	2238
2289	2262	2313
2295	2263	2294
2315	2276	2275
2303	2273	2302
2304	2315	2275
2324	2291	2315
2298	2269	2268
2295	2296	2264
2328	2290	2257
2339	2312	2330
2308	2288	2312
2308	2205	2288
2328	2257	2308
2341	2356	2328
2309	2246	2280
2309	2282	2246
2315	2258	2276
2315	2291	2258
2290	2256	2257
2318	2300	2299
2305	2279	2281
2334	2326	2331
2297	2265	2296
2298	2268	2314
2289	2133	2284
2313	2262	2220
2325	2298	2314
2298	2299	2269
2321	2303	2302
2292	2259	2291
2310	2226	2249
2310	2278	2226
2289	2313	2133
2289	2294	2262
2329	2289	2306
2316	2296	2295
2311	2207	2140
2311	2277	2207
2289	2284	2306
2329	2294	2289
2331	2293	2292
2326	2309	2280
2344	2327	2340
2325	2314	2297
2338	2325	2297
2327	2256	2290
2327	2306	2256
2340	2318	2317
2305	2281	2261
2305	2261	2293
2303	2274	2273
2303	2304	2274
2307	2247	2279
2307	2279	2305
2322	2304	2303
2321	2322	2303
2357	2333	2332
2336	2339	2330
2324	2304	2322
2324	2315	2304
2340	2327	2290
2356	2318	2340
2356	2341	2318
2319	2301	2300
2323	2308	2312
2323	2328	2308
2334	2322	2333
2333	2322	2321
2319	2300	2318
2357	2323	2339
2329	2295	2294
2329	2316	2295
2319	2318	2341
2320	2321	2302
2338	2317	2325
2317	2298	2325
2337	2322	2334
2337	2331	2292
2327	2316	2329
2327	2329	2306
2317	2299	2298
2317	2318	2299
2331	2305	2293
2331	2307	2305
2320	2302	2301
2320	2301	2319
2339	2323	2312
2335	2332	2320
2344	2316	2327
2344	2338	2316
2335	2319	2341
2335	2320	2319
2332	2321	2320
2332	2333	2321
2357	2339	2336
2334	2333	2336
2335	2341	2323
2357	2335	2323
2338	2297	2296
2338	2296	2316
2336	2330	2309
2336	2309	2326
2337	2324	2322
2337	2334	2331
2337	2292	2291
2337	2291	2324
2348	2242	2287
2348	2287	2313
2343	2049	2202
2343	2202	2070
2351	1501	1621
2351	1622	1501
2345	1479	1599
2345	1600	1479
2342	2123	2014
2342	2014	2111
2356	2340	2290
2356	2290	2328
2354	2077	2076
2354	2076	2203
2353	1886	2119
2353	2119	2030
2352	2029	2120
2352	2120	1832
2347	2038	2131
2347	2130	2038
2346	1924	2351
2346	2351	1621
2357	2336	2333
2357	2332	2335
2344	2340	2317
2344	2317	2338
2349	2157	2190
2349	2243	2157
2355	1577	1456
2355	1456	1575
2350	1925	2345
2350	2345	1599
