0	0
0	0.5
2	0.5
2	0
1.91548155340135	0.5
1.8342230943556	0.5
1.75609888085882	0.5
1.68098802094141	0.5
1.60877428559588	0.5
1.53934592892032	0.5
1.47259551519912	0.5
1.40841975265336	0.5
1.34671933360382	0.5
1.28739878079893	0.5
1.23036629967021	0.5
1.1755336362863	0.5
1.12281594078595	0.5
1.07213163607858	0.5
1.02340229160916	0.5
0.97655250199228	0.5
0.931509770327285	0.5
0.888204396014276	0.5
0.846569366897081	0.5
0.806540255566459	0.5
0.76805511966301	0.5
0.731054406025534	0.5
0.695480858536519	0.5
0.661279429522151	0.5
0.628397194569729	0.5
0.596783270630702	0.5
0.566388737282569	0.5
0.537166561027808	0.5
0.509071522512709	0.5
0.482060146553456	0.5
0.456090634861205	0.5
0.431122801362041	0.5
0.407118010011728	0.5
0.384039115009029	0.5
0.361850403315078	0.5
0.340517539389845	0.5
0.320007512060202	0.5
0.300288583437349	0.5
0.281330239804566	0.5
0.263103144399283	0.5
0.245579092016416	0.5
0.228730965362707	0.5
0.212532693094531	0.5
0.196959209474252	0.5
0.181986415582671	0.5
0.167591142027572	0.5
0.153751113090645	0.5
0.140444912257308	0.5
0.12765194907609	0.5
0.115352427296291	0.5
0.103527314234616	0.5
0.0921583113233774	0.5
0.0812278257946867	0.5
0.0707189434568344	0.5
0.0606154025207117	0.5
0.0509015684357856	0.5
0.0415624096966829	0.5
0.0325834745829458	0.5
0.0239508687959662	0.5
0.0156512339584919	0.5
0.00767172694343576	0.5
2	0.0803509004305953
2	0.163648219308905
2	0.25
2	0.336351780691095
2	0.419649099569405
0	0.49236126999797
0	0.484546443432483
0	0.476969525936692
0	0.469243028529719
0	0.461479816932821
0	0.453913807187406
0	0.446114780884026
0	0.438438559023266
0	0.430832553695999
0	0.423011407084588
0	0.415414232068315
0	0.407725472073641
0	0.399933819297922
0	0.392369367794261
0	0.384595622347934
0	0.376881724613632
0	0.369299093493728
0	0.36148110690107
0	0.353854324108595
0	0.346203117210843
0	0.33839250402801
0	0.330820261294831
0	0.323081143635223
0	0.315329519380715
0	0.307760912561101
0	0.299955566127627
0	0.292291861954727
0	0.284675987377489
0	0.276855894104726
0	0.26926651048399
0	0.261565191875952
0	0.253781966045103
0	0.246218033954898
0	0.238434808124048
0	0.230733489516011
0	0.223144105895274
0	0.215324012622512
0	0.207708138045274
0	0.200044433872374
0	0.1922390874389
0	0.184670480619286
0	0.176918856364778
0	0.169179738705169
0	0.161607495971991
0	0.153796882789158
0	0.146145675891405
0	0.138518893098931
0	0.130700906506273
0	0.123118275386368
0	0.115404377652066
0	0.10763063220574
0	0.100066180702078
0	0.0922745279263594
0	0.0845857679316858
0	0.0769885929154126
0	0.0691674463040011
0	0.0615614409767339
0	0.0538852191159743
0	0.0460861928125939
0	0.0385201830671792
0	0.0307569714702808
0	0.0230304740633084
0	0.015453556567517
0	0.00763873000202985
0.00767172694343582	0
0.015651233958492	0
0.0239508687959663	0
0.0325834745829459	0
0.0415624096966829	0
0.0509015684357856	0
0.0606154025207117	0
0.0707189434568345	0
0.0812278257946868	0
0.0921583113233775	0
0.103527314234616	0
0.115352427296291	0
0.12765194907609	0
0.140444912257308	0
0.153751113090645	0
0.167591142027572	0
0.181986415582671	0
0.196959209474252	0
0.212532693094531	0
0.228730965362707	0
0.245579092016417	0
0.263103144399283	0
0.281330239804566	0
0.30028858343735	0
0.320007512060202	0
0.340517539389845	0
0.361850403315078	0
0.38403911500903	0
0.407118010011728	0
0.431122801362041	0
0.456090634861206	0
0.482060146553457	0
0.50907152251271	0
0.537166561027809	0
0.566388737282569	0
0.596783270630703	0
0.62839719456973	0
0.661279429522151	0
0.69548085853652	0
0.731054406025534	0
0.76805511966301	0
0.80654025556646	0
0.846569366897082	0
0.888204396014276	0
0.931509770327286	0
0.97655250199228	0
1.02340229160916	0
1.07213163607858	0
1.12281594078595	0
1.1755336362863	0
1.23036629967021	0
1.28739878079893	0
1.34671933360382	0
1.40841975265336	0
1.47259551519912	0
1.53934592892033	0
1.60877428559588	0
1.68098802094141	0
1.75609888085882	0
1.8342230943556	0
1.91548155340135	0
1.79181979573137	0.432312380193458
1.71948041191216	0.436906264184674
1.64984722435875	0.434699910069371
1.57619367506922	0.438478844571167
1.50727697650284	0.440599233424337
1.44115303136535	0.443286416109174
1.37828453156902	0.445765828328812
1.31705905720138	0.448683898631005
1.25888254023457	0.450663228096454
1.20294996797825	0.45256621222334
1.14917478853613	0.454395795751699
1.09747378843226	0.456154809839072
1.04776696384387	0.457845976441537
0.999977396800722	0.459471912525744
0.954031136159783	0.461035134118498
0.909857083170781	0.462538060200153
0.867386881455679	0.463983016447807
0.826554811231771	0.465372238834139
0.787297687614735	0.466707877087422
0.749554762844272	0.467991998018084
0.713267632281027	0.469226588716959
0.678380144029336	0.470413559630174
0.64483831204594	0.471554747515442
0.612590232600216	0.472651918284314
0.581586003956636	0.473706769734815
0.551777649155189	0.474720934178666
0.523119041770259	0.475695980967181
0.495565834533084	0.476633418919733
0.469075390707332	0.477534698658546
0.443606718111624	0.478401214853442
0.419120405686885	0.479234308379992
0.395578562510379	0.480035268394436
0.372944759162055	0.480805334328564
0.351183971352462	0.481545697807652
0.330262525725024	0.482257504494423
0.310148047748776	0.482941855861884
0.290809411620958	0.483599810897781
0.272216692101925	0.48423238774331
0.25434111820785	0.484840565268623
0.237155028689562	0.485425284587566
0.22063182922862	0.485987450513984
0.204745951284392	0.486527932961865
0.189472812528462	0.487047568291471
0.174788778805122	0.487547160603551
0.160671127559109	0.488027482983628
0.147098012673978	0.488489278698302
0.1340484306667	0.488933262345406
0.121502188186191	0.489360120959792
0.109439870765454	0.489770515076477
0.0978428127789978	0.490165079752773
0.086693068559033	0.490544425550999
0.0759733846257617	0.49090913948328
0.065667172988774	0.491259785919914
0.0557584854782495	0.491596907462695
0.0462319890662352	0.491921025784551
0.0370729421398152	0.492232642436803
0.0272491712105195	0.492408755609285
0.0174507096631987	0.492500691938069
0.00667671362763443	0.480747516561467
0.00738623246986725	0.473499234724346
0.00696851927791586	0.465539702554336
0.00670220916690778	0.457701014182979
0.00673911415715223	0.450014294035716
0.00670335123918032	0.442251413138321
0.00671881662822283	0.43465452874425
0.00675045793809992	0.426921980390294
0.00668825987775157	0.419196034526229
0.00676390762373293	0.411595336019649
0.00673533284983563	0.403829645685782
0.00670321409713959	0.396149492243758
0.0067987406845318	0.388502787442176
0.00673419465849479	0.380713300425263
0.00671435702143186	0.37310304262719
0.00674883741091379	0.365390100197399
0.00668476319867758	0.357644633600429
0.00679410116192247	0.350075224728409
0.00674505616402647	0.342297810619427
0.00670007424332061	0.334597979931571
0.00679673910253647	0.326976310403883
0.00671480534291158	0.319205331507969
0.00671107049938475	0.311551527770613
0.00674235525900503	0.303858239344364
0.00670166014596249	0.296098463740482
0.00678506965708897	0.288522583823093
0.00674991776285076	0.280765940741108
0.00669293238270989	0.273046507636095
0.00677244031251893	0.265441367343795
0.00673101132698342	0.257673578960528
0.00668696435529205	0.250000000000001
0.00673101132698339	0.242326421039473
0.00677244031251888	0.234558632656207
0.00669293238270984	0.226953492363907
0.00674991776285072	0.219234059258894
0.0067850696570888	0.211477416176909
0.00670166014596218	0.203901536259519
0.00674235525900484	0.196141760655637
0.0067110704993845	0.188448472229388
0.00671480534291128	0.180794668492032
0.0067967391025363	0.173023689596119
0.00670007424332081	0.165402020068431
0.00674505616402661	0.157702189380575
0.00679410116192298	0.149924775271593
0.0066847631986778	0.142355366399573
0.00674883741091353	0.134609899802602
0.00671435702143178	0.126896957372811
0.00673419465849466	0.119286699574738
0.00679874068453191	0.111497212557825
0.00670321409713952	0.103850507756243
0.00673533284983567	0.0961703543142191
0.00676390762373281	0.0884046639803522
0.00668825987775155	0.0808039654737719
0.00675045793809984	0.0730780196097076
0.00671881662822288	0.0653454712557513
0.00670335123918033	0.0577485868616796
0.00673911415715233	0.0499857059642844
0.00670220916690775	0.0422989858170219
0.0070161363231333	0.0344448466442011
0.00734960492024069	0.0264497886512974
0.0068439681989494	0.0191321161396324
0.0175933384210273	0.00743685640784026
0.0274719416872234	0.00785658343955337
0.0366920639461064	0.0079121921823836
0.046231989066234	0.00807897421544863
0.0557584854782485	0.00840309253730538
0.0656671729887731	0.00874021408008636
0.0759733846257607	0.00909086051672043
0.0866930685590322	0.00945557444900142
0.0978428127789971	0.00983492024722653
0.109439870765454	0.0102294849235229
0.12150218818619	0.0106398790402076
0.134048430666699	0.0110667376545939
0.147098012673977	0.0115107213016977
0.160671127559109	0.0119725170163726
0.174788778805122	0.0124528393964494
0.189472812528462	0.0129524317085286
0.204745951284392	0.013472067038135
0.220631829228619	0.0140125494860163
0.237155028689562	0.0145747154124345
0.25434111820785	0.0151594347313769
0.272216692101925	0.0157676122566904
0.290809411620958	0.0164001891022192
0.310148047748776	0.017058144138116
0.330262525725024	0.0177424955055773
0.351183971352462	0.0184543021923482
0.372944759162054	0.0191946656714359
0.395578562510379	0.0199647316055637
0.419120405686885	0.020765691620008
0.443606718111623	0.0215987851465582
0.469075390707331	0.022465301341454
0.495565834533083	0.0233665810802675
0.523119041770259	0.0243040190328189
0.551777649155189	0.0252790658213343
0.581586003956636	0.0262932302651852
0.612590232600216	0.0273480817156855
0.64483831204594	0.0284452524845581
0.678380144029336	0.0295864403698259
0.713267632281027	0.0307734112830416
0.749554762844272	0.0320080019819155
0.787297687614735	0.0332921229125775
0.826554811231771	0.0346277611658607
0.867386881455679	0.0360169835521927
0.909857083170781	0.0374619397998472
0.954031136159783	0.0389648658815019
0.999977396800722	0.0405280874742563
1.04776696384387	0.0421540235584633
1.09747378843226	0.0438451901609279
1.14917478853613	0.0456042042483012
1.20294996797825	0.04743378777666
1.25888254023457	0.049336771903546
1.31705905720138	0.0513161013689951
1.37859701801625	0.0561431621950197
1.44050763392624	0.055516170711727
1.50597072205972	0.057743409914028
1.5740601072581	0.0600600031621977
1.64692117431758	0.0636219017543297
1.719610010699	0.0638154605089597
1.79240370704581	0.0653165724681505
1.92199708094985	0.193908255801596
1.9220706296942	0.311231140914172
0.00586570838335962	0.0126185387082879
0.00533137002003007	0.487299275204683
1.8573948228268	0.443698367337394
1.85883271298325	0.0554668434110273
1.75488538222083	0.375035838416553
1.84253601558166	0.349197147664884
1.68929821837919	0.366795204827368
1.61226437643834	0.374903709679687
1.54075102768326	0.378361896176057
1.47289595405765	0.382758276269171
1.40863448601082	0.388064382306248
1.34648196391804	0.394115381865645
1.28743541991348	0.398078123770889
1.22925813602235	0.402879258714774
1.17427999651344	0.406309631053795
1.12212131206937	0.4087290711683
1.07146896451389	0.412269895406985
1.02228718336137	0.416725635822044
0.975480176799703	0.419937028853928
0.930478639556203	0.423026440937734
0.887212932335162	0.425998578249023
0.845616101918067	0.428857965411486
0.805626492146726	0.43159396316856
0.767173124210601	0.434226686594464
0.730206534891161	0.436773240897385
0.694665857194894	0.439223464225368
0.660614855821532	0.441757532582373
0.627643319442346	0.443817702502858
0.59616894356291	0.44616293043802
0.565691484516054	0.44806806300495
0.536598737224003	0.450236744183047
0.508426729010298	0.452000564171878
0.481535365886733	0.45400406088544
0.455586162824417	0.455780158376223
0.43063786551882	0.457488069654742
0.406651585277164	0.459122123195737
0.383508665800669	0.460576180930409
0.361419473729974	0.462220843016531
0.34010306047729	0.463673013182389
0.319609153014932	0.465078098149434
0.299905734209732	0.466429331465605
0.280962010156592	0.467719863347031
0.262748970434553	0.468960617717873
0.245174933593968	0.470063655227797
0.228403927933503	0.471318937252988
0.212218146837346	0.472421585627288
0.196656672588166	0.473481703404776
0.181695424850458	0.474500931046461
0.167258199018591	0.475409278323104
0.153482550856461	0.476442217481872
0.140186610996688	0.477347996843651
0.1274035130098	0.47821883910514
0.115113475910821	0.479056091836211
0.103297481693363	0.479861050629193
0.0918942588940637	0.480580418288507
0.0810158679927378	0.481398968083013
0.0705150894979887	0.482114328451927
0.0604193398290911	0.482802096431342
0.050654318221981	0.483287695868309
0.0413717498136983	0.483961156288166
0.0324090284951268	0.484710285110812
0.022426791053119	0.484084525848779
0.0143112665015295	0.478243174002547
0.0127725418214627	0.486192723252053
0.0141312554455131	0.469749690794611
0.0140019319523921	0.461796033838453
0.0139086647940432	0.453950547217782
0.0136131626477723	0.446089448701909
0.0136724715195471	0.43846713816729
0.0137648543278277	0.430850083880104
0.013701289337688	0.422971619472916
0.0136794774351368	0.41546539597206
0.0136736351418589	0.407696435792865
0.0137414141116116	0.399955876145216
0.0137626709558427	0.392414486372841
0.013672103617471	0.384545380907931
0.0137072220149585	0.376889708838129
0.0137547233127627	0.369301457577107
0.0136045393865342	0.361442397847756
0.0136684769804738	0.353960557691417
0.0137731140712439	0.346171141741369
0.0137271906460076	0.338391112419358
0.0137362677022355	0.330876471474086
0.013669252965853	0.323018787015036
0.0137188151312466	0.315374700558218
0.0137475375154962	0.307745416293916
0.013609190196008	0.299928484506075
0.0136896390804849	0.292387328967016
0.0137905937052925	0.284645194906085
0.0137090427359666	0.276827288666373
0.0136962250506856	0.269317286958606
0.013675545888126	0.261527830294651
0.013736955677893	0.253795892833351
0.013736955677893	0.24620410716665
0.0136755458881259	0.238472169705351
0.0136962250506858	0.230682713041396
0.0137090427359665	0.223172711333628
0.0137905937052924	0.215354805093916
0.0136896390804846	0.207612671032985
0.0136091901960076	0.200071515493926
0.0137475375154958	0.192254583706085
0.0137188151312462	0.184625299441782
0.0136692529658526	0.176981212984965
0.0137362677022355	0.169123528525916
0.0137271906460077	0.161608887580645
0.0137731140712446	0.153828858258635
0.0136684769804745	0.146039442308586
0.0136045393865344	0.138557602152245
0.0137547233127624	0.130698542422894
0.0137072220149582	0.123110291161872
0.0136721036174709	0.11545461909207
0.0137626709558424	0.10758551362716
0.0137414141116115	0.100044123854785
0.013673635141859	0.092303564207136
0.0136794774351367	0.0845346040279413
0.013701289337688	0.0770283805270847
0.0137648543278276	0.069149916119897
0.0136724715195471	0.0615328618327113
0.0136131626477723	0.0539105512980911
0.0142157467900187	0.0460989659351264
0.0141709207061147	0.0382528587406794
0.0140505497904443	0.0303112702642204
0.0144583725555883	0.0218264837738442
0.0133138915114564	0.013751402390791
0.0226162299251789	0.0161582903186139
0.0320546401342983	0.0153401697663181
0.0413810395726946	0.0159009287299115
0.0507129964919742	0.0165366637040199
0.0604193398290903	0.0171979035686576
0.0705150894979879	0.0178856715480726
0.0810158679927367	0.0186010319169877
0.0918942588940631	0.0194195817114936
0.103297481693362	0.0201389493708073
0.11511347591082	0.0209439081637885
0.127403513009799	0.0217811608948596
0.140186610996688	0.0226520031563496
0.153482550856461	0.0235577825181284
0.16725819901859	0.0245907216768959
0.181695424850458	0.0254990689535389
0.196656672588166	0.0265182965952244
0.212218146837346	0.0275784143727122
0.228403927933502	0.0286810627470117
0.245174933593968	0.0299363447722027
0.262748970434553	0.0310393822821267
0.280962010156592	0.032280136652969
0.299905734209732	0.0335706685343946
0.319609153014931	0.0349219018505654
0.34010306047729	0.0363269868176107
0.361419473729973	0.0377791569834694
0.383508665800669	0.039423819069591
0.406651585277164	0.0408778768042635
0.430637865518819	0.0425119303452579
0.455586162824417	0.0442198416237776
0.481535365886733	0.0459959391145606
0.508426729010298	0.0479994358281226
0.536598737224003	0.0497632558169535
0.565691484516055	0.0519319369950503
0.59616894356291	0.0538370695619799
0.627643319442346	0.0561822974971416
0.660614855821531	0.0582424674176263
0.694665857194893	0.0607765357746324
0.730206534891162	0.0632267591026155
0.767173124210601	0.0657733134055365
0.805626492146726	0.0684060368314403
0.845616101918068	0.0711420345885144
0.887212932335162	0.0740014217509773
0.930478639556203	0.0769735590622663
0.975480176799703	0.0800629711460716
1.02228718336137	0.083274364177956
1.07112088638968	0.08778016027125
1.12161024290463	0.0900828695234496
1.17427999651344	0.0936903689462045
1.22925813602235	0.0971207412852263
1.28624632304267	0.101012282592964
1.34594382558922	0.106903704358026
1.40793060898349	0.114620804774112
1.47146210906099	0.118217308250166
1.53976184865956	0.121876382186071
1.61139348076268	0.124358781193641
1.68890214766847	0.130888152861505
1.75577935982341	0.125613801402936
1.84222271849719	0.146994906836197
1.8382984549797	0.250344069485034
1.65745412832519	0.309564462694357
1.57705922898654	0.313214052486981
1.5033759195874	0.316770417070598
1.43909669322369	0.325474408210877
1.37239095087258	0.338025396053477
1.3167498302814	0.342115766174566
1.25558799737778	0.35044749646401
1.19892039982415	0.35412168812886
1.14593463299058	0.358141512913418
1.09430975520952	0.364119154624156
1.04417910273653	0.369835151898735
0.996167091983089	0.375093594521417
0.950179041172029	0.379923426792424
0.906279733539526	0.384708622357509
0.864538115381524	0.388870511448145
0.823055154996039	0.394663975874179
0.783929953444908	0.398707667916969
0.746300578996255	0.402608165832224
0.710136675815534	0.406367384275666
0.675264532987245	0.410098221394912
0.642189127173296	0.413510846319116
0.609602371155385	0.416677725005626
0.579135736008111	0.420050954869878
0.549014176692505	0.422983179762185
0.520851415893492	0.426106508735546
0.493101861141576	0.429003494329394
0.466892222679483	0.431803245078963
0.441507940449343	0.434444814121954
0.41711284013776	0.436962543698814
0.39371029065438	0.439308659691165
0.370921445745749	0.44169900507292
0.349400091508617	0.44398294312525
0.328535196272346	0.446142138932554
0.308488139208499	0.448241032180894
0.289225131673945	0.45023530014833
0.270692106883731	0.452131521768057
0.252921703954658	0.453918454277962
0.235611757239889	0.455744760106856
0.219279104571064	0.457494716280098
0.203444631573615	0.45912046238432
0.188216828332989	0.460691178054035
0.173621308303398	0.462177487852212
0.159407205371469	0.46367804810878
0.14598776640189	0.465099033901945
0.132980274932154	0.466432614246408
0.120474250299454	0.467711284177281
0.108446827241068	0.468955245833455
0.0969179350730552	0.47013848513513
0.0856930350357955	0.471332976072786
0.0750980395519468	0.472460427049749
0.0648249633179686	0.473512167996412
0.0549481910054992	0.474524148531738
0.0450700072621888	0.474976502317031
0.0363226306060349	0.476429702063808
0.0281458331148805	0.477880699257441
0.0213376847174607	0.466038847932206
0.0212845654518421	0.458024675344074
0.0211460116049958	0.450088094258296
0.0211174723987624	0.442398449111798
0.021165103255987	0.434660159774127
0.0212340615011584	0.42693358179845
0.0209438043481984	0.419197191226441
0.0209214123373431	0.411576027705619
0.0210006763005467	0.403903186036748
0.0210797940098175	0.396205747923271
0.0212472064169192	0.388454185951443
0.021244713289004	0.380732621764979
0.0212798211909597	0.373074826536871
0.0211493520623727	0.365383419898652
0.02110543276612	0.35771087413137
0.0211999528474009	0.350062205561882
0.0212072231045452	0.342348805562695
0.0212618298109286	0.334643974800875
0.0211869361550364	0.32693682021312
0.0209913106239052	0.319245609623423
0.0212294852214141	0.311548142423006
0.0211449459947917	0.303852650591606
0.0211384379187457	0.296194672400323
0.0212083101354882	0.288502967901223
0.0211882835200957	0.28077930760566
0.0209659565949861	0.273059680508828
0.0209385572206782	0.265403857204201
0.0210112525153754	0.257732941033906
0.0210778182213389	0.250000000000001
0.0210112525153754	0.242267058966096
0.0209385572206784	0.2345961427958
0.020965956594986	0.226940319491173
0.0211686397312711	0.2192111229995
0.0211954916910399	0.211490407589736
0.0211400651049995	0.203805343432378
0.021150712957884	0.196149560089058
0.0212484003698001	0.188459432802794
0.0211785116784653	0.180771395652572
0.0211500256746541	0.173059028521906
0.0210312043201834	0.165357542861319
0.0211824862723014	0.157647378334682
0.0211690745458203	0.149938303640202
0.0210518525285638	0.142307193493371
0.0210969427353689	0.134628290067119
0.0212070992999076	0.126942818162948
0.0211306938121082	0.119267925053704
0.0211888919397835	0.111540935470677
0.0213000894449515	0.103829166650091
0.0212409996997705	0.0961227715127675
0.0211787757724964	0.0884253551684206
0.0212470725740511	0.0807557475113946
0.0212749179119409	0.0730599931555047
0.0212280829655039	0.0653307892293189
0.0211969379698156	0.0576205011007854
0.0213115963261737	0.0499212105731459
0.0219604097159859	0.0419901206133392
0.0218343163453453	0.0338368411458465
0.0284018952522847	0.0220099713493649
0.0363226306060341	0.0235702979361923
0.0451257424837891	0.0249707365287384
0.0549481910054984	0.0254758514682628
0.064824963317968	0.0264878320035879
0.0750980395519455	0.0275395729502509
0.0856930350357948	0.0286670239272141
0.0969179350730543	0.02986151486487
0.108446827241068	0.0310447541665444
0.120474250299453	0.0322887158227187
0.132980274932153	0.0335673857535919
0.145987766401889	0.0349009660980558
0.159407205371468	0.0363219518912207
0.173621308303397	0.037822512147788
0.188216828332989	0.0393088219459648
0.203444631573615	0.0408795376156794
0.219279104571063	0.0425052837199017
0.235611757239888	0.0442552398931443
0.252921703954658	0.0460815457220379
0.270692106883731	0.0478684782319427
0.289225131673945	0.0497646998516704
0.308488139208498	0.0517589678191063
0.328535196272346	0.0538578610674458
0.349400091508616	0.0560170568747496
0.370921445745749	0.0583009949270804
0.39371029065438	0.0606913403088355
0.41711284013776	0.0630374563011859
0.441507940449342	0.0655551858780461
0.466892222679483	0.0681967549210374
0.493101861141576	0.0709965056706063
0.520851415893492	0.0738934912644544
0.549014176692505	0.0770168202378149
0.579135736008112	0.0799490451301224
0.609602371155385	0.0833222749943736
0.642189127173296	0.0864891536808834
0.675264532987244	0.0899017786050877
0.710136675815535	0.0936326157243346
0.746300578996255	0.0973918341677764
0.783929953444908	0.101292332083031
0.823055154996039	0.105336024125821
0.863992797440865	0.11036332258138
0.906313922082065	0.114971378580173
0.950119946208698	0.119760481533778
0.995869226833152	0.123308921181283
1.04323170126021	0.130353312915067
1.09316528644974	0.136698830895906
1.14472800189127	0.141848217500944
1.19836876502049	0.146452521788834
1.25409846169804	0.149734477846591
1.31208518667059	0.155737310812005
1.37219542928711	0.166770410945278
1.43511840484384	0.180201710925802
1.50090913578942	0.184735678517302
1.57608733712266	0.186307799422425
1.65585490423041	0.187996716826206
0.0210181556605853	0.474474091721323
0.0215737396440089	0.0256636805535633
1.74843629133772	0.298655169976121
1.74812084813049	0.204428749464333
1.39872483897883	0.284769048767537
1.34233958119638	0.279105473471979
1.28190694310913	0.299882733247085
1.22088012161949	0.302308892474272
1.16771513265702	0.30366487546608
1.11674482447202	0.312004666954556
1.06472609523941	0.321807763767901
1.01663927331758	0.326588972305365
0.968269568396372	0.334974661492949
0.923371159232486	0.341171216403819
0.880825394383698	0.347419688541121
0.839981797812151	0.356016014460752
0.799478891949607	0.362681378305709
0.761327358656246	0.366394193208945
0.72456676303975	0.371548402722197
0.689095111963082	0.376595890673096
0.655374153319084	0.381338940981172
0.622963427229381	0.386050855019641
0.591058766835698	0.39022257533846
0.561360005466067	0.394674285225285
0.531872124794042	0.398519845932526
0.504193961197785	0.402557959912066
0.47726225757215	0.406329368933027
0.451632661341967	0.40997618456718
0.426859956587812	0.413440460818124
0.403117357323309	0.41671429619421
0.380016201062184	0.419950819403887
0.357925145951745	0.42305337653754
0.336867935642852	0.426049114668071
0.316471434667315	0.428921075168667
0.296915966074071	0.431678173033423
0.27811893924185	0.43428324298315
0.260057514503441	0.436759366366657
0.242510211921154	0.439241665712224
0.225733373699067	0.441624518680851
0.209781251742103	0.443912742548292
0.194306481504946	0.446090072002068
0.179472704525843	0.448167995534196
0.165133275973564	0.450286147590327
0.151318460801461	0.452120132888143
0.138195332661042	0.453952446140331
0.12548224537972	0.455707919952676
0.113252549729834	0.457431361579946
0.101531919438803	0.459092444375228
0.0902089325832012	0.460776001090139
0.0792879653218586	0.462086359813105
0.0689488533974643	0.463693299711929
0.0587833554152546	0.464853693549088
0.048949259924304	0.46595165152105
0.0385184156703678	0.466714533174802
0.0289738968628275	0.462337612845684
0.0287688513157314	0.454227983167513
0.0288468770225765	0.44635384154532
0.0285954972644391	0.438619169961178
0.0289614340029423	0.430877168163014
0.0289628872728796	0.423111542185255
0.0289763936135566	0.415428917071515
0.0289556918786541	0.407769721853973
0.028975591087036	0.400030640869272
0.0289524991469463	0.392278870072444
0.0289605003514225	0.384572809888995
0.0291441836245196	0.376838180986976
0.0288390964437673	0.369215768530795
0.0287737721605253	0.361532885199667
0.0288011497488218	0.353930024183494
0.0288544447511072	0.346222745665643
0.028947308266964	0.338493362622895
0.0288883136633485	0.330782476711322
0.0288901298292279	0.323089934095236
0.0289227081860678	0.315379282237679
0.0288889538017675	0.307663668883995
0.0287926496458466	0.299981819063897
0.0287756777556411	0.29234776201163
0.0288551014498014	0.284620778685548
0.0288922365307019	0.276909713004667
0.0288789333702751	0.269258278631457
0.0289099046941451	0.261595709556633
0.0289593210837469	0.253853123287867
0.0289614467056083	0.246120592140251
0.0288636373277822	0.238407401206954
0.0288549508120684	0.230753760459113
0.0288215597819128	0.223066187309998
0.0288136936518544	0.21534664391805
0.0287634007540136	0.207650618136128
0.0288146309793593	0.20002485899044
0.0289001380360169	0.192342578483888
0.028906542661981	0.184619530962491
0.0287039340961354	0.176918273973295
0.028872014605401	0.169225982157322
0.0288830989574105	0.161503053945923
0.0287771151133854	0.153752643124952
0.0287601994086521	0.146087259902798
0.0285227338581557	0.138536980741079
0.0288289243117133	0.130845892639899
0.0288206633055575	0.123134288061366
0.0286638427896402	0.115459808485076
0.0289757868940243	0.1077290593596
0.0289773206743186	0.0999712113355031
0.0289037477871033	0.0922255337135807
0.0289344518019663	0.084557965127935
0.0290819774236607	0.0768429239565262
0.0288940655711598	0.0691590578166331
0.0289676818945802	0.0613548789879551
0.0288501293806509	0.0536680867382903
0.0287659704728783	0.0458685910656513
0.0299206642424145	0.0372489087752213
0.0386393495294774	0.0332937274901877
0.0489000298170393	0.0342153746102847
0.0586874974537047	0.0352816359838733
0.0689488533974632	0.0363067002880712
0.079285073109654	0.0379128363016484
0.0902089325832006	0.0392239989098614
0.101531919438802	0.040907555624772
0.113252549729833	0.042568638420054
0.125482245379719	0.0442920800473244
0.138195332661041	0.0460475538596688
0.15131846080146	0.0478798671118575
0.165133275973563	0.0497138524096736
0.179472704525843	0.0518320044658038
0.194306481504947	0.0539099279979322
0.209781251742103	0.0560872574517081
0.225733373699066	0.0583754813191485
0.242510211921153	0.0607583342877759
0.26005751450344	0.0632406336333427
0.27811893924185	0.0657167570168502
0.296915966074072	0.0683218269665768
0.316471434667314	0.0710789248313327
0.336867935642851	0.0739508853319286
0.357925145951744	0.0769466234624603
0.380016201062183	0.0800491805961129
0.403117357323309	0.0832857038057898
0.426859956587812	0.086559539181876
0.451632661341966	0.0900238154328197
0.477262257572149	0.0936706310669733
0.504193961197785	0.0974420400879337
0.531872124794043	0.101480154067474
0.561360005466067	0.105325714774715
0.591058766835699	0.109777424661541
0.622963427229382	0.113949144980359
0.655374153319083	0.118661059018828
0.689095111963082	0.123404109326904
0.724604061770839	0.129038402182754
0.761327358656246	0.133605806791055
0.799564336150967	0.138953037981349
0.83968027442488	0.145193067561907
0.881266448772989	0.151757616224546
0.924251809911102	0.158809273817842
0.967292380094393	0.164905668491027
1.01381748896057	0.169779242726265
1.06276674963771	0.177123591839947
1.11361784437067	0.19020293568146
1.1665165607345	0.197027663473103
1.22137109783426	0.199973308082033
1.27682533341804	0.201909393270307
1.33619420933282	0.213676089306917
1.39073080483712	0.227969017238091
1.61351013379435	0.249507203612661
1.53674950261934	0.250604426306703
0.0295298341505878	0.0294197746714395
0.0290078506760878	0.470178043253817
1.45742724008881	0.254398801849232
1.08481873584811	0.276340421111804
1.03691529463549	0.271622126156271
0.985299086668297	0.291188405323264
0.938687115400963	0.293017184752167
0.894568590668784	0.301017200346186
0.854334883049741	0.314398238475558
0.813535314843122	0.325525793756642
0.775257420039512	0.328421757598949
0.737958249171514	0.335045979287096
0.701966356984942	0.341467628378774
0.667711490386581	0.346860588797625
0.634676167530501	0.352719023371667
0.602611503919204	0.358044619298631
0.571838270846173	0.364560046248215
0.542568756797258	0.36942193073539
0.514090696026747	0.374746556074641
0.487086104327223	0.379639132974261
0.460884963233055	0.384292544567419
0.435890599571435	0.388465386643621
0.41178971465689	0.393012735122752
0.388454168664184	0.397158781191734
0.365969554340481	0.401129616324502
0.344473756316915	0.404945411060769
0.323885881191242	0.408637092589453
0.304012976037905	0.412171196556678
0.284992275687705	0.41539256404523
0.266673075950343	0.418749816124205
0.248894318048647	0.421910374585771
0.231817532715015	0.42497455825971
0.215521659415509	0.42790435514714
0.199934387175587	0.430725894316475
0.184871047195091	0.433411828874477
0.170367842992114	0.435936259104199
0.156461430878586	0.438534960370507
0.142968614614211	0.440850218965477
0.130139198263212	0.443134641449887
0.117705092745207	0.445355022723426
0.105788311202022	0.447501406856158
0.0942687100741644	0.44961982230209
0.0833530256806037	0.451556979661816
0.0722991236181807	0.452844407899281
0.0622330369598297	0.454819484304552
0.0525716572788073	0.456452915536981
0.0371055510190157	0.44278084213152
0.0373757625632867	0.435068073648887
0.037262253216636	0.42709093396183
0.037126877342284	0.419346292158783
0.0372166866781748	0.411632887710871
0.0372264448438333	0.403947592480617
0.03712798550351	0.396165592231069
0.0370277557280845	0.388430792556155
0.0370338182387331	0.380747338235335
0.0370038248280691	0.373056515999481
0.036930812630815	0.36536727343201
0.0369315866893641	0.357744838392318
0.0369266825590495	0.350113561845681
0.0369843554725014	0.342400157168901
0.0370436247026172	0.334641543220409
0.0369368655896297	0.326947265609569
0.0369370173758763	0.319229126220317
0.0370370785570717	0.311528614741912
0.0368149151630841	0.303795672981169
0.0368155891854835	0.296173981946613
0.0369399126759335	0.288494882644871
0.0370295810259985	0.280801869054422
0.036962234272811	0.273135014753846
0.0369716033582007	0.265462425699268
0.0370226563150134	0.257763980655738
0.0370444116939107	0.249998028134601
0.0369423134160523	0.242223803512586
0.0369386058650772	0.234545031345968
0.0368921259223783	0.226869248444155
0.0368024609162847	0.2191659325958
0.0368535041877915	0.211487198608731
0.0368504597440071	0.203859445331248
0.036893544241469	0.196216803358051
0.0370110368552434	0.18847130210452
0.0369635086298347	0.180772877382876
0.0370047314051518	0.17305870535003
0.0368927765201756	0.165362814489204
0.0368364361341739	0.157612243479753
0.0367961388610485	0.149920155819496
0.036798770612554	0.142285643557096
0.0369195092336234	0.134665998158877
0.0370025425057696	0.12699767508554
0.03701048680611	0.119320552532105
0.0371531478259382	0.111588961040633
0.0371342215792435	0.103841084565873
0.0371342909634717	0.0960828072478135
0.0370318514338515	0.0883784799260863
0.0373606363776836	0.0805613971535749
0.0375505995622623	0.0727191461871479
0.0371075888137535	0.0650646318640196
0.0371252692357374	0.0572343482592816
0.052218325054007	0.0440314505073398
0.062041280975983	0.0453144757688585
0.072273432786201	0.0471416323324103
0.0833530256806031	0.0484430203381841
0.0942687100741636	0.0503801776979099
0.105788311202022	0.0524985931438423
0.117705092745206	0.0546449772765742
0.130139198263211	0.0568653585501128
0.14296861461421	0.0591497810345228
0.156461430878585	0.0614650396294936
0.170365847760123	0.0640585321003761
0.18487104719509	0.0665881711255233
0.199934387175587	0.0692741056835249
0.215521659415509	0.0720956448528598
0.231817532715014	0.0750254417402898
0.248894318048646	0.0780896254142295
0.266673075950343	0.0812501838757946
0.284990525122312	0.0846069073609266
0.304012976037905	0.0878288034433217
0.323885881191241	0.0913629074105465
0.344473756316915	0.095054588939231
0.365969554340481	0.0988703836754985
0.388454168664183	0.102841218808266
0.41178971465689	0.106987264877248
0.435889520038667	0.111540830567877
0.460884963233054	0.115707455432581
0.487086104327222	0.120360867025739
0.514090696026747	0.12525344392536
0.542556023509773	0.130494901665867
0.571838270846174	0.135439953751786
0.602479899297951	0.141777960984949
0.634493952828993	0.146994368099993
0.667603771342486	0.152434451222634
0.701955981821997	0.159440045120388
0.737991984434346	0.166532761265613
0.775462050886571	0.173194609069879
0.814043062694651	0.178464748638797
0.85433488304974	0.185601761524442
0.899307970114236	0.197460970169763
0.939786210563838	0.20551583916804
0.98166145999393	0.209691778891891
1.03023466540799	0.215296598233536
1.07651814824566	0.230469060313856
0.043637731992922	0.0428283349185057
0.0437220512242438	0.457428184832911
0.0368591611049694	0.4507295728933
0.0367010482389654	0.0493873022321645
1.18975199790841	0.25088815376051
1.24317919142312	0.251002190316451
1.13142134828668	0.251640240726269
0.858744269995052	0.264685007665777
0.826079939086839	0.288121629847463
0.789580123778257	0.288871291755333
0.752666542631155	0.295174739753381
0.713739583139635	0.304732493416273
0.679224686755951	0.310278053129585
0.64538757029236	0.318353571418343
0.613594569247546	0.325055051190698
0.582338190810448	0.3325627808551
0.552148556654309	0.339083480283052
0.52360074673213	0.344781355008697
0.496042623985636	0.350931298444999
0.469479361765863	0.356861312907153
0.44405012813052	0.362390688400679
0.419626893267065	0.367687323662217
0.396072791355522	0.372981389984945
0.373349417792217	0.377886522856356
0.351504910259054	0.382872411924335
0.330596090204932	0.387152744385013
0.310495952188636	0.391563596692906
0.291191846353567	0.395701118821315
0.272621724281393	0.399773031260957
0.254730596151427	0.40380533253513
0.237397575142586	0.407575604598245
0.220865576159163	0.411057843286316
0.204970279629669	0.414643998607723
0.189672269094842	0.417745076874751
0.1750381379154	0.421037550467322
0.160939118441766	0.424130345209961
0.147395384077298	0.427075149116704
0.134329488471344	0.429981511028534
0.121781486432666	0.432725605867787
0.109675400994308	0.435375629834834
0.0979537563885439	0.437656295711847
0.0867624310776181	0.439996632045275
0.0762794725511889	0.442596107453733
0.0647957333493659	0.444056347097687
0.0547845018014584	0.446419759968957
0.0463461518739801	0.43995188425641
0.046246263718774	0.431543560241902
0.0455889366325127	0.423329230748432
0.0457513525106218	0.415693550484496
0.0459765718776488	0.407898757479074
0.0457119406182281	0.400073529837966
0.04561815617913	0.39233097666578
0.0455705757620584	0.384652909455964
0.0456055371405996	0.377003524857137
0.0455161214157185	0.369281524227476
0.0454484151507051	0.361621376095632
0.0454857114727693	0.353960506670813
0.0455204058846551	0.346289723025685
0.0454910325214914	0.338532059219397
0.0456364954002602	0.330763378202658
0.0455967151102999	0.323089273099516
0.0455508921487074	0.315443115243427
0.0455170495437713	0.307688517867105
0.0451122514307593	0.29995577840337
0.0452277041527806	0.292353048886246
0.0455412378356802	0.284704675510438
0.045443988198549	0.277023074740338
0.0453677938287734	0.269361527107939
0.0453590112455343	0.261675131542136
0.0455105474542073	0.253880680670949
0.0454699052777013	0.246103472059299
0.0453865772408324	0.238347801053888
0.0452379226157876	0.230652923889058
0.0452965530225451	0.222992750927415
0.0452590531329083	0.215338775014573
0.0453369465476077	0.207678514655207
0.045220352362886	0.200085715590076
0.0452684810937988	0.192351316771918
0.0455404931412719	0.184554341428806
0.0455409455055988	0.176851612457959
0.0453987191209534	0.169159506439061
0.0453828388484769	0.161489430565762
0.0452352383953746	0.153799664008261
0.0452403040059108	0.146096857348947
0.0453482973199305	0.138471830239251
0.0452726874773184	0.130811359537867
0.0457158758284898	0.123083827553869
0.0458051181630961	0.11542745934721
0.0458283437108563	0.107682520486565
0.0456240555584978	0.0999437181953323
0.0454965064462659	0.092188603957835
0.045576502385296	0.0844573348233989
0.0456355212632776	0.0767248137244825
0.046287814809513	0.0681610561566086
0.0462875653447793	0.0601057931889154
0.0546876292879749	0.0536791170745516
0.0647202030711612	0.0558698454527591
0.0758168859964755	0.0576504686903213
0.0868334989161813	0.0598232800298279
0.0979770450376035	0.0622842988018572
0.109675400994308	0.0646243701651658
0.121781486432665	0.0672743941322134
0.134329488471343	0.0700184889714656
0.147391434248243	0.0729295986804398
0.160929051848108	0.0758523462850353
0.175030913796271	0.0789484403511045
0.189660433340422	0.08221194554711
0.204970279629669	0.0853560013922765
0.220864051774159	0.0889422849231643
0.237397575142585	0.0924243954017546
0.254730596151426	0.0961946674648703
0.272616053239565	0.100230684935894
0.291187981875023	0.104292353082501
0.31049643194505	0.108426116023073
0.330597768107689	0.112827782436919
0.351504910259053	0.117127588075665
0.373357891352337	0.122088970249805
0.39607425267408	0.12701194962784
0.419600188366148	0.132272359256856
0.444039057053782	0.137668521838436
0.469445683066401	0.14329910220314
0.495970478354509	0.149107374540384
0.523478575896609	0.154881321823824
0.552104638223402	0.160751018485298
0.581909825923642	0.167146756765582
0.61305897790858	0.175019533986133
0.645288309181287	0.180487483972831
0.678112025490981	0.188800693380603
0.713365981858241	0.197466999063936
0.750207972032635	0.2067854220096
0.789886083712258	0.214822494036874
0.832225162894275	0.221038666658256
0.870935876161844	0.225038876094209
0.954812574861053	0.25
0.0454185352066368	0.448715042294725
0.045568605601827	0.051561986096762
0.0357783147493654	0.458367084393176
0.0354566134684161	0.0417065330612976
0.910587010890374	0.25
1.29528740253949	0.249535421022912
0.996955566365348	0.248360467624589
0.727721720367725	0.271329953982054
0.691972084100223	0.268891477745132
0.654320758831303	0.282439108164428
0.62192722263904	0.2904261126669
0.591857955689953	0.300787812781237
0.560663663256168	0.309755724376712
0.531616045303427	0.31339503909513
0.504258088639823	0.32028082501361
0.477076132963743	0.328311336119448
0.451283879910629	0.334949305114041
0.426637038017233	0.341224057501461
0.402759728539402	0.347673916857291
0.379845522539657	0.353745780091303
0.357752631240387	0.359355554111846
0.336555601839333	0.364799232125791
0.316194204748549	0.370127542395236
0.296680424511671	0.375129657945087
0.277902874425919	0.379972588465531
0.259823767825086	0.384722450796553
0.242388105625184	0.38921877604564
0.225626377308295	0.393569635538046
0.209517178127564	0.397716130819822
0.194083471196159	0.401655233171693
0.179210899996537	0.405521379756739
0.164951695184071	0.409179970483197
0.151248939874379	0.412703227134368
0.138068601712307	0.416105026453841
0.125310375850547	0.419352162625331
0.113024100052412	0.422470941637557
0.1010898685091	0.425235321488505
0.0898248028765518	0.428144404410906
0.0785924138722702	0.430323122287647
0.0684418668459155	0.433611926559363
0.0534108095979871	0.427139599119478
0.0540536612062492	0.419779933135004
0.0546012763674819	0.412420017803559
0.0541989337224791	0.40423413327179
0.0544761578823306	0.396394403238605
0.0546340823106801	0.388542530941865
0.0544101313446042	0.380801328248155
0.0541653730591676	0.373223152543399
0.0536973529330087	0.365309485781338
0.0541901523717595	0.357827438320682
0.0544437761308687	0.350136794254241
0.0542790101117701	0.342394513640264
0.0540239629550291	0.334551414737529
0.0544149355970976	0.326932487701671
0.0542891196397644	0.319185337220778
0.0535970504479724	0.311540852763021
0.0540746772618439	0.303836119094294
0.0541785800461653	0.296234289629643
0.0542771210699132	0.288569309616286
0.0538158546539732	0.28102619251204
0.0537596673597856	0.273384123448391
0.0540632339108294	0.265639384856269
0.0544066737289043	0.257821069146125
0.054244245554183	0.249960118174896
0.0541165595915126	0.242153009167485
0.0538582421545811	0.234424442677015
0.0535890876706926	0.226830725551395
0.0536698213796494	0.219003217930188
0.0540890811252886	0.211429399398914
0.0540414522084176	0.20380434585619
0.053552187402268	0.196283059315822
0.0539172819158195	0.18828549382499
0.0541600896250746	0.180660034492944
0.054320337537149	0.172939221270621
0.0543350238088742	0.16543765660621
0.0536821834834226	0.157503001443159
0.0540935689552805	0.149783270811644
0.0540338749040662	0.142184401657856
0.0535596100977003	0.134699487377588
0.0537453280544284	0.126848110457708
0.0545721823536141	0.119287612178341
0.0548627671587002	0.111556105510638
0.0547326538707996	0.103690915406131
0.0541606932901729	0.0959762364424012
0.0540190494474558	0.0882594693055301
0.0543064606561686	0.0802276105250983
0.0532424034801014	0.0727843584877346
0.068311701822117	0.0661241344559229
0.0788879779602077	0.0688748073073216
0.0898453788314747	0.0716759753112151
0.101097481114465	0.0747142572079611
0.113015640412344	0.0775201329599182
0.125291911648307	0.0806595359881889
0.138054291079595	0.083910977468306
0.151238805193834	0.0873057201140452
0.164954639430834	0.0908306243913736
0.179201337366103	0.0944374714622366
0.194071646172417	0.0983701363108425
0.209515106704557	0.102285498519633
0.22561739579379	0.106430150161865
0.242374574232427	0.110801886784977
0.259804496526782	0.115301344146906
0.277891307970227	0.120024430116652
0.29667607481375	0.124841219007753
0.316199620884859	0.129842219211153
0.336569445172067	0.135132886359971
0.357770954208491	0.140547677413512
0.379863233991033	0.146212805601338
0.402731951098107	0.152331572960454
0.426506953410789	0.158553056483061
0.451245215799578	0.165422449970329
0.476979811676674	0.172195464960706
0.503979846031805	0.179531400649568
0.531403629664033	0.184936305559903
0.560267287486677	0.190412561063343
0.591175533137986	0.199668236933767
0.621028968916691	0.210774419603155
0.652207826244315	0.217747181190802
0.687962049601733	0.226624146307415
0.720272499359465	0.236440641541412
0.763392776275614	0.251944920725668
0.0563407536192867	0.0644851930048719
0.0566244215018035	0.435761986295894
0.811953450934365	0.253430133945995
0.595743480699402	0.265001646683545
0.569939330949745	0.281067009948286
0.54061568594713	0.28145354665971
0.511924638032157	0.287658476546888
0.484032888860119	0.297111933903456
0.457466319382073	0.306183033660959
0.432572512527841	0.313254921136866
0.408407179124361	0.321159450034958
0.385309243533878	0.32819328906095
0.363130429869469	0.334858120308867
0.34168811909686	0.341319309246202
0.321108695336548	0.347668956014748
0.301367910446473	0.353561274959571
0.282404810818691	0.359284101121205
0.264158837692047	0.364871559624765
0.246579936674983	0.370237439356481
0.229709969064113	0.375308789385442
0.213485144610566	0.380216911343231
0.197848971782555	0.384799528824448
0.182829992495725	0.389311148823429
0.168342049604973	0.393583443835972
0.154517345836669	0.397655438664761
0.14119393490794	0.401677666190281
0.128356195472194	0.40554207346917
0.115980971334241	0.409242527213583
0.103941132061135	0.412642261124743
0.0922169284372641	0.415760808938573
0.080802446078566	0.418273192930426
0.0710385080269536	0.42185448821205
0.060900095596349	0.408584412577683
0.0632266423923573	0.400766466758638
0.0640772771530441	0.392775663628471
0.0640165521700047	0.384400760589283
0.0629450043882869	0.376474502454345
0.0607408175909203	0.369258006165326
0.0627148777809526	0.36210757081431
0.0636778131051189	0.354282853736229
0.0637262586025799	0.345943133723454
0.0614299332585559	0.338586330768429
0.0632527593691841	0.331289924061026
0.064068758745743	0.32282462947581
0.0629565801007557	0.314990416681819
0.0608555734165161	0.307609695050324
0.0627851468805271	0.300415908011098
0.0636957824052934	0.29255070851809
0.0631587686178607	0.284294860574081
0.0608111183742542	0.277088610798525
0.0630051685653649	0.269705414532013
0.0633402815763485	0.261914084303792
0.0629960719245895	0.254037219983509
0.0629718997460412	0.24592266031699
0.0633402815805338	0.238085915696648
0.0630051685653644	0.230294585467988
0.0606525710296584	0.222850582650053
0.0628708727974164	0.215266342156605
0.0634359554064896	0.207436340600915
0.0627955263044935	0.199509622188965
0.0606682552113538	0.192313141456762
0.0629565801007554	0.185009583318182
0.0636214121635012	0.176954437118726
0.0630270833314161	0.168702764116262
0.0607132132513434	0.161324983759146
0.062860961253255	0.153642175799615
0.0633917743060123	0.145754991301699
0.062666717833319	0.137923475020392
0.0607106755826165	0.130822155007968
0.0629450043882877	0.123525497545655
0.0641166321952982	0.115815220458912
0.0642976444455522	0.107417665904737
0.0643729594276152	0.0991124082397085
0.061585947193384	0.0912742877806114
0.071358036217846	0.0770163431383514
0.0812894637540146	0.0809258070939583
0.0922563939274032	0.0842260828141351
0.103922221577619	0.0873267218308921
0.115928029558345	0.0907640196889314
0.128301100709817	0.0945021769478347
0.141155419176662	0.0983579564876561
0.154528419385675	0.102337157127868
0.168413421064845	0.106366302505203
0.182847193297221	0.11070885344417
0.19785054994812	0.115190375741524
0.213458304960105	0.119801484219557
0.229686018964263	0.124671061216551
0.246503147321948	0.1298721456783
0.264137597178235	0.135147054003496
0.28239256807696	0.140686295977689
0.301355244560086	0.146330533145303
0.321141091672473	0.152257896362035
0.341746022407488	0.158468987998088
0.363156418633306	0.164850165593284
0.385296714287545	0.171826084106543
0.408366429291171	0.179010057654036
0.432482919588568	0.186953044136231
0.457507928003313	0.19541486269207
0.483859819433323	0.203453237451616
0.512012113691105	0.212871861741299
0.54067167384338	0.218781682152032
0.569776844870575	0.218063861890584
0.596046361397385	0.233889598111835
0.0624899646524367	0.0830478523452339
0.0627949568107148	0.416169138290343
0.62890910336781	0.250571528967377
0.661983013044222	0.249992231951018
0.0620080815514051	0.425824267033466
0.0621240385600546	0.0742002149933355
0.490494113005235	0.266553705298485
0.462329854357881	0.276559038351608
0.437500167516598	0.28317334467344
0.413016447891503	0.293182484987753
0.389620423601284	0.301167249983087
0.367495020337626	0.308647275943396
0.345832930225077	0.316365079528599
0.324964361621256	0.32410099559363
0.305144196953628	0.331214156810575
0.286048902955266	0.337689095432431
0.267692109377334	0.344190669626779
0.250000628951858	0.350345477887013
0.232986969594467	0.356227836777445
0.216713371450761	0.361954736557689
0.200921163713473	0.367215341769859
0.185829743173253	0.372508226729443
0.171312079436911	0.377426421913892
0.157344557120907	0.382155044968987
0.143721126635327	0.386676953820215
0.130629017724474	0.391037869572014
0.118278519711339	0.395441057075349
0.106178487602665	0.399455717368248
0.0942626177745299	0.403240856580391
0.0826145494489788	0.406423251583338
0.0739600528079634	0.388381677832637
0.0737152882566135	0.327488790519662
0.0726688827682059	0.267412777246278
0.0727132151618198	0.257761138793533
0.0703727567191817	0.249999999998502
0.0727132151848119	0.242238861206555
0.0726688827737115	0.232587222757182
0.0734043951777043	0.172639675882304
0.0740012413716078	0.111713701164073
0.0827088337641806	0.0935140781849704
0.0942560309496779	0.0967070174673622
0.105977283011195	0.100483944007352
0.11810137370127	0.10462215510532
0.130482912137624	0.109109757458106
0.143741810899852	0.113293246865497
0.157367937104311	0.117815453986173
0.171328885971373	0.122568181622129
0.185850517483893	0.127481951789172
0.200919793183021	0.132728513862709
0.216699037219862	0.138037289115925
0.233012147364638	0.143621963253365
0.249986165363023	0.149702646235153
0.26766753011371	0.155804999570545
0.286071990687384	0.162210576752299
0.305226549639974	0.168738715636247
0.325197680953035	0.175649836139259
0.345947744456964	0.183010778716038
0.367416432555917	0.190817194887845
0.389614236608192	0.198956322012763
0.413160995709975	0.207604635507387
0.437452246793909	0.217226077427044
0.462301917583929	0.223511584109811
0.491156345287145	0.235335708069662
0.073523407809846	0.102085019129717
0.073246969147526	0.398364055912688
0.0729640803837543	0.149789329082597
0.0729907658475683	0.349601133738803
0.0728855469703429	0.211882576558481
0.0729530840289693	0.288183659280767
0.0715713690315079	0.0900770679621293
0.071649804591972	0.408951990976152
0.561223619463202	0.249937140539093
0.521465138501577	0.250262157677165
0.0728704715772847	0.140368728938355
0.0728554490059947	0.359682750099624
0.0733759509960207	0.121640818643115
0.0736821868784444	0.378293981977837
0.0716793801693801	0.222693951443706
0.0716793801499364	0.277306048556409
0.0712873949892349	0.161238376822134
0.0710350498145366	0.338120786993262
0.0731924365277055	0.202021700567889
0.0735676237921518	0.2987147882528
0.0732010749849044	0.182668629939519
0.0737090254647428	0.316823175538684
0.416821559727668	0.266749367060022
0.392921673847683	0.273862861844644
0.370336537846184	0.280575577619623
0.349211100172979	0.29112911224784
0.328398967911959	0.300418748672481
0.308081166987688	0.308019475736182
0.288744153342621	0.315221077943291
0.270415929083371	0.322485619008968
0.252592865876022	0.329689195717888
0.23553266319375	0.336530676381374
0.219178349915179	0.343037457566032
0.203384464387168	0.349132377323951
0.188198869393259	0.355096369907851
0.173471263022699	0.36071760342775
0.159516461619483	0.366085826465223
0.146084414144383	0.371322836583857
0.132589480263862	0.376572436473877
0.119510237333601	0.38112955715436
0.106674585943838	0.385449401787742
0.0951199356241774	0.390191454389019
0.0844985749577778	0.382385984792467
0.083573894121215	0.320739671009283
0.0824805403574809	0.332896709547276
0.0823750083489213	0.272475214666293
0.0826063530540117	0.261821055861993
0.0825499672415574	0.238319774282235
0.0822929785521554	0.227780661094081
0.0833731587612719	0.178845703859302
0.0826134879956595	0.166683193711069
0.0842401870626054	0.117376859722223
0.0953622960076851	0.109644908246949
0.107055149878578	0.114718560475329
0.119359297589861	0.119292543455858
0.132548387907919	0.123626647555686
0.14598021046434	0.12861462132636
0.15951646132635	0.133914174522924
0.173581402315484	0.13925474496567
0.188221621127613	0.144901549209496
0.203383424758312	0.150833668459944
0.219150228990724	0.156952298089089
0.23557115792404	0.163763198626035
0.252562314584007	0.17044496797406
0.270329721407519	0.177398832334498
0.288855811285271	0.184584145953186
0.308156398761271	0.191985364133521
0.328154217202929	0.20032925749183
0.348877363640077	0.209292456187939
0.370433908769845	0.219080930345265
0.392964771653766	0.225696383722122
0.417375889053348	0.237661580503265
0.082045865933775	0.15526558922885
0.0838157212237906	0.143457925633136
0.0828882531520167	0.356252333188099
0.0822865592877379	0.344012223029702
0.0820169931130602	0.216994473726325
0.0834833421370381	0.205915135084292
0.0832215127650024	0.294256087095557
0.0820169930795122	0.283005526276786
0.082618964339254	0.131101306923855
0.0823771942879863	0.368854756701482
0.0831302437387856	0.192526052604346
0.0834173467244279	0.307158098593576
0.468754263161318	0.250093098544038
0.0839478588730743	0.105301945278163
0.0840848549535836	0.394756205671022
0.441300388493351	0.25000000053708
0.0819224767904318	0.250000000010248
0.351091230479407	0.264003755608972
0.330744162125844	0.275656014310869
0.310203311800808	0.284456410844497
0.289713540028178	0.29143784808307
0.271935998836742	0.299994120198365
0.254255115021452	0.308165416755309
0.237166824438706	0.315925497101325
0.220765660291878	0.323360360100325
0.204960156308937	0.330355347439195
0.189775996740896	0.337069375718344
0.175212108797429	0.343417220969507
0.161125067560363	0.349521917916221
0.147457516282536	0.355343157469853
0.134649704482223	0.361660769030788
0.121321465520134	0.367020331449771
0.10768682088489	0.371312817650058
0.0932998122950482	0.327722996634758
0.0941211568340141	0.315778129345693
0.0932221557994738	0.339955690116713
0.0929958979719793	0.267279305462286
0.0923883249950123	0.277675104217457
0.0930580543798366	0.255692947770193
0.0928977193254062	0.244395349862369
0.0930613126599572	0.233345716896595
0.09257483494146	0.223032240379576
0.0941626635680771	0.184258531766759
0.0931472114468058	0.172424377297884
0.092381518323468	0.160416033924347
0.107552850723846	0.129044610580986
0.120930191629942	0.133280731772393
0.134183587263354	0.138341249639723
0.147457515985693	0.144656843497293
0.16113141202817	0.150484535687126
0.175211870523413	0.156581594377575
0.189775773237507	0.16292350422488
0.204959368644886	0.169602161107464
0.220753959617454	0.176544754809735
0.237109573337916	0.184344490960025
0.254139898346569	0.192175026902968
0.271843166046664	0.200209655564526
0.290550507543376	0.207671274651612
0.309936871330693	0.216001410377059
0.329993010000766	0.225509067532781
0.350525470376298	0.236607644281742
0.0912376375567869	0.149807781543181
0.0959135447393897	0.138440032494034
0.0951179980314751	0.361125480635898
0.0913989220171486	0.350245951314086
0.0926696363094593	0.211671320117477
0.0937561365164953	0.200996090006333
0.0927553448996127	0.288558524074306
0.0944026206267276	0.298740021201617
0.397654843563937	0.250000000431891
0.0952914345896824	0.123534594329174
0.0952454689247384	0.376217162307442
0.373220335517927	0.250000000441273
0.290753403306472	0.269622620596088
0.272316237747147	0.275678380131445
0.254896782993117	0.285332549963094
0.237873586901413	0.294426882462509
0.2215117491615	0.302858567513326
0.205681636957138	0.310939704034398
0.190548700877095	0.31846533885525
0.17598047762691	0.325594236004823
0.162021691234802	0.332532280066789
0.148620091701647	0.33926619649823
0.13609296643076	0.346692787127438
0.12339164667683	0.353102908299689
0.104154354095189	0.321907853463062
0.10300968777319	0.335719492203556
0.105803859320144	0.307239276676947
0.103860956949691	0.262034604642682
0.104096339881583	0.273467210484446
0.101534882276244	0.28321111771662
0.103614932401212	0.250211301441959
0.10405277066286	0.238599417028191
0.103674499155718	0.227230086026467
0.101159658861767	0.217278533307339
0.105668279427223	0.192909131580718
0.104383893221556	0.178081056966564
0.10261949486547	0.164702349254026
0.122783932283314	0.147380521299729
0.135476171811613	0.154051847727136
0.148408731313714	0.160884218638267
0.161911388565738	0.167540778502032
0.175980997341432	0.174403746270056
0.190552155253222	0.181523798974687
0.205672513796604	0.189035008452206
0.221479887087044	0.196968318192218
0.237956567038363	0.205407377508572
0.255067484813424	0.214396551552759
0.272562929030967	0.224277382222919
0.290757268974241	0.23037710138205
0.104333891097571	0.206989055095588
0.104605755943077	0.293204318770024
0.31249147289449	0.262167150890118
0.3121254861043	0.238937594866559
0.331312771817317	0.250080752848099
0.101417335146203	0.151474967864869
0.103094773989257	0.349264129582077
0.109711572476183	0.358168050869028
0.109975343793616	0.142154678647424
0.255119896480829	0.26209289839202
0.238065849321649	0.272543904628538
0.221473132683429	0.282179734999307
0.205524883318365	0.290982860802851
0.190498672178864	0.29914553390154
0.175975990671333	0.307403882626492
0.161992747291919	0.314889678349047
0.148503430050387	0.322190603911751
0.135819726003734	0.330271272999042
0.113387887292617	0.330996246194693
0.116417938356708	0.317438605371768
0.116807758995495	0.296606853263798
0.114765703293265	0.256247408499115
0.114807392442347	0.268888414520603
0.11468388115907	0.244099144086004
0.11474261690263	0.231626325683596
0.116837723868304	0.183377229581292
0.116807759034731	0.203393146747826
0.113061611689936	0.169382868953652
0.135558766830545	0.170002538946093
0.148503429781634	0.177809397026418
0.16199274700438	0.185110322596829
0.175975990382295	0.192596118308701
0.190408841236365	0.200680628799264
0.205449056028	0.209063890094596
0.221404305224005	0.217986580924445
0.237992899159397	0.227702195734914
0.255399815445169	0.23805320064437
0.124076641504943	0.338540704900304
0.123629881514227	0.161861723062251
0.295771690972635	0.250129889267026
0.27386963375656	0.250000000464283
0.112858879999083	0.345640653852496
0.112372340271658	0.155436886619109
0.113828823777092	0.217675306305068
0.113778815296942	0.282836142949588
0.220861549665974	0.260634632942026
0.2046675446588	0.270536499550103
0.188861052786442	0.279708764622549
0.174282196066126	0.289128938060729
0.160222702179906	0.298161586852281
0.146493247032186	0.306390319792016
0.131999649336393	0.314561917908342
0.128317861087352	0.286862937736563
0.126274577184084	0.250089778930089
0.125947553535171	0.262110841949978
0.125772755525379	0.275129559275069
0.126098096210607	0.238132886966
0.126370651895447	0.225380766764518
0.128989370724001	0.213218560564487
0.131985448534181	0.185232427635553
0.146466122604868	0.193575445226024
0.160245512658571	0.201705417467316
0.174214954473092	0.210662197842625
0.189046270846212	0.220013882955357
0.204329094747284	0.229474144554411
0.220805325638715	0.239587659430074
0.238037237127481	0.250043557585639
0.124395726457902	0.326204573427967
0.123928461970392	0.174463644873291
0.120284030051764	0.306653937414163
0.120281941529131	0.193383371894239
0.186104374825675	0.260014079659046
0.170995104002926	0.27040315560763
0.157728884951623	0.281145319466083
0.144039483668355	0.291211412120857
0.141034384901914	0.278337034581017
0.139037672827364	0.24402078139069
0.138852676665079	0.256279356746413
0.1368869613787	0.267451374048108
0.136874829213045	0.232712063570289
0.141347644434768	0.221832087712141
0.144208337881794	0.208555801911211
0.157687528038812	0.218516708612945
0.171232951091056	0.229533993002347
0.186215365758745	0.240128561486616
0.203629715020842	0.250055888069399
0.131343495195132	0.201350777288045
0.13134349537642	0.298649223142352
0.150200784857145	0.250053144922097
0.166607758516235	0.250279621906947
0.15230272264582	0.265058424039434
0.152727440604387	0.235061604704984
1.69253142528682	0.250525562929269
0.00784885693824141	0.494024386357467
0.00784538758186131	0.00596675599312918
1.93328543117878	0.0812154929882816
1.9332701755068	0.418809089397207
0.0711107346474526	0.307400861568112
0.0701821296052363	0.192657540874168
0.0940546334312575	0.307211870501852
0.0937711086592075	0.192619749594569
0.0701016768285582	0.368777242329952
0.069981264604036	0.131031154434936
