0	0
0	5.6
5	5.6
5	0
0.945	4
1	3.945
1.055	4
1	4.055
0.945	3
1	2.945
1.055	3
1	3.055
0.945	2
1	1.945
1.055	2
1	2.055
0.945	1
1	0.945
1.055	1
1	1.055
1.0475921684008	2.97243216535689
1.02757223862221	2.95241038288282
1.0475921684008	1.97243216535689
1.02757223862221	1.95241038288282
1.0475921684008	3.97243216535689
1.02757223862221	3.95241038288282
1.0475921684008	0.972432165356888
1.02757223862221	0.95241038288282
1.02756783464311	2.0475921684008
1.04758961711718	2.02757223862221
5	0.2
5	0.399999999999999
5	0.599999999999999
5	0.799999999999999
5	0.999999999999999
5	1.2
5	1.4
5	1.6
5	1.8
5	2
5	2.19999999999999
5	2.39999999999999
5	2.59999999999999
5	2.79999999999999
5	2.99999999999999
5	3.19999999999999
5	3.39999999999999
5	3.59999999999999
5	3.79999999999999
5	3.99999999999999
5	4.19999999999999
5	4.39999999999999
5	4.59999999999999
5	4.79999999999999
5	4.99999999999999
5	5.2
5	5.4
0.972432165356887	2.9524078315992
0.952410382882819	2.97242776137779
4.8	5.6
4.6	5.6
4.4	5.6
4.2	5.6
4	5.6
3.8	5.6
3.6	5.6
3.4	5.6
3.2	5.6
3	5.6
2.8	5.6
2.6	5.6
2.4	5.6
2.2	5.6
2	5.6
1.8	5.6
1.6	5.6
1.4	5.6
1.2	5.6
1	5.6
0.800000000000001	5.6
0.6	5.6
0.4	5.6
0.2	5.6
1.02756783464311	3.0475921684008
1.04758961711718	3.02757223862221
0.972432165356887	3.9524078315992
0.952410382882819	3.97242776137779
1.02756783464311	4.0475921684008
1.04758961711718	4.02757223862221
1.02756783464311	1.0475921684008
1.04758961711718	1.02757223862221
0.972432165356888	1.9524078315992
0.95241038288282	1.97242776137779
0.972432165356887	0.952407831599201
0.95241038288282	0.972427761377787
0	5.4
0	5.2
0	5
0	4.8
0	4.6
0	4.4
0	4.2
0	4
0	3.8
0	3.6
0	3.4
0	3.2
0	3
0	2.8
0	2.6
0	2.4
0	2.2
0	2
0	1.8
0	1.6
0	1.4
0	1.2
0	1
0	0.800000000000002
0	0.600000000000001
0	0.400000000000001
0	0.200000000000001
0.952407831599201	2.02756783464311
0.972427761377787	2.04758961711718
0.2	0
0.399999999999999	0
0.599999999999999	0
0.799999999999999	0
0.999999999999999	0
1.2	0
1.4	0
1.6	0
1.8	0
2	0
2.2	0
2.39999999999999	0
2.59999999999999	0
2.79999999999999	0
2.99999999999999	0
3.19999999999999	0
3.39999999999999	0
3.59999999999999	0
3.79999999999999	0
3.99999999999999	0
4.19999999999999	0
4.39999999999999	0
4.6	0
4.8	0
0.952407831599201	3.02756783464311
0.972427761377787	3.04758961711718
0.952407831599203	4.02756783464311
0.97242776137779	4.04758961711718
0.952407831599202	1.02756783464311
0.972427761377788	1.04758961711718
1.08259964092788	3.02230955484808
1.0836041088168	2.97780399805548
1.0596065988477	3.06003597036564
1.02171199707554	3.08232477518256
0.977770900910811	3.08253030125908
0.941303519054876	3.05891041335901
0.919242116997281	3.02169867611659
0.91912330979763	2.97826793392939
0.940085968171391	2.93965572768784
0.978293316536151	2.91813946054689
1.02183301912883	2.9187930961005
1.06064151366667	2.93996882650493
4.69668057722791	0.156960678728366
4.51149601438718	0.182358891794404
4.30822897838451	0.168945445128098
4.09999999999999	0.173205080756889
3.89999999999999	0.173205080756887
3.69999999999999	0.173205080756887
3.49999999999999	0.173205080756888
3.29999999999999	0.173205080756888
3.09999999999999	0.173205080756887
2.89999999999999	0.169788849207061
2.69999999999999	0.168921962480523
2.49999999999999	0.168921962480523
2.29999999999999	0.168847031895311
2.1	0.160652172013623
1.9	0.160652172013623
1.7	0.160652172013623
1.5	0.160258273385792
1.29973602220764	0.156577048343455
1.09964862152302	0.154169973583709
0.897941188930179	0.157698060662025
0.694695251778466	0.163850827623592
0.480319540718451	0.178736413360331
0.298120963836897	0.162807060554022
0.155908259344849	0.302669648802584
0.179161487599956	0.480924301153568
0.163597264931745	0.69049270759402
0.15535797271723	0.897115651707993
0.156237692162166	1.09971581443125
0.152323256154117	1.2996315990771
0.155011178268699	1.49974948472502
0.155965220202042	1.69990030641144
0.155804372238165	1.89992910488731
0.156179000461363	2.09984464827449
0.156077493231404	2.29995338554076
0.154979246236545	2.50004569120659
0.152477984127891	2.7001333427333
0.153043079067429	2.90001386242395
0.153687226720157	3.09996564291496
0.156281959378527	3.30001682361584
0.155479477636504	3.49978018184785
0.156474836340459	3.69980058676068
0.156428744794655	3.89965850041183
0.156214225934158	4.09910348395628
0.154584133912934	4.29539974794855
0.160325622054039	4.49738499984911
0.165258368154565	4.7
0.173205080756888	4.9
0.184810547665684	5.1148871814522
0.160449176072294	5.30108889976681
0.303319422772089	5.44303932127163
0.485205101085719	5.41396451561616
0.699999999999998	5.42679491924311
0.899999999999999	5.43495172071366
1.1	5.43495172071366
1.3	5.43493815289042
1.5	5.43493815289042
1.7	5.4348353316116
1.9	5.4348353316116
2.1	5.43467324313627
2.3	5.43467324313627
2.5	5.43467324313627
2.7	5.43467324313627
2.9	5.43060103944497
3.1	5.42679491924311
3.3	5.42679491924311
3.5	5.42679491924311
3.7	5.42679491924311
3.9	5.42679491924311
4.1	5.42679491924311
4.3	5.42679491924311
4.51235728065798	5.41671612139561
4.70108889976681	5.4395508239277
4.84303932127163	5.29668057722791
4.82006678356982	5.11368926641157
4.82679491924311	4.89999999999999
4.82679491924311	4.69999999999999
4.82679491924311	4.49999999999999
4.82679491924311	4.29999999999999
4.82679491924311	4.09999999999999
4.82679491924311	3.89999999999999
4.82679491924311	3.69999999999999
4.82679491924311	3.49999999999999
4.82679491924311	3.29999999999999
4.82679491924311	3.09999999999999
4.82679491924311	2.89999999999999
4.82679491924311	2.69999999999999
4.82679491924311	2.49999999999999
4.82679491924311	2.29999999999999
4.82679491924311	2.1
4.82679491924311	1.9
4.82679491924311	1.7
4.82679491924311	1.5
4.82679491924311	1.3
4.82679491924311	1.1
4.82679491924311	0.899999999999999
4.82679491924311	0.699999999999999
4.81619435932478	0.488612163233032
4.8395508239277	0.298911100233185
1.02209521784702	2.08222232517328
0.977924922142252	2.08133304365703
1.05922393827439	2.05890210241521
1.08280311039656	2.02160913978913
1.08118182498295	1.97774850306356
1.05889541854769	1.94060189868707
1.021516876677	1.91795809949134
0.978274052017235	1.91881071401146
0.940922445846922	1.94061065100761
0.919124076748057	1.97827286057162
0.919252495576437	2.02171648594879
0.94138127901735	2.05895181254416
1.08173447015902	4.02112496384086
1.08089607356183	3.9776402523633
1.05953372400014	3.9397394326606
1.02168197989515	3.91760014982754
0.980011711997991	3.91799019557406
0.943137930160489	3.93731431892261
0.922266115296457	3.96966867142873
0.923895787353354	4.02877091090349
0.94663539519631	4.05634321987476
0.977328251602724	4.07932243706913
1.02126811106074	4.08154063741513
1.06175286809779	4.06159305930963
0.978387959946257	1.08189525132304
1.02179392984264	1.08193137356438
0.941118704411205	1.05940993058807
0.917722548910155	1.0222442904195
0.918433071898567	0.978197031063918
0.939127213337019	0.941585787791904
0.974827021353253	0.91932556786211
1.01269736950329	0.920115869272145
1.06295737655563	0.947679559657518
1.08099302266233	0.980869952676454
1.08082083193756	1.02255571718633
1.05981773013416	1.06079573418088
0.136602540378444	0.136602540378444
0.136602540378443	5.46339745962156
4.86339745962156	0.136602540378444
4.86339745962156	5.46339745962156
1.11416687698072	3.00030558971825
1.09722499517435	3.05421557800411
1.09821529576232	2.9431847600673
1.05679167462593	3.09870564900406
0.999786592637726	3.1109782830499
0.946032383102383	3.09474473741492
0.906611702922405	3.05411036540017
0.893100381886695	3.0000439796485
0.906080484890929	2.9456083242025
0.945721684236077	2.9049843764463
1.00058348157934	2.890672253062
1.0568052612018	2.90134715804212
4.40596614228483	0.332169759213252
4.19999999999999	0.346410161513777
3.99999999999999	0.346410161513775
3.79999999999999	0.346410161513775
3.59999999999999	0.346410161513775
3.39999999999999	0.346410161513776
3.19999999999999	0.346410161513775
2.9970416292953	0.344691940881009
2.79926518208626	0.33888572422033
2.59999999999999	0.337396292300412
2.39993688269208	0.337353241254371
2.19309740162442	0.333211259023182
2	0.319634916909794
1.8	0.319306304772149
1.59944154260035	0.316345918030487
1.39827959199451	0.312485812611578
1.1985704037613	0.309290026890263
1.00018741914803	0.313856632095815
0.794424825108634	0.314804329385902
0.583346134932133	0.333092992603452
0.33519360204161	0.585435418294717
0.315641318634492	0.797745057924016
0.309403240835337	0.999366531334401
0.306549372929914	1.19905946555733
0.309858132736929	1.3991195589185
0.308801531194021	1.59974976733016
0.304507538930078	1.80021669151932
0.311123148492111	1.99966135441559
0.305703244903759	2.19906558492312
0.309285643569373	2.39992551942184
0.310094330260808	2.60046610972131
0.304786089874177	2.80048937305072
0.305618614905558	2.99968699012065
0.308375581372579	3.19944013112574
0.310287349898035	3.39934308664587
0.310675622997401	3.59921499169762
0.30882884260564	3.79867671772494
0.30876132207834	3.99750886819559
0.306699151871494	4.19243149572531
0.313917824375676	4.39338770295299
0.326290478766145	4.59591376714345
0.32990472151371	4.7905870149379
0.346410161513777	5
0.592868568948977	5.25883729383193
0.804917889673973	5.26997339875455
0.999999999999998	5.27102401210211
1.19998887922895	5.27101634111273
1.4	5.27100968498085
1.59991565013403	5.27081590605846
1.8	5.26771974069197
1.99986684088104	5.27045004713941
2.2	5.27037318084513
2.4	5.2701180592716
2.6	5.27002852085449
2.79655836185955	5.26360639522039
2.99670404190311	5.25550544090165
3.2	5.25358983848622
3.4	5.25358983848622
3.6	5.25358983848622
3.8	5.25358983848622
4	5.25358983848622
4.20057426483168	5.24529055143805
4.40603111763081	5.24837443706362
4.65410525964155	5.01404791327168
4.6529627856621	4.80569516562236
4.65358983848622	4.59999999999999
4.65358983848622	4.39999999999999
4.65358983848622	4.19999999999999
4.65358983848622	3.99999999999999
4.65358983848622	3.79999999999999
4.65358983848623	3.59999999999999
4.65358983848623	3.39999999999999
4.65358983848623	3.19999999999999
4.65358983848623	2.99999999999999
4.65358983848622	2.79999999999999
4.65358983848623	2.59999999999999
4.65358983848623	2.39999999999999
4.65358983848623	2.19999999999999
4.65358983848622	2
4.65358983848622	1.8
4.65358983848622	1.6
4.65358983848623	1.4
4.65358983848623	1.2
4.65358983848623	0.999999999999999
4.64375345605481	0.799447704677558
4.64385856872188	0.592263315308533
0.999631714149013	2.11108265704715
1.0548435562182	2.09512097286703
0.945797363096849	2.09528934583427
1.09556903020332	2.05380350225404
1.11306795221228	1.99846895620503
1.09264808633994	1.94547611059729
1.05621711101212	1.90222324629053
0.999825710734628	1.8907776044877
0.946171855686688	1.90521753932388
0.906080662319717	1.94561022999325
0.891015007078367	2.000076502439
0.90722309968013	2.05482936670048
1.09819099341991	4.05515276029985
1.1105131979075	3.99928107751232
1.0945057492125	3.94479654194742
1.05576962222987	3.90288203526304
0.999555192299922	3.8895253591016
0.946484206322838	3.90389134241367
0.909674429045258	3.94203203736379
0.903837242485522	3.99918788121014
0.912564679246878	4.06243340082378
0.939019095373977	4.08920723908595
0.997688584193791	4.11190519696703
1.05627374438841	4.09734616718542
0.999174327463788	1.11136162583418
0.94595412051763	1.0946848806248
1.05652032585106	1.09852730500341
0.906893776567258	1.05558746903631
0.891088858455437	0.999616595163838
0.905560355730084	0.946466712332922
0.943506578305122	0.905884539198583
0.996554281660686	0.891416825508199
1.04610166666003	0.917516826598062
1.09572807876436	0.949626611622455
1.10639327459714	1.00038763568768
1.09806400981332	1.05453173702878
0.372025154509877	5.22844225891464
4.63107356432899	0.368926435671005
4.63107356432899	5.23107356432899
0.367634638094458	0.367634638094457
4.31009581866948	0.520992001650002
4.10572423492849	0.518987528582855
3.89999999999999	0.519615242270662
3.69999999999999	0.519615242270662
3.49999999999999	0.519615242270663
3.29999999999999	0.519615242270663
3.09704148886077	0.520290863839274
2.89318730468943	0.510948522918516
2.6983763450292	0.50620917395704
2.49993279084911	0.503046688929353
2.29313675448199	0.504089742237624
2.08480280566231	0.493485895772521
1.89226719730668	0.48085170787013
1.69737389114798	0.475041216867032
1.49334482681308	0.469305781866773
1.296921139835	0.463989152816614
1.09694592254527	0.461806790347836
0.90253563432421	0.458918611601372
0.708691380107626	0.472631274961837
0.47490640708826	0.70877914811888
0.459508421587095	0.904583020527963
0.457868262032297	1.09994255346887
0.459779060434774	1.2970485232243
0.462947786741994	1.49909333689096
0.456406547535492	1.70066003364538
0.453823809137759	1.90006804036106
0.454584112724898	2.09790257170331
0.458636543546034	2.29794605041814
0.462807090685829	2.50213717021652
0.457644166066152	2.70196057647476
0.451695812272422	2.90009471544695
0.454989410717815	3.09870547314164
0.458927299848997	3.29693346270128
0.466014246055699	3.49956274378499
0.459961050057806	3.69741408392852
0.457559171155763	3.89501938270672
0.456583333953373	4.092659769771
0.460881381796261	4.28198350313664
0.475350578008485	4.48471017505116
0.496651831741887	4.68518715909143
0.504753904722596	4.86379353266225
0.720395751632883	5.10297497904923
0.910871087282347	5.10497722325258
1.10423184534428	5.11121965745675
1.30158119441846	5.11317717010715
1.49980024683655	5.10834426638975
1.69743641869041	5.10632628250291
1.9021638342013	5.10581173729135
2.09987068286613	5.10706473904982
2.29979161482894	5.10688415425237
2.49992678794967	5.10654113772649
2.69275437173195	5.0977227521128
2.88975624656602	5.08970029948654
3.09670384800674	5.07963300436661
3.3	5.08038475772934
3.5	5.08038475772934
3.7	5.08038475772934
3.9	5.08038475772934
4.08578399172335	5.07258542426107
4.30373230267802	5.05155422926065
4.47816237731433	4.91187645547634
4.48024391567027	4.70679981836814
4.48038475772934	4.49999999999999
4.48038475772933	4.29999999999999
4.48038475772934	4.09999999999999
4.48038475772934	3.89999999999999
4.48038475772934	3.69999999999999
4.48038475772934	3.49999999999999
4.48277670377961	3.29999999999999
4.48277670377961	3.09999999999999
4.48277670377961	2.89999999999999
4.48277670377961	2.69999999999999
4.48277696128341	2.49999999999999
4.48277696128341	2.29999999999999
4.48038475772934	2.1
4.48038475772934	1.9
4.48038475772934	1.7
4.48038475772934	1.5
4.48038475772934	1.3
4.47009910772141	1.10310466884419
4.46863270294429	0.91034876020481
4.44661593626847	0.69688425069013
0.506415015960888	0.507481269474789
4.49397828780337	5.09179201320232
0.524787630343044	5.07521236965696
4.48804438755203	0.503197146888799
0.915567576762625	1.08939577094384
0.914496321434028	2.08948317183182
0.914642789934815	3.08824898716006
0.915549756822059	1.91138639957859
0.914944157388402	3.91046676671814
0.915127604770476	2.91124147360833
1.11771795003844	1.02806002103711
1.11435173099781	1.96346353072064
0.904910672070512	4.09751010944746
0.881019655588109	0.968730045723987
0.883002194492176	2.96742242476696
0.884835448191751	3.9660354426015
1.02876151227404	0.882753863631714
0.881878932351451	1.96783122368981
1.11620392231523	4.02955728122993
0.967122306446102	0.880424725679288
0.882673205753645	2.03250961286655
0.883957704287409	3.03303205204736
0.882396975978344	1.0334872026197
0.88660894583726	4.03259685528772
1.08377156772112	0.92020654154394
1.11863331800392	0.968448355124308
0.911362514942371	0.912072631958318
1.03078132213099	4.11329690617052
0.962312899838143	4.11795434035841
1.11724173202202	3.03130060103463
1.08299680389299	4.08264386138424
1.11943846100682	2.9680288107228
1.11925277982474	2.02971616135766
1.03120304986198	2.8824889329894
1.03086131800547	3.88181828368671
1.03144552706437	2.11765643041957
1.03136820219286	3.11794645796537
1.03128644709033	1.88232190958894
1.1104267920031	3.96892003280178
1.03108147085793	1.11828923599571
1.08311598617386	2.08343642054683
1.08615599491733	3.08566015192959
1.08781368498436	2.91231261305758
1.08660773050913	3.91319340859915
1.08573356728915	1.91580061697526
1.08618496434797	1.08586601864459
0.965434407677254	2.11986464681693
0.966185741868943	3.11764285976591
0.964583776208763	1.11873313874366
0.965217526545312	3.88051255859122
0.965663393686581	2.88217954348701
0.965686104773414	1.88211930098304
1.14589629883473	2.98610289084613
1.14510415496324	3.01407447654282
1.11183264360967	3.07883886706058
1.13135379872447	3.06067268844085
1.11993804551855	2.91556080808578
1.13507472431652	2.93850124522606
1.08410821634662	3.116071313502
1.05996152315598	3.13082186946578
1.01201765038038	3.14175666580488
0.986430776260507	3.13756493445877
0.985908926999098	2.86336412722951
1.0109567097041	2.85761757029917
1.08394168217616	2.88041357817668
1.05935338177711	2.86668169661096
1.0121420929896	2.14326253427518
0.986359002389877	2.13914487326491
1.08445133733953	2.11708430611285
1.06103320764978	2.13124346285427
1.1110824110563	2.07790859372631
1.12883149072412	2.05776967604869
1.1436408343133	1.98027934717084
1.1467574481536	2.0104624206124
1.08569014479515	1.88218918962995
1.06177623876611	1.86687372769215
0.985936876756979	1.86275704715794
1.01115875869835	1.85804151447444
1.1164389188011	4.08196785731338
1.13351552951559	4.05988957666729
1.14440650747862	4.00787238332146
1.1390969011133	3.97700373010769
1.11880275614466	3.91884065062935
1.12854966978912	3.94522608829916
1.08422098322228	3.8804698609848
1.06024020998666	3.86724903363317
0.9854360375847	3.86047340970056
1.0104538810334	3.85694074135621
0.981433328396983	4.14434355936693
1.01360659347336	4.14218418467659
1.08262520899526	4.11619118555161
1.06030858628005	4.129259966734
0.984928152171163	1.13885094357906
1.01073785925263	1.14284664939362
1.08371022474561	1.1172994308552
1.06066340253417	1.13261915966571
1.11446228961762	1.0802928644041
1.13343173288758	1.05967862856573
4.0119136338334	0.691115092870977
3.80361397691184	0.688100381304757
3.59999999999999	0.692820323027551
3.39999999999999	0.692820323027552
3.19910243697888	0.694695037428366
2.98722126585437	0.687851447502402
2.79163419646527	0.679067131601647
2.59652088510808	0.669889545966632
2.39086600842147	0.670529764591041
2.1833833294206	0.664472351591666
1.97599374953386	0.649469453369069
1.78850064789076	0.634474160518633
1.59392724278265	0.631196623278556
1.396433628807	0.616860379425442
1.19624379330705	0.610729198316015
1.00337185864618	0.614123187912357
0.822296796184449	0.606271913677318
0.604634962890516	0.820363802765617
0.608163814608679	0.999996792498327
0.603322066038064	1.19547920488916
0.618108308791086	1.38994364562924
0.617320810096837	1.60654453678041
0.599911230445504	1.79811101199594
0.593782493358495	1.99843291778551
0.600760053374036	2.19926514107145
0.61823432430979	2.38856621237656
0.62222884973534	2.61384668155243
0.594521616423228	2.79769471136523
0.593756976996489	2.99845769019342
0.601938111926412	3.19935257649812
0.618234419256172	3.38856750532058
0.621580252633689	3.61340682731209
0.601782423244775	3.79171519622598
0.600388964296916	3.98427267756302
0.5966708800758	4.18226837074737
0.619796418560139	4.37391433132556
0.638520052723198	4.57660884797773
0.694987145059473	4.78038246256009
1.00737660011321	4.95339710940689
1.20499298181522	4.95527791553454
1.39980405303358	4.94735875757906
1.5969710005524	4.94599977811715
1.79876760095476	4.94483224189545
2.0020425728532	4.94465740935336
2.19968461053982	4.94474553558208
2.39958069695553	4.94421746321239
2.58859331635287	4.93272609619081
2.78436345618861	4.92447301265084
2.98463257354211	4.90793332399394
3.19899873751005	4.90509154314753
3.4	4.90717967697245
3.6	4.90717967697245
3.8	4.90717967697245
3.98796101326707	4.89299357475398
4.30453865806778	4.61100436813266
4.30717967697245	4.39999999999999
4.30717967697245	4.19999999999999
4.30717967697245	3.99999999999999
4.30717967697245	3.79999999999998
4.30717967697245	3.59999999999999
4.31090045878354	3.39795870998799
4.31208802990265	3.19999999999999
4.31208802990265	2.99999999999999
4.31208793234515	2.79999999999999
4.31208806135813	2.59999978023495
4.31208823482606	2.39999999999999
4.31090538891946	2.20204145233665
4.30717967697245	2
4.30717967697245	1.8
4.30717967697245	1.59999999999999
4.30717967697245	1.4
4.30717967697245	1.2
4.28772823699828	1.00188232603247
4.31391161606777	4.83264864449415
4.22846979444331	0.683249457704973
0.818713566435869	4.9419985610561
0.640416768462878	0.637015469279288
0.654492694627635	4.9498814022967
1.12796524577874	0.927990356842433
0.874627404668262	0.927390021853348
0.926439226855686	0.874546844309189
1.06284118048156	0.883733546108843
0.876832819897082	4.07217083160815
0.879540015207295	3.92678301545696
0.878341990559259	1.92788905849714
0.878188591905964	2.92772269367148
0.879093024600071	1.07305274704209
0.878584001874436	3.07230957478063
0.878584001874493	2.07230957478057
0.860575043409949	3.99969551013298
0.858845532074207	2.00038509593047
0.861534024083809	3.00026901640603
0.857949081820002	1.00210356656769
0.998265774341017	0.856203596932373
0.929031041356317	2.12861438766042
0.929835937370459	3.12759278392308
0.929800091191437	1.12824876247327
0.928368640930638	4.12593721106781
0.929751319694829	1.87180019638322
0.92950949070051	3.87129358892951
0.929323517197643	2.87275880500186
1.13683080780255	0.999036764011978
1.17503145816722	2.99927051808379
1.14540471157944	3.09291889769922
1.15277195445861	2.91163366830066
1.08742187562664	3.14897305062928
0.992100548425237	3.16911575387349
0.989575533459549	2.8284247316891
1.08655350935091	2.84773466353258
0.992094886901703	2.17329925907991
1.09021791688954	2.15030449491855
1.14387709935758	2.09009606370225
1.17621095771873	1.99439625946664
1.14693843765194	1.90974728959839
1.08765557403033	1.84799529901597
0.989762177161752	1.82958319990189
1.12078001397297	4.12031389114501
1.15235803433568	4.09244117607473
1.16737812169913	4.05726818005694
1.17176385454754	3.98710354041371
1.16690212751394	3.95262685841211
1.15276789500046	3.92026951647454
1.08671016381995	3.84638199748567
0.98971752627771	3.82966962414674
1.0029221627019	4.17274195530634
1.04483028504763	4.16602166538519
1.08731748287513	4.15484776986035
0.989347641820931	1.17008503525415
1.08713320808002	1.15037898334391
1.14767337487472	1.09722574843694
4.12094711502922	0.879545857224962
3.89995034152246	0.84968694818335
3.70366421416573	0.872145865084986
3.50627480778263	0.883421062910511
3.30117183918142	0.867426132051647
3.09128779244213	0.866143081307414
2.88175476688065	0.854301574124519
2.68617467336575	0.842491440817431
2.48616368809662	0.840366344535232
2.27988858306114	0.839956437587971
2.07541455261905	0.825327922671463
1.87401557951081	0.805251135013062
1.6901429302003	0.789833351404408
1.49161953584069	0.784078291981635
1.31053602444931	0.755026934722962
1.09733076339362	0.719182656959576
0.892991025268549	0.733104861597153
0.729120599768316	0.891928254397313
0.710352544883242	1.12606556959805
0.778913116330741	1.26054256393744
0.758351352610369	1.50001419253306
0.78552268340901	1.73839148774377
0.701580438399666	1.87064963208527
0.70801936092632	2.12992216686574
0.778672417423738	2.26078174698652
0.758351352638422	2.50001419253306
0.784193557927964	2.73805172201779
0.701580438398789	2.87064963207464
0.708019360904338	3.12992216690811
0.779553707733128	3.25757159380929
0.758351352638421	3.50001419253306
0.785769223490806	3.73830399241568
0.701489722473616	3.87052531933133
0.7058865727215	4.11765278621864
0.766228246948862	4.25169206200077
0.77725838630189	4.45809442601245
1.10504702016913	4.80324456493235
1.29942947438906	4.78933037616571
1.4972904684144	4.78751302743057
1.69718748598285	4.78591566737099
1.8993143656142	4.78371289712598
2.10093515074884	4.78421489402307
2.2992079372629	4.78370966580774
2.48391155267903	4.77110359750089
2.67927182693077	4.75765385601765
2.87020133756016	4.74309332300458
3.08490285056753	4.73631072314325
3.3013041035771	4.73241399635531
3.51199788469445	4.72202491863122
3.70355652677588	4.7305454498076
3.89709413738566	4.73485971767964
4.13397459621556	4.49999999999999
4.11921641017672	4.7194179600669
4.1254492683748	4.30567178520287
4.12079356525673	4.1089383866071
4.13397459621556	3.89999999999998
4.13397459621556	3.69999999999998
4.13478604713057	3.49577030207779
4.13935109565292	3.2979466536203
4.1415472140128	3.09999999999999
4.14154712924916	2.90000008318769
4.14154712125707	2.69999978010766
4.14154778421374	2.49999974220089
4.13935373763032	2.30204931893747
4.1347884589719	2.10423402956578
4.13397459621556	1.9
4.13397459621556	1.7
4.12502855977353	1.49444283938762
4.12215186188472	1.29865108224416
4.13397459621556	1.1
0.814801780540895	4.65086084689138
0.878702166273739	0.879500211111447
1.10327182895632	0.897003330892338
0.954997529153909	0.844702283206214
0.847289191019931	4.04498029589919
0.84477812317035	0.956616611192864
1.0415545831048	0.846612766010984
0.847476111674615	1.04784939189805
0.847679787238979	3.04748315143722
0.847316216992092	2.04651326132109
0.847028920598937	1.95519349964667
0.847214082559294	3.95401259405822
0.847426446697372	2.95411779899242
0.873352968171665	4.1096820445516
1.15223217885353	0.965037165612867
0.887790083162529	3.88437289231574
0.887628443129917	2.88471156510742
0.887816510722916	1.88435056012349
0.888042657003758	3.11567421900119
0.887883426280906	2.11591383991028
0.88818304728393	1.11582545744859
1.1525736338937	1.0307528977061
0.74778955343378	0.745455775745172
0.945012946380108	4.14917661342532
0.960214405868098	1.15450510859581
0.961575350879937	3.15222334270127
0.961253919798769	2.15586234150306
0.960749262581821	1.84563480603361
0.960165272402821	2.84569220896583
0.960474282596368	3.84473648674089
1.14528865195064	1.94665871954537
1.15320344372749	2.95851958481859
1.15064736116545	3.04099436398306
1.03712958666974	2.8473838753184
1.03796828087771	3.84954841443728
1.03924836807249	3.1507595541645
1.04045739515269	2.15375840486725
1.03854331043231	1.84880443717981
1.15220268769159	2.03792873148992
1.03872876014631	1.1515487695962
1.11166489520349	2.10478545934042
1.11150229263476	3.10476736149587
1.11142792236361	2.8889673592073
1.10995167864657	3.88969651064905
1.11108120377583	1.89646609922552
1.11216853042362	1.10750496564569
4.16065400037681	4.91360590729945
4.31120482798832	0.832280492321679
1.13625850474505	3.12833344677232
0.962803639948564	3.19498106242748
0.957929622902519	2.80151540679011
0.960866722817145	2.1994960408837
1.1382231765224	2.12672587228504
1.18178156786494	1.9365316568748
0.960163551821975	1.80136194134029
1.12370219630623	4.16523276143411
1.15766467001535	4.12012199170604
1.19280395439249	4.08099622824141
1.21471197410333	4.02496398898385
1.20289901735357	3.97007246779599
1.18479882424874	3.91562758878519
0.959367505763107	3.8017511866722
1.02214317309441	4.19862202090691
0.954862092006176	4.20798316305601
1.07811825697161	4.19686151890803
0.957382297729268	1.19787764209217
1.19449963614592	1.067680103632
3.61566181725074	1.06880169462587
3.40040165156286	1.05119183605431
3.18853500265086	1.04390799176324
2.98070938703798	1.0372539252967
2.77365199560615	1.01917896800656
2.58555607884714	1.00550513372308
2.36691834260148	1.01355207097629
2.16608250163765	1.00827579798765
1.9661894861096	0.982590738827527
1.77569582126524	0.956911904811286
0.916126436044495	4.35510533414035
0.926151210109132	4.51344880097496
1.20222336038755	4.63009035065224
1.39695710564316	4.63568689195859
1.59669128990251	4.6296231092076
1.79724515127572	4.62527114193383
1.99737821722218	4.62436674564165
2.19966580424871	4.62473294590029
2.38029189818384	4.61231058514121
2.57000937891874	4.5961432678094
2.76190246666006	4.58208226350798
2.97712614134796	4.5544305735797
3.19263144765911	4.55028564799954
3.41108716848429	4.5527585590287
3.62757221232663	4.53946721934407
3.80692640865608	4.55819328099154
3.93655981654254	4.22016374845086
3.95446057793631	4.00609321838152
3.96076951545867	3.79999999999998
3.95897797226062	3.59718823771838
3.96501279567308	3.39288805787736
3.96831528764685	3.19706358830651
3.97117627588319	3.00000011380015
3.97117618770439	2.79999993845577
3.97117654487577	2.59999919641173
3.96831492677029	2.40293245292963
3.96501966950729	2.20711236184872
3.9589769306255	2.00281599364095
3.97504491293376	1.80752169842738
3.96872880795061	1.59823702874185
3.93759900013319	1.39538081238546
3.95292042323159	1.19532086729974
3.80982863774144	1.04220092988969
3.95121099210192	4.41341338780185
0.72869744351946	3.997961877247
0.724529828005027	2.99987214957355
0.724563004620323	1.99982428984243
0.999532789288164	0.752210060230013
0.731964451226187	1.00559406876813
1.16981817428573	1.96517535187344
1.11018565495226	2.13238520713327
1.10723899761345	3.13106786945463
3.98368141371565	1.00943854546354
3.98124906795731	4.58037228412367
0.903840854374515	4.16383579611388
0.901232350379756	1.15862987453388
0.902339265217038	3.15846786906948
0.901967043647805	2.1588106928498
0.90158636740882	1.84090636740896
0.901907226555235	3.84145384887236
0.900398940193651	2.84056405960688
1.13353915411044	1.13343357836322
1.13008064084705	1.87877357866869
0.797315727695833	1.00406951589371
0.798305711226409	3.99942704002773
1.17020177495148	1.001047878727
0.797292677133082	2.00005186781944
0.797284711139199	3.00009800491932
0.901632950416681	4.79003648684463
1.18744972477873	0.74673239450595
1.13791949280213	3.86895803502359
1.09976239911307	0.834501410941651
1.04540669336129	1.18536254411692
1.18516847215774	2.04971061220573
1.13431559290989	2.86554516613952
0.836539372680687	4.09792714253753
1.04725107076831	3.1853166984358
1.04927706029644	2.18722179208763
1.04547063604392	1.81359005367955
1.0423640394049	3.8148952066972
1.04422239257878	2.81387578691869
0.842491488027735	1.0977255018224
0.842190334179261	3.09792816686317
0.842185795036273	2.09628543453301
0.841845993370453	3.90377830074
0.841898133122919	1.90381922075451
0.842045599997548	2.90185831396009
1.16561801527263	0.89847353545915
1.18170589664515	3.05012742857758
1.18472738098509	2.94912492316465
0.900280704609177	0.823408562771885
0.824319080713258	0.904331808148995
1.17127436154494	3.12472650667723
1.17122509798634	2.11679716013723
1.168398952425	3.88411174936834
1.36754568968588	0.879635830922053
1.20725744370747	0.835398446019377
0.883996759530776	1.3846402856449
0.887171564230963	1.61151222121393
0.882779564997372	2.38509279444213
0.885024193837563	2.61406716164072
0.884318395206541	3.38719884348248
0.886931182850793	3.61819184663538
0.903863124618866	3.21461799396047
0.901083804391272	2.78495485556634
0.900617408539054	2.21471367780071
0.90195396836621	1.7841924723396
1.17858769616356	4.17690242127003
1.13171272617263	4.20270866122191
1.21561493934569	4.11607679800958
1.238180281494	3.99144846943822
0.902094274079946	3.78598440006323
1.07159528880495	4.24256051230151
0.968418426433054	4.25659551795294
0.900079851934272	1.21453511797731
3.49921728975664	1.23823660371782
3.28169982950815	1.21999954476727
3.0740761108025	1.22029361413558
2.86931839828813	1.20643407216757
2.67263835012415	1.18815852719645
2.47147345799727	1.17919664090365
2.04335419265874	1.16491002274037
1.84810606111034	1.13100907443533
1.08755966810129	4.43837486605949
1.28570785842752	4.47139371088242
1.4838903248179	4.47771894805858
1.69083509035564	4.46827686218154
1.89126790985473	4.46411573456353
2.09008389010073	4.46237965236024
2.27857758869708	4.45274284839627
2.46086710949917	4.43661500347303
2.65358653017691	4.42030541086282
2.86059257422222	4.39257737764482
3.08520533784792	4.35279960784159
3.30696439056249	4.38460129069918
3.51251026779013	4.38529076386977
3.75551800446077	4.1187454442638
3.77953862200214	3.89949123088235
3.78521033148551	3.70013701284554
3.78658607056401	3.48985673174572
3.79563848041694	3.29209155360022
3.79807386473313	3.09603950011733
3.80099037597592	2.90000010116182
3.80099044972413	2.69999926350718
3.79807212315353	2.50395870758724
3.79564396936321	2.30790038514507
3.78659104761488	2.11015242574863
3.79235861535084	1.90771794604897
3.81508639460671	1.71197402291002
3.78314862460044	1.50065605835922
1.60408023417405	0.939748279770831
0.896135386556123	4.22492047724246
0.795915298856089	4.0576668173512
0.79256970694727	3.06079273349403
0.792571810157359	2.06078646988865
0.794008181886569	3.93957791839975
0.794559318034207	1.9399419315168
0.794505356744568	2.94017802621116
0.793519028771497	1.06045314124702
1.06235219724567	0.800184378313038
1.14246538726241	0.856000881731056
0.945581530182321	0.795831368174767
0.791923782129248	0.95390024100959
1.2160288085487	0.948013484942808
0.853663846560899	2.16289476653073
0.853663846561759	3.16289476652844
0.85367834380748	1.16292100150998
0.854673480255578	2.83387536581823
0.853320943972455	3.83641894032103
0.853319319089259	1.83642216507725
0.8499033581819	4.1607794612996
3.74514036895021	4.34514036895022
3.74205402581008	1.2820657634787
1.11767599990518	3.16002614559592
1.20286731576223	3.94092943821765
1.12393004391207	2.16181458109921
1.20251377986998	1.97217901134683
0.82621621042076	0.825601178330211
1.2044055602492	3.01961615461058
1.2039566844208	2.97877474532298
1.18786157672431	2.9134805441436
1.16784713704249	2.88004339527467
1.08340408693657	2.81103813562487
1.11890550769488	2.83297188643539
1.11487031739361	1.82889965558081
1.08656491722971	1.81219156154881
1.08238347403661	3.80913386739552
1.11163491481436	3.82369408320898
1.08696806583701	1.18787833995405
1.11958963986248	1.16930540699124
1.22147460380295	1.94437061292742
1.22783427550718	4.05827058852202
1.23447746521638	3.95140402677507
1.20761469364581	3.88521791261917
1.22215338408788	3.91461285743791
1.23128148068014	1.02266581197976
1.19762974289039	4.24593610876884
1.11004190649489	4.29178959662737
3.36019694034039	1.37609568963009
3.17760372584853	1.40762042688675
2.97618962419988	1.41288922810048
2.76174879539844	1.37301813229887
2.57447753779196	1.3505229738868
1.90668365942027	1.3046452223665
1.35888789062827	4.32585934092608
1.57143417788042	4.31830150216518
1.78356983255259	4.30401490407596
1.9887963953396	4.30318862762483
2.17602326300212	4.29584036391722
2.35530593939039	4.28173338486478
2.54333753801207	4.26442980415978
2.73645283226615	4.22869836505463
2.91632202358509	4.19977124881039
3.25469035152856	4.19783997751972
3.4215350681892	4.24185676863482
3.59367731388907	3.98047556354424
3.60589972382945	3.7935742427928
3.60735281220826	3.59382875578277
3.61914090878359	3.3831024065615
3.62651285223644	3.19194949979683
3.63318615396672	2.99558206299865
3.63403177675214	2.80000029978422
3.63300408931565	2.60445932101414
3.62642884487345	2.40804028722209
3.61915510969177	2.21689886160123
3.6157871045651	2.01143280320809
3.63615372214196	1.81287583796891
3.65747423741354	1.62873395812932
3.59363279574479	4.20158097630702
3.5561865053931	1.46246218742059
1.6609426829972	1.10368601662102
1.21029223445684	2.01613100155166
1.08985248935348	2.18801765222739
1.08568864474594	3.18749420901038
1.00692977924368	1.20830739593496
1.0082012061445	1.79003034898085
1.01131881581452	3.20717049189613
1.01208425196952	2.21110099328839
1.00824401448654	3.79304891463158
1.00885034727335	2.78963061511984
0.795578216737238	1.13798280346773
0.795612127819573	3.13753612990575
0.795612127819572	2.13753612990575
0.794984820530263	3.86080659346454
0.79548118905961	2.86272122515412
0.794977966177019	1.86084495148733
0.79099099889602	4.13043239520317
0.911914242711006	1.49736230727759
0.916021395972472	3.50001897769421
0.906598887759408	2.49912955871411
1.18219004648107	1.11435756658299
0.992238065795696	4.21083555620972
2.25602833282006	1.21144521505276
0.905772751950659	1.28814366020877
0.908794546247673	1.70996275587045
0.906582598539712	3.7154787683783
0.902160072437046	2.714475638414
0.909755876083954	3.29203302943076
0.903904806100177	2.28614110572175
1.15558473285433	3.16507536456182
1.16203182974328	2.15310520673256
1.17671858162386	1.89893246333806
1.18438910884071	3.08578856446915
1.18146782025039	2.08248943746638
1.2378720425287	4.09061817049849
1.2531700024626	4.02934949404504
1.21224944266313	1.09611923206092
1.23491035655167	0.983779176920631
1.16329336943715	3.84423284460503
1.19689234074804	3.15350530235081
1.19801756338657	2.14416845195154
1.19362213069803	3.8517267838303
1.27950255402937	0.945675706580222
0.978232315560042	1.3228939398921
1.02114623461314	1.42138184629164
1.00936482805041	1.55003135539502
0.993670879660135	1.6603390252608
1.00209468318298	2.43087263792904
1.01760877570719	2.56349240455403
0.979078943977593	2.67471498909906
1.00973405557878	3.43725232703734
0.99578846209902	3.33993131425057
1.00986213524844	3.57268427292318
0.997018425218449	3.67431572896536
1.27048266084994	3.96350200333303
1.23703003193811	2.9986485940846
1.20518091058279	2.87758940920153
1.1200247442146	2.79140868730225
1.12086978623175	1.79219699697003
1.1176869458207	3.78545062359803
1.11934544110159	1.2147275044099
1.26233980590685	3.92550000722122
1.24668035581841	3.8887949795274
1.26194787905924	4.24135552784627
3.08786946796639	1.62389477650657
2.8553418103166	1.569529744465
2.64219181677254	1.53263145188898
1.47952052150714	4.20320652744699
1.88440943702057	4.14818557149782
2.0834678813187	4.13456901429161
2.25292768059548	4.12691598723907
2.43457893242544	4.10997497767592
2.62133538639043	4.0763987480187
2.81730441581073	4.02595650344265
3.42878221599734	3.68805704560531
3.43817892741369	3.4873176186922
3.45469468900553	3.28104181945944
3.46325634209378	3.08790186888872
3.46789676746211	2.89707523203255
3.46779915501103	2.70310222108432
3.46121445123471	2.51225895522967
3.44601861851951	2.31254753886949
3.43854033117423	2.11125053584044
3.44325656269171	1.90357405731487
3.48390129580918	1.68874183721927
3.41111310790292	3.87642166700043
0.966121068614229	1.74547564214018
0.966455704727942	3.75204913430456
0.961871139127911	2.74559434559704
0.964809996035773	3.24012194541768
0.966085770865267	2.24872675294015
0.959844773640519	1.2499796106811
1.72197800757272	1.26331260691058
2.40717188375931	1.33377983965526
2.08830191299848	1.35676891209565
1.12498146566166	3.1975899441878
1.1304940178402	2.2034845115623
1.23658189255975	1.98141801028058
1.22419621059593	0.905979501866302
1.4882644759214	1.08175144798773
1.16843236871068	4.21069315272061
1.24063516215735	3.03449593355971
1.24063311140893	2.96348378172499
1.22648565583439	2.90443855755765
1.18701692686185	2.84990773982777
1.26062529110289	1.94864282540928
1.22740915426323	1.8824389135967
1.77162095566652	1.42995627666949
1.94097462029342	1.49728834966943
1.25639651623103	2.0113328914484
1.10363025337624	2.22534062176814
1.0972875934198	3.22937307799996
1.26927101555392	4.06642350483486
1.18621859135661	3.80959023535848
1.13621736095703	1.36460043019954
1.09781390649779	1.61424584504489
1.08167621047015	2.34309947863433
1.06684767916951	2.66047253828796
1.10440064574035	3.38041080456457
1.09140410010589	3.633779487632
1.30500771731573	3.93509253614093
1.28890704265908	3.89532110767235
2.90519343881098	1.75624741005677
2.69745606903592	1.71107247970981
1.98284701858596	3.9830902710775
2.16073416233182	3.96547674312035
2.32858407971357	3.95579230487232
2.50730844287359	3.93086670270921
2.68174439090977	3.88871997779663
3.25327152353407	3.58209815154015
3.23904489747933	3.77197185157253
3.26597173721869	3.37848745778422
3.28254256937117	3.18197382609757
3.29003842137226	2.99444399179809
3.30267479328363	2.80017300040653
3.29740908048379	2.61344599465613
3.27758558478689	2.41573593376254
3.25647494224034	2.21253603364501
3.25477896693211	1.99851636044486
3.28003153467532	1.77560632439894
1.14754871390435	1.19493832975198
1.0804692875225	3.75758002714419
1.08491045504676	2.76162802898632
1.092663394865	1.77571968158382
1.08574562380375	1.22759371632201
1.1494647897486	1.81535174952583
1.14859223380397	2.81198694587306
1.23156642884771	3.85811342725688
1.27922033158246	4.00118553697491
1.351119180319	4.19885231816785
2.45382791192975	1.50184200795753
1.2082093348636	3.11663210920531
1.54961143558371	1.22407942742063
1.20687784179311	2.10459745977651
1.15798697504031	2.84219818992462
1.21439079689187	2.94079138965775
1.06041113765869	3.23086679198992
1.06352624352022	2.22930086775737
3.32840790947432	1.57670856950001
1.21200043842213	3.05685823152801
1.21723983133935	2.06025311306544
1.03342634445222	2.733045176154
1.02966464922034	3.74380986344435
1.02592243730761	1.7371668345719
1.01838476924539	1.26368651485727
1.02624610231072	3.26382997493177
1.0324545644144	2.27213294863614
2.99519368375669	4.0013193868648
1.16817748579145	1.84159291101103
1.18888451629312	3.18872884817786
1.18940659710587	2.17990411385418
1.67886727371495	4.14535837867481
2.26710709376149	1.43148486035181
1.24571971456896	1.91364938118661
1.30709875473592	1.05753937549638
1.282528429861	4.17760070538513
1.21474654445197	1.13619346773664
1.23600311699671	3.14165279955832
1.22762742665995	3.17784346230422
1.23104018327511	2.13570225973923
1.22621370760268	2.17354129282817
1.2717320242065	3.01469452561236
1.2729692232751	2.98185386287048
1.21779416521485	2.83940819120486
1.24334522951473	2.87071118576685
1.15935336530732	2.77967296530854
1.12790207963521	2.74375988079107
1.1614166373126	1.77542716299727
1.12486329775608	1.75100690799979
1.12862281078245	3.73860949388551
1.15878729961248	1.23577562434125
1.39351227573618	4.08657134996614
1.52309351351069	4.05514480341135
1.13775241629801	3.24483631896016
1.14397882165048	2.24615787065219
1.39207041772667	1.20869308331917
1.24537067408062	3.06833656317202
1.80177643644194	1.60997678753109
1.33129693731681	4.04240447384262
1.31561428339683	4.13038087169419
1.2274788195418	3.80423256858916
1.33264637308118	3.9020117967393
2.74112795350324	1.90233072242216
2.06514347303282	3.8096408356019
2.23544742876583	3.79902452869858
2.39717376947081	3.80704876979152
2.54522668400445	3.73482956868054
3.06244200281854	3.47418677145525
3.05881802070008	3.669149187647
3.09193367123785	3.27308051883071
3.11146588767044	3.08633259737912
3.13774036603301	2.89114908485746
3.13419755219331	2.7059506921607
3.11304641824904	2.51988228495884
3.08300858415371	2.32293499446528
3.04327253741953	2.10202227719569
1.18502099239694	1.80890236784185
2.31172320049316	1.64545591240807
1.11078291144747	2.4649869938329
3.21576837195153	3.98961112856666
1.59804153897003	1.37863948733226
1.31399595580262	3.97564394373007
2.1226043884307	1.56127227182009
1.18604142979603	2.8134423707002
2.50118938162163	1.68719008010581
1.27673651821746	1.01078703306404
1.2724230614275	3.85934550869308
2.877920403258	3.80248442723567
1.27820659948276	1.98266409345486
1.8116946550514	3.99164361298036
1.36366842889881	1.00235153146105
1.2516026421903	2.92896877349314
1.14826827702982	3.81077831983657
1.11479374986754	1.27122564720367
1.1116624830419	3.50597844088876
3.0871487258333	1.86656345541814
1.15738730794526	1.16325566883278
1.13715827310048	1.4888938872557
1.05414489888919	1.21837193136158
1.05517007149088	1.78002707762434
1.05119019637474	2.78234606890507
1.04937387507859	3.78348982266158
1.06432220647249	1.68953548417864
1.25788112927129	2.07008770686065
1.25134178876307	1.12468549673504
1.15209217971558	2.58601547405654
1.30032302496594	1.95292699712357
1.29710312566919	2.01691962870157
1.23170735374731	1.40748597168689
1.21354893663069	1.58144043979654
1.12288668127267	1.69975369993864
1.17898482370332	2.38456680445269
1.18555811178261	3.43279642695551
1.1862449387511	3.59444123460916
1.21430202479314	3.21801049579293
1.21383233861725	2.21524208291713
1.266287487958	3.16603320103905
1.26684840347548	2.15884975986777
1.29131879748551	2.12186708567596
1.30199942243046	3.06670358756946
1.30241806362302	2.99447525139098
1.25939241764015	2.83908708271249
1.23468279850628	2.80062016433157
1.16798175106307	2.73821636074255
1.20122297474506	2.76930320917791
1.17204864373853	1.72682887633077
1.20259427332992	1.76580244821977
1.17501465887067	1.28790393240589
1.27142519661163	3.79295258682711
2.15559928183832	3.63679241983009
2.89162010927275	3.34967533960868
2.92830784689486	3.15980817650771
2.97150942303678	2.98263722014649
2.98230238212607	2.79865013235536
2.95396997712427	2.62374461376232
2.92459299639672	2.44596375035533
2.88048473397908	2.25923352114313
2.37302962570515	1.86939050670175
2.16603715820993	1.76404139482494
1.36299746270738	3.99819901566817
1.64084250216009	1.53937898842189
2.84981062959105	3.56571785831221
1.89325088952539	3.81776659633195
2.91929329465552	1.94593721632644
1.3570496430195	3.95033578892927
1.44331767588262	1.33950986869671
2.72043962618637	3.71237191567206
2.57639981656193	1.84167045858784
1.18414851047367	1.19848355941385
1.31718677498919	3.86396326148622
1.36362068761874	1.10244440136934
1.98201395220162	1.67673445850062
1.20461663571415	1.84805033376608
1.09537596230974	2.2702204803268
1.08302376016606	3.28898283461919
1.65904388471338	3.98123690076528
1.09119374281875	2.72070150402356
1.25983904971696	2.89956213421797
1.08090096021921	3.70470638324079
1.27275793706909	2.9505853089743
1.24367383725464	3.10440143142629
1.16448944844855	3.77288735020384
1.17865153455251	3.22182310870622
1.16976641033157	2.21677924886068
1.28227733994697	1.91513140116512
2.36745996560424	3.62317627946842
1.24895829218408	1.17103247193051
1.1715060861655	3.73375936241741
1.54816653691095	3.89331971239667
1.27647480865166	3.08660925595042
1.82959240522912	1.79653463130852
1.67032129046789	1.70304576349881
1.38195302402188	3.91258766682136
1.36591267026727	3.8663486755972
1.19938097605008	1.17026932377967
1.32038938517996	1.91689400899456
1.31111469114887	2.15352975642261
1.33979987564984	3.80181972065899
2.24180271297372	3.4550275752659
2.73646661755258	3.21277280697471
2.7885438216006	3.04072224561116
2.8378842241218	2.8851538907594
2.80407903044214	2.72557355719655
2.77151136504353	2.56218874041164
2.73508233793687	2.38762545893227
1.9961636667005	1.86042881056522
2.68133370339796	3.39201335632645
1.15571351328064	3.30158519904069
1.22959787660277	1.71604547634778
1.47487726829874	1.48346991188697
1.71835808025946	3.83829065084351
1.29135274366791	2.92028550146674
1.18480705801361	1.66446448868959
1.96816780959403	3.65920321204824
1.31880434201627	1.99008009529031
1.28545017302425	2.8755069620769
1.21406249061122	1.24015038871451
1.27375323456771	3.1249176861506
1.25661745386654	3.20650394341524
1.30375952575992	2.95996589069245
1.25656806424569	2.20494540128876
1.2654021646742	1.8771439389047
1.19345292698536	2.25880489242271
1.2323375645057	3.51334551105586
1.20387261433727	3.78196472421851
1.3061096612254	1.15850454432782
1.22161962761794	1.80706987143188
1.14799129529839	2.68490961350104
1.43143907383794	3.97233999212002
1.15741667804021	3.68288623872871
1.30662320396743	1.31856742239564
1.25738898768744	1.49533858607692
2.60140612319248	3.5576474068306
1.21930366439912	2.48199618490192
1.15428068280273	2.30414915146591
2.56098925045472	2.03289654312495
2.80833540020925	2.08522769560626
1.26346970601789	2.5788388799419
1.22436151083522	2.65408470169959
1.33432975514898	2.02957541019449
1.34158011552697	1.56664818724163
1.28547203080086	2.38638980182682
1.27805149898949	3.41308569212582
1.28655062700987	3.58858583480211
1.30514788144372	3.14774069699864
1.29765019252935	3.1910572266207
1.32825572481142	2.11581204323184
1.35669565687623	3.01998334830915
1.34114909350381	2.98053629171913
1.3006417018548	2.83464786422575
2.33313022038696	2.07146509500689
1.84432512888033	1.99343443305525
1.38828220964873	3.81597657774656
2.59807199040853	3.07140986547444
2.61130287769725	2.68233577027924
2.59149045143472	2.51146192247685
1.32325139164387	2.89657225805211
1.33456789474135	2.93584729952202
1.23355468076746	3.65956956113708
1.24107386300862	3.24735115424737
2.53226775319368	3.25532513593493
1.24680507252621	1.76582383271873
1.78443312816652	3.68681043401041
2.04437742055202	3.48868756277008
1.49697911564196	1.62400587689558
1.295988344892	2.19100815904815
1.34678309722229	1.43520500505303
1.29900476563253	2.07996847745698
1.24104275332544	3.75930895220514
2.1738857469461	1.95385232242342
1.24588590514274	2.25445289291779
1.34208412946755	1.95537014687672
1.24373388738551	1.84353893489987
1.30139116380479	1.88093029946242
1.27264818813107	2.77901327009504
1.22696405645366	2.31490504159269
1.31197207377921	3.10526404353205
1.19092819257617	3.25578886571936
1.43464642993944	3.87710566790175
2.45397240541998	3.42216616847212
1.21346061036421	3.71506849196243
1.2787346992926	1.65174909761805
1.2015699389705	3.35211446011627
1.27709640426567	1.22418926759309
2.64672931502102	2.87508730871172
1.33105577257078	3.07364913361404
1.52046820624643	1.7845693286124
1.34159433005411	1.88123364570404
1.36418127357372	1.91584423950145
1.35504720958863	2.15197689182454
1.33686587432837	2.18338781239565
2.10862173450472	3.31139141380988
1.30878633826898	2.67199720896246
1.27381313327912	3.32469848229323
1.3137022423274	3.66031599532528
1.34392603155398	3.13416238723288
1.33775725982531	3.17680907394252
1.38403949101081	2.99646588838616
1.37942197858855	2.95019600752208
1.3429634882021	2.82921911199568
2.1249082662971	2.15383965224858
2.44784339806145	2.94941556982161
2.42469446426945	2.59681601497593
2.44905640541212	2.77180166129975
1.36661105949598	2.90749821019622
2.42328431259923	3.11277934231519
1.20571281765796	2.71458106010149
1.86134677362646	3.51839662671177
2.0104807678312	2.02771080546921
1.34414078154174	2.07470334910565
1.29090472517716	2.23590176278062
1.2899999956788	3.23678708924663
1.33732346981689	3.5002593353238
1.22153974809096	3.29363085882239
1.33188056009831	2.49486589138916
1.36199109727046	1.99568966134418
1.28752867957851	1.83744941762919
1.47207835579197	3.80001325726846
1.26703380817699	3.71388460909944
1.25769346678798	1.80818739963958
1.69582303375501	1.88934128220301
1.38235176578262	1.69478783859214
1.28309292959652	3.75396362429121
1.29059935938337	1.72527268975979
2.3074790047399	3.25265816904476
2.5609525615807	2.3535235925151
1.59901848093982	3.72849157650455
1.29327334735924	2.29355824330947
1.37430273672956	2.03739788684351
1.39060136261435	3.03880302688659
1.31649524715092	2.79018309830696
2.26776800771955	2.27941664206731
1.69076128302781	2.10585024960201
1.41085051833326	3.75672602889579
1.3884259541264	1.86947310631211
1.3770395707126	2.18511399824142
1.37912300458408	3.16117980989281
1.41794771117436	2.97652354560187
1.40853460063608	2.91133946687675
2.286355392833	2.8605220852198
2.26584848567937	2.67803317105451
1.33835903254586	1.7620777653359
1.36816343010845	2.11669293324261
1.39639631891529	3.59775487573026
1.37044128066847	2.5911471486373
1.68484036130913	3.55394555792118
1.9225577557095	3.3527609331254
1.33052457566974	3.22317297667174
2.27571437280782	3.04533097959837
1.33820783050227	2.25657011466757
1.38890791764834	1.95895310992933
1.27283637533458	3.27459279882071
2.41080680992774	2.43195575045097
1.35176104136923	3.09664878329244
1.39446592478396	2.40945636912361
1.33083689576628	1.81038691721817
1.25902201139561	2.71323976340425
1.91425977150074	2.18361695661793
1.37879346348002	3.40485509392317
1.96923620217131	3.19007944725775
1.4035031749724	2.67274150467128
1.37361469303262	2.78830053256834
1.53800674392307	3.57536754587542
1.42578155604872	2.13515521063445
1.44398923194279	2.88189209543052
2.117729339885	2.76207405134882
2.12669368594337	2.94145962747008
1.37341346102372	3.20458569119803
1.74103131023628	3.38534560069123
1.42266074189015	3.01587815661037
1.41380185263684	2.00299836583295
1.39215375242675	2.07744574372863
2.06734577520425	2.36008930814505
1.40498086911767	1.91550467457289
1.38284660893599	3.12029801887411
1.4461418867818	2.5061968459926
1.45462391677439	3.47678811883057
1.39596343641948	1.79883383372446
1.32374358867815	3.28204315401457
1.39050366684661	3.07937740398476
1.46603101151935	3.69586326262602
1.33002777705301	3.34810148064241
2.25459685255131	2.48665173958953
2.12912713581904	3.12958735054452
1.55965782759418	1.95969268751966
1.36034205333393	3.76432468382921
1.36114188248631	2.32457912382978
1.29672189775797	2.74074459982963
1.42918292034378	3.05945006628031
1.53081515304792	2.11584546413244
1.71430384932113	2.2917426813638
1.41712023270558	3.18676563107905
1.42134207062146	3.14482152380881
1.45512225765812	2.9913666572441
1.42872040728617	2.7981858127463
1.45068700287815	2.32799180013747
1.5053241006654	2.41106591591235
1.854499510209	2.39306683387405
1.44396561745131	2.08497411795482
1.49318325414694	2.89257077829487
1.95875555909514	2.84755661191853
1.42083818108896	3.10349519028458
1.46662401413816	3.36363837371795
1.79589368166763	3.22186961912216
1.36736862232292	3.25057431517646
1.44784257909625	1.95700773677905
1.41788439734488	2.04634754475383
1.47974485874731	2.59932884305099
1.37456500209522	3.69833031729135
1.39553595630926	3.30758065495972
1.44981324936427	1.86882427917311
1.40218054976857	2.26391807582995
1.97919148531151	3.01995238062894
2.1040355082218	2.56556755608021
1.34857842019373	2.73462158074544
1.4939348460505	2.70168177663955
1.48415634216344	2.96710740831779
1.46846437293952	2.8199609629659
1.64790664436777	3.24115870598225
1.45351111116221	3.08934270612997
1.71044492128666	2.46615826657872
1.46673618641207	3.16789077535109
1.45883499690297	3.12532515612475
1.47896714545039	2.24986673694921
1.55954320593792	2.30873578683032
1.8237911165561	2.94054180544537
1.53800312298464	3.30007837304235
1.46146745381968	3.02772310939588
1.42024931481616	2.7438412838341
1.5698343497722	2.51493160568245
1.96040857612019	2.68282691805099
1.85191040299125	3.08957183277101
1.46842705583722	2.17976906020437
1.41316011504649	3.23889744374287
1.5921684371087	3.40753549629191
1.46919516526818	2.02686772841859
1.49713711354878	2.99903463183618
1.54000060324016	2.86464818414222
1.50648947507861	3.06524374992049
1.47807474505999	2.7741112246612
1.57314444193195	2.62762911765478
1.78265879680049	2.77546184549398
1.60897323268669	2.39882706323895
1.5113397939313	3.14059855853799
1.69974384694564	3.06762213306807
1.46654662252593	3.26355425419787
1.46588580071209	2.13128918694894
1.5419404235968	2.91533652021263
1.58848473495871	3.13996981015316
1.58103976671917	2.71782879692823
1.66886297551149	2.58292335297456
1.69298541902411	2.90068121694481
1.5227729862772	3.20583517421127
1.53794546411615	2.76802575598261
1.54775497920735	3.00966820502848
1.59390638965348	2.89086288375514
1.60043753523724	2.96568053494058
1.80454406202414	2.59570064221773
1.54341657764981	3.09633245889148
1.68507798263769	2.69555048380266
1.61110973141454	2.81367432537626
1.59365745908404	3.05560476601803
2.66473568039365	2.21655451660753
1.20767428523125	4.20627765384873
1.20719464870487	1.91384102801569
1.2257316451023	1.19864088925925
1.19129121447187	1.03476673399467
1.52856634459735	2.96498787751102
1.32185985372067	2.21385717541132
1.10782444680711	4.22930888946917
1.18687182375526	4.14055880417054
1.35431009066086	1.84319015801215
1.19604018012471	4.0486604562516
1.29881566199274	3.82149797575051
1.57841300266159	2.20573172343855
1.36717292266667	2.2204542891484
1.22482173540067	1.05780400848701
1.27644856531209	2.04654798701784
1.02191741724608	4.23930324383073
1.03042313758293	4.30466272746773
1.31185002409318	4.01287849079844
1.15199603966121	4.1498473780967
1.20901661956333	1.33371929979626
1.04879067491299	4.20832872154508
1.29789921060163	3.03173886500711
1.2934144309492	1.10552608054353
1.2799664593073	4.10083948663042
1.4192495126186	2.21046661624039
1.32092851583068	1.85320418246825
1.12924585021873	0.799316636178568
1.49302051596041	3.09873324914725
1.29229229728621	4.03874838604659
1.06690258007795	1.25828274759311
1.34263740995561	3.83500125886022
1.23893826980953	2.09783476726149
1.23701619259942	1.27700986554474
1.05848575002635	1.31737539512181
1.25970435622308	1.08206665194156
0.934811072898179	4.17870831068655
1.53920349724631	3.05147754081496
1.40375175877303	2.11022111120337
1.25427459038069	3.82934271071588
1.38903243443896	2.83444285533586
1.15553685817446	1.87441271161742
1.49026836949138	2.92735671988196
1.43556472599064	2.84559993706334
1.1590573492537	3.06614028326946
1.17176399056287	3.02448710993958
1.22384461047207	4.14850823968947
1.2087876078053	4.17074473913287
3.42700274696747	4.05753936758578
1.17354471751785	2.97399721091636
1.16182691454414	2.93479803544162
1.47194537025701	3.06057696696626
1.35775489741845	2.87067364923403
1.20016207652656	3.75082345387988
1.17446557345798	2.02185399335849
1.07847684728165	1.73942808843784
1.16040828374875	1.13001084854195
1.31496923933427	3.77675986890857
1.15738281873212	2.06445084048446
1.10570073606795	4.18816416382622
1.27624604012878	2.81042032388996
1.27843037835794	0.869953585130074
1.1750687473296	0.934947947199895
1.03264403772581	4.65629315410132
1.14770246681948	4.03518346326295
1.32194795451564	2.86183056123096
1.48343401477449	2.85479567078617
1.9576287752959	2.51712544331113
1.10730514003569	2.86338649400801
1.13705622040121	2.89263393005863
1.18212047560012	4.10977545646358
1.19256154215886	0.972223928782341
1.0369577373886	4.13572203488314
1.20059238791438	3.99907517355256
1.11039098766286	3.85822856288683
1.13741752821956	3.89630854299086
1.420481819175	2.94270599175405
1.24210040173556	2.04128866226747
1.1346858376881	3.84139152762563
1.2572303806222	1.04675840542129
1.09953232433348	4.09907925784229
1.13044218795176	0.890456745749246
1.17724064323051	1.08664505288346
1.45510990896513	3.20847571440756
1.14971408038238	4.17982373067777
1.10937963555842	1.86237761991841
1.20327637857105	1.00318035689803
1.45972021549412	0.941555634036803
1.06340261063661	1.83803683421368
1.01840137904344	2.82794099650384
1.01880429677217	3.82999573903728
1.06231020334827	3.83747104820398
1.06228494048421	2.83732326198524
1.32908295956057	3.04371151956936
0.933688196866292	3.17036669918838
0.934873467980932	2.17144702934623
0.93415076639179	1.17067532114233
1.01945690272334	1.82951745074654
1.02164705012001	2.17246643323928
1.02105337456221	3.17047762570366
1.06421391398372	3.16040591218525
1.06636561583197	2.1622097045033
1.0634210531062	1.16117853740898
1.19932548224169	1.88507560301205
0.93285788463958	2.83026936563132
0.934613021029638	3.82949012520278
1.1552699049714	2.18277600739346
0.933607565017554	1.82839554666165
1.01975550592749	1.17024358139812
1.32572357171827	3.01367809268039
1.10639916563751	1.13404955130515
1.31019089676525	2.05063652403548
3.07673960974112	3.8460461480015
1.15706691299801	3.20234350020798
1.45126169357427	2.91522957714992
1.15049865279933	4.25167029073806
2.44139575485385	2.21097662788962
1.17729588506956	4.0224876318814
1.36027384015332	3.05807977416071
0.979591612294921	3.28395055293941
1.21860703298225	3.08587040244114
0.828684683407741	3.98000432959004
0.828789239813668	4.02001214132058
1.52370302814804	2.81715287444619
0.828788317045349	2.98004054690873
0.828788317045348	1.98004054690873
1.07107252964139	0.844201352853881
0.828898250369834	3.02014607582976
0.828898250369833	2.02014607582976
1.26997857129402	2.09837018168648
0.826257888436142	0.984937731194986
0.828039795370356	1.02081364775246
0.981773369065635	0.824004827506842
1.02019275030211	0.8214818500303
1.10162818250907	0.867908141041875
3.08615715830473	4.15200968258722
1.25961274669774	2.12284706503132
1.50236059698246	3.03375575347704
0.895032635930231	4.13236448239135
1.40445309935443	2.15924753789495
1.39856956986845	2.87606814550475
1.31748690037705	4.07955029421409
1.27237727247536	3.05029841362086
1.20147502311134	4.3180741717518
1.31958459553817	3.72665717544557
1.17945472918499	1.86982178622527
1.13776677565733	1.84937961007029
0.968813974191608	4.17369939220109
1.21870346486756	3.83112671325897
1.18337518292109	1.14274476424353
1.24042898537996	4.18192669755396
1.25790509037133	4.13577443626813
1.16374256300221	1.06340123118189
1.24447102937071	2.75174994462742
0.983044280931034	2.32683048734322
1.1174494331589	1.92955098099637
1.292263586777	1.7864289380729
1.45248370464119	2.95342971493732
