272	14	92
271	270	24
556	156	307
371	229	228
281	6	86
531	311	160
209	102	103
266	276	124
164	10	58
303	148	4
261	34	35
269	15	23
438	300	299
177	178	137
179	135	136
299	91	19
195	116	117
185	129	130
181	133	134
191	192	120
301	1	125
191	120	121
333	185	184
190	121	122
187	127	128
273	272	92
289	154	20
291	153	154
198	113	114
165	22	10
204	107	108
200	111	112
156	11	21
275	274	13
203	108	109
162	59	9
202	109	110
306	157	155
353	207	352
572	159	309
160	149	150
159	150	12
224	74	75
360	218	217
363	221	220
302	2	96
221	78	220
302	83	2
302	216	83
215	97	214
217	81	82
217	82	216
216	82	83
670	494	669
224	75	223
365	366	223
287	8	88
157	84	85
972	831	710
277	89	7
280	6	281
546	161	311
230	69	229
239	240	56
304	3	60
504	382	381
238	60	61
441	239	238
241	242	54
239	56	57
244	245	51
235	64	234
234	64	65
224	225	74
233	65	66
244	51	52
511	389	388
234	65	233
246	50	245
166	22	165
374	232	231
247	48	49
155	11	156
248	47	48
251	252	44
307	156	166
252	43	44
578	554	305
268	15	269
173	142	172
256	39	40
176	138	139
173	141	142
174	140	141
557	268	407
255	41	254
257	258	38
254	41	42
257	39	256
177	137	138
259	36	37
324	175	323
396	257	256
264	32	263
262	33	34
168	146	147
263	32	33
303	4	31
255	40	41
274	93	13
199	112	113
391	251	390
271	24	14
560	265	404
389	249	388
257	38	39
558	165	315
342	197	196
193	118	119
573	428	289
573	289	427
276	123	124
493	369	492
211	101	210
278	7	25
250	45	46
309	159	158
279	25	26
282	87	283
206	105	106
282	281	86
229	69	70
208	103	104
283	87	5
210	101	102
353	208	207
209	210	102
362	363	220
212	213	99
286	8	287
223	75	76
288	88	89
409	270	271
290	20	90
194	117	118
292	17	153
334	186	185
189	125	126
186	129	185
432	294	293
335	187	186
295	18	94
460	334	459
635	457	456
184	185	130
297	27	28
298	27	297
296	18	295
175	176	139
179	136	178
375	233	232
242	53	54
160	150	159
351	352	206
211	100	101
563	278	417
563	416	278
158	159	12
163	164	58
565	404	267
161	162	9
346	347	201
349	204	203
207	104	105
167	147	148
303	167	148
192	119	120
193	119	192
171	143	144
178	136	137
262	263	33
260	36	259
564	290	429
180	181	134
569	408	270
182	183	132
173	174	141
397	257	396
344	199	198
199	200	112
388	249	248
265	266	16
357	212	211
214	97	98
199	113	198
164	165	10
503	380	526
374	375	232
219	220	79
360	361	218
209	103	208
207	208	104
293	95	17
293	17	292
270	23	24
270	269	23
289	20	290
427	289	290
193	194	118
194	195	117
196	197	115
343	198	197
245	50	51
371	372	229
355	356	210
215	216	302
226	72	73
278	277	7
249	47	248
686	687	514
220	78	79
219	79	80
291	292	153
291	154	289
280	26	6
280	279	26
247	248	48
499	500	376
367	225	224
288	287	88
201	110	111
202	110	201
180	134	135
458	459	333
205	106	107
205	206	106
201	111	200
347	202	201
188	127	187
294	295	94
300	90	91
300	290	90
542	412	274
708	534	313
442	191	190
190	191	121
533	282	421
354	208	353
197	114	115
197	198	114
277	288	89
370	227	369
176	177	138
328	179	327
285	151	152
212	99	100
278	25	279
384	245	244
218	80	81
218	81	217
326	178	177
299	19	298
166	21	22
166	156	21
333	334	185
180	135	179
260	35	36
450	325	324
301	190	122
301	122	1
163	58	59
163	59	162
341	342	196
544	434	295
380	241	240
240	55	56
243	244	52
243	53	242
266	124	16
348	203	202
213	98	99
213	214	98
203	109	202
204	108	203
249	46	47
249	250	46
236	237	62
235	63	64
170	144	145
170	171	144
372	230	229
554	155	305
428	291	289
465	341	340
183	131	132
184	130	131
169	145	146
169	170	145
383	244	243
725	578	577
251	44	45
251	45	250
451	452	326
272	271	14
282	86	87
207	105	206
268	30	15
253	43	252
418	279	280
406	267	268
285	284	151
424	285	286
284	5	151
284	422	5
701	436	549
336	188	187
331	182	330
298	19	27
261	262	34
260	261	35
325	177	176
256	40	255
184	131	183
299	300	91
526	441	379
243	52	53
228	70	71
228	229	70
168	147	167
168	169	146
241	54	55
241	55	240
264	167	303
317	168	440
338	339	193
336	187	335
237	61	62
237	238	61
172	142	143
172	143	171
345	200	199
411	272	273
356	211	210
211	212	100
338	193	192
339	194	193
227	71	72
227	228	71
505	383	382
382	243	242
204	205	107
348	349	203
258	37	38
258	259	37
283	5	422
543	277	416
304	239	57
304	57	3
413	274	275
560	403	265
352	207	206
351	206	205
383	384	244
227	72	226
273	92	93
273	93	274
265	16	29
1794	856	970
395	256	255
267	265	29
182	132	133
182	133	181
321	173	172
447	321	446
408	269	270
536	269	408
536	407	269
325	326	177
225	73	74
225	226	73
196	115	116
196	116	195
348	202	347
475	351	350
495	372	371
490	367	366
222	76	77
222	223	76
264	31	32
264	303	31
175	139	140
175	140	174
186	128	129
186	187	128
294	94	95
294	95	293
253	42	43
253	254	42
440	168	167
401	262	261
301	125	189
301	189	190
364	222	221
486	363	362
556	305	156
404	265	267
232	66	67
232	233	66
451	326	325
322	174	173
420	281	282
654	477	476
416	277	278
907	795	794
376	233	375
376	234	233
275	13	123
275	123	276
286	152	8
286	285	152
323	175	174
322	173	321
215	96	97
215	302	96
231	67	68
231	232	67
322	323	174
319	171	170
219	80	218
363	364	221
221	77	78
221	222	77
230	68	69
230	231	68
296	28	18
296	435	28
334	335	186
434	296	295
161	9	149
161	149	160
449	324	323
514	515	392
236	62	63
236	63	235
552	425	287
700	527	483
158	12	84
158	84	157
188	126	127
188	189	126
440	167	264
440	264	263
246	49	50
246	247	49
155	85	11
155	157	85
267	29	30
267	30	268
304	60	238
304	238	239
441	238	237
379	236	378
345	199	344
618	427	564
340	341	195
341	196	195
400	401	261
520	398	397
454	329	328
329	181	180
441	240	239
441	380	240
500	377	376
378	236	235
315	165	164
530	414	276
332	184	183
634	635	456
383	243	382
385	246	245
517	394	516
522	400	399
365	223	222
415	288	277
389	250	249
305	155	156
327	179	178
327	178	326
444	319	318
445	446	320
405	276	266
471	346	470
362	220	219
361	219	218
310	160	159
476	351	475
402	263	262
402	440	263
350	351	205
312	162	161
317	169	168
402	262	401
513	391	390
397	398	258
366	224	223
366	367	224
340	195	194
461	335	460
474	349	473
474	350	349
468	343	467
343	344	198
589	567	316
558	316	165
360	217	439
359	214	213
747	613	614
362	219	361
532	273	412
343	197	342
439	217	216
439	216	215
337	192	191
460	335	334
338	192	337
431	293	292
459	334	333
332	333	184
543	415	277
365	222	364
568	417	279
559	418	280
534	163	313
471	347	346
358	213	212
358	359	213
442	190	189
525	337	442
425	286	287
485	361	484
494	371	370
384	385	245
403	266	265
571	266	403
538	432	293
340	194	339
492	368	491
369	227	226
439	215	214
439	214	359
554	306	155
672	497	496
387	248	247
387	388	248
529	291	428
643	466	465
396	256	395
593	404	565
501	377	500
386	387	247
691	518	690
318	319	170
377	234	376
381	241	380
1790	860	968
532	411	273
454	328	453
535	299	437
430	292	291
547	431	292
789	662	661
357	358	212
562	271	410
569	270	409
373	230	372
510	511	388
639	461	460
538	293	431
330	182	181
330	181	329
436	298	297
719	529	428
675	500	499
797	798	670
318	170	169
318	169	317
373	231	230
373	374	231
350	205	204
350	204	349
316	166	165
688	516	515
553	286	425
357	211	356
651	474	473
531	160	310
381	242	241
381	382	242
397	258	257
398	259	258
562	409	271
407	268	269
328	180	179
328	329	180
495	371	494
368	225	367
470	346	345
649	650	472
540	421	283
561	309	158
399	259	398
400	261	260
552	287	426
878	749	739
320	321	172
446	321	320
314	164	163
575	315	164
414	275	276
711	545	414
499	376	375
507	385	384
586	572	309
561	158	308
465	466	341
547	292	430
331	183	182
331	332	183
479	355	354
355	210	209
908	795	907
559	280	419
456	331	330
437	299	298
442	337	191
525	442	336
421	282	283
533	420	282
313	163	162
539	162	312
412	273	274
542	274	413
426	287	288
555	288	415
658	659	481
662	487	486
484	361	360
553	424	286
390	251	250
390	250	389
394	255	254
394	395	255
393	254	253
393	394	254
386	247	246
386	246	385
1828	1049	961
550	298	436
392	253	252
392	393	253
535	438	299
455	330	329
647	470	469
469	470	345
368	226	225
368	369	226
870	753	697
516	394	393
452	453	327
448	449	323
515	393	392
570	429	300
429	290	300
570	300	438
433	295	294
551	294	432
523	400	522
695	522	694
417	278	279
568	279	418
541	296	434
699	461	639
311	161	160
546	312	161
688	515	687
684	685	512
308	158	157
566	157	306
469	345	344
530	276	405
442	189	188
442	188	336
419	280	281
574	281	420
399	260	259
399	400	260
453	328	327
452	327	326
492	369	368
683	511	510
297	28	435
549	436	297
665	490	489
489	490	366
1774	552	616
484	360	527
391	252	251
391	392	252
346	201	200
346	200	345
379	237	236
379	441	237
540	283	422
478	479	354
721	411	532
564	427	290
504	505	382
503	504	381
410	271	272
576	272	411
370	228	227
370	371	228
354	209	208
354	355	209
324	176	175
324	325	176
377	235	234
377	378	235
473	349	348
1829	957	1826
320	172	171
320	171	319
657	480	479
285	424	423
423	284	285
786	787	657
527	439	359
527	360	439
450	324	449
731	589	590
549	297	435
541	435	296
1791	1129	970
534	314	163
572	310	159
574	419	281
555	426	288
488	365	364
497	374	373
675	499	674
840	721	532
467	342	466
512	513	390
506	507	384
443	318	317
443	444	318
503	381	380
526	380	441
965	705	836
480	355	479
575	164	314
539	313	162
482	358	357
482	357	481
566	308	157
609	568	418
448	323	322
447	322	321
706	533	421
478	354	353
677	505	504
503	526	502
659	482	481
900	788	787
571	405	266
1746	855	978
722	574	420
584	561	308
551	433	294
544	295	433
691	692	519
599	569	409
601	410	576
576	410	272
656	479	478
785	656	655
466	342	341
464	339	463
482	483	358
481	357	356
491	368	367
491	367	490
648	649	471
856	590	558
650	473	472
472	347	471
493	370	369
914	915	802
680	508	507
510	388	387
722	420	533
838	722	533
502	379	378
502	526	379
455	329	454
704	549	435
515	516	393
518	396	395
496	373	372
495	496	372
580	306	554
493	494	370
684	512	511
497	373	496
567	307	166
567	166	316
867	569	599
1040	765	899
519	396	518
870	695	753
843	529	719
463	339	338
537	423	424
698	700	660
654	476	653
474	475	350
506	384	383
506	383	505
487	363	486
485	362	361
489	366	365
489	365	488
545	413	275
545	275	414
1804	962	862
589	316	590
565	267	406
1857	408	569
825	549	704
632	453	631
467	343	342
721	576	411
583	584	308
1770	964	865
462	337	525
464	340	339
548	422	284
548	284	423
702	551	432
462	338	337
521	522	399
521	399	398
462	463	338
640	463	462
670	495	494
668	493	492
477	353	352
477	478	353
528	317	440
528	440	402
702	432	538
703	433	551
476	352	351
476	477	352
468	344	343
468	469	344
455	456	330
550	437	298
719	428	573
529	430	291
583	308	566
655	477	654
679	680	507
608	417	607
448	322	447
692	520	519
713	413	545
711	414	530
830	715	547
868	621	752
744	608	607
1782	603	739
637	459	458
704	435	541
697	443	524
443	317	528
767	637	636
457	331	456
461	336	335
461	525	336
714	312	546
710	311	531
658	480	657
705	423	537
521	398	520
695	523	522
694	522	521
524	443	528
519	397	396
519	520	397
458	333	332
1783	701	825
830	547	709
464	465	340
630	452	451
690	518	517
796	668	795
681	508	680
649	472	471
652	653	475
483	359	358
483	527	359
815	688	687
693	520	692
524	402	401
524	528	402
673	498	497
498	499	375
512	390	389
512	389	511
508	386	385
508	385	507
501	378	377
501	502	378
498	375	374
498	374	497
709	430	529
715	431	547
691	519	518
685	513	512
859	560	594
1800	859	967
517	395	394
517	518	395
689	517	516
689	690	517
873	730	851
650	651	473
472	348	347
472	473	348
617	427	618
451	325	450
707	412	542
1144	774	988
779	649	778
592	571	403
709	547	430
773	774	644
670	671	495
509	386	508
700	484	527
485	486	362
699	525	461
845	699	639
616	552	426
664	488	663
619	429	570
622	621	438
768	638	637
701	550	436
684	511	683
557	406	268
631	453	452
819	692	691
445	320	319
445	319	444
523	401	400
523	524	401
660	482	659
823	660	659
904	792	791
795	668	667
777	778	648
842	711	530
590	316	558
778	649	648
509	387	386
509	510	387
622	438	535
724	535	437
457	332	331
457	458	332
808	681	680
798	671	670
514	392	391
514	391	513
646	647	469
989	778	777
696	504	503
673	497	672
487	364	363
487	488	364
480	356	355
480	481	356
1361	1128	1282
783	653	782
718	531	310
718	310	572
902	790	789
613	553	425
626	627	448
630	631	452
658	481	480
705	548	423
698	661	485
748	747	614
755	625	624
626	448	447
852	574	722
786	657	656
603	555	415
664	489	488
667	492	491
664	665	489
653	476	475
972	710	841
824	703	551
845	640	699
652	475	474
652	474	651
703	544	433
824	551	702
822	694	821
697	444	443
676	501	500
674	498	673
693	521	520
693	694	521
624	446	445
623	444	697
853	536	1857
598	557	407
716	434	544
716	541	434
708	313	539
839	723	534
1343	1303	1224
596	406	557
847	719	573
1810	862	962
841	531	718
848	572	586
777	648	647
717	530	405
644	467	466
644	466	643
641	464	463
641	463	640
663	488	487
663	487	662
883	743	744
668	492	667
852	611	574
783	784	654
687	515	514
686	514	513
1167	1168	1139
1752	1070	979
587	315	575
833	542	713
1043	831	972
710	546	311
633	455	454
894	760	759
642	465	464
981	702	828
646	469	468
832	545	711
1840	1060	836
720	537	424
648	471	470
648	470	647
645	468	467
850	738	601
630	451	629
759	760	629
723	314	534
779	650	649
617	573	427
1810	1124	750
675	676	500
802	674	801
591	403	560
591	592	403
723	575	314
990	779	778
1782	739	615
788	659	658
825	701	549
977	1764	701
614	425	552
614	613	425
1752	979	854
688	689	516
707	532	412
1830	832	1044
742	605	606
666	490	665
929	820	819
685	686	513
634	455	633
724	437	550
629	451	450
628	450	449
854	577	556
1009	895	894
638	459	637
826	716	544
1849	613	747
788	658	787
602	562	410
602	410	601
1065	733	940
924	815	814
790	663	662
1777	866	960
607	417	568
984	883	744
720	424	553
965	827	705
612	559	419
848	718	572
837	550	701
959	637	767
674	499	498
696	503	502
682	510	509
682	683	510
743	608	744
797	670	669
634	456	455
896	897	762
678	506	505
678	505	677
1846	1562	1558
791	664	663
1793	857	969
1145	784	992
754	755	624
870	523	695
1042	827	965
656	657	479
626	447	625
757	627	626
623	445	444
623	624	445
679	507	506
679	506	678
608	563	417
1766	741	604
581	307	567
1770	731	1073
1066	735	939
629	450	628
745	609	610
782	652	781
715	538	431
828	538	715
611	419	574
611	612	419
714	539	312
780	651	650
595	565	406
595	406	596
1149	871	982
916	917	807
1362	1166	1235
1854	622	844
1064	882	743
924	814	923
1747	978	855
1215	1123	1063
712	422	548
1824	1042	954
717	405	571
1129	730	873
891	892	757
754	624	623
661	486	485
661	662	486
577	305	556
577	578	305
669	494	493
669	493	668
936	776	646
832	713	545
713	542	413
833	707	542
843	709	529
1798	888	1004
638	460	459
638	639	460
645	646	468
645	467	644
826	544	703
1051	769	937
615	426	555
615	616	426
1751	1069	725
813	686	685
730	588	587
874	849	732
706	421	540
712	540	422
606	416	563
606	563	608
588	558	315
588	315	587
839	534	708
976	708	835
610	418	559
610	609	418
766	636	635
636	637	458
892	758	757
821	694	693
600	409	562
600	599	409
696	677	504
1061	916	933
594	560	404
594	404	593
805	696	869
869	501	676
1747	1068	978
801	673	800
893	758	892
812	685	684
681	509	508
681	682	509
655	478	477
655	656	478
1060	944	1041
974	838	706
1136	786	1042
974	706	834
928	819	818
597	407	536
840	532	707
775	646	645
625	447	446
625	446	624
764	634	633
765	766	635
604	415	543
604	603	415
726	579	580
864	579	726
579	566	306
579	306	580
605	543	416
605	416	606
627	449	448
627	628	449
582	556	307
582	307	581
666	491	490
666	667	491
660	483	482
660	700	483
621	570	438
868	619	570
867	736	1857
867	1857	569
642	643	465
642	464	641
820	692	819
756	625	755
632	454	453
632	633	454
585	309	561
585	586	309
801	674	673
919	810	809
773	644	643
988	774	773
699	462	525
699	640	462
1832	715	1833
1756	1121	963
598	407	597
853	1857	736
752	621	622
671	496	495
671	672	496
781	652	651
935	651	780
636	458	457
636	457	635
811	812	684
814	686	813
620	564	429
620	429	619
811	684	683
810	683	682
1763	986	767
1009	894	1008
698	485	484
698	484	700
771	642	641
772	643	642
817	818	690
820	693	692
877	738	850
847	573	617
854	556	582
939	853	876
809	810	682
799	671	798
737	599	600
750	847	617
750	617	618
1144	996	774
759	629	628
760	630	629
859	591	560
851	730	587
759	628	758
1788	1157	1085
766	767	636
1012	899	898
918	808	917
800	673	672
985	767	766
837	724	550
720	1840	537
836	705	537
1737	1364	1156
1854	752	622
794	667	666
908	796	795
806	807	679
804	678	677
1835	829	716
1051	980	769
816	689	688
983	875	734
782	653	652
841	710	531
749	616	615
749	615	739
940	863	875
856	558	588
829	704	541
829	541	716
791	663	790
740	604	741
910	798	797
729	586	585
733	594	593
1797	874	995
1799	968	860
738	602	601
1796	872	993
784	655	654
955	724	837
1848	1743	952
805	676	803
933	943	915
1044	832	973
776	647	646
1736	1164	1163
774	645	644
1776	1780	960
728	584	583
876	853	736
763	632	762
982	871	726
871	864	726
1760	861	963
1771	1071	727
818	691	690
818	819	691
793	665	792
794	795	667
1832	828	715
771	772	642
820	821	693
942	754	753
857	559	612
857	610	559
1803	733	1122
780	650	779
1082	1064	1084
812	813	685
1857	536	408
853	597	536
838	533	706
784	785	655
769	639	638
769	845	639
817	690	689
817	689	816
860	562	602
860	600	562
796	669	668
796	797	669
732	592	591
849	592	732
735	598	597
875	863	734
1721	878	739
1775	882	1000
787	658	657
944	720	846
958	660	823
823	659	788
958	661	698
958	698	660
828	702	538
981	824	702
806	678	804
923	814	813
1799	738	1125
1137	773	987
869	502	501
869	696	502
1829	714	831
935	781	651
743	606	608
743	742	606
756	626	625
756	757	626
1802	966	858
1792	969	857
751	620	619
868	570	621
1050	1783	1836
1773	955	837
865	567	589
865	581	567
758	628	627
758	627	757
1032	923	922
922	813	812
761	631	630
761	630	760
1123	728	1063
1133	1058	974
1824	827	1042
1823	1045	834
807	680	679
807	808	680
729	848	586
1131	782	781
802	675	674
805	869	676
980	826	703
1130	971	1056
835	708	539
835	539	714
976	839	708
1134	1057	976
1210	995	874
1139	990	778
1800	967	1127
1803	967	859
855	554	578
855	580	554
1774	614	552
748	616	749
773	643	772
1830	1044	956
822	695	694
822	753	695
799	672	671
799	800	672
1113	1114	1035
897	763	762
1712	880	741
1819	605	742
776	777	647
842	530	717
770	641	640
770	640	845
806	679	678
915	803	802
1833	715	830
1833	953	1832
803	676	675
803	675	802
1132	777	776
936	646	775
815	816	688
1770	1073	964
1333	1256	1255
930	821	820
1130	772	771
971	830	709
740	603	604
740	739	603
880	740	741
882	742	743
727	582	581
1771	865	964
1802	1123	966
872	848	729
1135	1059	975
775	645	774
850	601	576
850	576	721
849	571	592
849	717	571
811	683	810
906	907	794
746	612	611
884	746	852
858	561	584
858	585	561
792	665	664
792	664	791
866	568	609
866	607	568
973	832	711
973	711	842
1793	1076	745
783	654	653
846	553	613
846	720	553
896	762	761
895	760	894
863	593	565
863	565	595
862	618	564
862	564	620
753	623	697
753	754	623
805	677	696
805	804	677
975	840	707
975	707	833
765	635	634
765	634	764
895	761	760
926	817	816
982	726	1152
909	910	797
827	548	705
827	712	548
831	714	546
831	546	710
991	783	782
1801	858	966
1048	830	971
971	709	843
1031	922	921
921	812	811
946	841	718
746	611	852
980	703	824
901	788	900
789	790	662
1164	1137	987
1812	868	951
1787	952	867
952	736	867
906	794	793
1020	1021	909
1128	746	884
1138	992	783
915	943	803
914	802	801
861	596	557
861	557	598
987	773	772
1804	1078	962
932	755	754
931	822	821
762	632	631
762	631	761
844	535	724
844	622	535
814	687	686
814	815	687
887	748	749
901	823	788
834	706	540
834	540	712
734	595	596
734	863	595
763	633	632
763	764	633
864	583	566
864	566	579
851	587	575
851	575	723
793	666	665
793	794	666
870	524	523
870	697	524
809	682	681
809	681	808
1146	779	990
950	723	839
1807	949	1001
949	722	838
930	820	929
926	816	925
1148	777	995
947	842	717
937	638	768
937	769	638
898	763	897
899	765	764
1751	854	979
925	816	815
1132	973	1054
1827	1046	833
926	927	817
928	929	819
1801	966	1126
1792	746	1128
1798	719	847
945	843	719
916	807	806
917	808	807
934	656	785
934	786	656
1712	1081	880
904	791	903
1765	823	901
1136	965	1060
1137	988	773
1810	962	1124
1019	908	907
903	791	790
1178	1074	1075
1787	737	1074
938	641	770
938	771	641
920	811	810
920	810	919
1809	850	721
948	721	840
1041	900	787
902	903	790
1849	846	613
1738	944	846
1034	925	924
921	922	812
1059	996	948
1135	775	774
1142	1011	897
896	761	895
918	809	808
918	919	809
1826	1047	835
1131	972	1055
942	822	931
942	753	822
1067	770	845
980	1067	769
1471	1357	1368
1385	1308	1370
943	804	805
943	805	803
1765	902	789
958	789	661
1796	718	848
1796	993	946
1721	739	879
1761	998	1709
1028	919	918
1159	1149	982
1827	956	1046
1046	975	833
891	757	756
890	755	932
888	847	750
1798	1004	945
927	818	817
928	818	927
1039	1062	930
1007	892	1006
1134	780	779
1134	779	1057
1094	1015	1014
1786	1721	997
871	941	864
1792	1128	969
1826	957	1047
1047	976	835
1067	845	769
1067	981	770
1052	770	981
1052	981	828
1756	963	861
1760	1153	734
1062	932	931
931	821	930
1026	917	916
916	806	933
1797	717	849
1797	995	947
1107	1108	1029
1022	911	910
1011	898	897
1080	1066	876
1823	954	1045
1045	974	834
1016	905	904
906	793	905
921	811	920
923	813	922
1790	1075	737
1799	1125	968
1746	1152	726
1018	907	906
1039	929	1038
1037	927	1036
1133	785	784
1058	1001	949
1025	1061	914
912	799	911
747	1141	1849
885	1141	747
905	793	792
905	792	904
890	756	755
890	891	756
1039	930	929
1142	897	896
949	1807	722
1807	1001	884
1800	1127	732
1803	1122	967
1054	947	995
1148	989	777
1812	1079	751
951	868	752
1021	910	909
1061	915	914
924	925	815
1292	1142	1213
1848	1288	1743
1092	1009	1091
1024	912	1023
1017	906	905
1777	960	984
1267	1182	1083
898	764	763
898	899	764
933	806	804
933	804	943
1747	725	1068
1273	983	1153
909	797	796
909	796	908
1061	933	915
1022	1023	911
1014	902	1013
1761	878	998
1765	789	958
1765	958	823
955	844	724
1706	955	1788
1035	925	1034
1036	927	926
1783	977	701
1729	961	1049
941	728	583
941	583	864
948	1809	721
1809	877	850
1062	890	932
1062	931	930
1027	917	1026
1027	918	917
913	801	800
913	914	801
1775	1000	881
1775	742	882
1777	984	744
1776	960	866
911	799	798
911	798	910
1031	921	1030
1030	921	920
1729	768	959
959	768	637
950	1806	723
1806	873	851
879	739	740
1772	740	880
940	733	593
940	593	863
1056	945	1004
1143	772	1004
939	597	853
939	735	597
1835	716	1834
1828	829	1049
1055	946	993
1055	993	782
942	932	754
942	931	932
912	800	799
912	913	800
1791	970	856
1794	1072	731
1131	1055	782
1801	1126	729
1136	1042	965
1060	1041	787
885	747	748
1723	748	887
1836	961	1050
1729	1050	961
1793	969	1076
1149	1063	871
1010	896	895
1225	1217	1080
1397	1398	1337
1122	733	1065
893	759	758
893	894	759
1038	929	928
1116	1038	1037
1011	1012	898
1066	939	876
1044	776	936
1044	936	956
1806	851	723
1791	730	1129
1751	979	1069
1032	922	1031
1032	1033	923
1251	1252	1196
1102	1023	1022
1023	912	911
1749	997	1710
1772	879	740
1022	910	1021
1029	919	1028
1035	926	925
1035	1036	926
1056	1004	772
1130	1056	772
1120	899	1012
1260	1180	1079
1018	906	1017
1017	905	1016
1854	844	1706
1748	1710	999
1058	784	1001
1133	784	1058
1024	913	912
1025	914	913
1013	901	900
886	1849	1141
1026	916	1061
1118	1026	1061
1033	924	923
1033	1034	924
986	977	1050
1763	985	1162
1709	998	1817
1014	903	902
1067	824	981
1067	980	824
1192	1101	1100
1100	1021	1020
1048	771	938
1048	938	953
1162	1053	1218
1764	1218	1053
1005	891	890
1005	890	1062
1718	1719	1003
1719	1002	1087
1059	774	996
1135	774	1059
1115	1037	1036
1008	894	893
1184	1090	1089
1111	1032	1110
1037	928	927
1037	1038	928
1115	1036	1114
1114	1036	1035
1043	781	935
1043	935	957
1065	940	875
1210	1148	995
1047	935	780
1047	957	935
1056	843	945
1056	971	843
1117	1204	1119
1119	1005	1062
1119	1062	1039
1108	1030	1029
1029	920	919
1029	1030	920
1162	1157	1053
1763	767	985
1090	1007	1089
1009	1010	895
992	784	783
1145	1001	784
1138	783	991
1172	992	1138
1719	1087	1013
1718	1002	1719
1096	1016	1095
1018	1019	907
1059	840	975
1059	948	840
1808	1065	1150
1216	1122	1065
1063	728	941
1063	941	871
1049	937	768
1049	1835	937
986	959	767
1729	1049	768
1045	934	785
1045	954	934
1015	1016	904
1312	1187	1311
1190	1191	1099
1064	743	883
1040	766	765
1040	1789	766
1120	1040	899
1124	888	750
1006	892	891
1006	891	1005
1057	839	976
1057	950	839
1041	886	1003
1041	1003	900
1024	1025	913
1118	1061	1025
1058	838	974
1058	949	838
1837	1103	1023
1195	1107	1194
1113	1035	1034
1092	1010	1009
1139	778	989
1150	875	983
1354	1239	1172
1147	782	993
1007	893	892
1007	1008	893
1042	786	934
1042	934	954
1105	1027	1026
1027	1028	918
1015	904	903
1015	903	1014
1723	885	748
1709	887	1761
1233	1161	1158
1182	1084	1083
1054	995	777
1132	1054	777
1054	842	947
1054	973	842
1051	826	980
1834	826	1051
1106	1028	1027
1105	1106	1027
1187	1095	1094
1155	881	1000
1125	738	877
1206	877	996
994	950	1057
994	1057	779
1847	1288	1412
1202	1115	1114
1055	841	946
1055	972	841
1020	909	908
1020	908	1019
1046	936	775
1046	956	936
1209	993	872
1147	991	782
1052	938	770
1052	953	938
1097	1018	1017
1110	1031	1109
1746	978	1152
1198	1111	1110
1840	944	1060
1060	965	836
1099	1020	1019
1109	1031	1030
1127	874	732
1210	874	1127
1756	735	1121
1121	735	1066
1230	1122	1216
1169	1146	990
1133	974	1045
1133	1045	785
1211	1004	888
1143	987	772
1086	1703	1183
1183	1845	1086
1718	885	1723
1141	1003	886
1103	1024	1023
1205	1106	1105
1109	1030	1108
1068	725	1069
1760	963	1153
1153	983	734
1229	1121	1217
1217	1121	1066
1815	1422	1313
1179	1077	1076
1118	1105	1026
1750	1205	1105
1084	1064	883
1094	1095	1015
1110	1032	1031
1112	1113	1034
1093	1012	1011
1292	1214	1142
1232	1081	1155
1095	1016	1015
1136	787	786
1136	1060	787
1134	976	1047
1134	1047	780
1116	1037	1115
1116	1117	1038
1097	1098	1018
1099	1100	1020
1804	751	1078
1265	1074	1178
1117	1039	1038
1117	1119	1039
1802	728	1123
1415	1291	1312
1166	1144	988
1412	1288	1336
1750	1339	1205
1104	1024	1103
1208	873	994
1146	994	779
1712	881	1081
1269	1094	1183
1130	771	1048
1130	1048	971
1096	1017	1016
1102	1022	1101
1088	1006	1005
1088	1005	1119
1786	998	878
1817	1086	1845
1211	1143	1004
1272	1120	1212
1212	1012	1093
1784	889	1156
1358	1078	1264
1180	1078	1079
1181	1082	1084
1731	1720	1318
1091	1009	1008
1245	1189	1244
1271	1159	982
1193	1102	1101
1169	990	1168
1262	1177	1072
1101	1022	1021
1101	1021	1100
1413	1286	1277
1150	1065	875
1142	896	1010
1242	1185	1184
1812	951	1079
1079	1078	751
1261	1179	1076
1207	1001	1145
1083	883	984
1083	1084	883
1208	1129	873
1208	994	1146
1176	1070	1071
1275	979	1070
1126	872	729
1170	1138	991
1132	776	1044
1132	1044	973
1224	1176	1071
1223	1070	1176
1111	1033	1032
1112	1034	1033
1104	1025	1024
1104	1118	1025
1107	1029	1028
1107	1028	1106
1784	1156	1140
1758	1356	951
1096	1097	1017
1098	1019	1018
1209	1147	993
1276	1126	966
1270	1092	1186
1201	1114	1113
1330	1252	1329
1099	1019	1098
1227	1212	1093
1851	1356	1758
1209	872	1126
1309	1179	1261
1135	975	1046
1135	1046	775
1222	1175	1069
1771	964	1071
1817	1845	1087
1846	1558	1534
1794	970	1072
1072	1073	731
1082	1000	882
1082	882	1064
1112	1033	1111
1197	1110	1109
1212	1120	1012
1219	1040	1120
1224	1071	1274
1168	990	1139
1190	1099	1098
1191	1100	1099
1185	1090	1184
1185	1091	1090
1790	968	1075
1075	1074	737
1089	1007	1006
1089	1006	1088
1131	781	1043
1131	1043	972
1175	1068	1069
1200	1113	1112
1776	745	1077
1077	745	1076
1151	876	736
1704	1151	1805
1199	1112	1111
1348	1217	1225
1247	1191	1246
1173	1207	1145
1177	1073	1072
1200	1201	1113
1752	727	1070
1070	727	1071
1189	1098	1097
1160	1150	983
1206	1125	877
1206	996	1144
1850	1161	1233
1255	1199	1254
1192	1100	1191
1199	1111	1198
1090	1008	1007
1090	1091	1008
1203	1115	1202
1203	1116	1115
1155	1081	881
1291	1188	1096
1856	1286	1236
1182	1181	1084
1188	1189	1097
1764	977	1218
1218	977	986
1204	1117	1116
1202	1114	1201
1773	1053	1157
837	1764	1773
1235	1166	1165
1165	1137	1164
1283	1125	1206
1166	1206	1144
1232	1154	1081
1852	1183	1703
1185	1186	1091
1243	1186	1185
1845	1014	1013
1845	1013	1087
1250	1194	1205
1287	1102	1193
1188	1097	1096
1267	1083	1161
1290	1150	1160
1278	1089	1088
1269	1187	1094
1703	1749	1852
1307	1265	1178
1345	1085	1157
1163	1143	1211
1211	888	1124
1338	1168	1167
1338	1365	1168
1750	1104	1103
1197	1198	1110
1736	1163	1284
1789	1219	1350
1256	1257	1201
1200	1112	1199
1204	1278	1119
1204	1116	1203
1196	1109	1108
1197	1109	1196
1252	1197	1196
1251	1195	1249
1450	1349	1415
1341	1174	1240
1170	1172	1138
1844	1429	1316
1194	1107	1106
1194	1106	1205
1190	1098	1189
1247	1192	1191
1254	1199	1198
1247	1248	1192
1271	982	1152
1815	1215	1149
1311	1269	1319
1240	1174	1181
1186	1092	1091
1847	1151	1743
1292	1213	1270
1351	1222	1275
1207	884	1001
1207	1128	884
1213	1142	1010
1213	1010	1092
1283	1206	1166
1263	1178	1075
1154	999	880
1154	880	1081
1231	1123	1215
1821	1285	1171
1253	1197	1252
1192	1193	1101
1286	1210	1127
1236	1167	1856
1297	1159	1271
1349	1188	1291
1789	1350	985
1410	1219	1315
1345	1162	1350
1350	1162	985
1173	1145	992
1173	992	1172
1088	1119	1278
1278	1184	1089
1195	1108	1107
1195	1196	1108
1276	966	1123
1238	1170	1171
1357	1235	1165
1264	1078	1180
1425	1324	1389
1324	1246	1245
1174	1000	1082
1174	1082	1181
1277	1127	967
1413	1236	1286
1272	1219	1120
1736	1234	1164
1158	984	960
1780	1352	1158
1183	1094	1845
1845	1094	1014
1217	1066	1080
1554	1477	1473
1228	1093	1214
1228	1227	1093
1248	1193	1192
1246	1191	1190
1808	1423	1216
1818	1490	1475
1253	1198	1197
1243	1185	1242
1450	1415	1428
1239	1173	1172
1231	1276	1123
1289	1149	1159
1163	987	1143
1163	1164	987
1423	1290	1375
1237	1169	1168
1161	1083	984
1161	984	1158
1167	1139	989
1214	1093	1011
1214	1011	1142
1748	1852	1749
1817	1087	1709
1165	988	1137
1165	1166	988
1208	1146	1169
1360	1129	1281
1171	991	1147
1171	1170	991
1251	1196	1195
1255	1200	1199
1424	1225	1293
1340	1272	1212
1517	1422	1374
1232	1843	1726
1354	1170	1238
1427	1421	1309
1285	1209	1126
1821	1209	1285
1291	1096	1095
1291	1095	1187
1853	1295	1852
1295	1269	1183
1347	1193	1248
1249	1195	1194
1256	1201	1200
1270	1213	1092
1344	1337	1270
1257	1202	1201
1223	1275	1070
1355	1242	1184
1274	964	1073
1274	1071	964
1314	1230	1216
1856	989	1148
1280	963	1121
1273	1160	983
1268	1155	1000
1268	1000	1174
1298	1289	1159
1244	1189	1188
1285	1126	1276
1285	1414	1171
1275	1069	979
1275	1222	1069
1726	1853	1154
1726	1319	1853
1334	1335	1257
1367	1229	1348
1850	1267	1161
1349	1244	1188
1360	970	1129
1360	1281	1262
1357	1164	1234
1368	1357	1234
1259	1184	1278
1259	1204	1203
1757	1308	1263
1757	1283	1362
1281	1129	1208
1281	1208	1169
1259	1278	1204
1355	1184	1259
1277	1286	1127
1277	1230	1413
1330	1253	1252
1253	1254	1198
1256	1200	1255
1333	1334	1256
1361	1282	1261
1361	969	1128
1237	1168	1365
1306	1177	1262
1305	1343	1266
1237	1281	1169
1358	1124	962
1358	962	1078
1311	1187	1269
1415	1349	1291
1400	1227	1317
1530	1505	1436
1282	1128	1207
1282	1207	1173
1241	1181	1182
1241	1240	1181
1837	1102	1287
1347	1328	1814
1245	1190	1189
1245	1246	1190
1284	1211	1124
1284	1163	1211
1494	1495	1443
1352	1077	1179
1441	1393	1392
1329	1252	1251
1414	1285	1276
1414	1231	1313
1414	1276	1231
1414	1238	1171
1303	1176	1224
1338	1167	1236
1258	1202	1257
1355	1259	1258
1848	1074	1265
1848	1265	1288
1413	1230	1314
1403	1355	1335
1474	1236	1413
1567	1481	1515
1351	1275	1223
1324	1245	1323
1410	1350	1219
1310	1180	1260
1359	968	1125
1359	1125	1283
1822	1152	1279
1221	1068	1175
1258	1203	1202
1258	1259	1203
1779	1363	1280
1734	1299	1273
1407	1243	1322
1490	1397	1475
1297	1298	1159
1822	1420	1271
1421	1233	1352
1239	1418	1173
1851	1758	1140
1408	1310	1260
1325	1247	1246
1326	1248	1247
1266	1073	1177
1266	1274	1073
1334	1257	1256
1322	1243	1242
1277	967	1122
1277	1122	1230
1337	1292	1270
1348	1229	1217
1342	1292	1337
1300	1290	1160
1280	1153	963
1280	1273	1153
1250	1249	1194
1328	1249	1250
1315	1219	1272
1408	1260	1356
1750	1103	1339
1339	1250	1205
1805	1412	1226
1511	1454	1366
1302	1175	1222
1323	1245	1244
1279	978	1068
1279	1068	1221
1332	1255	1254
1335	1258	1257
1736	1353	1234
1387	1234	1353
1341	1268	1174
1312	1291	1187
1357	1165	1164
1369	1235	1357
1359	1075	968
1359	1263	1075
1345	1157	1162
1410	1294	1350
1347	1287	1193
1837	1287	1339
1732	1736	1284
1358	1284	1124
1260	1079	1356
951	1356	1079
1308	1178	1263
1362	1283	1166
1381	1304	1303
1331	1254	1253
1780	1077	1352
1352	1233	1158
1301	1221	1175
1453	1389	1323
1837	1023	1102
1814	1250	1339
1459	1419	1451
1484	1376	1457
1325	1246	1324
1321	1240	1241
1354	1172	1170
1815	1313	1215
1720	1268	1341
1843	1311	1319
1513	1435	1424
1717	1229	1367
1293	1225	1080
1704	1805	1226
1317	1227	1228
1454	1367	1348
1340	1212	1227
1405	1315	1272
1375	1290	1300
1505	1377	1436
1469	1309	1418
1418	1282	1173
1850	1233	1320
1713	1409	1346
1517	1313	1422
1376	1298	1297
1343	1224	1274
1343	1274	1266
1308	1307	1178
1757	1362	1370
1342	1228	1214
1342	1214	1292
1353	1264	1180
1353	1180	1310
1361	1076	969
1361	1261	1076
1304	1223	1176
1304	1176	1303
1327	1249	1328
1330	1331	1253
1344	1270	1186
1344	1186	1243
1720	1399	1318
1336	1288	1265
1336	1265	1307
1355	1258	1335
1476	1322	1403
1400	1340	1227
1470	1315	1405
1406	1347	1248
1390	1329	1327
1391	1329	1390
1384	1305	1383
1815	1289	1422
1313	1231	1215
1296	1140	1156
1851	1434	1356
1734	1831	1838
1717	1813	1507
1853	1319	1295
1295	1319	1269
1299	1160	1273
1299	1300	1160
1544	1497	1496
1432	1468	1404
1395	1333	1394
1476	1335	1396
1325	1326	1247
1453	1323	1402
1407	1344	1243
1411	1317	1228
1331	1332	1254
1302	1301	1175
1316	1279	1221
1844	1301	1724
1399	1311	1318
1404	1240	1321
1385	1307	1308
1370	1362	1235
1401	1327	1328
1406	1248	1326
1294	1345	1350
1471	1369	1357
1404	1341	1240
1450	1402	1349
1781	1716	1085
1781	1085	1345
1396	1335	1334
1333	1255	1332
1380	1301	1302
1429	1420	1316
1844	1379	1429
1420	1297	1271
1405	1272	1340
1370	1308	1757
1327	1251	1249
1327	1329	1251
1438	1425	1389
1600	1532	1584
1473	1365	1338
1398	1342	1337
1464	1320	1233
1469	1239	1373
1411	1342	1398
1411	1228	1342
1416	1467	1306
1416	1281	1237
1305	1266	1177
1305	1177	1306
1360	1072	970
1360	1262	1072
1401	1390	1327
1392	1331	1330
1346	1182	1267
1346	1241	1182
1461	1293	1226
1847	1743	1288
1536	1485	1484
1384	1343	1305
1439	1390	1446
1391	1330	1329
1394	1333	1332
1446	1390	1401
1386	1336	1307
1504	1480	1449
1421	1352	1179
1421	1179	1309
1855	1627	1514
1371	1338	1236
1822	1279	1316
1420	1822	1316
1167	989	1856
1462	1474	1314
1393	1332	1331
1396	1334	1395
1383	1305	1306
1382	1381	1303
1433	1321	1409
1373	1239	1354
1377	1300	1299
1550	1460	1505
1395	1334	1333
1393	1394	1332
1733	1437	1492
1741	1346	1267
1547	1453	1502
1393	1331	1392
1722	1368	1234
1387	1353	1310
1476	1403	1335
1443	1395	1394
1419	1222	1351
1419	1302	1222
1402	1244	1349
1402	1323	1244
1449	1340	1400
1449	1405	1340
1418	1261	1282
1418	1309	1261
1468	1311	1399
1432	1404	1321
1546	1384	1383
1467	1237	1365
1416	1262	1281
1416	1306	1262
1516	1429	1379
1553	1517	1499
1364	1296	1156
1725	1465	1364
1425	1326	1325
1391	1392	1330
1389	1324	1323
1425	1325	1324
1473	1338	1371
1762	1489	1381
1455	1451	1417
1537	1487	1488
1808	1290	1423
1423	1314	1216
1472	1406	1326
1439	1391	1390
1397	1337	1344
1440	1392	1391
1385	1386	1307
1504	1449	1400
1762	1381	1382
1475	1407	1322
1409	1321	1241
1409	1241	1346
1401	1328	1347
1401	1347	1406
1480	1521	1369
1461	1424	1293
1436	1377	1378
1486	1436	1378
1372	1354	1238
1552	1483	1463
1705	1523	1456
1426	1296	1364
1510	1462	1375
1445	1411	1398
1366	1348	1225
1366	1225	1424
1831	1507	1378
1831	1378	1838
1480	1369	1471
1560	1431	1430
1397	1344	1407
1442	1394	1393
1720	1341	1399
1399	1341	1404
1382	1303	1343
1382	1343	1384
1474	1413	1314
1474	1371	1236
1465	1410	1315
1426	1364	1465
1403	1242	1355
1403	1322	1242
1374	1289	1298
1374	1422	1289
1818	1571	1490
1524	1441	1440
1443	1394	1442
1441	1442	1393
1755	1427	1520
1469	1418	1239
1417	1351	1223
1417	1223	1304
1431	1400	1317
1435	1366	1424
1485	1458	1376
1585	1502	1566
1482	1463	1372
1447	1414	1313
1735	1387	1456
1434	1408	1356
1452	1385	1370
1521	1448	1452
1464	1233	1421
1498	1469	1373
1506	1470	1405
1504	1400	1431
1725	1410	1465
1725	1294	1410
1502	1402	1450
1573	1557	1492
1457	1376	1297
1586	1503	1547
1702	1475	1476
1702	1565	1818
1722	1387	1735
1523	1315	1470
1434	1296	1426
1705	1456	1408
1519	1446	1472
1472	1326	1425
1468	1312	1311
1468	1399	1404
1563	1448	1521
1454	1348	1366
1733	1492	1433
1733	1433	1409
1540	1509	1490
1440	1391	1439
1451	1419	1351
1451	1351	1417
1457	1297	1420
1457	1420	1429
1523	1465	1315
1523	1426	1465
1466	1412	1336
1466	1336	1386
1462	1314	1423
1462	1423	1375
1497	1488	1459
1488	1380	1459
1493	1440	1439
1500	1439	1446
1728	1527	1513
1521	1452	1369
1493	1524	1440
1441	1392	1440
1432	1321	1433
1502	1453	1402
1458	1298	1376
1458	1374	1298
1455	1304	1381
1455	1417	1304
1460	1375	1300
1460	1300	1377
1452	1370	1235
1452	1235	1369
1475	1397	1407
1475	1322	1476
1556	1461	1512
1512	1412	1466
1511	1366	1435
1430	1431	1317
1428	1415	1312
1428	1312	1468
1444	1396	1395
1444	1395	1443
1524	1442	1441
1588	1545	1564
1467	1383	1306
1467	1416	1237
1456	1387	1310
1456	1310	1408
1463	1373	1354
1463	1354	1372
1459	1302	1419
1459	1380	1302
1755	1520	1508
1427	1309	1469
1472	1401	1406
1472	1446	1401
1702	1444	1565
1496	1451	1455
1510	1375	1460
1481	1473	1371
1566	1502	1450
1518	1468	1432
1506	1405	1449
1561	1521	1480
1590	1511	1528
1491	1430	1445
1478	1365	1477
1546	1855	1384
1448	1386	1385
1448	1385	1452
1566	1450	1428
1518	1428	1468
1759	1625	1437
1755	1508	1464
1522	1372	1238
1522	1238	1447
1596	1855	1546
1477	1365	1473
1563	1501	1448
1650	1613	1574
1430	1317	1411
1430	1411	1445
1500	1446	1519
1541	1524	1493
1485	1376	1484
1591	1499	1551
1508	1388	1320
1508	1320	1464
1495	1444	1443
1509	1397	1490
1505	1460	1377
1554	1473	1481
1519	1425	1438
1519	1472	1425
1522	1482	1372
1414	1447	1238
1602	1566	1620
1625	1492	1437
1478	1467	1365
1596	1478	1532
1515	1474	1462
1510	1515	1462
1585	1547	1502
1616	1552	1598
1516	1457	1429
1516	1484	1457
1728	1556	1595
1513	1424	1461
1509	1398	1397
1509	1445	1398
1613	1590	1528
1561	1563	1521
1717	1507	1363
1769	1612	1653
1548	1445	1509
1571	1540	1490
1512	1226	1412
1512	1461	1226
1506	1368	1470
1506	1471	1368
1590	1555	1511
1708	1550	1505
1722	1234	1387
1705	1426	1523
1534	1498	1483
1552	1463	1482
1480	1471	1506
1480	1506	1449
1831	1363	1507
1507	1486	1378
1517	1447	1313
1598	1552	1482
1483	1373	1463
1483	1498	1373
1494	1443	1442
1494	1442	1524
1795	1525	1379
1811	1380	1488
1489	1455	1381
1767	1496	1455
1767	1489	1539
1606	1588	1623
1493	1439	1500
1564	1500	1519
1529	1436	1486
1550	1510	1460
1515	1371	1474
1515	1481	1371
1587	1485	1536
1586	1531	1503
1531	1438	1503
1548	1491	1445
1518	1432	1433
1518	1433	1492
1533	1482	1522
1533	1522	1553
1520	1427	1469
1520	1469	1498
1497	1459	1451
1497	1451	1496
1545	1541	1493
1564	1519	1438
1820	1525	1795
1547	1503	1453
1615	1584	1554
1567	1515	1510
1532	1478	1477
1754	1544	1496
1499	1374	1458
1499	1517	1374
1526	1504	1431
1528	1511	1435
1503	1389	1453
1503	1438	1389
1479	1367	1454
1813	1549	1507
1501	1466	1386
1501	1386	1448
1620	1566	1557
1557	1518	1492
1562	1388	1508
1558	1520	1498
1555	1454	1511
1555	1479	1454
1557	1428	1518
1557	1566	1428
1543	1542	1494
1620	1557	1573
1565	1444	1495
1569	1487	1537
1580	1543	1579
1820	1487	1569
1612	1597	1540
1597	1491	1548
1526	1431	1560
1560	1430	1491
1525	1516	1379
1795	1487	1820
1531	1564	1438
1623	1564	1531
1538	1488	1497
1579	1543	1541
1607	1587	1536
1631	1576	1632
1654	1627	1532
1551	1458	1485
1551	1499	1458
1535	1484	1516
1535	1536	1484
1542	1495	1494
1548	1509	1540
1587	1551	1485
1674	1608	1585
1567	1510	1550
1597	1572	1491
1556	1513	1461
1559	1466	1501
1561	1480	1504
1558	1498	1534
1846	1759	1562
1623	1588	1564
1607	1536	1576
1594	1554	1481
1627	1596	1532
1544	1538	1497
1592	1565	1495
1637	1597	1612
1611	1582	1549
1545	1493	1500
1545	1500	1564
1811	1488	1487
1537	1488	1538
1530	1436	1529
1715	1651	1589
1745	1604	1842
1543	1524	1541
1558	1508	1520
1558	1562	1508
1575	1530	1529
1572	1560	1491
1561	1504	1526
1858	1559	1501
1553	1522	1447
1553	1447	1517
1686	1638	1629
1635	1636	1594
1543	1494	1524
1767	1455	1489
1546	1383	1467
1546	1467	1478
1576	1536	1535
1616	1583	1552
1605	1580	1579
1592	1495	1542
1574	1528	1527
1728	1513	1556
1527	1435	1513
1527	1528	1435
1549	1486	1507
1813	1479	1549
1559	1512	1466
1559	1556	1512
1855	1596	1627
1596	1546	1478
1762	1382	1514
1570	1539	1489
1589	1567	1550
1708	1505	1530
1742	1601	1634
1859	1577	1778
1591	1553	1499
1591	1533	1553
1622	1542	1580
1818	1475	1702
1588	1541	1545
1588	1579	1541
1629	1624	1572
1841	1672	1727
1610	1568	1555
1841	1575	1529
1618	1533	1591
1618	1551	1587
1577	1537	1538
1608	1547	1585
1582	1529	1486
1582	1486	1549
1580	1542	1543
1680	1647	1669
1593	1516	1525
1593	1535	1516
1583	1534	1483
1583	1483	1552
1640	1606	1652
1753	1659	1628
1568	1479	1555
1568	1549	1479
1846	1625	1759
1846	1534	1648
1711	1574	1527
1581	1563	1561
1635	1594	1626
1626	1567	1589
1642	1616	1598
1619	1614	1593
1618	1591	1551
1674	1585	1602
1858	1563	1581
1624	1560	1572
1610	1555	1590
1636	1615	1594
1597	1548	1540
1617	1561	1526
1650	1645	1613
1608	1586	1547
1692	1688	1658
1584	1477	1554
1584	1532	1477
1643	1599	1586
1684	1643	1658
1606	1579	1588
1578	1538	1544
1842	1604	1578
1630	1572	1597
1615	1554	1594
1617	1595	1581
1617	1581	1561
1668	1600	1655
1670	1605	1640
1614	1535	1593
1614	1576	1535
1621	1482	1533
1621	1598	1482
1613	1528	1574
1645	1610	1590
1740	1638	1603
1611	1549	1568
1646	1611	1568
1629	1714	1672
1816	1578	1604
1632	1576	1614
1638	1611	1646
1650	1624	1645
1642	1674	1616
1602	1585	1566
1744	1656	1859
1820	1593	1525
1618	1621	1533
1785	1685	1673
1628	1569	1609
1628	1619	1569
1626	1481	1567
1626	1594	1481
1670	1653	1605
1612	1540	1571
1654	1532	1600
1601	1539	1570
1855	1514	1382
1627	1570	1514
1624	1526	1560
1650	1526	1624
1649	1598	1621
1649	1642	1598
1620	1648	1583
1625	1573	1492
1606	1605	1579
1640	1605	1606
1631	1607	1576
1643	1586	1608
1653	1612	1622
1622	1592	1542
1599	1531	1586
1599	1623	1531
1609	1569	1537
1609	1537	1577
1859	1656	1633
1816	1604	1639
1648	1534	1583
1846	1648	1625
1655	1600	1647
1602	1583	1616
1602	1620	1583
1622	1571	1592
1622	1612	1571
1632	1614	1641
1816	1778	1578
1768	1639	1604
1671	1652	1599
1669	1615	1636
1714	1572	1630
1652	1623	1599
1652	1606	1623
1644	1587	1607
1644	1618	1587
1648	1620	1573
1648	1573	1625
1647	1584	1615
1647	1600	1584
1727	1672	1663
1651	1626	1589
1653	1580	1605
1653	1622	1580
1671	1599	1643
1676	1633	1656
1641	1614	1619
1641	1619	1628
1646	1568	1610
1645	1590	1613
1769	1653	1670
1637	1630	1597
1654	1570	1627
1654	1601	1570
1859	1633	1577
1633	1609	1577
1740	1611	1638
1686	1629	1672
1676	1667	1633
1673	1607	1631
1635	1626	1651
1841	1603	1672
1669	1647	1615
1660	1630	1637
1688	1684	1658
1659	1641	1628
1649	1621	1618
1649	1618	1644
1675	1638	1646
1645	1675	1610
1673	1644	1607
1661	1631	1632
1668	1634	1601
1689	1655	1680
1650	1574	1617
1650	1617	1526
1663	1635	1651
1664	1636	1635
1638	1675	1629
1675	1624	1629
1769	1637	1612
1745	1634	1657
1661	1632	1662
1649	1685	1642
1680	1655	1647
1769	1697	1637
1662	1632	1641
1662	1641	1659
1682	1636	1664
1682	1669	1636
1668	1654	1600
1668	1601	1654
1665	1652	1671
1683	1661	1662
1664	1635	1663
1690	1669	1660
1841	1727	1575
1727	1663	1651
1665	1640	1652
1692	1683	1688
1658	1643	1608
1674	1602	1616
1714	1630	1664
1714	1629	1572
1745	1742	1634
1687	1639	1677
1681	1670	1640
1696	1691	1684
1675	1646	1610
1675	1645	1624
1658	1674	1666
1730	1662	1659
1673	1649	1644
1785	1692	1685
1679	1668	1655
1825	1677	1768
1674	1642	1666
1658	1608	1674
1753	1628	1667
1684	1671	1643
1667	1628	1609
1667	1609	1633
1681	1640	1665
1696	1695	1691
1666	1642	1685
1685	1649	1673
1692	1661	1683
1692	1658	1666
1730	1698	1683
1730	1683	1662
1691	1681	1665
1684	1665	1671
1679	1657	1634
1679	1634	1668
1682	1630	1660
1682	1664	1630
1699	1689	1680
1697	1690	1660
1700	1689	1699
1695	1687	1677
1691	1665	1684
1686	1603	1638
1686	1672	1603
1739	1701	1698
1698	1688	1683
1730	1678	1698
1701	1694	1696
1701	1684	1688
1693	1825	1679
1682	1660	1669
1690	1680	1669
1700	1691	1695
1700	1681	1691
1692	1666	1685
1785	1661	1692
1693	1679	1655
1693	1655	1689
1707	1696	1694
1707	1656	1744
1700	1699	1681
1825	1693	1700
1707	1687	1696
1696	1687	1695
1697	1670	1681
1699	1680	1690
1701	1688	1698
1701	1696	1684
1699	1690	1697
1699	1697	1681
1825	1657	1679
1825	1700	1677
1739	1694	1701
1739	1698	1678
1704	1080	876
1704	876	1151
1824	712	827
1824	954	1823
1839	1739	1678
1839	1667	1676
1731	1232	1155
1731	1155	1268
1761	749	878
1761	887	749
1741	1320	1388
1713	1759	1437
1754	1742	1842
1842	1578	1544
1838	1377	1299
1838	1378	1377
1855	1382	1384
1854	1784	752
1706	844	955
1776	1077	1780
1780	1158	960
1757	1263	1359
1757	1359	1283
1820	1569	1619
1820	1619	1593
1770	589	731
1770	865	589
1709	1087	1002
1723	1002	1718
1786	878	1721
1710	879	1772
1785	1631	1661
1785	1673	1631
1748	999	1853
1719	1013	900
1719	900	1003
1716	1706	1085
1706	1788	1085
1760	596	861
1760	734	596
1718	1003	1141
1718	1141	885
1711	1595	1617
1711	1617	1574
1797	849	874
1797	947	717
1716	889	1706
1781	1345	1294
1738	886	1041
1738	1041	944
1752	854	582
1752	582	727
1768	1657	1825
1768	1677	1639
1796	848	872
1796	946	718
1776	609	745
1776	866	609
1800	591	859
1800	732	591
1826	835	714
1826	714	1829
1758	951	752
1758	752	1140
1798	945	719
1798	847	888
1809	948	996
1809	996	877
1799	860	602
1799	602	738
1779	1121	1229
1779	1280	1121
1777	744	607
1777	607	866
1728	1595	1711
1728	1711	1527
1766	604	543
1766	543	605
1748	1749	1710
1852	1295	1183
1725	1364	1737
1725	1737	1294
1751	725	577
1751	577	854
1765	901	1013
1765	1013	902
1841	1529	1582
1740	1582	1611
1803	859	594
1803	594	733
1821	1147	1209
1821	1171	1147
1747	578	725
1747	855	578
1769	1670	1697
1637	1697	1660
1756	598	735
1756	861	598
1814	1339	1287
1837	1339	1103
1819	741	1766
1819	1766	605
1721	879	1710
1721	1710	997
1703	997	1749
1764	837	701
1053	1773	1764
1812	751	619
1812	619	868
1828	704	829
1828	961	1836
1804	620	751
1804	862	620
1774	616	748
1774	748	614
1771	581	865
1771	727	581
1853	999	1154
1748	1853	1852
1708	1589	1550
1715	1530	1575
1807	884	852
1807	852	722
1822	1271	1152
978	1279	1152
1744	1639	1687
1744	1687	1707
1713	1388	1759
1759	1388	1562
1689	1700	1693
1695	1677	1700
1844	1724	1379
1811	1487	1795
1773	1157	1788
1773	1788	955
1806	950	994
1806	994	873
1843	1318	1311
1843	1232	1731
1839	1676	1694
1839	1694	1739
1742	1745	1842
1742	1539	1601
1791	588	730
1791	856	588
1753	1667	1839
1753	1839	1678
1836	825	704
1836	704	1828
1663	1672	1714
1714	1664	1663
1830	713	832
1830	956	1827
1735	1456	1523
1735	1523	1470
1833	830	1048
1833	1048	953
836	537	1840
1840	720	944
1858	1501	1563
1858	1556	1559
1730	1659	1753
1730	1753	1678
1717	1367	1813
1813	1367	1479
1817	998	1220
1817	1220	1086
1854	889	1784
1784	1140	752
1786	997	1220
1786	1220	998
1754	1539	1742
1754	1842	1544
1743	736	952
1743	1151	736
1720	1731	1268
1724	1795	1379
1724	1811	1795
1723	887	1002
1709	1002	887
1745	1657	1768
1745	1768	1604
1827	833	713
1827	713	1830
1763	1218	986
1763	1162	1218
1810	750	618
1810	618	862
1778	1577	1538
1778	1538	1578
1801	585	858
1801	729	585
1792	857	612
1792	612	746
1835	1834	937
1835	1049	829
1703	1086	1220
1703	1220	997
1814	1287	1347
1814	1328	1250
1729	959	986
1729	986	1050
1858	1595	1556
1858	1581	1595
1727	1651	1715
1727	1715	1575
1834	716	826
1834	1051	937
1063	1149	1215
1815	1149	1289
1702	1476	1396
1702	1396	1444
1716	1156	889
1716	1737	1156
1755	1464	1421
1755	1421	1427
1750	1105	1118
1750	1118	1104
1746	726	580
1746	580	855
1712	741	1819
1712	1819	881
1724	1301	1380
1724	1380	1811
825	1836	1783
1783	1050	977
1823	834	712
1823	712	1824
1802	584	728
1802	858	584
1841	1582	1740
1841	1740	1603
1705	1408	1434
1705	1434	1426
1829	831	1043
1829	1043	957
1781	1294	1737
1781	1737	1716
1782	555	603
1782	615	555
1762	1514	1570
1762	1570	1489
1704	1226	1293
1704	1293	1080
1722	1470	1368
1722	1735	1470
1818	1565	1592
1818	1592	1571
1816	1639	1744
1832	953	1052
1832	1052	828
1816	1859	1778
1816	1744	1859
1734	1363	1831
1734	1838	1299
1767	1539	1754
1767	1754	1496
1808	1216	1065
1808	1150	1290
1713	1346	1741
1713	1741	1388
1856	1210	1286
1856	1148	1210
1717	1363	1779
1717	1779	1229
1787	599	737
1787	867	599
1790	737	600
1790	600	860
1732	1353	1736
1732	1264	1353
1708	1530	1715
1708	1715	1589
1726	1154	1232
1854	1706	889
1775	881	1819
1775	1819	742
1734	1273	1280
1734	1280	1363
1794	590	856
1794	731	590
1793	745	610
1793	610	857
1707	1676	1656
1707	1694	1676
1789	985	766
1789	1040	1219
1733	1409	1713
1733	1713	1437
1772	880	999
1772	999	1710
1732	1284	1358
1732	1358	1264
1319	1726	1843
1843	1731	1318
1844	1221	1301
1844	1316	1221
1847	1412	1805
1847	1805	1151
1848	952	1787
1848	1787	1074
1849	886	1738
1849	1738	846
1850	1320	1741
1850	1741	1267
1851	1140	1296
1851	1296	1434
