BCnode   BCtype
154      4
outBCNode	outBCNum
1	1
150	1
149	1
148	1
147	1
146	1
145	1
144	1
143	1
142	1
141	1
140	1
139	1
138	1
137	1
136	1
135	1
134	1
133	1
132	1
131	1
130	1
129	1
128	1
127	1
126	1
125	1
124	1
2	1
93	3
92	3
91	3
90	3
89	3
88	3
87	3
86	3
85	3
84	3
83	3
82	3
81	3
80	3
79	3
78	3
77	3
76	3
75	3
74	3
73	3
72	3
71	3
70	3
3	2
55	2
54	2
53	2
52	2
51	2
50	2
49	2
48	2
47	2
46	2
45	2
44	2
43	2
42	2
41	2
40	2
39	2
38	2
37	2
36	2
35	2
34	2
33	2
32	2
31	2
30	2
29	2
4	2
119	3
118	3
117	3
116	3
115	3
114	3
113	3
112	3
111	3
110	3
109	3
108	3
107	3
106	3
105	3
104	3
103	3
102	3
101	3
100	3
99	3
98	3
97	3
96	3
5	4
6	4
7	4
8	4
9	4
10	4
11	4
12	4
13	4
14	4
15	4
16	4
17	4
18	4
19	4
20	4
21	4
22	4
23	4
24	4
25	4
26	4
27	4
28	4
56	4
57	4
58	4
59	4
60	4
61	4
62	4
63	4
64	4
65	4
66	4
67	4
68	4
69	4
94	4
95	4
120	4
121	4
122	4
123	4
151	4
152	4
153	4
154	4