BCnode   BCtype
102  4
outBCNode	outBCNum
4   1 
13   1 
18   1 
23   1 
40   1 
48   1 
54   1 
59   1 
62   1 
67   1 
1371   1 
1374   1 
1381   1 
1382   1 
1385   1 
1388   1 
1395   1 
1399   1 
1401   1 
1404   1 
1405   1 
7   2 
9   2 
115   2 
128   2 
193   2 
1375   2 
1376   2 
1378   2 
1380   2 
1425   2 
1430   2 
2   3 
6   3 
10   3 
15   3 
26   3 
34   3 
79   3 
93   3 
105   3 
109   3 
119   3 
123   3 
1372   3 
1377   3 
1379   3 
1384   3 
1389   3 
1393   3 
1411   3 
1417   3 
1421   3 
1427   3 
993   4 
995   4 
996   4 
1003   4 
1006   4 
1009   4 
1014   4 
1020   4 
1037   4 
1045   4 
1083   4 
1161   4 
1720   4 
1721   4 
1722   4 
1723   4 
1725   4 
1726   4 
1727   4 
1729   4 
1732   4 
1738   4 
1741   4 
1754   4 
1315   4 
1318   4 
1321   4 
1323   4 
1326   4 
1328   4 
1331   4 
1334   4 
1341   4 
1346   4 
1363   4 
1370   4 
1825   4 
1826   4 
1827   4 
1828   4 
1829   4 
1830   4 
1831   4 
1832   4 
1833   4 
1835   4 
1837   4 
1842   4 
