2.52906   0.90678 
1.00748   0.90678 
1.52159   0.00000 
1.00748   2.32095 
0.00000   1.41416 
18.00770   1.99987 
18.00770   0.00000 
20.00000   1.99987 
18.00840   17.99950 
20.00000   17.99950 
18.00840   20.00000 
1.01524   17.67160 
1.01524   19.08530 
0.00000   18.58640 
2.53740   19.08530 
1.52217   20.00000 
0.77235   15.54860 
0.77235   16.66440 
0.00000   16.05690 
1.78758   17.16330 
1.77808   2.82017 
0.77061   3.32755 
0.77061   4.44326 
0.00000   3.94404 
5.23308   0.81046 
3.79968   0.81046 
4.47657   0.00000 
3.28558   1.71724 
3.98192   2.40775 
2.71130   2.50408 
2.47443   3.51068 
3.30990   18.25540 
3.81683   19.17020 
5.25020   19.17020 
4.47770   20.00000 
2.49034   16.45560 
2.73323   17.46290 
4.01266   17.54780 
0.62250   13.69110 
0.62250   14.60750 
0.00000   14.02470 
1.39485   15.21500 
1.97551   14.71080 
2.12536   15.65190 
3.07101   15.95150 
1.40146   4.76317 
0.63086   5.37966 
0.63086   6.29596 
0.00000   5.97606 
3.06915   3.99897 
2.13593   4.31506 
1.99618   5.25146 
0.58451   12.04550 
0.58451   12.84520 
0.00000   12.30870 
1.20701   13.42800 
1.21890   6.52754 
0.58804   7.12394 
0.58804   7.92356 
0.00000   7.69198 
0.46547   10.53310 
0.46547   11.28750 
0.00000   10.75470 
1.04997   11.82390 
1.03406   8.11698 
0.44602   8.68501 
0.44602   9.43937 
0.00000   9.24595 
0.96386   9.41410 
0.51784   9.97504 
0.98331   10.50780 
1.74611   13.14230 
1.78410   13.98830 
2.51462   14.42520 
2.55836   5.52480 
1.82389   5.97290 
1.78108   6.80088 
8.11985   0.97574 
6.64528   0.97574 
7.38454   0.00000 
5.96839   1.78620 
6.40887   2.55783 
4.99667   2.39255 
4.42240   3.17939 
4.88238   3.79064 
3.86763   3.80584 
3.52913   4.61022 
3.99713   5.07008 
3.19865   5.26321 
3.02636   5.98466 
6.00477   18.16530 
6.66564   18.99510 
8.14023   18.99510 
7.38567   20.00000 
4.48253   16.74620 
5.05920   17.53870 
6.47463   17.36370 
3.50566   15.30830 
3.87065   16.11210 
4.91718   16.10300 
2.93864   13.94100 
3.13005   14.66350 
3.92969   14.82410 
11.37980   1.19064 
9.73115   1.19064 
10.50780   0.00000 
8.99189   2.16637 
14.96970   1.44965 
13.04020   1.44965 
14.08600   0.00000 
12.26360   2.64028 
18.48210   4.33015 
16.48990   2.33029 
15.44410   3.77993 
18.48210   6.33002 
20.00000   5.99960 
9.04804   17.79660 
9.76806   18.80150 
11.41680   18.80150 
10.50900   20.00000 
12.32980   17.28280 
13.07070   18.48130 
15.00030   18.48130 
14.08730   20.00000 
15.52000   15.99770 
16.53660   17.51630 
18.52810   15.51580 
18.52810   13.51590 
20.00000   13.99910 
1.39173   11.32310 
1.51077   12.08120 
2.03493   12.09050 
1.69318   12.59140 
2.27028   13.15170 
1.39658   10.21640 
1.34421   10.77450 
1.80500   11.03170 
2.70939   12.79360 
2.76232   13.34460 
3.37776   13.58300 
2.34357   6.82482 
1.73858   7.37946 
1.99831   7.83347 
1.43582   7.80953 
1.29379   8.57098 
1.74196   8.78627 
1.34021   9.09371 
1.41203   9.62938 
1.77293   9.89603 
3.50476   6.28006 
2.86448   6.54165 
2.82198   7.12023 
9.69919   3.03723 
8.08788   2.82233 
7.92924   3.66093 
7.22194   2.79007 
6.25023   3.39643 
6.52736   4.17623 
5.71428   3.94399 
5.15951   4.57044 
5.42751   5.07429 
4.59561   4.92094 
4.26513   5.57393 
4.73277   5.92930 
4.13429   6.07844 
3.97241   6.63544 
6.44082   16.37590 
7.38639   17.00240 
8.16202   16.22690 
8.19583   17.21470 
9.82366   17.02100 
5.10326   15.36660 
5.71515   16.00070 
6.62691   15.63950 
4.21146   14.26990 
4.58707   14.91470 
5.38504   14.81240 
3.73451   13.21090 
3.91083   13.80730 
4.56822   13.89780 
13.14500   3.90726 
11.48460   3.64825 
11.40650   4.70573 
10.52500   3.43875 
9.62103   4.09471 
15.79920   5.46703 
14.27900   4.58639 
13.50010   5.59436 
18.40210   7.98576 
16.88420   6.31632 
15.71910   7.12277 
18.63820   11.53870 
18.63820   9.53887 
20.00000   9.99933 
17.04020   9.52517 
17.16630   13.05550 
14.39160   15.15770 
15.92790   14.19270 
16.03800   12.21550 
11.55270   16.27350 
13.20660   15.95330 
13.61460   14.14830 
9.72107   15.95460 
10.57330   16.53650 
11.45010   15.20700 
14.67190   11.60910 
15.91020   10.47190 
15.67410   8.91881 
14.58910   8.06952 
13.64660   8.73748 
13.69150   6.94145 
12.55750   6.26232 
11.86180   6.96873 
11.67040   5.62164 
10.71080   5.41214 
12.59830   13.59620 
13.78330   12.80060 
13.65560   11.05700 
12.48900   11.10190 
13.37750   9.91048 
12.48000   8.78240 
10.70130   14.54870 
11.68080   14.28570 
11.84950   12.93790 
11.60460   9.10847 
11.87360   7.93547 
10.98640   7.29479 
10.94620   12.66470 
11.86370   11.97520 
11.58570   10.82870 
10.71840   10.84700 
11.34370   9.97368 
10.73730   9.12675 
8.97699   15.51310 
9.72660   15.02860 
9.95724   14.10730 
8.16755   15.30090 
6.59411   14.90540 
7.31978   15.28060 
8.13475   14.56680 
9.24468   13.71480 
10.21940   13.23490 
10.23360   12.27220 
7.70927   13.95200 
8.55704   13.97230 
8.81920   13.09990 
5.47083   14.20440 
5.98702   14.65640 
6.67990   14.29750 
6.53870   13.77930 
7.14578   14.02840 
7.56807   13.43390 
4.76623   13.43750 
5.06686   13.90010 
5.66885   13.74410 
5.71895   13.21490 
6.12292   13.51920 
6.58881   13.25020 
9.50829   12.07860 
10.23510   11.50840 
9.99311   10.65340 
8.26832   12.73610 
8.95596   12.47860 
8.95742   11.71480 
7.14533   13.01620 
7.70882   12.93980 
7.84558   12.31850 
6.72956   12.75610 
10.10710   5.91765 
9.84325   5.00174 
9.01740   4.60022 
8.47538   5.22165 
8.25317   4.31462 
7.38723   4.28236 
6.85128   4.82992 
10.26780   7.68273 
10.25600   6.71599 
9.38848   6.30559 
10.01480   9.31734 
10.27570   8.45212 
9.54523   7.87332 
9.32451   10.64150 
9.80787   9.98006 
9.34619   9.30544 
8.40676   11.52690 
8.95910   11.12690 
8.77385   10.45360 
7.46064   12.02310 
8.02015   11.81940 
8.02182   11.23150 
6.33375   12.64170 
6.89027   12.40780 
6.70174   12.04210 
7.09755   12.15650 
7.27212   11.65740 
8.73667   6.80122 
8.58781   6.00288 
7.82358   5.71728 
7.37851   6.15043 
7.26609   5.36920 
6.40621   5.26307 
6.27955   5.92059 
5.86475   5.38132 
5.30085   5.73181 
5.17001   6.23633 
9.00676   8.21633 
8.99888   7.44693 
8.19820   7.14423 
8.78060   9.45834 
8.98752   8.79562 
8.44117   8.36923 
8.25080   10.43960 
8.61621   9.95417 
8.25754   9.44436 
7.59526   11.08950 
7.98188   10.79690 
7.82424   10.29750 
6.96412   11.44930 
7.32721   11.31590 
7.28726   10.88130 
7.25429   6.70103 
6.69680   6.35294 
6.15534   6.47119 
7.95070   7.62107 
7.68850   6.97535 
7.00679   7.17787 
8.01055   8.63429 
8.02978   8.05501 
7.52008   7.88613 
6.05477   6.91542 
5.63752   6.48307 
5.06945   6.68055 
7.82566   9.56914 
7.99004   9.07331 
7.57866   8.75908 
7.42015   10.29690 
7.68908   9.93959 
7.42157   9.56855 
6.94353   10.80070 
7.21158   10.57430 
7.07642   10.21630 
5.16632   7.06901 
4.69881   6.82227 
4.45200   7.17376 
4.35512   6.78531 
3.72559   6.98693 
3.85441   7.37540 
3.47170   7.22552 
3.28308   7.67371 
3.15426   7.28523 
2.63336   7.56841 
2.71894   8.07430 
2.38666   7.90929 
2.08390   8.33936 
2.13031   8.86209 
7.15911   8.13082 
7.08002   7.69689 
6.64582   7.42256 
6.39569   7.72611 
6.32246   7.20709 
5.80464   7.21897 
7.27166   8.96011 
7.29216   8.52109 
6.85211   8.33185 
5.74677   7.56989 
5.47908   7.27821 
5.10845   7.41993 
7.09053   9.65727 
7.22711   9.28682 
6.94062   9.04883 
6.77317   10.21660 
6.98174   9.93927 
6.78728   9.65755 
6.36475   8.04343 
6.04139   7.82796 
5.71583   7.88721 
6.72094   8.60490 
6.58788   8.21463 
6.23358   8.31647 
6.68601   9.18553 
6.73056   8.85881 
6.46633   8.74159 
6.53698   9.70749 
6.64577   9.42549 
6.43571   9.23547 
6.26332   8.86232 
6.25370   8.60841 
6.03057   8.43721 
6.24431   9.32695 
6.28455   9.08699 
6.07192   8.95381 
5.86021   8.58477 
5.84009   8.29284 
5.58487   8.27314 
5.75523   8.12558 
5.46061   7.86751 
5.28844   8.08149 
5.24904   7.84312 
4.95196   7.89341 
5.12413   7.67943 
4.81137   7.47022 
4.54226   7.74795 
4.52658   7.48845 
4.18289   7.45149 
3.92900   7.69009 
5.94602   9.09065 
5.92480   8.86599 
5.75221   8.87156 
5.87811   8.73471 
5.68763   8.59034 
4.84522   8.09088 
4.72030   7.92719 
4.43552   7.94542 
4.39682   8.21094 
4.21878   8.03169 
3.98782   8.20882 
4.02652   7.94330 
3.69804   7.86721 
3.53504   8.24341 
3.43752   7.99019 
3.12008   8.04990 
2.87339   8.39078 
3.10349   8.62789 
2.70235   8.65228 
2.71304   9.06337 
2.48294   8.82626 
2.14101   9.27317 
2.47577   9.61321 
2.12314   9.64903 
2.10769   10.23610 
2.99268   9.20111 
2.77328   9.37509 
2.75541   9.75095 
3.35499   8.68298 
3.18395   8.94448 
3.24418   9.25620 
3.78679   8.36843 
3.52628   8.49141 
3.60673   8.80800 
3.97905   8.45682 
5.46389   8.41783 
5.37903   8.25057 
5.16746   8.22619 
5.55879   8.70236 
5.54089   8.55242 
5.33505   8.52985 
5.07268   8.40446 
4.98210   8.23538 
4.75044   8.26916 
2.50484   10.45500 
2.15463   10.70200 
2.20215   11.25070 
2.61661   11.43490 
2.26697   11.76450 
2.44939   12.27470 
2.94143   12.46760 
3.06241   9.91021 
2.76490   10.14830 
2.81184   10.61430 
3.04699   12.06550 
3.30700   12.58440 
3.71471   12.42550 
3.60915   12.82770 
4.14223   13.05200 
2.85049   11.20660 
2.91531   11.72050 
3.28087   11.83730 
3.11427   10.60690 
2.85421   10.91360 
3.15291   11.19920 
4.39846   12.71120 
4.52382   13.09440 
5.02247   13.09670 
5.11133   12.73370 
5.35374   13.07680 
5.80782   12.85190 
5.63408   12.47020 
5.99930   12.60840 
6.16001   12.26010 
6.01434   11.99490 
6.34879   12.02820 
6.55607   11.77690 
6.37126   11.56590 
6.72422   11.57970 
6.77930   11.23830 
6.50781   11.12920 
6.74771   10.99870 
6.67204   10.69170 
6.40909   10.64370 
6.60490   10.44570 
6.51022   10.16860 
6.29423   10.13780 
6.46250   9.90877 
6.32099   9.67671 
6.12770   9.71257 
6.20218   9.51128 
6.05102   9.36281 
5.90136   9.41503 
5.94348   9.23070 
5.79636   9.14287 
6.13421   11.50550 
6.30235   11.30830 
6.27076   11.06880 
6.07489   11.01680 
6.28035   10.83770 
6.21322   10.59170 
5.74526   11.96450 
5.93403   11.73270 
5.86512   11.47510 
5.29735   12.41590 
5.48883   12.17240 
5.40852   11.91020 
4.96608   12.43580 
4.25930   12.43790 
4.64089   12.48030 
4.82691   12.16260 
3.69009   12.15050 
3.99225   12.39380 
4.23468   12.16290 
3.43172   11.58660 
3.56340   11.93160 
3.84094   11.89990 
3.37247   11.04590 
3.36875   11.33890 
3.65127   11.43330 
3.32715   10.48310 
3.36952   10.78240 
3.58535   10.92210 
3.22763   9.68612 
3.23712   10.08350 
3.47863   10.03630 
3.31342   10.26040 
3.56867   10.43590 
3.52190   9.22744 
3.33064   9.48407 
3.50535   9.65737 
6.02296   10.62460 
6.15170   10.43050 
6.01126   10.31760 
6.20152   10.28480 
6.15380   10.02500 
5.98268   10.03910 
6.07539   9.89216 
5.95658   9.72673 
5.84141   9.79365 
5.89372   9.61406 
5.75666   9.58787 
5.87183   9.52096 
5.76430   9.38884 
3.83813   8.84647 
3.66684   9.03804 
3.75330   9.26591 
4.17809   8.50344 
3.97706   8.66305 
4.03716   8.89309 
4.56188   8.31287 
4.34514   8.39914 
4.34314   8.60537 
4.69876   8.45737 
3.72493   9.66641 
3.62192   9.86846 
3.69822   10.04530 
3.93668   9.29235 
3.79175   9.48176 
3.90832   9.69286 
3.88069   10.09300 
3.73740   10.26090 
3.75114   10.48360 
3.92715   10.47740 
3.75842   10.65250 
3.92630   10.80870 
3.75028   10.81490 
3.75323   11.07840 
3.97646   11.16210 
3.81153   11.26930 
3.87450   11.51690 
4.13457   11.55170 
3.97432   11.71570 
4.10101   11.93460 
4.36806   11.97870 
4.46715   11.76600 
4.60082   11.99430 
4.92600   11.94980 
4.91930   11.73470 
5.14539   11.90300 
5.40182   11.69510 
4.24080   11.37760 
4.34061   11.57630 
4.57337   11.59180 
4.64302   11.43840 
4.76956   11.62800 
4.98894   11.58120 
4.07721   11.02820 
4.13551   11.21910 
4.34154   11.24370 
4.05543   10.71780 
4.04730   10.88030 
4.20634   10.93730 
4.37048   11.09620 
4.47576   11.25470 
4.59766   11.17990 
4.56873   11.32740 
4.76492   11.36360 
4.29022   10.83190 
4.32013   10.97990 
4.45435   10.99080 
4.05323   10.41510 
4.06050   10.58400 
4.18150   10.65560 
4.28838   10.58380 
4.28331   10.71770 
4.39710   10.76020 
5.27376   11.57870 
5.53689   11.58600 
5.54209   11.38440 
5.67015   11.50080 
5.87032   11.27360 
4.98750   11.43210 
5.13724   11.53880 
5.27231   11.42960 
5.74691   11.14600 
5.94189   11.12030 
5.95149   10.88930 
5.80106   10.84700 
5.93407   10.74350 
5.87254   10.58230 
4.80896   11.22990 
4.88325   11.34080 
5.03155   11.29840 
3.99144   9.96260 
4.03062   10.17810 
4.17374   10.17030 
4.06300   10.30070 
4.19634   10.40730 
4.07218   9.63366 
4.00537   9.81831 
4.15530   9.90340 
4.31633   10.35230 
4.30656   10.46670 
4.40837   10.52880 
4.21160   8.86247 
4.07267   9.04589 
4.19101   9.14061 
4.01657   9.17122 
4.05502   9.38707 
4.49762   8.65773 
4.33057   8.76202 
4.36608   8.91483 
4.20517   9.37732 
4.12529   9.49845 
4.22233   9.62390 
4.81943   8.55106 
4.63086   8.59477 
4.61829   8.75142 
5.17148   8.53960 
4.98612   8.54879 
4.91822   8.68620 
5.24848   8.67418 
5.25478   11.29110 
5.39130   11.33100 
5.52455   11.24590 
5.47729   11.12960 
5.62807   11.18300 
5.69965   11.02970 
5.58487   10.95730 
5.70370   10.92030 
5.68628   10.77460 
5.03797   11.19280 
5.14222   11.28400 
5.26121   11.18550 
5.39088   11.07040 
5.49441   11.00740 
5.49846   10.89810 
5.19118   11.09370 
5.30374   11.10070 
5.32086   10.97860 
4.62211   11.06650 
4.71507   11.13920 
4.83341   11.11650 
4.49457   10.89750 
4.54491   11.01390 
4.66232   10.97320 
4.48229   10.69320 
4.48921   10.80740 
4.57976   10.83050 
4.48582   10.48320 
4.46764   10.60040 
4.55975   10.64760 
4.82562   11.02200 
4.91951   11.11260 
4.98617   11.02490 
4.99396   11.11930 
5.10464   11.10500 
5.14717   11.02020 
4.64986   10.78790 
4.65522   10.87800 
4.73242   10.93060 
4.79169   10.85920 
4.79879   10.95450 
4.88489   10.95070 
4.59805   10.59000 
4.61271   10.68290 
4.68798   10.66570 
4.64967   10.72330 
4.72513   10.77070 
4.92628   10.88760 
4.95311   10.95520 
5.02756   10.96180 
5.06013   10.88440 
5.09320   10.95410 
5.17974   10.94280 
5.19755   10.85780 
5.25153   10.92400 
5.33867   10.89360 
5.33733   10.79920 
5.40666   10.85380 
5.49712   10.80370 
5.47737   10.70350 
5.56917   10.74780 
5.66653   10.67440 
5.62255   10.56110 
5.73965   10.58790 
5.82855   10.46900 
5.73524   10.34810 
5.86813   10.34240 
5.91795   10.19670 
5.83954   10.06390 
4.78716   10.72450 
4.78735   10.78910 
4.85372   10.81300 
4.89579   10.76610 
4.90013   10.83620 
4.96835   10.84070 
4.99284   10.77550 
5.01899   10.82690 
5.08462   10.81920 
5.10492   10.75990 
5.14607   10.81740 
5.21785   10.79860 
5.22086   10.72930 
5.27235   10.76980 
5.34034   10.73000 
5.32388   10.65250 
5.38886   10.68190 
5.46092   10.62600 
5.43970   10.54340 
5.52821   10.56500 
5.60133   10.47850 
5.53596   10.39810 
5.63030   10.39420 
5.66987   10.26760 
5.56007   10.22100 
5.66501   10.17490 
5.61603   10.06480 
5.72583   10.11150 
5.79056   9.95388 
5.65207   9.90680 
5.76578   9.85924 
5.70292   9.74656 
5.58730   9.70839 
5.66293   9.64280 
5.64104   9.54970 
5.55058   9.49184 
5.64432   9.43692 
5.67384   9.33099 
5.56492   9.26450 
5.68490   9.21643 
5.68744   9.07638 
5.55039   9.03278 
5.66185   8.95923 
5.61516   8.82796 
5.46842   8.79003 
5.40402   8.89733 
5.34766   8.77174 
5.18408   8.78148 
5.47457   9.11008 
5.44897   8.99292 
5.32821   8.97463 
5.48137   9.30918 
5.49243   9.19462 
5.39102   9.15477 
5.17845   8.89569 
5.07927   8.79813 
4.98594   8.87988 
4.99157   8.76567 
4.82488   8.76794 
5.28334   9.06199 
5.23839   8.96640 
5.13358   8.98305 
4.80292   8.89471 
4.72956   8.81524 
4.59632   8.87819 
4.59701   8.99815 
4.48574   8.93433 
4.36677   9.03478 
4.42469   9.14874 
4.30503   9.12923 
4.24893   9.25457 
4.31919   9.36594 
5.33031   9.21770 
5.31245   9.13316 
5.22263   9.12493 
5.48170   9.55074 
5.48498   9.43796 
5.40745   9.43464 
5.47633   9.37575 
5.40384   9.30587 
5.34026   9.34797 
5.34530   9.28141 
5.26673   9.25981 
4.98919   8.97498 
4.90149   8.94251 
4.80617   8.98981 
5.12213   9.06119 
5.06219   8.99048 
4.97774   9.05311 
5.17842   9.19357 
5.14932   9.12241 
5.07792   9.12983 
5.22796   9.30944 
5.21297   9.24574 
5.13966   9.24321 
4.83665   9.06882 
4.73807   9.02102 
4.70572   9.10771 
4.67524   9.02870 
4.56466   9.08484 
4.60304   9.17920 
4.52481   9.14865 
4.46307   9.24310 
4.52511   9.31800 
4.42499   9.31809 
4.38123   9.44084 
4.47161   9.47194 
4.36581   9.51979 
4.43094   9.63412 
4.34056   9.60303 
4.28746   9.73824 
4.39779   9.82484 
4.27957   9.84571 
4.26564   9.99000 
4.38808   10.05030 
4.26382   10.10800 
4.29619   10.23060 
4.40640   10.28990 
5.03969   9.18220 
5.01250   9.12098 
4.93950   9.10548 
4.91534   9.18017 
4.88058   9.11230 
4.81249   9.14351 
5.13200   9.29251 
5.09745   9.24035 
5.05159   9.27940 
5.05925   9.23010 
4.99383   9.22125 
4.96874   9.27219 
4.94918   9.22428 
4.89025   9.23111 
4.75101   9.17485 
4.68817   9.18253 
4.64833   9.24634 
4.79494   9.21834 
4.88100   9.28388 
4.84716   9.23977 
4.78569   9.27110 
4.69440   9.30868 
4.60926   9.30535 
4.57118   9.38034 
4.62584   9.43374 
4.54168   9.44639 
4.52626   9.52534 
4.81246   9.33323 
4.76024   9.31180 
4.72117   9.37081 
4.75057   9.42068 
4.68473   9.41755 
4.65523   9.48361 
4.90992   9.32132 
4.86683   9.32998 
4.84138   9.37068 
4.87531   9.39706 
4.82093   9.40032 
4.82723   9.44307 
4.79330   9.41668 
4.75686   9.46343 
4.99167   9.30665 
4.94702   9.30968 
4.93286   9.35578 
5.06431   9.31898 
5.02611   9.30874 
5.00439   9.34623 
5.14063   9.33028 
5.09842   9.32741 
5.07294   9.35675 
5.23379   9.35987 
5.18004   9.34580 
5.14646   9.38070 
5.34798   9.40226 
5.28944   9.37781 
5.24151   9.41416 
5.35662   9.46448 
4.90419   10.71250 
4.95061   10.73560 
5.00125   10.72190 
4.76854   10.68240 
4.83075   10.70080 
4.85034   10.65520 
4.86896   10.69730 
4.92378   10.66690 
4.70434   10.61040 
4.74130   10.65080 
4.78490   10.62710 
4.61472   10.53750 
4.66768   10.57280 
4.72100   10.55780 
4.51416   10.41360 
4.57344   10.48520 
4.64306   10.46790 
4.47132   10.21520 
4.49146   10.33680 
4.57908   10.33880 
4.48481   9.99228 
4.48299   10.11030 
4.56805   10.15710 
4.80657   10.59040 
4.83380   10.62200 
4.87200   10.61850 
4.73996   10.51510 
4.77663   10.55270 
4.82553   10.54760 
4.50545   9.77533 
4.49756   9.88281 
4.59247   9.94277 
4.51466   9.60097 
4.48941   9.68421 
4.58917   9.74218 
4.58473   9.57543 
4.70446   9.52323 
4.64556   9.53942 
4.63396   9.61505 
4.69655   9.64259 
4.63572   9.67860 
4.65176   9.76972 
4.79299   9.49566 
4.75025   9.49965 
4.74058   9.55546 
4.78790   9.57954 
4.74211   9.60312 
4.74387   9.66667 
4.86532   9.45996 
4.83769   9.47632 
4.83108   9.51255 
4.86249   9.52807 
4.81779   9.54740 
4.81932   9.59506 
4.90620   9.40669 
4.88575   9.43633 
4.89621   9.46959 
4.96033   9.37377 
4.92323   9.38541 
4.93367   9.42468 
5.02060   9.37543 
4.98617   9.37334 
4.97654   9.40297 
5.08115   9.38895 
5.04705   9.38052 
5.02882   9.40763 
5.14484   9.41450 
5.10543   9.39898 
5.07953   9.42275 
5.25959   9.45675 
5.20395   9.43881 
5.18925   9.47122 
5.17117   9.42863 
5.13013   9.44691 
5.35860   9.51650 
5.29913   9.48412 
5.26157   9.50877 
5.46226   9.61526 
5.39666   9.56138 
5.33917   9.58102 
5.53475   9.78685 
5.49476   9.68309 
5.40972   9.69373 
5.56465   9.96893 
5.53987   9.87429 
5.44733   9.84899 
5.50383   10.03230 
4.98618   9.42529 
4.96035   9.42572 
4.94332   9.44700 
5.00119   9.42127 
4.98447   9.44204 
4.93234   9.45798 
4.95757   9.45758 
4.94204   9.48447 
4.92832   9.47298 
4.90789   9.49661 
4.92337   9.51832 
4.89126   9.51492 
4.87797   9.54977 
4.92739   9.53332 
4.94204   9.51553 
5.04263   9.43038 
5.01619   9.42529 
5.01553   9.44204 
5.07788   9.45139 
5.05361   9.44136 
5.04242   9.45757 
5.12889   9.47106 
5.10256   9.45693 
5.07664   9.47554 
5.08066   9.49054 
5.05796   9.48447 
5.10288   9.49950 
5.08221   9.50896 
5.09256   9.52695 
5.07035   9.51799 
5.06633   9.53299 
5.05796   9.51553 
5.15507   9.49085 
5.12750   9.50088 
5.12905   9.51929 
5.18785   9.50103 
5.26049   9.54381 
5.22095   9.51644 
5.18677   9.53608 
5.13448   9.53963 
5.10985   9.53825 
5.09799   9.54729 
5.19369   9.56891 
5.16059   9.55350 
5.14139   9.57246 
5.07299   9.55214 
5.05862   9.54915 
5.04764   9.56013 
5.04243   9.54242 
5.09027   9.56344 
4.94118   9.54867 
4.92052   9.55199 
4.91391   9.57498 
4.90013   9.55962 
4.87136   9.57277 
4.95216   9.55965 
4.95758   9.54243 
4.87980   9.60469 
4.85765   9.59484 
4.82776   9.62699 
4.85931   9.65672 
4.82097   9.65694 
4.82497   9.70679 
4.79342   9.67706 
4.74786   9.71652 
4.78716   9.77385 
4.73761   9.76346 
4.69106   9.82705 
4.76189   9.88390 
4.67605   9.89016 
4.66329   9.99963 
4.87840   9.72350 
4.85085   9.74362 
4.84059   9.79056 
4.89905   9.82593 
4.83537   9.85617 
4.82035   9.91927 
5.31310   9.62877 
5.27504   9.58389 
5.23442   9.59156 
5.20824   9.60899 
5.37621   9.74290 
5.34371   9.67507 
5.27959   9.67794 
5.37220   9.89032 
5.36708   9.80289 
5.30108   9.78423 
4.92870   9.59129 
4.90830   9.59893 
4.89458   9.62101 
4.96761   9.57040 
4.94976   9.57809 
4.94415   9.60205 
4.98261   9.57442 
4.98447   9.55796 
4.91911   9.64438 
4.89061   9.65015 
4.88383   9.68010 
4.90970   9.71692 
5.23947   9.79307 
5.24860   9.73308 
5.21799   9.68678 
5.17573   9.69797 
5.20672   9.64284 
5.16599   9.62018 
5.13797   9.63181 
5.13949   9.59796 
5.11337   9.58408 
5.08837   9.58894 
4.90108   10.59050 
4.91762   10.62370 
4.95286   10.63890 
4.97509   10.60240 
4.98124   10.64560 
5.01778   10.64140 
4.99555   10.67780 
5.03778   10.71770 
5.06675   10.68070 
5.07245   10.72470 
5.13389   10.72290 
5.14205   10.67290 
5.17452   10.70810 
5.22901   10.67930 
5.21410   10.62410 
5.26044   10.64540 
5.30897   10.59730 
5.27175   10.55250 
5.33519   10.55950 
5.33880   10.49370 
5.37603   10.53850 
5.44331   10.47750 
5.39128   10.41530 
5.45495   10.42020 
5.48392   10.33590 
5.40833   10.28720 
5.48933   10.26510 
5.48448   10.17230 
5.39979   10.14650 
5.47053   10.10240 
5.41915   10.00650 
5.30816   10.03260 
5.34147   9.96256 
5.26122   9.91646 
5.18644   9.92667 
5.21718   9.85443 
5.16470   9.80328 
5.28602   10.46240 
5.32686   10.44140 
5.33850   10.38400 
5.28126   10.34420 
5.34567   10.31810 
5.35108   10.24730 
5.27545   10.21040 
5.33811   10.17940 
5.32416   10.10950 
5.24648   10.06560 
5.22712   10.54330 
5.25334   10.50560 
5.24140   10.45330 
5.17034   10.61460 
5.20177   10.58070 
5.18336   10.53380 
5.10957   10.65460 
5.15019   10.63970 
5.13786   10.59630 
5.04482   10.64380 
5.07949   10.65090 
5.08763   10.61770 
5.03052   10.61150 
5.04770   9.57810 
5.03006   9.56993 
5.01506   9.57395 
5.01553   9.55796 
5.08735   9.61285 
5.06425   9.59220 
5.04668   9.60200 
5.01388   9.59552 
4.99882   9.58157 
4.98143   9.59599 
4.98250   9.62023 
4.96629   9.61309 
4.94523   9.62629 
4.94125   9.65543 
5.04219   9.62942 
5.02564   9.61532 
5.00940   9.62294 
4.99426   9.64003 
5.12687   9.66262 
5.10037   9.64039 
5.07624   9.64365 
5.05521   9.65697 
5.13813   9.70656 
5.11294   9.81739 
5.13523   9.75602 
5.08637   9.72066 
5.05944   9.73914 
5.06233   9.68967 
5.02828   9.67544 
5.00491   9.70195 
4.99779   9.66925 
4.97090   9.66654 
4.94478   9.68464 
4.93935   9.72804 
5.01689   9.73485 
4.98641   9.72866 
4.95133   9.76094 
5.04093   9.76584 
5.00275   9.80275 
4.95570   9.80213 
4.95047   9.86774 
5.04530   9.80703 
5.07476   9.85429 
5.13647   9.97321 
5.09243   9.91118 
5.02479   9.90083 
4.96814   9.92463 
5.18163   10.11790 
5.16564   10.04100 
5.07163   10.02550 
4.97421   9.99264 
4.89989   9.95955 
4.82641   9.98729 
5.00337   10.06040 
4.82697   10.04740 
4.74743   10.00710 
4.66386   10.05970 
4.72087   10.12400 
4.63673   10.11650 
4.62506   10.22140 
4.69310   10.24670 
4.62441   10.28730 
4.64711   10.36410 
4.70753   10.36840 
4.66219   10.42000 
4.70347   10.47230 
4.75909   10.46710 
5.22598   10.25040 
5.21300   10.18250 
5.13217   10.15790 
5.23694   10.36990 
5.24411   10.30400 
5.18166   10.27620 
5.19530   10.45490 
5.22799   10.41170 
5.19084   10.37150 
5.10245   10.20770 
5.07108   10.14300 
5.00106   10.16240 
5.03078   10.11260 
4.93336   10.07980 
4.89886   10.13920 
4.87145   10.08700 
4.79247   10.10690 
4.76535   10.16370 
4.81964   10.19990 
4.74804   10.21700 
4.74739   10.28290 
4.79958   10.30290 
4.74464   10.33250 
4.75972   10.38840 
4.80195   10.39090 
4.76484   10.42680 
4.80133   10.46970 
4.94188   10.18130 
4.87998   10.18850 
4.86266   10.24190 
4.98218   10.21170 
4.90071   10.27280 
4.84037   10.28420 
4.83762   10.33380 
4.87833   10.35770 
4.83754   10.37640 
4.84266   10.41480 
4.87017   10.43290 
4.83458   10.44750 
4.82884   10.48780 
4.86278   10.49450 
4.82953   10.51670 
4.85947   10.55440 
4.88928   10.53740 
4.88527   10.56830 
4.93089   10.57360 
4.88470   10.48180 
4.88539   10.51070 
4.91120   10.52470 
4.89804   10.42380 
4.88996   10.45650 
4.91258   10.47270 
4.90298   10.33850 
4.90290   10.38110 
4.93745   10.38690 
4.91280   10.40610 
4.93259   10.42960 
4.94285   10.27270 
4.92056   10.31490 
4.94512   10.33840 
5.02439   10.22940 
4.96520   10.24830 
4.98505   10.29040 
5.12046   10.24240 
5.05937   10.22750 
5.04239   10.26410 
5.16208   10.31620 
5.14395   10.26260 
5.10087   10.28240 
5.15156   10.38990 
5.16050   10.34810 
5.12280   10.33450 
5.08427   10.32320 
5.06077   10.30300 
5.02578   10.30500 
5.08269   10.35520 
5.00343   10.32930 
5.01458   10.36150 
4.97385   10.34690 
4.95627   10.37050 
4.96617   10.39550 
5.09507   10.38680 
5.05654   10.37560 
5.04699   10.40580 
5.03461   10.37420 
5.00503   10.39180 
5.01253   10.42220 
4.99250   10.40950 
4.97367   10.42590 
4.95867   10.42990 
4.98447   10.44200 
4.94392   10.44770 
4.93294   10.45870 
4.95757   10.45760 
4.92768   10.48400 
4.92366   10.49900 
4.94204   10.48450 
5.02753   10.42620 
5.01553   10.44200 
5.04946   10.42760 
4.92768   10.51400 
4.94204   10.51550 
4.93156   10.54070 
4.95758   10.54240 
4.94254   10.55170 
4.95835   10.57380 
4.98447   10.55800 
4.97335   10.57790 
5.00174   10.58460 
5.01553   10.55800 
5.01674   10.58050 
5.04378   10.58300 
5.05528   10.56040 
5.06906   10.59140 
5.09913   10.59510 
5.06626   10.54940 
5.04243   10.54240 
5.11928   10.57000 
5.07478   10.42850 
5.05532   10.44890 
5.06630   10.45990 
5.04242   10.45760 
5.11967   10.39280 
5.09352   10.41320 
5.09938   10.43440 
5.15001   10.41620 
5.17239   10.48000 
5.15898   10.43850 
5.12709   10.44140 
5.15112   10.54170 
5.17648   10.50440 
5.14015   10.48790 
5.09193   10.55140 
5.13065   10.55260 
5.12376   10.52310 
5.07763   10.53200 
5.07611   10.49610 
5.07209   10.51110 
5.05796   10.51550 
5.09776   10.51310 
5.11823   10.50230 
5.11414   10.47790 
5.08643   10.47100 
5.10835   10.45670 
5.07209   10.48110 
5.05796   10.48450 
0.00000   0.00000 
3.04317   0.00000 
2.01495   1.81357 
0.00000   2.82833 
20.00000   0.00000 
20.00000   3.99973 
16.01550   0.00000 
20.00000   20.00000 
16.01690   20.00000 
20.00000   15.99890 
0.00000   20.00000 
0.00000   17.17270 
2.03047   18.17050 
3.04433   20.00000 
0.00000   14.94110 
1.54469   16.15600 
1.54121   3.82677 
0.00000   5.05975 
5.90996   0.00000 
4.55620   1.62092 
3.40765   3.19459 
4.58933   18.34030 
5.91107   20.00000 
3.43599   16.75530 
0.00000   13.10830 
1.24500   14.27390 
2.70603   15.14770 
1.26171   5.69956 
0.00000   6.89237 
2.73065   4.80336 
0.00000   11.50910 
1.16901   12.58200 
1.17609   7.35552 
0.00000   8.49159 
0.00000   10.00030 
0.93093   11.06590 
0.89204   8.87843 
1.03569   9.94977 
2.32320   13.70260 
2.38607   6.24624 
8.85911   0.00000 
7.38059   1.95147 
5.43715   3.16419 
4.32762   4.41709 
3.66665   5.72307 
7.42020   17.99030 
8.86026   20.00000 
5.52906   16.73710 
4.30530   15.46890 
3.55407   14.17940 
12.15650   0.00000 
10.60320   2.38128 
13.92400   2.89929 
16.96430   4.66057 
20.00000   7.99947 
10.67590   17.60290 
12.15780   20.00000 
13.98370   16.96270 
17.05630   15.03270 
20.00000   11.99920 
1.85252   11.58030 
2.21735   12.60070 
1.75748   10.48310 
3.20144   12.98660 
2.30107   7.40340 
1.69555   8.26354 
1.78838   9.30900 
3.34288   6.83705 
8.79518   3.69318 
7.06330   3.62867 
5.99141   4.72379 
4.86361   5.42478 
4.60194   6.43382 
7.35258   16.01460 
8.97146   16.43910 
5.90123   15.26430 
4.86885   14.36040 
4.26758   13.43520 
12.36610   4.91523 
10.44690   4.49623 
14.63400   6.27349 
16.80410   7.97206 
17.27630   11.07830 
14.79960   13.35270 
12.42960   14.94400 
10.47070   15.47000 
14.54410   9.86556 
12.74900   7.60941 
10.97470   6.32805 
12.76700   12.24850 
12.21090   9.95540 
10.93200   13.62730 
10.99820   8.26153 
10.96040   11.70200 
10.47650   9.99196 
8.98252   14.58720 
7.28698   14.54650 
9.50683   12.84240 
8.13156   13.35750 
6.07282   14.04840 
7.00458   13.51020 
5.26487   13.43980 
6.17303   12.99010 
9.50975   11.31480 
8.40509   12.11480 
7.28608   12.52220 
9.23961   5.50725 
7.71116   4.93605 
9.53735   7.10392 
9.55311   8.64272 
9.13927   9.96816 
8.40844   10.93900 
7.63521   11.52400 
6.49446   12.29340 
6.90903   11.79080 
7.93600   6.49851 
6.82102   5.80235 
5.73809   6.03884 
8.46040   7.78995 
8.42193   8.94852 
8.09316   9.94019 
7.55531   10.65490 
7.01920   11.10780 
6.57258   6.90354 
7.44100   7.45220 
7.59916   8.32007 
5.53696   6.92729 
7.55815   9.19809 
7.28499   9.93900 
6.86785   10.49370 
4.79569   7.21072 
4.10830   7.13680 
3.60052   7.61400 
2.96564   7.73342 
2.47224   8.41518 
6.71905   7.94158 
6.07233   7.51064 
6.98516   8.72212 
5.42121   7.62914 
6.89607   9.37555 
6.67848   9.93954 
6.01046   8.14527 
6.45671   8.48767 
6.47595   8.99550 
6.39547   9.47543 
6.05069   8.72914 
6.09314   9.17848 
5.66973   8.44040 
5.50001   8.10588 
5.07687   8.05710 
4.82704   7.72973 
4.25748   7.76617 
5.79890   9.00283 
5.70552   8.74029 
4.61357   8.12466 
4.18008   8.29721 
3.79555   8.12043 
3.27453   8.36639 
2.93245   8.88939 
2.49364   9.23735 
2.45790   9.98907 
3.05292   9.51283 
3.43544   8.99957 
3.77802   8.61643 
5.25805   8.39527 
5.41206   8.66444 
4.88732   8.41366 
2.55178   10.92100 
2.68143   11.94870 
3.07191   10.30760 
3.41256   12.18230 
4.01687   12.66880 
3.14919   11.49230 
3.15663   10.90620 
4.78006   12.75360 
5.44260   12.71370 
5.82557   12.22670 
6.20312   11.76300 
6.53940   11.36870 
6.47622   10.88970 
6.34195   10.39770 
6.24651   9.87800 
6.00889   9.54714 
5.79382   9.28292 
6.06530   11.24790 
6.08449   10.78580 
5.66495   11.70230 
5.15210   12.11810 
4.50173   12.20710 
3.96763   12.11880 
3.71425   11.68090 
3.58830   11.18560 
3.58240   10.65860 
3.40233   9.85942 
3.55493   10.21320 
3.60836   9.45531 
5.96144   10.46330 
6.06109   10.17190 
5.90427   9.90633 
5.77854   9.68098 
5.73478   9.49477 
3.89823   9.07651 
4.17609   8.70966 
4.51020   8.50108 
3.84151   9.87751 
3.97514   9.50820 
3.91988   10.30850 
3.93443   10.64630 
3.91817   10.97120 
4.03476   11.35300 
4.23439   11.75040 
4.69991   11.78150 
5.13869   11.68790 
4.44683   11.40220 
4.83920   11.47450 
4.23625   11.08520 
4.17642   10.78940 
4.50470   11.10720 
4.69063   11.25260 
4.40401   10.87450 
4.18658   10.52180 
4.39019   10.64590 
5.40884   11.46960 
5.67534   11.29930 
5.13579   11.38960 
5.81848   10.99270 
5.78364   10.70120 
4.92730   11.20710 
4.14137   10.04770 
4.20611   10.29290 
4.16923   9.75911 
4.42654   10.41160 
4.24711   9.01528 
4.13491   9.26594 
4.48505   8.81438 
4.27544   9.48869 
4.75153   8.68847 
5.08491   8.68393 
5.37376   11.19250 
5.58081   11.06660 
5.58893   10.84790 
5.14865   11.17840 
5.40800   10.94820 
5.23371   11.00890 
4.73952   11.02580 
4.58513   10.92060 
4.57440   10.74040 
4.54509   10.55480 
4.91172   11.01820 
5.06063   11.03150 
4.72532   10.83530 
4.85807   10.88310 
4.65101   10.62530 
4.72494   10.70610 
4.99450   10.89210 
5.12577   10.87660 
5.26934   10.83900 
5.40532   10.75950 
5.54942   10.64760 
5.69567   10.47460 
5.77481   10.22150 
4.84937   10.74290 
4.94220   10.78930 
5.04348   10.76170 
5.16637   10.75810 
5.27536   10.70060 
5.37241   10.60440 
5.50699   10.48240 
5.56493   10.31380 
5.55521   10.12820 
5.67684   10.00140 
5.62729   9.81215 
5.54731   9.60462 
5.55386   9.37906 
5.57598   9.14994 
5.52479   8.91562 
5.28326   8.87904 
5.37316   9.07022 
5.40889   9.23931 
5.07364   8.91234 
4.89824   8.84741 
5.19352   9.05376 
4.70759   8.94201 
4.48643   9.05428 
4.36295   9.24319 
5.25174   9.19610 
5.41609   9.49686 
5.39880   9.37243 
5.28172   9.32352 
4.90474   9.03761 
5.05074   9.06861 
5.10511   9.19105 
5.17421   9.29537 
4.76855   9.10003 
4.64288   9.11539 
4.56319   9.24301 
4.48702   9.39299 
4.45619   9.55089 
4.40568   9.71736 
4.38991   9.93231 
4.38626   10.16830 
4.97426   9.17334 
4.85642   9.18700 
5.08979   9.28965 
5.01339   9.26916 
4.92409   9.27523 
4.73346   9.24968 
4.83791   9.29253 
4.65534   9.36768 
4.59634   9.49979 
4.78701   9.37393 
4.71413   9.46742 
4.89576   9.36742 
4.85486   9.42671 
4.79959   9.45943 
4.96996   9.34414 
5.03883   9.34832 
5.10705   9.36518 
5.18587   9.39623 
5.29715   9.43210 
4.95901   10.68200 
4.81213   10.65870 
4.88854   10.65170 
4.75767   10.59550 
4.68434   10.52020 
4.60178   10.41570 
4.55637   10.26200 
4.57972   10.05220 
4.85547   10.58530 
4.79558   10.51000 
4.60522   9.83330 
4.57313   9.65106 
4.69479   9.57904 
4.69831   9.70613 
4.78638   9.53188 
4.78943   9.62720 
4.87578   9.49322 
4.84921   9.56292 
4.91664   9.44596 
4.95071   9.40340 
5.00237   9.40254 
5.05526   9.41272 
5.10380   9.43278 
5.22203   9.48139 
5.15646   9.46104 
5.30111   9.53614 
5.37722   9.62591 
5.44221   9.76156 
5.45245   9.93643 
4.97000   9.44804 
5.00000   9.44000 
4.94804   9.47000 
4.94000   9.50000 
4.90673   9.53663 
4.94804   9.53000 
5.03000   9.44804 
5.05196   9.47000 
5.10133   9.48109 
5.06000   9.50000 
5.10443   9.51792 
5.08070   9.53598 
5.05196   9.53000 
5.15368   9.52067 
5.21986   9.55149 
5.11527   9.55859 
5.16751   9.58634 
5.06527   9.56830 
5.03000   9.55196 
4.93431   9.56734 
4.89352   9.58261 
4.97000   9.55196 
4.86609   9.62677 
4.85252   9.68667 
4.79742   9.72691 
4.77691   9.82080 
4.74687   9.94701 
4.90428   9.76032 
4.89383   9.89154 
5.24898   9.63164 
5.31021   9.72424 
5.29195   9.84422 
4.92308   9.61525 
4.96522   9.58884 
5.00000   9.56000 
4.91513   9.67352 
5.18699   9.74192 
5.16447   9.65403 
5.11147   9.60958 
4.94670   10.59570 
5.00348   10.60910 
5.03208   10.67360 
5.10142   10.68770 
5.18267   10.65800 
5.24553   10.59020 
5.29796   10.51470 
5.37964   10.47270 
5.40292   10.35800 
5.41374   10.21640 
5.38584   10.07650 
5.23048   9.98870 
5.14240   9.86464 
5.27409   10.41010 
5.28843   10.27820 
5.26247   10.14250 
5.20871   10.49640 
5.15801   10.57120 
5.11771   10.62140 
5.05756   10.61400 
5.03013   9.58789 
5.06323   9.61611 
4.99764   9.60314 
4.96737   9.63733 
5.02116   9.64274 
5.08926   9.67120 
5.08348   9.77013 
5.03540   9.70815 
4.97443   9.69576 
4.99839   9.76156 
5.00712   9.84393 
5.04246   9.95772 
5.10079   10.09330 
4.90595   10.02760 
4.74800   10.06720 
4.69374   10.18080 
4.69245   10.31260 
4.72260   10.42430 
5.16354   10.22260 
5.19978   10.32980 
5.18190   10.41330 
5.04136   10.19280 
4.96076   10.13200 
4.83695   10.14650 
4.80233   10.25330 
4.79683   10.35250 
4.80707   10.42940 
4.92300   10.23060 
4.87842   10.31510 
4.87825   10.40030 
4.86209   10.46560 
4.86347   10.52340 
4.91508   10.55140 
4.90732   10.49790 
4.91784   10.44740 
4.92755   10.36200 
4.94734   10.41180 
4.96270   10.31470 
5.00741   10.26600 
5.07738   10.26210 
5.12437   10.30260 
5.12122   10.36650 
5.04416   10.34390 
4.98500   10.37910 
5.06892   10.40720 
5.02506   10.40440 
5.00000   10.44000 
4.97000   10.44800 
4.94804   10.47000 
4.94000   10.50000 
5.03000   10.44800 
4.94804   10.53000 
4.97000   10.55200 
5.00000   10.56000 
5.03000   10.55200 
5.08056   10.56890 
5.05196   10.53000 
5.08063   10.44970 
5.05196   10.47000 
5.11813   10.41910 
5.13606   10.46360 
5.14424   10.51230 
5.10329   10.53400 
5.06000   10.50000 
5.09223   10.49220 
