1   2   3 
4   5   2 
6   7   8 
9   10   11 
12   13   14 
15   16   13 
17   18   19 
20   12   18 
21   22   4 
23   24   22 
25   26   27 
28   1   26 
29   30   28 
31   21   30 
32   33   15 
34   35   33 
36   37   20 
38   32   37 
39   40   41 
42   17   40 
43   44   42 
45   36   44 
46   47   23 
48   49   47 
50   51   31 
52   46   51 
53   54   55 
56   39   54 
57   58   48 
59   60   58 
61   62   63 
64   53   62 
65   66   59 
67   68   66 
69   70   67 
71   61   70 
72   73   56 
74   43   73 
75   76   52 
77   57   76 
78   79   80 
81   25   79 
82   83   81 
84   29   83 
85   86   84 
87   50   86 
88   89   87 
90   75   89 
91   92   34 
93   94   92 
95   96   38 
97   91   96 
98   99   45 
100   95   99 
101   102   74 
103   98   102 
104   105   106 
107   78   105 
108   109   110 
111   104   109 
112   113   6 
114   108   113 
115   112   116 
117   118   93 
119   120   118 
121   122   119 
123   124   122 
125   126   123 
127   9   126 
128   129   127 
130   131   64 
132   133   131 
134   72   133 
135   136   71 
137   130   136 
138   139   134 
140   101   139 
141   142   77 
143   144   142 
145   65   144 
146   147   145 
148   69   147 
149   135   148 
150   151   90 
152   141   151 
153   154   107 
155   156   154 
157   82   156 
158   159   157 
160   85   159 
161   162   160 
163   88   162 
164   165   163 
166   150   165 
167   168   97 
169   170   168 
171   117   170 
172   173   100 
174   167   173 
175   176   103 
177   172   176 
178   179   140 
180   175   179 
181   182   111 
183   184   182 
185   153   184 
186   187   114 
188   181   187 
189   190   115 
191   186   190 
192   193   194 
195   189   193 
196   192   128 
197   198   125 
199   196   198 
200   201   121 
202   197   201 
203   204   171 
205   200   204 
206   207   199 
208   195   207 
209   191   208 
210   211   209 
212   188   211 
213   214   212 
215   183   214 
216   217   202 
218   206   217 
219   220   218 
221   210   220 
222   223   205 
224   216   223 
225   226   221 
227   213   226 
228   229   224 
230   219   229 
231   232   230 
233   225   232 
234   235   203 
236   222   235 
237   234   169 
238   239   174 
240   237   239 
241   242   236 
243   228   242 
244   245   240 
246   241   245 
247   248   177 
249   238   248 
250   251   249 
252   244   251 
253   254   180 
255   247   254 
256   257   255 
258   250   257 
259   260   243 
261   231   260 
262   263   246 
264   259   263 
265   266   252 
267   262   266 
268   265   258 
269   270   215 
271   185   270 
272   273   271 
274   155   273 
275   158   274 
276   277   227 
278   269   277 
279   280   233 
281   276   280 
282   283   261 
284   279   283 
285   286   264 
287   282   286 
288   289   267 
290   285   289 
291   292   268 
293   294   292 
295   288   294 
296   297   278 
298   272   297 
299   300   298 
301   275   300 
302   303   301 
304   161   303 
305   164   304 
306   307   281 
308   296   307 
309   310   284 
311   306   310 
312   313   287 
314   309   313 
315   316   290 
317   312   316 
318   319   295 
320   315   319 
321   322   299 
323   302   322 
324   325   308 
326   321   325 
327   328   311 
329   324   328 
330   331   323 
332   305   331 
333   334   314 
335   327   334 
336   337   317 
338   333   337 
339   340   320 
341   336   340 
342   343   332 
344   345   343 
346   166   345 
347   348   346 
349   350   348 
351   152   350 
352   353   351 
354   143   353 
355   146   354 
356   357   329 
358   326   357 
359   360   358 
361   330   360 
362   363   335 
364   356   363 
365   366   361 
367   342   366 
368   369   338 
370   362   369 
371   372   341 
373   368   372 
374   375   359 
376   365   375 
377   378   364 
379   374   378 
380   381   370 
382   377   381 
383   384   373 
385   380   384 
386   387   382 
388   379   387 
389   390   385 
391   386   390 
392   393   388 
394   395   393 
396   376   395 
397   398   396 
399   400   398 
401   367   400 
402   403   401 
404   344   403 
405   347   404 
406   407   391 
408   409   407 
410   392   409 
411   412   399 
413   402   412 
414   415   413 
416   417   415 
418   405   417 
419   420   418 
421   349   420 
422   352   421 
423   424   422 
425   426   424 
427   355   426 
428   429   427 
430   149   429 
431   432   425 
433   428   432 
434   435   423 
436   431   435 
437   438   419 
439   434   438 
440   437   416 
441   442   394 
443   397   442 
444   445   410 
446   441   445 
447   448   443 
449   411   448 
450   451   430 
452   137   451 
453   454   452 
455   132   454 
456   138   455 
457   458   433 
459   450   458 
460   461   456 
462   463   461 
464   178   463 
465   466   453 
467   460   466 
468   469   459 
470   465   469 
471   472   464 
473   253   472 
474   475   473 
476   256   475 
477   478   476 
479   291   478 
480   481   479 
482   293   481 
483   484   482 
485   318   484 
486   487   485 
488   339   487 
489   490   488 
491   371   490 
492   493   491 
494   383   493 
495   496   494 
497   389   496 
498   499   497 
500   406   499 
501   502   483 
503   486   502 
504   505   503 
506   489   505 
507   508   480 
509   501   508 
510   511   477 
512   507   511 
513   510   474 
514   515   471 
516   513   515 
517   518   462 
519   514   518 
520   521   467 
522   517   521 
523   524   470 
525   520   524 
526   527   468 
528   523   527 
529   530   457 
531   532   530 
533   526   532 
534   535   436 
536   529   535 
537   538   506 
539   540   538 
541   492   540 
542   543   541 
544   495   543 
545   546   544 
547   548   546 
549   498   548 
550   551   439 
552   534   551 
553   554   440 
555   550   554 
556   557   414 
558   553   557 
559   556   449 
560   561   536 
562   531   561 
563   564   552 
565   560   564 
566   567   562 
568   533   567 
569   570   568 
571   572   570 
573   528   572 
574   575   573 
576   525   575 
577   578   576 
579   522   578 
580   519   579 
581   582   580 
583   516   582 
584   585   583 
586   512   585 
587   588   577 
589   581   588 
590   591   589 
592   584   591 
593   594   574 
595   587   594 
596   597   571 
598   593   597 
599   600   595 
601   602   600 
603   590   602 
604   605   598 
606   599   605 
607   608   569 
609   596   608 
610   611   609 
612   604   611 
613   614   586 
615   616   614 
617   509   616 
618   619   592 
620   613   619 
621   622   617 
623   504   622 
624   625   623 
626   537   625 
627   628   603 
629   618   628 
630   631   566 
632   633   631 
634   607   633 
635   636   565 
637   630   636 
638   639   634 
640   610   639 
641   642   555 
643   644   642 
645   563   644 
646   647   558 
648   641   647 
649   650   645 
651   635   650 
652   653   559 
654   646   653 
655   656   447 
657   652   656 
658   655   446 
659   660   620 
661   615   660 
662   663   661 
664   621   663 
665   666   664 
667   624   666 
668   669   629 
670   659   669 
671   672   662 
673   665   672 
674   675   670 
676   671   675 
677   678   601 
679   627   678 
680   681   606 
682   677   681 
683   684   612 
685   680   684 
686   687   640 
688   683   687 
689   690   679 
691   692   690 
693   668   692 
694   674   693 
695   696   685 
697   682   696 
698   699   697 
700   689   699 
701   702   688 
703   704   702 
705   695   704 
706   707   700 
708   691   707 
709   710   708 
711   694   710 
712   713   711 
714   676   713 
715   716   714 
717   673   716 
718   719   717 
720   667   719 
721   722   720 
723   626   722 
724   725   723 
726   539   725 
727   542   726 
728   729   705 
730   698   729 
731   732   730 
733   706   732 
734   735   733 
736   709   735 
737   738   736 
739   712   738 
740   741   739 
742   715   741 
743   744   742 
745   718   744 
746   747   745 
748   721   747 
749   750   748 
751   724   750 
752   753   751 
754   755   753 
756   727   755 
757   758   756 
759   545   758 
760   761   759 
762   547   761 
763   764   762 
765   549   764 
766   767   765 
768   500   767 
769   770   768 
771   408   770 
772   444   771 
773   774   772 
775   658   774 
776   777   769 
778   773   777 
779   780   766 
781   776   780 
782   783   775 
784   785   783 
786   657   785 
787   788   778 
789   782   788 
790   791   786 
792   654   791 
793   794   792 
795   648   794 
796   797   795 
798   643   797 
799   649   798 
800   801   781 
802   787   801 
803   804   763 
805   806   804 
807   779   806 
808   809   807 
810   800   809 
811   812   784 
813   790   812 
814   815   789 
816   811   815 
817   818   802 
819   814   818 
820   821   810 
822   817   821 
823   824   813 
825   826   824 
827   793   826 
828   829   827 
830   796   829 
831   832   830 
833   799   832 
834   835   833 
836   837   835 
838   651   837 
839   840   838 
841   637   840 
842   843   841 
844   632   843 
845   638   844 
846   847   819 
848   816   847 
849   850   848 
851   823   850 
852   853   822 
854   855   853 
856   846   855 
857   858   856 
859   849   858 
860   861   825 
862   828   861 
863   860   851 
864   865   859 
866   863   865 
867   868   862 
869   831   868 
870   871   869 
872   834   871 
873   874   866 
875   867   874 
876   877   875 
878   870   877 
879   880   864 
881   873   880 
882   883   881 
884   885   883 
886   876   885 
887   888   857 
889   879   888 
890   891   854 
892   887   891 
893   894   852 
895   890   894 
896   897   820 
898   893   897 
899   900   808 
901   896   900 
902   899   805 
903   904   731 
905   734   904 
906   907   728 
908   909   907 
910   903   909 
911   912   703 
913   906   912 
914   915   701 
916   911   915 
917   918   686 
919   914   918 
920   921   845 
922   917   921 
923   924   842 
925   920   924 
926   927   913 
928   908   927 
929   930   916 
931   926   930 
932   933   839 
934   923   933 
935   936   836 
937   932   936 
938   935   872 
939   940   878 
941   938   940 
942   943   941 
944   937   943 
945   946   886 
947   939   946 
948   949   947 
950   942   949 
951   952   884 
953   945   952 
954   955   953 
956   948   955 
957   958   882 
959   951   958 
960   961   889 
962   957   961 
963   964   892 
965   960   964 
966   967   895 
968   963   967 
969   970   898 
971   966   970 
972   973   901 
974   975   973 
976   969   975 
977   978   902 
979   972   978 
980   981   803 
982   977   981 
983   984   760 
985   980   984 
986   987   757 
988   983   987 
989   986   754 
990   991   965 
992   962   991 
993   994   990 
995   992   996 
997   998   995 
999   959   998 
1000   1001   999 
1002   954   1001 
1003   1000   1004 
1005   1006   968 
1007   993   1006 
1008   1009   971 
1010   1005   1009 
1011   1012   976 
1013   1008   1012 
1014   1015   1013 
1016   1017   1014 
1018   1019   1017 
1020   1021   1019 
1022   1023   1011 
1024   1016   1023 
1025   1022   974 
1026   1027   979 
1028   1025   1027 
1029   1030   1024 
1031   1018   1030 
1032   1033   1028 
1034   1029   1033 
1035   1036   1020 
1037   1038   1036 
1039   1035   1031 
1040   1041   1003 
1042   1043   1041 
1044   1002   1043 
1045   1040   1046 
1047   1048   1044 
1049   956   1048 
1050   1051   1049 
1052   1053   1051 
1054   950   1053 
1055   1056   1054 
1057   944   1056 
1058   1059   1057 
1060   934   1059 
1061   1062   1052 
1063   1055   1062 
1064   1065   1063 
1066   1058   1065 
1067   1068   982 
1069   1026   1068 
1070   1032   1069 
1071   1072   985 
1073   1067   1072 
1074   1075   988 
1076   1071   1075 
1077   1078   1042 
1079   1047   1078 
1080   1081   1045 
1082   1077   1081 
1083   1080   1084 
1085   1086   1079 
1087   1050   1086 
1088   1061   1087 
1089   1090   1076 
1091   1073   1090 
1092   1093   1091 
1094   1070   1093 
1095   1096   1094 
1097   1034   1096 
1098   1039   1097 
1099   1100   928 
1101   910   1100 
1102   1103   1101 
1104   1105   1103 
1106   905   1105 
1107   1108   1106 
1109   737   1108 
1110   1111   1109 
1112   740   1111 
1113   1114   1112 
1115   743   1114 
1116   1117   1115 
1118   1119   1117 
1120   746   1119 
1121   1122   1120 
1123   749   1122 
1124   1125   1123 
1126   752   1125 
1127   1128   1126 
1129   989   1128 
1130   1131   1129 
1132   1074   1131 
1133   1134   1132 
1135   1089   1134 
1136   1137   1118 
1138   1121   1137 
1139   1140   1138 
1141   1124   1140 
1142   1143   1141 
1144   1127   1143 
1145   1130   1144 
1146   1147   1116 
1148   1136   1147 
1149   1150   1113 
1151   1146   1150 
1152   1153   1110 
1154   1149   1153 
1155   1156   1107 
1157   1152   1156 
1158   1155   1104 
1159   1160   1037 
1161   1162   1160 
1163   1164   1098 
1165   1159   1164 
1166   1167   1161 
1168   1083   1167 
1169   1170   1168 
1171   1082   1170 
1172   1085   1171 
1173   1174   1165 
1175   1166   1174 
1176   1169   1175 
1177   1178   1095 
1179   1163   1178 
1180   1173   1179 
1181   1177   1092 
1182   1183   1135 
1184   1181   1183 
1185   1186   1184 
1187   1180   1186 
1188   1189   1187 
1190   1176   1189 
1191   1172   1190 
1192   1088   1191 
1193   1194   1188 
1195   1192   1194 
1196   1193   1185 
1197   1198   1195 
1199   1064   1198 
1200   1197   1196 
1201   1200   1182 
1202   1203   1133 
1204   1201   1203 
1205   1199   1204 
1206   1207   1145 
1208   1202   1207 
1209   1210   1205 
1211   1066   1210 
1212   1209   1208 
1213   1214   1211 
1215   1060   1214 
1216   1217   1215 
1218   925   1217 
1219   1220   1218 
1221   922   1220 
1222   1223   1221 
1224   919   1223 
1225   929   1224 
1226   1227   1142 
1228   1206   1227 
1229   1230   1139 
1231   1226   1230 
1232   1233   1148 
1234   1229   1233 
1235   1236   1228 
1237   1238   1236 
1239   1212   1238 
1240   1241   1239 
1242   1213   1241 
1243   1216   1242 
1244   1245   1243 
1246   1219   1245 
1247   1248   1246 
1249   1222   1248 
1250   1251   1249 
1252   1225   1251 
1253   1254   1240 
1255   1244   1254 
1256   1253   1237 
1257   1258   1255 
1259   1247   1258 
1260   1261   1259 
1262   1250   1261 
1263   1264   1262 
1265   1252   1264 
1266   1267   1265 
1268   931   1267 
1269   1270   1268 
1271   1099   1270 
1272   1273   1266 
1274   1269   1273 
1275   1276   1263 
1277   1272   1276 
1278   1279   1260 
1280   1281   1279 
1282   1275   1281 
1283   1284   1257 
1285   1278   1284 
1286   1287   1256 
1288   1283   1287 
1289   1290   1235 
1291   1286   1290 
1292   1293   1231 
1294   1289   1293 
1295   1296   1234 
1297   1292   1296 
1298   1299   1294 
1300   1291   1299 
1301   1298   1297 
1302   1288   1300 
1303   1304   1302 
1305   1285   1304 
1306   1280   1305 
1307   1308   1301 
1309   1310   1308 
1311   1303   1310 
1312   1313   1311 
1314   1306   1313 
1315   1314   1316 
1317   1282   1315 
1318   1317   1319 
1320   1277   1318 
1321   1320   1322 
1323   1324   1312 
1325   1323   1309 
1326   1321   1327 
1328   1274   1326 
1329   1330   1328 
1331   1271   1330 
1332   1333   1331 
1334   1102   1333 
1335   1336   1334 
1337   1158   1336 
1338   1339   1337 
1340   1157   1339 
1341   1338   1342 
1343   1154   1340 
1344   1345   1325 
1346   1347   1345 
1348   1349   1307 
1350   1344   1349 
1351   1348   1295 
1352   1353   1232 
1354   1351   1353 
1355   1356   1151 
1357   1352   1356 
1358   1359   1343 
1360   1355   1359 
1361   1358   1341 
1362   1363   1364 
1365   1361   1363 
1366   1360   1365 
1367   1357   1366 
1368   1369   1367 
1350   1354   1369 
1370   1346   1368 
1362   1371   1370 
1372   3   2 
1373   1   3 
1374   2   1 
1372   2   5 
1374   4   2 
1375   5   4 
1376   8   7 
1377   6   8 
1378   7   6 
1379   11   10 
1380   9   11 
1381   10   9 
1382   14   13 
1383   12   14 
1384   13   12 
1382   13   16 
1384   15   13 
1385   16   15 
1383   19   18 
1386   17   19 
1387   18   17 
1383   18   12 
1387   20   18 
1384   12   20 
1375   4   22 
1374   21   4 
1388   22   21 
1375   22   24 
1388   23   22 
1389   24   23 
1373   27   26 
1390   25   27 
1391   26   25 
1373   26   1 
1391   28   26 
1374   1   28 
1374   28   30 
1391   29   28 
1392   30   29 
1374   30   21 
1392   31   30 
1388   21   31 
1385   15   33 
1384   32   15 
1393   33   32 
1385   33   35 
1393   34   33 
1394   35   34 
1384   20   37 
1387   36   20 
1395   37   36 
1384   37   32 
1395   38   37 
1393   32   38 
1386   41   40 
1396   39   41 
1397   40   39 
1386   40   17 
1397   42   40 
1387   17   42 
1387   42   44 
1397   43   42 
1398   44   43 
1387   44   36 
1398   45   44 
1395   36   45 
1389   23   47 
1388   46   23 
1399   47   46 
1389   47   49 
1399   48   47 
1400   49   48 
1388   31   51 
1392   50   31 
1401   51   50 
1388   51   46 
1401   52   51 
1399   46   52 
1396   55   54 
1402   53   55 
1403   54   53 
1396   54   39 
1403   56   54 
1397   39   56 
1400   48   58 
1399   57   48 
1404   58   57 
1400   58   60 
1404   59   58 
1405   60   59 
1402   63   62 
1406   61   63 
1407   62   61 
1402   62   53 
1407   64   62 
1403   53   64 
1405   59   66 
1404   65   59 
1408   66   65 
1405   66   68 
1408   67   66 
1406   68   67 
1406   67   70 
1408   69   67 
1409   70   69 
1406   70   61 
1409   71   70 
1407   61   71 
1397   56   73 
1403   72   56 
1410   73   72 
1397   73   43 
1410   74   73 
1398   43   74 
1399   52   76 
1401   75   52 
1411   76   75 
1399   76   57 
1411   77   76 
1404   57   77 
1390   80   79 
1412   78   80 
1413   79   78 
1390   79   25 
1413   81   79 
1391   25   81 
1391   81   83 
1413   82   81 
1414   83   82 
1391   83   29 
1414   84   83 
1392   29   84 
1392   84   86 
1414   85   84 
1415   86   85 
1392   86   50 
1415   87   86 
1401   50   87 
1401   87   89 
1415   88   87 
1416   89   88 
1401   89   75 
1416   90   89 
1411   75   90 
1394   34   92 
1393   91   34 
1417   92   91 
1394   92   94 
1417   93   92 
1418   94   93 
1393   38   96 
1395   95   38 
1419   96   95 
1393   96   91 
1419   97   96 
1417   91   97 
1395   45   99 
1398   98   45 
1420   99   98 
1395   99   95 
1420   100   99 
1419   95   100 
1398   74   102 
1410   101   74 
1421   102   101 
1398   102   98 
1421   103   102 
1420   98   103 
1412   106   105 
1422   104   106 
1423   105   104 
1412   105   78 
1423   107   105 
1413   78   107 
1422   110   109 
1378   108   110 
1424   109   108 
1422   109   104 
1424   111   109 
1423   104   111 
1378   6   113 
1377   112   6 
1425   113   112 
1378   113   108 
1425   114   113 
1424   108   114 
1377   116   112 
1426   115   116 
1425   112   115 
1418   93   118 
1417   117   93 
1427   118   117 
1418   118   120 
1427   119   118 
1428   120   119 
1428   119   122 
1427   121   119 
1429   122   121 
1428   122   124 
1429   123   122 
1380   124   123 
1380   123   126 
1429   125   123 
1430   126   125 
1380   126   9 
1430   127   126 
1381   9   127 
1381   127   129 
1430   128   127 
1431   129   128 
1403   64   131 
1407   130   64 
1432   131   130 
1403   131   133 
1432   132   131 
1433   133   132 
1403   133   72 
1433   134   133 
1410   72   134 
1407   71   136 
1409   135   71 
1434   136   135 
1407   136   130 
1434   137   136 
1432   130   137 
1410   134   139 
1433   138   134 
1435   139   138 
1410   139   101 
1435   140   139 
1421   101   140 
1404   77   142 
1411   141   77 
1436   142   141 
1404   142   144 
1436   143   142 
1437   144   143 
1404   144   65 
1437   145   144 
1408   65   145 
1408   145   147 
1437   146   145 
1438   147   146 
1408   147   69 
1438   148   147 
1409   69   148 
1409   148   135 
1438   149   148 
1434   135   149 
1411   90   151 
1416   150   90 
1439   151   150 
1411   151   141 
1439   152   151 
1436   141   152 
1413   107   154 
1423   153   107 
1440   154   153 
1413   154   156 
1440   155   154 
1441   156   155 
1413   156   82 
1441   157   156 
1414   82   157 
1414   157   159 
1441   158   157 
1442   159   158 
1414   159   85 
1442   160   159 
1415   85   160 
1415   160   162 
1442   161   160 
1443   162   161 
1415   162   88 
1443   163   162 
1416   88   163 
1416   163   165 
1443   164   163 
1444   165   164 
1416   165   150 
1444   166   165 
1439   150   166 
1417   97   168 
1419   167   97 
1445   168   167 
1417   168   170 
1445   169   168 
1446   170   169 
1417   170   117 
1446   171   170 
1427   117   171 
1419   100   173 
1420   172   100 
1447   173   172 
1419   173   167 
1447   174   173 
1445   167   174 
1420   103   176 
1421   175   103 
1448   176   175 
1420   176   172 
1448   177   176 
1447   172   177 
1421   140   179 
1435   178   140 
1449   179   178 
1421   179   175 
1449   180   179 
1448   175   180 
1423   111   182 
1424   181   111 
1450   182   181 
1423   182   184 
1450   183   182 
1451   184   183 
1423   184   153 
1451   185   184 
1440   153   185 
1424   114   187 
1425   186   114 
1452   187   186 
1424   187   181 
1452   188   187 
1450   181   188 
1425   115   190 
1426   189   115 
1453   190   189 
1425   190   186 
1453   191   190 
1452   186   191 
1426   194   193 
1431   192   194 
1454   193   192 
1426   193   189 
1454   195   193 
1453   189   195 
1431   128   192 
1430   196   128 
1454   192   196 
1430   125   198 
1429   197   125 
1455   198   197 
1430   198   196 
1455   199   198 
1454   196   199 
1429   121   201 
1427   200   121 
1456   201   200 
1429   201   197 
1456   202   201 
1455   197   202 
1427   171   204 
1446   203   171 
1457   204   203 
1427   204   200 
1457   205   204 
1456   200   205 
1454   199   207 
1455   206   199 
1458   207   206 
1454   207   195 
1458   208   207 
1453   195   208 
1453   208   191 
1458   209   208 
1452   191   209 
1452   209   211 
1458   210   209 
1459   211   210 
1452   211   188 
1459   212   211 
1450   188   212 
1450   212   214 
1459   213   212 
1460   214   213 
1450   214   183 
1460   215   214 
1451   183   215 
1455   202   217 
1456   216   202 
1461   217   216 
1455   217   206 
1461   218   217 
1458   206   218 
1458   218   220 
1461   219   218 
1462   220   219 
1458   220   210 
1462   221   220 
1459   210   221 
1456   205   223 
1457   222   205 
1463   223   222 
1456   223   216 
1463   224   223 
1461   216   224 
1459   221   226 
1462   225   221 
1464   226   225 
1459   226   213 
1464   227   226 
1460   213   227 
1461   224   229 
1463   228   224 
1465   229   228 
1461   229   219 
1465   230   229 
1462   219   230 
1462   230   232 
1465   231   230 
1466   232   231 
1462   232   225 
1466   233   232 
1464   225   233 
1457   203   235 
1446   234   203 
1467   235   234 
1457   235   222 
1467   236   235 
1463   222   236 
1446   169   234 
1445   237   169 
1467   234   237 
1445   174   239 
1447   238   174 
1468   239   238 
1445   239   237 
1468   240   239 
1467   237   240 
1463   236   242 
1467   241   236 
1469   242   241 
1463   242   228 
1469   243   242 
1465   228   243 
1467   240   245 
1468   244   240 
1470   245   244 
1467   245   241 
1470   246   245 
1469   241   246 
1447   177   248 
1448   247   177 
1471   248   247 
1447   248   238 
1471   249   248 
1468   238   249 
1468   249   251 
1471   250   249 
1472   251   250 
1468   251   244 
1472   252   251 
1470   244   252 
1448   180   254 
1449   253   180 
1473   254   253 
1448   254   247 
1473   255   254 
1471   247   255 
1471   255   257 
1473   256   255 
1474   257   256 
1471   257   250 
1474   258   257 
1472   250   258 
1465   243   260 
1469   259   243 
1475   260   259 
1465   260   231 
1475   261   260 
1466   231   261 
1469   246   263 
1470   262   246 
1476   263   262 
1469   263   259 
1476   264   263 
1475   259   264 
1470   252   266 
1472   265   252 
1477   266   265 
1470   266   262 
1477   267   266 
1476   262   267 
1472   258   265 
1474   268   258 
1477   265   268 
1451   215   270 
1460   269   215 
1478   270   269 
1451   270   185 
1478   271   270 
1440   185   271 
1440   271   273 
1478   272   271 
1479   273   272 
1440   273   155 
1479   274   273 
1441   155   274 
1441   274   158 
1479   275   274 
1442   158   275 
1460   227   277 
1464   276   227 
1480   277   276 
1460   277   269 
1480   278   277 
1478   269   278 
1464   233   280 
1466   279   233 
1481   280   279 
1464   280   276 
1481   281   280 
1480   276   281 
1466   261   283 
1475   282   261 
1482   283   282 
1466   283   279 
1482   284   283 
1481   279   284 
1475   264   286 
1476   285   264 
1483   286   285 
1475   286   282 
1483   287   286 
1482   282   287 
1476   267   289 
1477   288   267 
1484   289   288 
1476   289   285 
1484   290   289 
1483   285   290 
1477   268   292 
1474   291   268 
1485   292   291 
1477   292   294 
1485   293   292 
1486   294   293 
1477   294   288 
1486   295   294 
1484   288   295 
1478   278   297 
1480   296   278 
1487   297   296 
1478   297   272 
1487   298   297 
1479   272   298 
1479   298   300 
1487   299   298 
1488   300   299 
1479   300   275 
1488   301   300 
1442   275   301 
1442   301   303 
1488   302   301 
1489   303   302 
1442   303   161 
1489   304   303 
1443   161   304 
1443   304   164 
1489   305   304 
1444   164   305 
1480   281   307 
1481   306   281 
1490   307   306 
1480   307   296 
1490   308   307 
1487   296   308 
1481   284   310 
1482   309   284 
1491   310   309 
1481   310   306 
1491   311   310 
1490   306   311 
1482   287   313 
1483   312   287 
1492   313   312 
1482   313   309 
1492   314   313 
1491   309   314 
1483   290   316 
1484   315   290 
1493   316   315 
1483   316   312 
1493   317   316 
1492   312   317 
1484   295   319 
1486   318   295 
1494   319   318 
1484   319   315 
1494   320   319 
1493   315   320 
1488   299   322 
1487   321   299 
1495   322   321 
1488   322   302 
1495   323   322 
1489   302   323 
1487   308   325 
1490   324   308 
1496   325   324 
1487   325   321 
1496   326   325 
1495   321   326 
1490   311   328 
1491   327   311 
1497   328   327 
1490   328   324 
1497   329   328 
1496   324   329 
1489   323   331 
1495   330   323 
1498   331   330 
1489   331   305 
1498   332   331 
1444   305   332 
1491   314   334 
1492   333   314 
1499   334   333 
1491   334   327 
1499   335   334 
1497   327   335 
1492   317   337 
1493   336   317 
1500   337   336 
1492   337   333 
1500   338   337 
1499   333   338 
1493   320   340 
1494   339   320 
1501   340   339 
1493   340   336 
1501   341   340 
1500   336   341 
1444   332   343 
1498   342   332 
1502   343   342 
1444   343   345 
1502   344   343 
1503   345   344 
1444   345   166 
1503   346   345 
1439   166   346 
1439   346   348 
1503   347   346 
1504   348   347 
1439   348   350 
1504   349   348 
1505   350   349 
1439   350   152 
1505   351   350 
1436   152   351 
1436   351   353 
1505   352   351 
1506   353   352 
1436   353   143 
1506   354   353 
1437   143   354 
1437   354   146 
1506   355   354 
1438   146   355 
1496   329   357 
1497   356   329 
1507   357   356 
1496   357   326 
1507   358   357 
1495   326   358 
1495   358   360 
1507   359   358 
1508   360   359 
1495   360   330 
1508   361   360 
1498   330   361 
1497   335   363 
1499   362   335 
1509   363   362 
1497   363   356 
1509   364   363 
1507   356   364 
1498   361   366 
1508   365   361 
1510   366   365 
1498   366   342 
1510   367   366 
1502   342   367 
1499   338   369 
1500   368   338 
1511   369   368 
1499   369   362 
1511   370   369 
1509   362   370 
1500   341   372 
1501   371   341 
1512   372   371 
1500   372   368 
1512   373   372 
1511   368   373 
1508   359   375 
1507   374   359 
1513   375   374 
1508   375   365 
1513   376   375 
1510   365   376 
1507   364   378 
1509   377   364 
1514   378   377 
1507   378   374 
1514   379   378 
1513   374   379 
1509   370   381 
1511   380   370 
1515   381   380 
1509   381   377 
1515   382   381 
1514   377   382 
1511   373   384 
1512   383   373 
1516   384   383 
1511   384   380 
1516   385   384 
1515   380   385 
1514   382   387 
1515   386   382 
1517   387   386 
1514   387   379 
1517   388   387 
1513   379   388 
1515   385   390 
1516   389   385 
1518   390   389 
1515   390   386 
1518   391   390 
1517   386   391 
1513   388   393 
1517   392   388 
1519   393   392 
1513   393   395 
1519   394   393 
1520   395   394 
1513   395   376 
1520   396   395 
1510   376   396 
1510   396   398 
1520   397   396 
1521   398   397 
1510   398   400 
1521   399   398 
1522   400   399 
1510   400   367 
1522   401   400 
1502   367   401 
1502   401   403 
1522   402   401 
1523   403   402 
1502   403   344 
1523   404   403 
1503   344   404 
1503   404   347 
1523   405   404 
1504   347   405 
1517   391   407 
1518   406   391 
1524   407   406 
1517   407   409 
1524   408   407 
1525   409   408 
1517   409   392 
1525   410   409 
1519   392   410 
1522   399   412 
1521   411   399 
1526   412   411 
1522   412   402 
1526   413   412 
1523   402   413 
1523   413   415 
1526   414   413 
1527   415   414 
1523   415   417 
1527   416   415 
1528   417   416 
1523   417   405 
1528   418   417 
1504   405   418 
1504   418   420 
1528   419   418 
1529   420   419 
1504   420   349 
1529   421   420 
1505   349   421 
1505   421   352 
1529   422   421 
1506   352   422 
1506   422   424 
1529   423   422 
1530   424   423 
1506   424   426 
1530   425   424 
1531   426   425 
1506   426   355 
1531   427   426 
1438   355   427 
1438   427   429 
1531   428   427 
1532   429   428 
1438   429   149 
1532   430   429 
1434   149   430 
1531   425   432 
1530   431   425 
1533   432   431 
1531   432   428 
1533   433   432 
1532   428   433 
1530   423   435 
1529   434   423 
1534   435   434 
1530   435   431 
1534   436   435 
1533   431   436 
1529   419   438 
1528   437   419 
1535   438   437 
1529   438   434 
1535   439   438 
1534   434   439 
1528   416   437 
1527   440   416 
1535   437   440 
1520   394   442 
1519   441   394 
1536   442   441 
1520   442   397 
1536   443   442 
1521   397   443 
1519   410   445 
1525   444   410 
1537   445   444 
1519   445   441 
1537   446   445 
1536   441   446 
1521   443   448 
1536   447   443 
1538   448   447 
1521   448   411 
1538   449   448 
1526   411   449 
1434   430   451 
1532   450   430 
1539   451   450 
1434   451   137 
1539   452   451 
1432   137   452 
1432   452   454 
1539   453   452 
1540   454   453 
1432   454   132 
1540   455   454 
1433   132   455 
1433   455   138 
1540   456   455 
1435   138   456 
1532   433   458 
1533   457   433 
1541   458   457 
1532   458   450 
1541   459   458 
1539   450   459 
1435   456   461 
1540   460   456 
1542   461   460 
1435   461   463 
1542   462   461 
1543   463   462 
1435   463   178 
1543   464   463 
1449   178   464 
1540   453   466 
1539   465   453 
1544   466   465 
1540   466   460 
1544   467   466 
1542   460   467 
1539   459   469 
1541   468   459 
1545   469   468 
1539   469   465 
1545   470   469 
1544   465   470 
1449   464   472 
1543   471   464 
1546   472   471 
1449   472   253 
1546   473   472 
1473   253   473 
1473   473   475 
1546   474   473 
1547   475   474 
1473   475   256 
1547   476   475 
1474   256   476 
1474   476   478 
1547   477   476 
1548   478   477 
1474   478   291 
1548   479   478 
1485   291   479 
1485   479   481 
1548   480   479 
1549   481   480 
1485   481   293 
1549   482   481 
1486   293   482 
1486   482   484 
1549   483   482 
1550   484   483 
1486   484   318 
1550   485   484 
1494   318   485 
1494   485   487 
1550   486   485 
1551   487   486 
1494   487   339 
1551   488   487 
1501   339   488 
1501   488   490 
1551   489   488 
1552   490   489 
1501   490   371 
1552   491   490 
1512   371   491 
1512   491   493 
1552   492   491 
1553   493   492 
1512   493   383 
1553   494   493 
1516   383   494 
1516   494   496 
1553   495   494 
1554   496   495 
1516   496   389 
1554   497   496 
1518   389   497 
1518   497   499 
1554   498   497 
1555   499   498 
1518   499   406 
1555   500   499 
1524   406   500 
1550   483   502 
1549   501   483 
1556   502   501 
1550   502   486 
1556   503   502 
1551   486   503 
1551   503   505 
1556   504   503 
1557   505   504 
1551   505   489 
1557   506   505 
1552   489   506 
1549   480   508 
1548   507   480 
1558   508   507 
1549   508   501 
1558   509   508 
1556   501   509 
1548   477   511 
1547   510   477 
1559   511   510 
1548   511   507 
1559   512   511 
1558   507   512 
1547   474   510 
1546   513   474 
1559   510   513 
1546   471   515 
1543   514   471 
1560   515   514 
1546   515   513 
1560   516   515 
1559   513   516 
1543   462   518 
1542   517   462 
1561   518   517 
1543   518   514 
1561   519   518 
1560   514   519 
1542   467   521 
1544   520   467 
1562   521   520 
1542   521   517 
1562   522   521 
1561   517   522 
1544   470   524 
1545   523   470 
1563   524   523 
1544   524   520 
1563   525   524 
1562   520   525 
1545   468   527 
1541   526   468 
1564   527   526 
1545   527   523 
1564   528   527 
1563   523   528 
1541   457   530 
1533   529   457 
1565   530   529 
1541   530   532 
1565   531   530 
1566   532   531 
1541   532   526 
1566   533   532 
1564   526   533 
1533   436   535 
1534   534   436 
1567   535   534 
1533   535   529 
1567   536   535 
1565   529   536 
1552   506   538 
1557   537   506 
1568   538   537 
1552   538   540 
1568   539   538 
1569   540   539 
1552   540   492 
1569   541   540 
1553   492   541 
1553   541   543 
1569   542   541 
1570   543   542 
1553   543   495 
1570   544   543 
1554   495   544 
1554   544   546 
1570   545   544 
1571   546   545 
1554   546   548 
1571   547   546 
1572   548   547 
1554   548   498 
1572   549   548 
1555   498   549 
1534   439   551 
1535   550   439 
1573   551   550 
1534   551   534 
1573   552   551 
1567   534   552 
1535   440   554 
1527   553   440 
1574   554   553 
1535   554   550 
1574   555   554 
1573   550   555 
1527   414   557 
1526   556   414 
1575   557   556 
1527   557   553 
1575   558   557 
1574   553   558 
1526   449   556 
1538   559   449 
1575   556   559 
1565   536   561 
1567   560   536 
1576   561   560 
1565   561   531 
1576   562   561 
1566   531   562 
1567   552   564 
1573   563   552 
1577   564   563 
1567   564   560 
1577   565   564 
1576   560   565 
1566   562   567 
1576   566   562 
1578   567   566 
1566   567   533 
1578   568   567 
1564   533   568 
1564   568   570 
1578   569   568 
1579   570   569 
1564   570   572 
1579   571   570 
1580   572   571 
1564   572   528 
1580   573   572 
1563   528   573 
1563   573   575 
1580   574   573 
1581   575   574 
1563   575   525 
1581   576   575 
1562   525   576 
1562   576   578 
1581   577   576 
1582   578   577 
1562   578   522 
1582   579   578 
1561   522   579 
1561   579   519 
1582   580   579 
1560   519   580 
1560   580   582 
1582   581   580 
1583   582   581 
1560   582   516 
1583   583   582 
1559   516   583 
1559   583   585 
1583   584   583 
1584   585   584 
1559   585   512 
1584   586   585 
1558   512   586 
1582   577   588 
1581   587   577 
1585   588   587 
1582   588   581 
1585   589   588 
1583   581   589 
1583   589   591 
1585   590   589 
1586   591   590 
1583   591   584 
1586   592   591 
1584   584   592 
1581   574   594 
1580   593   574 
1587   594   593 
1581   594   587 
1587   595   594 
1585   587   595 
1580   571   597 
1579   596   571 
1588   597   596 
1580   597   593 
1588   598   597 
1587   593   598 
1585   595   600 
1587   599   595 
1589   600   599 
1585   600   602 
1589   601   600 
1590   602   601 
1585   602   590 
1590   603   602 
1586   590   603 
1587   598   605 
1588   604   598 
1591   605   604 
1587   605   599 
1591   606   605 
1589   599   606 
1579   569   608 
1578   607   569 
1592   608   607 
1579   608   596 
1592   609   608 
1588   596   609 
1588   609   611 
1592   610   609 
1593   611   610 
1588   611   604 
1593   612   611 
1591   604   612 
1558   586   614 
1584   613   586 
1594   614   613 
1558   614   616 
1594   615   614 
1595   616   615 
1558   616   509 
1595   617   616 
1556   509   617 
1584   592   619 
1586   618   592 
1596   619   618 
1584   619   613 
1596   620   619 
1594   613   620 
1556   617   622 
1595   621   617 
1597   622   621 
1556   622   504 
1597   623   622 
1557   504   623 
1557   623   625 
1597   624   623 
1598   625   624 
1557   625   537 
1598   626   625 
1568   537   626 
1586   603   628 
1590   627   603 
1599   628   627 
1586   628   618 
1599   629   628 
1596   618   629 
1578   566   631 
1576   630   566 
1600   631   630 
1578   631   633 
1600   632   631 
1601   633   632 
1578   633   607 
1601   634   633 
1592   607   634 
1576   565   636 
1577   635   565 
1602   636   635 
1576   636   630 
1602   637   636 
1600   630   637 
1592   634   639 
1601   638   634 
1603   639   638 
1592   639   610 
1603   640   639 
1593   610   640 
1573   555   642 
1574   641   555 
1604   642   641 
1573   642   644 
1604   643   642 
1605   644   643 
1573   644   563 
1605   645   644 
1577   563   645 
1574   558   647 
1575   646   558 
1606   647   646 
1574   647   641 
1606   648   647 
1604   641   648 
1577   645   650 
1605   649   645 
1607   650   649 
1577   650   635 
1607   651   650 
1602   635   651 
1575   559   653 
1538   652   559 
1608   653   652 
1575   653   646 
1608   654   653 
1606   646   654 
1538   447   656 
1536   655   447 
1609   656   655 
1538   656   652 
1609   657   656 
1608   652   657 
1536   446   655 
1537   658   446 
1609   655   658 
1594   620   660 
1596   659   620 
1610   660   659 
1594   660   615 
1610   661   660 
1595   615   661 
1595   661   663 
1610   662   661 
1611   663   662 
1595   663   621 
1611   664   663 
1597   621   664 
1597   664   666 
1611   665   664 
1612   666   665 
1597   666   624 
1612   667   666 
1598   624   667 
1596   629   669 
1599   668   629 
1613   669   668 
1596   669   659 
1613   670   669 
1610   659   670 
1611   662   672 
1610   671   662 
1614   672   671 
1611   672   665 
1614   673   672 
1612   665   673 
1610   670   675 
1613   674   670 
1615   675   674 
1610   675   671 
1615   676   675 
1614   671   676 
1590   601   678 
1589   677   601 
1616   678   677 
1590   678   627 
1616   679   678 
1599   627   679 
1589   606   681 
1591   680   606 
1617   681   680 
1589   681   677 
1617   682   681 
1616   677   682 
1591   612   684 
1593   683   612 
1618   684   683 
1591   684   680 
1618   685   684 
1617   680   685 
1593   640   687 
1603   686   640 
1619   687   686 
1593   687   683 
1619   688   687 
1618   683   688 
1599   679   690 
1616   689   679 
1620   690   689 
1599   690   692 
1620   691   690 
1621   692   691 
1599   692   668 
1621   693   692 
1613   668   693 
1613   693   674 
1621   694   693 
1615   674   694 
1617   685   696 
1618   695   685 
1622   696   695 
1617   696   682 
1622   697   696 
1616   682   697 
1616   697   699 
1622   698   697 
1623   699   698 
1616   699   689 
1623   700   699 
1620   689   700 
1618   688   702 
1619   701   688 
1624   702   701 
1618   702   704 
1624   703   702 
1625   704   703 
1618   704   695 
1625   705   704 
1622   695   705 
1620   700   707 
1623   706   700 
1626   707   706 
1620   707   691 
1626   708   707 
1621   691   708 
1621   708   710 
1626   709   708 
1627   710   709 
1621   710   694 
1627   711   710 
1615   694   711 
1615   711   713 
1627   712   711 
1628   713   712 
1615   713   676 
1628   714   713 
1614   676   714 
1614   714   716 
1628   715   714 
1629   716   715 
1614   716   673 
1629   717   716 
1612   673   717 
1612   717   719 
1629   718   717 
1630   719   718 
1612   719   667 
1630   720   719 
1598   667   720 
1598   720   722 
1630   721   720 
1631   722   721 
1598   722   626 
1631   723   722 
1568   626   723 
1568   723   725 
1631   724   723 
1632   725   724 
1568   725   539 
1632   726   725 
1569   539   726 
1569   726   542 
1632   727   726 
1570   542   727 
1622   705   729 
1625   728   705 
1633   729   728 
1622   729   698 
1633   730   729 
1623   698   730 
1623   730   732 
1633   731   730 
1634   732   731 
1623   732   706 
1634   733   732 
1626   706   733 
1626   733   735 
1634   734   733 
1635   735   734 
1626   735   709 
1635   736   735 
1627   709   736 
1627   736   738 
1635   737   736 
1636   738   737 
1627   738   712 
1636   739   738 
1628   712   739 
1628   739   741 
1636   740   739 
1637   741   740 
1628   741   715 
1637   742   741 
1629   715   742 
1629   742   744 
1637   743   742 
1638   744   743 
1629   744   718 
1638   745   744 
1630   718   745 
1630   745   747 
1638   746   745 
1639   747   746 
1630   747   721 
1639   748   747 
1631   721   748 
1631   748   750 
1639   749   748 
1640   750   749 
1631   750   724 
1640   751   750 
1632   724   751 
1632   751   753 
1640   752   751 
1641   753   752 
1632   753   755 
1641   754   753 
1642   755   754 
1632   755   727 
1642   756   755 
1570   727   756 
1570   756   758 
1642   757   756 
1643   758   757 
1570   758   545 
1643   759   758 
1571   545   759 
1571   759   761 
1643   760   759 
1644   761   760 
1571   761   547 
1644   762   761 
1572   547   762 
1572   762   764 
1644   763   762 
1645   764   763 
1572   764   549 
1645   765   764 
1555   549   765 
1555   765   767 
1645   766   765 
1646   767   766 
1555   767   500 
1646   768   767 
1524   500   768 
1524   768   770 
1646   769   768 
1647   770   769 
1524   770   408 
1647   771   770 
1525   408   771 
1525   771   444 
1647   772   771 
1537   444   772 
1537   772   774 
1647   773   772 
1648   774   773 
1537   774   658 
1648   775   774 
1609   658   775 
1647   769   777 
1646   776   769 
1649   777   776 
1647   777   773 
1649   778   777 
1648   773   778 
1646   766   780 
1645   779   766 
1650   780   779 
1646   780   776 
1650   781   780 
1649   776   781 
1609   775   783 
1648   782   775 
1651   783   782 
1609   783   785 
1651   784   783 
1652   785   784 
1609   785   657 
1652   786   785 
1608   657   786 
1648   778   788 
1649   787   778 
1653   788   787 
1648   788   782 
1653   789   788 
1651   782   789 
1608   786   791 
1652   790   786 
1654   791   790 
1608   791   654 
1654   792   791 
1606   654   792 
1606   792   794 
1654   793   792 
1655   794   793 
1606   794   648 
1655   795   794 
1604   648   795 
1604   795   797 
1655   796   795 
1656   797   796 
1604   797   643 
1656   798   797 
1605   643   798 
1605   798   649 
1656   799   798 
1607   649   799 
1649   781   801 
1650   800   781 
1657   801   800 
1649   801   787 
1657   802   801 
1653   787   802 
1645   763   804 
1644   803   763 
1658   804   803 
1645   804   806 
1658   805   804 
1659   806   805 
1645   806   779 
1659   807   806 
1650   779   807 
1650   807   809 
1659   808   807 
1660   809   808 
1650   809   800 
1660   810   809 
1657   800   810 
1652   784   812 
1651   811   784 
1661   812   811 
1652   812   790 
1661   813   812 
1654   790   813 
1651   789   815 
1653   814   789 
1662   815   814 
1651   815   811 
1662   816   815 
1661   811   816 
1653   802   818 
1657   817   802 
1663   818   817 
1653   818   814 
1663   819   818 
1662   814   819 
1657   810   821 
1660   820   810 
1664   821   820 
1657   821   817 
1664   822   821 
1663   817   822 
1654   813   824 
1661   823   813 
1665   824   823 
1654   824   826 
1665   825   824 
1666   826   825 
1654   826   793 
1666   827   826 
1655   793   827 
1655   827   829 
1666   828   827 
1667   829   828 
1655   829   796 
1667   830   829 
1656   796   830 
1656   830   832 
1667   831   830 
1668   832   831 
1656   832   799 
1668   833   832 
1607   799   833 
1607   833   835 
1668   834   833 
1669   835   834 
1607   835   837 
1669   836   835 
1670   837   836 
1607   837   651 
1670   838   837 
1602   651   838 
1602   838   840 
1670   839   838 
1671   840   839 
1602   840   637 
1671   841   840 
1600   637   841 
1600   841   843 
1671   842   841 
1672   843   842 
1600   843   632 
1672   844   843 
1601   632   844 
1601   844   638 
1672   845   844 
1603   638   845 
1662   819   847 
1663   846   819 
1673   847   846 
1662   847   816 
1673   848   847 
1661   816   848 
1661   848   850 
1673   849   848 
1674   850   849 
1661   850   823 
1674   851   850 
1665   823   851 
1663   822   853 
1664   852   822 
1675   853   852 
1663   853   855 
1675   854   853 
1676   855   854 
1663   855   846 
1676   856   855 
1673   846   856 
1673   856   858 
1676   857   856 
1677   858   857 
1673   858   849 
1677   859   858 
1674   849   859 
1666   825   861 
1665   860   825 
1678   861   860 
1666   861   828 
1678   862   861 
1667   828   862 
1665   851   860 
1674   863   851 
1678   860   863 
1674   859   865 
1677   864   859 
1679   865   864 
1674   865   863 
1679   866   865 
1678   863   866 
1667   862   868 
1678   867   862 
1680   868   867 
1667   868   831 
1680   869   868 
1668   831   869 
1668   869   871 
1680   870   869 
1681   871   870 
1668   871   834 
1681   872   871 
1669   834   872 
1678   866   874 
1679   873   866 
1682   874   873 
1678   874   867 
1682   875   874 
1680   867   875 
1680   875   877 
1682   876   875 
1683   877   876 
1680   877   870 
1683   878   877 
1681   870   878 
1679   864   880 
1677   879   864 
1684   880   879 
1679   880   873 
1684   881   880 
1682   873   881 
1682   881   883 
1684   882   881 
1685   883   882 
1682   883   885 
1685   884   883 
1686   885   884 
1682   885   876 
1686   886   885 
1683   876   886 
1677   857   888 
1676   887   857 
1687   888   887 
1677   888   879 
1687   889   888 
1684   879   889 
1676   854   891 
1675   890   854 
1688   891   890 
1676   891   887 
1688   892   891 
1687   887   892 
1675   852   894 
1664   893   852 
1689   894   893 
1675   894   890 
1689   895   894 
1688   890   895 
1664   820   897 
1660   896   820 
1690   897   896 
1664   897   893 
1690   898   897 
1689   893   898 
1660   808   900 
1659   899   808 
1691   900   899 
1660   900   896 
1691   901   900 
1690   896   901 
1659   805   899 
1658   902   805 
1691   899   902 
1634   731   904 
1633   903   731 
1692   904   903 
1634   904   734 
1692   905   904 
1635   734   905 
1633   728   907 
1625   906   728 
1693   907   906 
1633   907   909 
1693   908   907 
1694   909   908 
1633   909   903 
1694   910   909 
1692   903   910 
1625   703   912 
1624   911   703 
1695   912   911 
1625   912   906 
1695   913   912 
1693   906   913 
1624   701   915 
1619   914   701 
1696   915   914 
1624   915   911 
1696   916   915 
1695   911   916 
1619   686   918 
1603   917   686 
1697   918   917 
1619   918   914 
1697   919   918 
1696   914   919 
1603   845   921 
1672   920   845 
1698   921   920 
1603   921   917 
1698   922   921 
1697   917   922 
1672   842   924 
1671   923   842 
1699   924   923 
1672   924   920 
1699   925   924 
1698   920   925 
1693   913   927 
1695   926   913 
1700   927   926 
1693   927   908 
1700   928   927 
1694   908   928 
1695   916   930 
1696   929   916 
1701   930   929 
1695   930   926 
1701   931   930 
1700   926   931 
1671   839   933 
1670   932   839 
1702   933   932 
1671   933   923 
1702   934   933 
1699   923   934 
1670   836   936 
1669   935   836 
1703   936   935 
1670   936   932 
1703   937   936 
1702   932   937 
1669   872   935 
1681   938   872 
1703   935   938 
1681   878   940 
1683   939   878 
1704   940   939 
1681   940   938 
1704   941   940 
1703   938   941 
1703   941   943 
1704   942   941 
1705   943   942 
1703   943   937 
1705   944   943 
1702   937   944 
1683   886   946 
1686   945   886 
1706   946   945 
1683   946   939 
1706   947   946 
1704   939   947 
1704   947   949 
1706   948   947 
1707   949   948 
1704   949   942 
1707   950   949 
1705   942   950 
1686   884   952 
1685   951   884 
1708   952   951 
1686   952   945 
1708   953   952 
1706   945   953 
1706   953   955 
1708   954   953 
1709   955   954 
1706   955   948 
1709   956   955 
1707   948   956 
1685   882   958 
1684   957   882 
1710   958   957 
1685   958   951 
1710   959   958 
1708   951   959 
1684   889   961 
1687   960   889 
1711   961   960 
1684   961   957 
1711   962   961 
1710   957   962 
1687   892   964 
1688   963   892 
1712   964   963 
1687   964   960 
1712   965   964 
1711   960   965 
1688   895   967 
1689   966   895 
1713   967   966 
1688   967   963 
1713   968   967 
1712   963   968 
1689   898   970 
1690   969   898 
1714   970   969 
1689   970   966 
1714   971   970 
1713   966   971 
1690   901   973 
1691   972   901 
1715   973   972 
1690   973   975 
1715   974   973 
1716   975   974 
1690   975   969 
1716   976   975 
1714   969   976 
1691   902   978 
1658   977   902 
1717   978   977 
1691   978   972 
1717   979   978 
1715   972   979 
1658   803   981 
1644   980   803 
1718   981   980 
1658   981   977 
1718   982   981 
1717   977   982 
1644   760   984 
1643   983   760 
1719   984   983 
1644   984   980 
1719   985   984 
1718   980   985 
1643   757   987 
1642   986   757 
1720   987   986 
1643   987   983 
1720   988   987 
1719   983   988 
1642   754   986 
1641   989   754 
1720   986   989 
1711   965   991 
1712   990   965 
1721   991   990 
1711   991   962 
1721   992   991 
1710   962   992 
1721   990   994 
1712   993   990 
1722   994   993 
1721   996   992 
1723   995   996 
1710   992   995 
1710   995   998 
1723   997   995 
1724   998   997 
1710   998   959 
1724   999   998 
1708   959   999 
1708   999   1001 
1724   1000   999 
1725   1001   1000 
1708   1001   954 
1725   1002   1001 
1709   954   1002 
1724   1004   1000 
1726   1003   1004 
1725   1000   1003 
1712   968   1006 
1713   1005   968 
1727   1006   1005 
1712   1006   993 
1727   1007   1006 
1722   993   1007 
1713   971   1009 
1714   1008   971 
1728   1009   1008 
1713   1009   1005 
1728   1010   1009 
1727   1005   1010 
1714   976   1012 
1716   1011   976 
1729   1012   1011 
1714   1012   1008 
1729   1013   1012 
1728   1008   1013 
1728   1013   1015 
1729   1014   1013 
1730   1015   1014 
1730   1014   1017 
1729   1016   1014 
1731   1017   1016 
1730   1017   1019 
1731   1018   1017 
1732   1019   1018 
1730   1019   1021 
1732   1020   1019 
1733   1021   1020 
1729   1011   1023 
1716   1022   1011 
1734   1023   1022 
1729   1023   1016 
1734   1024   1023 
1731   1016   1024 
1716   974   1022 
1715   1025   974 
1734   1022   1025 
1715   979   1027 
1717   1026   979 
1735   1027   1026 
1715   1027   1025 
1735   1028   1027 
1734   1025   1028 
1731   1024   1030 
1734   1029   1024 
1736   1030   1029 
1731   1030   1018 
1736   1031   1030 
1732   1018   1031 
1734   1028   1033 
1735   1032   1028 
1737   1033   1032 
1734   1033   1029 
1737   1034   1033 
1736   1029   1034 
1733   1020   1036 
1732   1035   1020 
1738   1036   1035 
1733   1036   1038 
1738   1037   1036 
1739   1038   1037 
1732   1031   1035 
1736   1039   1031 
1738   1035   1039 
1725   1003   1041 
1726   1040   1003 
1740   1041   1040 
1725   1041   1043 
1740   1042   1041 
1741   1043   1042 
1725   1043   1002 
1741   1044   1043 
1709   1002   1044 
1726   1046   1040 
1742   1045   1046 
1740   1040   1045 
1709   1044   1048 
1741   1047   1044 
1743   1048   1047 
1709   1048   956 
1743   1049   1048 
1707   956   1049 
1707   1049   1051 
1743   1050   1049 
1744   1051   1050 
1707   1051   1053 
1744   1052   1051 
1745   1053   1052 
1707   1053   950 
1745   1054   1053 
1705   950   1054 
1705   1054   1056 
1745   1055   1054 
1746   1056   1055 
1705   1056   944 
1746   1057   1056 
1702   944   1057 
1702   1057   1059 
1746   1058   1057 
1747   1059   1058 
1702   1059   934 
1747   1060   1059 
1699   934   1060 
1745   1052   1062 
1744   1061   1052 
1748   1062   1061 
1745   1062   1055 
1748   1063   1062 
1746   1055   1063 
1746   1063   1065 
1748   1064   1063 
1749   1065   1064 
1746   1065   1058 
1749   1066   1065 
1747   1058   1066 
1717   982   1068 
1718   1067   982 
1750   1068   1067 
1717   1068   1026 
1750   1069   1068 
1735   1026   1069 
1735   1069   1032 
1750   1070   1069 
1737   1032   1070 
1718   985   1072 
1719   1071   985 
1751   1072   1071 
1718   1072   1067 
1751   1073   1072 
1750   1067   1073 
1719   988   1075 
1720   1074   988 
1752   1075   1074 
1719   1075   1071 
1752   1076   1075 
1751   1071   1076 
1741   1042   1078 
1740   1077   1042 
1753   1078   1077 
1741   1078   1047 
1753   1079   1078 
1743   1047   1079 
1740   1045   1081 
1742   1080   1045 
1754   1081   1080 
1740   1081   1077 
1754   1082   1081 
1753   1077   1082 
1742   1084   1080 
1755   1083   1084 
1754   1080   1083 
1743   1079   1086 
1753   1085   1079 
1756   1086   1085 
1743   1086   1050 
1756   1087   1086 
1744   1050   1087 
1744   1087   1061 
1756   1088   1087 
1748   1061   1088 
1751   1076   1090 
1752   1089   1076 
1757   1090   1089 
1751   1090   1073 
1757   1091   1090 
1750   1073   1091 
1750   1091   1093 
1757   1092   1091 
1758   1093   1092 
1750   1093   1070 
1758   1094   1093 
1737   1070   1094 
1737   1094   1096 
1758   1095   1094 
1759   1096   1095 
1737   1096   1034 
1759   1097   1096 
1736   1034   1097 
1736   1097   1039 
1759   1098   1097 
1738   1039   1098 
1694   928   1100 
1700   1099   928 
1760   1100   1099 
1694   1100   910 
1760   1101   1100 
1692   910   1101 
1692   1101   1103 
1760   1102   1101 
1761   1103   1102 
1692   1103   1105 
1761   1104   1103 
1762   1105   1104 
1692   1105   905 
1762   1106   1105 
1635   905   1106 
1635   1106   1108 
1762   1107   1106 
1763   1108   1107 
1635   1108   737 
1763   1109   1108 
1636   737   1109 
1636   1109   1111 
1763   1110   1109 
1764   1111   1110 
1636   1111   740 
1764   1112   1111 
1637   740   1112 
1637   1112   1114 
1764   1113   1112 
1765   1114   1113 
1637   1114   743 
1765   1115   1114 
1638   743   1115 
1638   1115   1117 
1765   1116   1115 
1766   1117   1116 
1638   1117   1119 
1766   1118   1117 
1767   1119   1118 
1638   1119   746 
1767   1120   1119 
1639   746   1120 
1639   1120   1122 
1767   1121   1120 
1768   1122   1121 
1639   1122   749 
1768   1123   1122 
1640   749   1123 
1640   1123   1125 
1768   1124   1123 
1769   1125   1124 
1640   1125   752 
1769   1126   1125 
1641   752   1126 
1641   1126   1128 
1769   1127   1126 
1770   1128   1127 
1641   1128   989 
1770   1129   1128 
1720   989   1129 
1720   1129   1131 
1770   1130   1129 
1771   1131   1130 
1720   1131   1074 
1771   1132   1131 
1752   1074   1132 
1752   1132   1134 
1771   1133   1132 
1772   1134   1133 
1752   1134   1089 
1772   1135   1134 
1757   1089   1135 
1767   1118   1137 
1766   1136   1118 
1773   1137   1136 
1767   1137   1121 
1773   1138   1137 
1768   1121   1138 
1768   1138   1140 
1773   1139   1138 
1774   1140   1139 
1768   1140   1124 
1774   1141   1140 
1769   1124   1141 
1769   1141   1143 
1774   1142   1141 
1775   1143   1142 
1769   1143   1127 
1775   1144   1143 
1770   1127   1144 
1770   1144   1130 
1775   1145   1144 
1771   1130   1145 
1766   1116   1147 
1765   1146   1116 
1776   1147   1146 
1766   1147   1136 
1776   1148   1147 
1773   1136   1148 
1765   1113   1150 
1764   1149   1113 
1777   1150   1149 
1765   1150   1146 
1777   1151   1150 
1776   1146   1151 
1764   1110   1153 
1763   1152   1110 
1778   1153   1152 
1764   1153   1149 
1778   1154   1153 
1777   1149   1154 
1763   1107   1156 
1762   1155   1107 
1779   1156   1155 
1763   1156   1152 
1779   1157   1156 
1778   1152   1157 
1762   1104   1155 
1761   1158   1104 
1779   1155   1158 
1739   1037   1160 
1738   1159   1037 
1780   1160   1159 
1739   1160   1162 
1780   1161   1160 
1755   1162   1161 
1738   1098   1164 
1759   1163   1098 
1781   1164   1163 
1738   1164   1159 
1781   1165   1164 
1780   1159   1165 
1755   1161   1167 
1780   1166   1161 
1782   1167   1166 
1755   1167   1083 
1782   1168   1167 
1754   1083   1168 
1754   1168   1170 
1782   1169   1168 
1783   1170   1169 
1754   1170   1082 
1783   1171   1170 
1753   1082   1171 
1753   1171   1085 
1783   1172   1171 
1756   1085   1172 
1780   1165   1174 
1781   1173   1165 
1784   1174   1173 
1780   1174   1166 
1784   1175   1174 
1782   1166   1175 
1782   1175   1169 
1784   1176   1175 
1783   1169   1176 
1759   1095   1178 
1758   1177   1095 
1785   1178   1177 
1759   1178   1163 
1785   1179   1178 
1781   1163   1179 
1781   1179   1173 
1785   1180   1179 
1784   1173   1180 
1758   1092   1177 
1757   1181   1092 
1785   1177   1181 
1757   1135   1183 
1772   1182   1135 
1786   1183   1182 
1757   1183   1181 
1786   1184   1183 
1785   1181   1184 
1785   1184   1186 
1786   1185   1184 
1787   1186   1185 
1785   1186   1180 
1787   1187   1186 
1784   1180   1187 
1784   1187   1189 
1787   1188   1187 
1788   1189   1188 
1784   1189   1176 
1788   1190   1189 
1783   1176   1190 
1783   1190   1172 
1788   1191   1190 
1756   1172   1191 
1756   1191   1088 
1788   1192   1191 
1748   1088   1192 
1788   1188   1194 
1787   1193   1188 
1789   1194   1193 
1788   1194   1192 
1789   1195   1194 
1748   1192   1195 
1787   1185   1193 
1786   1196   1185 
1789   1193   1196 
1748   1195   1198 
1789   1197   1195 
1790   1198   1197 
1748   1198   1064 
1790   1199   1198 
1749   1064   1199 
1789   1196   1197 
1786   1200   1196 
1790   1197   1200 
1786   1182   1200 
1772   1201   1182 
1790   1200   1201 
1772   1133   1203 
1771   1202   1133 
1791   1203   1202 
1772   1203   1201 
1791   1204   1203 
1790   1201   1204 
1790   1204   1199 
1791   1205   1204 
1749   1199   1205 
1771   1145   1207 
1775   1206   1145 
1792   1207   1206 
1771   1207   1202 
1792   1208   1207 
1791   1202   1208 
1749   1205   1210 
1791   1209   1205 
1793   1210   1209 
1749   1210   1066 
1793   1211   1210 
1747   1066   1211 
1791   1208   1209 
1792   1212   1208 
1793   1209   1212 
1747   1211   1214 
1793   1213   1211 
1794   1214   1213 
1747   1214   1060 
1794   1215   1214 
1699   1060   1215 
1699   1215   1217 
1794   1216   1215 
1795   1217   1216 
1699   1217   925 
1795   1218   1217 
1698   925   1218 
1698   1218   1220 
1795   1219   1218 
1796   1220   1219 
1698   1220   922 
1796   1221   1220 
1697   922   1221 
1697   1221   1223 
1796   1222   1221 
1797   1223   1222 
1697   1223   919 
1797   1224   1223 
1696   919   1224 
1696   1224   929 
1797   1225   1224 
1701   929   1225 
1775   1142   1227 
1774   1226   1142 
1798   1227   1226 
1775   1227   1206 
1798   1228   1227 
1792   1206   1228 
1774   1139   1230 
1773   1229   1139 
1799   1230   1229 
1774   1230   1226 
1799   1231   1230 
1798   1226   1231 
1773   1148   1233 
1776   1232   1148 
1800   1233   1232 
1773   1233   1229 
1800   1234   1233 
1799   1229   1234 
1792   1228   1236 
1798   1235   1228 
1801   1236   1235 
1792   1236   1238 
1801   1237   1236 
1802   1238   1237 
1792   1238   1212 
1802   1239   1238 
1793   1212   1239 
1793   1239   1241 
1802   1240   1239 
1803   1241   1240 
1793   1241   1213 
1803   1242   1241 
1794   1213   1242 
1794   1242   1216 
1803   1243   1242 
1795   1216   1243 
1795   1243   1245 
1803   1244   1243 
1804   1245   1244 
1795   1245   1219 
1804   1246   1245 
1796   1219   1246 
1796   1246   1248 
1804   1247   1246 
1805   1248   1247 
1796   1248   1222 
1805   1249   1248 
1797   1222   1249 
1797   1249   1251 
1805   1250   1249 
1806   1251   1250 
1797   1251   1225 
1806   1252   1251 
1701   1225   1252 
1803   1240   1254 
1802   1253   1240 
1807   1254   1253 
1803   1254   1244 
1807   1255   1254 
1804   1244   1255 
1802   1237   1253 
1801   1256   1237 
1807   1253   1256 
1804   1255   1258 
1807   1257   1255 
1808   1258   1257 
1804   1258   1247 
1808   1259   1258 
1805   1247   1259 
1805   1259   1261 
1808   1260   1259 
1809   1261   1260 
1805   1261   1250 
1809   1262   1261 
1806   1250   1262 
1806   1262   1264 
1809   1263   1262 
1810   1264   1263 
1806   1264   1252 
1810   1265   1264 
1701   1252   1265 
1701   1265   1267 
1810   1266   1265 
1811   1267   1266 
1701   1267   931 
1811   1268   1267 
1700   931   1268 
1700   1268   1270 
1811   1269   1268 
1812   1270   1269 
1700   1270   1099 
1812   1271   1270 
1760   1099   1271 
1811   1266   1273 
1810   1272   1266 
1813   1273   1272 
1811   1273   1269 
1813   1274   1273 
1812   1269   1274 
1810   1263   1276 
1809   1275   1263 
1814   1276   1275 
1810   1276   1272 
1814   1277   1276 
1813   1272   1277 
1809   1260   1279 
1808   1278   1260 
1815   1279   1278 
1809   1279   1281 
1815   1280   1279 
1816   1281   1280 
1809   1281   1275 
1816   1282   1281 
1814   1275   1282 
1808   1257   1284 
1807   1283   1257 
1817   1284   1283 
1808   1284   1278 
1817   1285   1284 
1815   1278   1285 
1807   1256   1287 
1801   1286   1256 
1818   1287   1286 
1807   1287   1283 
1818   1288   1287 
1817   1283   1288 
1801   1235   1290 
1798   1289   1235 
1819   1290   1289 
1801   1290   1286 
1819   1291   1290 
1818   1286   1291 
1798   1231   1293 
1799   1292   1231 
1820   1293   1292 
1798   1293   1289 
1820   1294   1293 
1819   1289   1294 
1799   1234   1296 
1800   1295   1234 
1821   1296   1295 
1799   1296   1292 
1821   1297   1296 
1820   1292   1297 
1819   1294   1299 
1820   1298   1294 
1822   1299   1298 
1819   1299   1291 
1822   1300   1299 
1818   1291   1300 
1820   1297   1298 
1821   1301   1297 
1822   1298   1301 
1818   1300   1288 
1822   1302   1300 
1817   1288   1302 
1817   1302   1304 
1822   1303   1302 
1823   1304   1303 
1817   1304   1285 
1823   1305   1304 
1815   1285   1305 
1815   1305   1280 
1823   1306   1305 
1816   1280   1306 
1822   1301   1308 
1821   1307   1301 
1824   1308   1307 
1822   1308   1310 
1824   1309   1308 
1825   1310   1309 
1822   1310   1303 
1825   1311   1310 
1823   1303   1311 
1823   1311   1313 
1825   1312   1311 
1826   1313   1312 
1823   1313   1306 
1826   1314   1313 
1816   1306   1314 
1826   1316   1314 
1827   1315   1316 
1816   1314   1315 
1816   1315   1282 
1827   1317   1315 
1814   1282   1317 
1827   1319   1317 
1828   1318   1319 
1814   1317   1318 
1814   1318   1277 
1828   1320   1318 
1813   1277   1320 
1828   1322   1320 
1829   1321   1322 
1813   1320   1321 
1826   1312   1324 
1825   1323   1312 
1830   1324   1323 
1825   1309   1323 
1824   1325   1309 
1830   1323   1325 
1829   1327   1321 
1831   1326   1327 
1813   1321   1326 
1813   1326   1274 
1831   1328   1326 
1812   1274   1328 
1812   1328   1330 
1831   1329   1328 
1832   1330   1329 
1812   1330   1271 
1832   1331   1330 
1760   1271   1331 
1760   1331   1333 
1832   1332   1331 
1833   1333   1332 
1760   1333   1102 
1833   1334   1333 
1761   1102   1334 
1761   1334   1336 
1833   1335   1334 
1834   1336   1335 
1761   1336   1158 
1834   1337   1336 
1779   1158   1337 
1779   1337   1339 
1834   1338   1337 
1835   1339   1338 
1779   1339   1157 
1835   1340   1339 
1778   1157   1340 
1834   1342   1338 
1836   1341   1342 
1835   1338   1341 
1778   1340   1154 
1835   1343   1340 
1777   1154   1343 
1830   1325   1345 
1824   1344   1325 
1837   1345   1344 
1830   1345   1347 
1837   1346   1345 
1838   1347   1346 
1824   1307   1349 
1821   1348   1307 
1839   1349   1348 
1824   1349   1344 
1839   1350   1349 
1837   1344   1350 
1821   1295   1348 
1800   1351   1295 
1839   1348   1351 
1800   1232   1353 
1776   1352   1232 
1840   1353   1352 
1800   1353   1351 
1840   1354   1353 
1839   1351   1354 
1776   1151   1356 
1777   1355   1151 
1841   1356   1355 
1776   1356   1352 
1841   1357   1356 
1840   1352   1357 
1777   1343   1359 
1835   1358   1343 
1842   1359   1358 
1777   1359   1355 
1842   1360   1359 
1841   1355   1360 
1835   1341   1358 
1836   1361   1341 
1842   1358   1361 
1836   1364   1363 
1843   1362   1364 
1844   1363   1362 
1836   1363   1361 
1844   1365   1363 
1842   1361   1365 
1842   1365   1360 
1844   1366   1365 
1841   1360   1366 
1841   1366   1357 
1844   1367   1366 
1840   1357   1367 
1840   1367   1369 
1844   1368   1367 
1837   1369   1368 
1840   1369   1354 
1837   1350   1369 
1839   1354   1350 
1837   1368   1346 
1844   1370   1368 
1838   1346   1370 
1838   1370   1371 
1844   1362   1370 
1843   1371   1362 
