BCnode   BCtype
150  4
outBCNode	outBCNum
4   1 
15   1 
29   1 
34   1 
83   1 
91   1 
113   1 
118   1 
166   1 
171   1 
2217   1 
2220   1 
2228   1 
2229   1 
2236   1 
2239   1 
2259   1 
2263   1 
2270   1 
2273   1 
2289   1 
7   2 
11   2 
20   2 
37   2 
41   2 
2221   2 
2222   2 
2225   2 
2227   2 
2232   2 
2240   2 
2   3 
9   3 
12   3 
17   3 
25   3 
48   3 
52   3 
65   3 
73   3 
80   3 
97   3 
122   3 
2218   3 
2224   3 
2226   3 
2231   3 
2235   3 
2244   3 
2246   3 
2251   3 
2255   3 
2258   3 
2099   4 
2103   4 
2110   4 
2114   4 
2118   4 
2124   4 
2137   4 
2166   4 
2175   4 
2180   4 
2208   4 
2214   4 
2940   4 
2941   4 
2943   4 
2945   4 
2946   4 
2948   4 
2950   4 
2954   4 
2963   4 
2966   4 
2968   4 
2976   4 
1856   4 
1861   4 
1873   4 
1877   4 
1888   4 
1901   4 
1907   4 
1913   4 
1917   4 
1935   4 
1955   4 
1999   4 
2860   4 
2861   4 
2864   4 
2868   4 
2869   4 
2873   4 
2877   4 
2879   4 
2882   4 
2884   4 
2890   4 
2897   4 
1575   4 
1577   4 
1580   4 
1583   4 
1584   4 
1591   4 
1595   4 
1620   4 
1636   4 
1664   4 
1680   4 
1714   4 
2767   4 
2768   4 
2769   4 
2770   4 
2771   4 
2772   4 
2774   4 
2776   4 
2784   4 
2790   4 
2800   4 
2806   4 
1302   4 
1304   4 
1309   4 
1315   4 
1325   4 
1328   4 
1335   4 
1344   4 
1347   4 
1380   4 
1401   4 
1409   4 
2677   4 
2678   4 
2679   4 
2681   4 
2683   4 
2686   4 
2687   4 
2690   4 
2693   4 
2694   4 
2706   4 
2713   4 
