2.42176   0.87759 
0.92406   0.87759 
1.49770   0.00000 
0.92406   2.27155 
0.00000   1.39395 
18.70570   3.27624 
18.70570   1.27638 
20.00000   1.99987 
16.61190   1.27638 
17.90620   0.00000 
17.90690   17.99950 
20.00000   17.99950 
17.90690   20.00000 
0.92678   17.73030 
0.92678   19.12380 
0.00000   18.60660 
2.42505   19.12380 
1.49827   20.00000 
18.54560   6.97256 
18.54560   4.97270 
20.00000   5.99960 
17.25120   4.24921 
15.77370   2.68140 
14.97420   1.40502 
13.02070   1.40502 
13.85900   0.00000 
15.61360   4.37785 
0.69632   15.61190 
0.69632   16.71030 
0.00000   16.11470 
1.62310   17.22750 
1.62523   2.77564 
0.70117   3.29201 
0.70117   4.39031 
0.00000   3.88621 
18.77030   10.92860 
18.77030   8.92878 
20.00000   9.99933 
17.31590   7.90187 
18.70240   14.71480 
18.70240   12.71490 
20.00000   13.99910 
17.47270   11.64440 
16.14400   18.21570 
18.23710   16.21520 
16.93950   14.93110 
12.79780   18.77740 
14.75130   18.77740 
13.86030   20.00000 
15.08150   16.99320 
9.67286   19.00240 
11.29330   19.00240 
10.28630   20.00000 
12.18430   17.77990 
14.16600   16.08060 
15.55870   15.51880 
16.02400   14.01840 
14.90740   13.09520 
16.28820   12.50750 
16.35610   10.72120 
11.37320   16.87020 
12.87770   16.64520 
13.35490   15.17080 
4.93071   0.75655 
3.53303   0.75655 
4.39307   0.00000 
2.95940   1.63414 
3.59406   2.27941 
2.48279   2.40046 
2.25990   3.42092 
2.97997   18.36210 
3.55145   19.23830 
4.94909   19.23830 
4.39418   20.00000 
2.25564   16.58600 
2.48610   17.60610 
3.61250   17.72060 
12.41470   2.52937 
11.29950   1.12435 
9.67912   1.12435 
10.28520   0.00000 
0.61454   13.75930 
0.61454   14.66860 
0.00000   14.10700 
1.31086   15.26420 
1.89644   14.88260 
1.97821   15.82580 
2.84122   16.20440 
1.32107   4.73172 
0.61990   5.32593 
0.61990   6.23517 
0.00000   5.89376 
2.86062   3.80527 
2.00307   4.18046 
1.92179   5.11607 
6.95408   19.07630 
8.39112   19.07630 
7.22886   20.00000 
9.39808   18.07870 
5.07867   18.30330 
5.92140   19.06500 
7.08366   18.14120 
4.05032   17.00060 
4.54418   17.75660 
5.51648   17.58320 
3.30325   15.67360 
3.58067   16.43380 
4.51235   16.46980 
8.78796   17.20630 
10.06970   17.13240 
10.76310   15.99770 
0.45429   12.08310 
0.45429   12.89450 
0.00000   12.38630 
1.06883   13.45610 
1.06998   6.52993 
0.45008   7.09777 
0.45008   7.90915 
0.00000   7.61438 
9.30567   1.97938 
8.29135   0.85503 
6.85432   0.85503 
7.22778   0.00000 
6.93508   1.75952 
5.87151   0.90449 
5.01147   1.66104 
5.44122   2.37598 
4.50042   2.22803 
4.02381   2.99435 
4.50568   3.54268 
3.59933   3.59406 
3.34250   4.35360 
6.53622   17.37260 
7.56891   17.38390 
8.24053   16.43760 
6.00174   16.82590 
7.39562   2.47811 
6.41281   2.52758 
5.90176   3.09457 
9.79619   2.83393 
8.40841   2.56461 
7.88614   3.33266 
4.79513   15.86240 
5.26477   16.42920 
6.28451   16.21850 
1.32852   12.92520 
1.48878   13.79010 
2.09239   13.71350 
1.83270   14.24430 
2.50005   14.80590 
2.96310   14.47820 
3.02684   15.11650 
3.76629   15.34590 
4.07358   14.88070 
4.34999   15.43780 
5.10241   15.39720 
2.54055   5.19252 
1.85855   5.74378 
2.11102   6.26553 
1.49226   6.18907 
1.32244   7.05168 
3.83658   4.70703 
3.09788   4.91824 
3.03464   5.54595 
0.47498   10.62260 
0.47498   11.40990 
0.00000   10.78760 
0.92927   11.91800 
0.91743   8.06891 
0.46734   8.58552 
0.46734   9.37281 
0.00000   9.21305 
1.05204   9.37308 
0.58470   10.00060 
1.05968   10.62290 
6.19988   3.71113 
5.22829   3.55954 
4.80381   4.15924 
5.16598   4.68331 
4.44337   4.66645 
4.19875   5.23109 
15.14660   10.02720 
16.33110   9.16412 
16.10640   7.20791 
14.76470   7.15034 
15.74940   5.88809 
14.27180   4.32028 
13.39830   5.24072 
13.26250   3.73047 
11.54120   3.44981 
11.46210   4.42615 
10.61430   3.22505 
9.71706   3.81027 
1.40319   11.67140 
1.38250   12.34450 
1.80245   12.67860 
1.78026   7.28547 
1.35798   7.62632 
1.37524   8.30270 
13.90890   7.96666 
13.55190   6.64684 
12.54260   6.05703 
11.85810   6.69034 
11.70450   5.28422 
10.77760   5.05946 
10.20850   5.52462 
9.96609   4.66656 
9.14797   4.27544 
8.66493   4.88331 
8.41590   4.02702 
7.40311   3.94053 
7.31108   4.59594 
6.78132   3.90158 
6.10785   4.36655 
14.15580   10.81310 
14.13080   9.25604 
12.91810   8.75253 
13.72070   13.77390 
13.98490   12.26290 
12.96910   11.49170 
12.43240   14.33850 
10.16970   15.30820 
11.47320   15.04590 
11.83900   13.64900 
7.57162   15.94140 
8.79068   15.76380 
8.74041   14.94760 
9.40932   15.44380 
10.11940   14.49200 
6.14937   15.53430 
6.88633   15.93100 
7.43648   15.25720 
10.98310   13.54230 
11.94230   12.83490 
11.30540   11.94530 
12.16130   12.05200 
12.33220   10.60210 
9.55977   13.95300 
10.32010   13.81740 
10.42340   13.00330 
5.19220   14.84620 
5.63733   15.27080 
6.23915   14.98330 
11.28010   10.16390 
12.08790   9.60363 
11.86600   8.31426 
10.95690   8.32445 
11.78710   7.47335 
10.94900   6.70054 
10.23250   7.06818 
10.30360   6.28516 
9.49205   5.89226 
8.91986   6.36066 
8.82482   5.60013 
8.09275   5.35171 
7.66964   5.85741 
7.50976   5.14060 
6.88797   5.10165 
6.50503   5.49484 
6.30635   4.95018 
5.72491   4.75974 
5.36448   5.26695 
1.49121   10.46780 
1.38149   11.08980 
1.83472   11.51630 
1.79786   8.45905 
1.35731   8.90163 
1.47466   9.52943 
1.87112   9.53780 
1.56586   10.00930 
1.88767   10.47620 
10.30320   8.63341 
10.22420   7.79251 
9.57881   7.37714 
9.00067   7.70733 
9.00895   6.98299 
8.34172   6.69085 
7.85630   7.04463 
7.76720   6.42230 
7.18421   6.21119 
6.78887   6.50869 
6.69131   5.94380 
6.10969   5.79233 
5.78427   6.18472 
5.59799   5.73576 
5.03905   5.65933 
4.77544   6.06362 
4.54193   5.59480 
3.93514   5.63538 
3.79966   6.11763 
3.45649   5.75392 
2.89916   6.02820 
2.92207   6.54902 
2.50022   6.34105 
2.13392   6.78635 
2.16946   7.36099 
10.85590   10.84560 
10.61160   9.84711 
9.79249   10.01470 
10.21670   9.33296 
9.48404   8.80102 
10.54430   12.28760 
10.76340   11.50470 
10.09490   11.18800 
9.88140   12.56270 
8.91324   9.04219 
8.99972   8.34264 
8.42987   7.94850 
8.03062   8.19180 
8.03156   7.55649 
7.45705   7.28794 
7.28825   7.63562 
7.11299   7.12377 
6.70133   7.24254 
6.87012   6.89485 
6.37722   6.62746 
6.12085   6.88819 
6.03960   6.50203 
5.52789   6.44546 
8.26162   14.48270 
8.88026   14.16270 
9.08099   13.48810 
7.10734   14.81910 
7.79264   14.82950 
7.93248   14.04460 
6.14845   14.43540 
6.66048   14.69890 
7.01664   14.27120 
6.91416   13.79950 
7.36102   13.91970 
7.83000   13.57290 
8.57841   13.02700 
9.25793   12.81720 
9.37882   12.10160 
7.53906   13.10370 
8.11053   13.22860 
8.28747   12.55770 
8.78090   11.70280 
9.40437   11.44830 
9.49694   10.78920 
9.10200   10.27510 
8.59267   10.48430 
8.88822   9.70979 
8.40391   9.25141 
7.79161   12.29180 
8.25949   12.09010 
8.28504   11.43690 
7.81016   11.29780 
8.33157   10.91050 
8.11779   10.34520 
5.49446   6.77549 
5.23913   6.45818 
4.91869   6.72139 
4.95212   6.39135 
4.45500   6.32682 
4.28172   6.68526 
4.10504   6.35753 
3.62638   6.47607 
3.58224   6.87441 
3.27687   6.63451 
2.87792   6.94736 
2.95599   7.35516 
2.60119   7.26967 
2.24753   7.76879 
2.56122   8.08531 
2.12949   8.17663 
2.11156   8.77556 
2.47509   8.97838 
2.14346   9.26080 
2.23466   9.74062 
7.09605   13.00390 
7.37658   12.65960 
7.34860   12.19200 
6.49814   13.70640 
6.84251   13.35500 
6.68003   12.91090 
5.75699   14.25170 
6.17832   13.96720 
6.10668   13.52270 
4.83056   14.53900 
5.36548   14.41270 
5.39535   13.94450 
3.80832   14.47070 
4.39202   14.56260 
4.56530   14.12910 
2.84534   13.97660 
3.37212   14.28720 
3.69056   13.96910 
2.14404   13.17990 
2.48796   13.63410 
2.89699   13.44300 
2.19802   12.59920 
6.96497   12.18210 
7.38000   11.81430 
7.14233   11.52240 
7.52595   11.53230 
7.57249   11.00590 
8.10612   9.60212 
8.13113   8.93452 
7.69045   8.94784 
7.98824   8.59714 
7.58994   8.20513 
7.69242   10.38420 
7.95352   9.95806 
7.68075   9.64117 
7.24808   8.36705 
7.29045   7.96172 
6.94639   7.79754 
7.18616   10.93080 
7.47036   10.69630 
7.30609   10.30910 
2.54840   10.00500 
2.27606   10.28200 
2.20141   10.74060 
2.54524   10.99480 
2.15685   11.18900 
2.17855   11.77060 
2.60582   11.86710 
2.28370   12.19440 
2.62529   12.69570 
3.03008   12.61370 
2.94440   13.01850 
3.30177   13.36100 
3.60490   13.19530 
3.55749   13.61980 
3.99369   13.80330 
4.18587   13.47130 
4.31894   13.82060 
4.75748   13.79710 
4.84306   13.42930 
5.08943   13.73770 
5.48093   13.57670 
5.46209   13.22120 
5.76801   13.42800 
6.08783   13.16720 
5.97663   12.85870 
6.31530   12.95340 
6.56883   12.60230 
6.33923   12.39340 
6.70397   12.35090 
6.73537   11.97310 
6.82988   11.50620 
6.97584   11.22430 
6.87372   10.91470 
6.50020   11.90710 
6.76121   11.73830 
6.59472   11.44020 
6.64238   7.90189 
6.64018   7.57580 
6.39732   7.34689 
6.14597   7.48763 
6.20712   7.15436 
5.86950   7.02894 
5.69188   7.29762 
5.60560   7.03145 
5.31684   7.04418 
6.05334   7.70322 
5.86314   7.51070 
5.59924   7.51322 
6.69463   8.14159 
6.38842   7.91984 
6.25064   8.10996 
6.19840   7.87026 
5.91557   7.89334 
7.26297   8.67434 
6.96348   8.43093 
6.76574   8.65276 
6.75085   8.34547 
6.49688   8.36342 
7.46663   9.31178 
7.32375   8.97440 
7.03915   9.03828 
7.31404   9.66773 
6.98002   10.28350 
7.20208   9.97153 
6.98796   9.64214 
6.60780   10.97900 
6.81812   10.68550 
6.58397   10.54990 
6.84989   10.48560 
6.74587   10.14800 
6.83115   9.19436 
6.77037   8.89431 
6.55774   8.80885 
6.70673   9.73797 
6.81870   9.43417 
6.54992   9.29020 
6.46251   10.18370 
6.59263   9.98162 
6.42336   9.77366 
6.35581   8.50434 
6.29959   8.30046 
6.10957   8.25088 
6.37610   8.93513 
6.37147   8.69358 
6.17418   8.63062 
6.33105   9.38721 
6.34350   9.14740 
6.15723   9.03214 
6.23728   9.82735 
6.35138   9.58370 
6.14497   9.44090 
6.37615   10.62120 
6.40792   10.42130 
6.25468   10.25490 
6.42543   11.10140 
6.36983   10.87230 
6.19378   10.74360 
6.36824   11.53630 
6.43692   11.30430 
6.19895   11.19750 
6.31233   11.97250 
6.33816   11.73760 
6.18037   11.60170 
6.09333   12.42570 
6.22846   12.17430 
6.06642   12.00480 
5.70761   12.81150 
5.93507   12.59770 
5.82430   12.37860 
5.20857   13.08350 
5.49564   12.93480 
5.45409   12.67380 
4.62720   13.21350 
4.95914   13.15410 
4.99270   12.86780 
4.00207   13.15870 
4.32732   13.17600 
4.44340   12.90090 
3.74635   12.89990 
2.99945   12.29380 
3.31856   12.61650 
3.51317   12.39060 
3.54380   12.71060 
3.94096   12.67400 
2.80575   11.60040 
2.91090   12.02430 
3.19938   12.02710 
2.83212   10.83130 
2.78755   11.27970 
3.09263   11.43690 
3.38997   11.86570 
3.47852   12.13520 
3.70376   12.22920 
3.29277   11.28610 
3.31096   11.60690 
3.59011   11.71500 
3.92317   12.12800 
3.95781   12.38340 
4.16037   12.57270 
4.34370   12.41060 
4.32685   12.70120 
4.62672   12.73870 
4.70198   12.50950 
4.81853   12.70920 
5.06796   12.63860 
5.07956   12.42370 
5.25373   12.58230 
5.46569   12.45900 
5.42240   12.26650 
5.62275   12.35800 
5.78101   12.18610 
5.69209   12.02380 
5.89364   12.04430 
5.97751   11.84250 
5.84818   11.71430 
6.02096   11.67480 
6.05104   11.47350 
5.89624   11.39660 
6.05565   11.32350 
6.04416   11.12060 
5.87850   11.10770 
6.02181   10.98170 
5.91698   10.85150 
6.08264   10.86450 
6.08895   10.61340 
4.40671   12.21790 
4.57319   12.34630 
4.76500   12.31680 
4.81025   12.15050 
4.93905   12.31370 
5.12482   12.25740 
5.12503   12.09770 
5.26555   12.20770 
5.42261   12.10670 
5.38711   11.96430 
5.54395   12.02300 
5.65659   11.88130 
5.57897   11.76640 
5.72711   11.76720 
5.77056   11.59950 
3.86546   11.94600 
4.11951   12.10020 
4.21357   11.94710 
4.27128   12.12910 
4.50077   12.06490 
3.70862   11.54190 
3.78762   11.80070 
3.98397   11.77290 
5.65061   11.51460 
5.77168   11.46180 
5.77630   11.31180 
5.66170   11.25890 
5.78626   11.19370 
5.76390   11.05480 
4.09187   11.65980 
4.16971   11.80520 
4.32147   11.83410 
4.44002   11.75800 
4.48388   11.89990 
4.61932   11.98870 
4.70952   11.88480 
4.72641   12.04970 
4.90046   12.04660 
4.92831   11.91350 
5.01215   12.01430 
5.15288   11.96460 
5.16131   11.84810 
5.27419   11.93150 
5.39553   11.84780 
5.35388   11.74020 
5.46680   11.77300 
5.53732   11.65890 
5.46728   11.58870 
5.57945   11.58210 
5.58057   11.44450 
5.47026   11.43960 
5.54142   11.37210 
5.47507   11.30370 
5.58539   11.30850 
5.59535   11.19050 
4.72174   11.77730 
4.82884   11.83830 
4.94053   11.80610 
4.92463   11.71440 
5.02411   11.78960 
5.07516   11.71050 
5.09105   11.80210 
5.21236   11.76890 
5.19729   11.66890 
5.26754   11.71490 
5.33881   11.64010 
5.29944   11.55270 
5.38578   11.57800 
5.42792   11.50130 
5.38876   11.42900 
4.38452   11.65810 
4.54693   11.72390 
4.58088   11.62870 
4.63637   11.72850 
4.75569   11.68210 
5.05667   11.63540 
5.12362   11.64780 
5.17880   11.59380 
5.15729   11.52280 
5.23096   11.54380 
5.27793   11.48180 
5.24395   11.41510 
5.31244   11.42400 
5.35478   11.36230 
4.89125   11.65220 
4.97483   11.63580 
5.02329   11.57320 
4.74036   11.60670 
4.82573   11.65550 
4.87593   11.57690 
5.32243   11.29680 
5.39876   11.30180 
5.44272   11.23820 
5.41562   11.16170 
5.49193   11.16360 
5.56824   11.11400 
5.54231   11.01320 
5.64573   11.04000 
5.73797   10.95400 
5.66832   10.83830 
5.78649   10.85310 
5.84733   10.73580 
5.76991   10.61850 
5.90039   10.61690 
6.01153   10.49610 
5.90699   10.35450 
6.09555   10.35090 
6.15014   10.11330 
5.96332   10.04620 
6.12244   9.95016 
6.05046   9.76020 
5.89769   9.71223 
6.01253   9.58941 
5.99220   9.39293 
2.75836   9.71666 
2.79976   10.25810 
3.10893   10.25100 
2.89897   10.53930 
3.14128   10.82420 
3.38030   10.73530 
3.31345   11.02730 
3.53179   11.19730 
3.69355   11.10200 
3.67286   11.36090 
3.87038   11.44650 
3.97897   11.34790 
4.01472   11.52890 
4.20046   11.56120 
4.25676   11.43820 
4.33391   11.56910 
4.44082   11.53510 
4.48471   11.46470 
4.53533   11.55370 
4.62476   11.55830 
4.65186   11.48790 
4.69741   11.56290 
4.76746   11.53630 
4.79137   11.47550 
4.83432   11.51930 
4.89984   11.51600 
4.90525   11.46230 
4.94686   11.51990 
4.98977   11.48170 
4.98436   11.53540 
5.06621   11.53500 
5.06524   11.47120 
5.10416   11.50900 
5.15632   11.45910 
5.13571   11.41050 
5.18884   11.42440 
5.22334   11.36660 
5.18310   11.33990 
5.23821   11.33070 
5.22537   11.27830 
5.26561   11.30500 
5.30959   11.24440 
4.98379   11.43430 
5.02129   11.44980 
5.05925   11.42380 
5.05249   11.38290 
5.09644   11.40440 
5.12896   11.36970 
5.10954   11.33120 
5.14882   11.33730 
5.16369   11.30140 
4.89391   11.42360 
4.94093   11.42750 
4.97245   11.39560 
4.75203   11.44540 
4.81889   11.42830 
4.81929   11.37680 
4.85862   11.40700 
4.89431   11.37220 
4.62880   11.42920 
4.70145   11.43380 
4.72897   11.38660 
4.46870   11.38910 
4.56321   11.40770 
4.61279   11.35360 
4.19306   11.35460 
4.32651   11.36250 
4.34048   11.27070 
4.40417   11.35430 
4.48267   11.29730 
3.96656   11.20830 
4.11091   11.29060 
4.18066   11.21500 
3.73921   10.94240 
3.88029   11.10590 
4.01223   11.04870 
4.22249   11.12470 
4.30464   11.18860 
4.38230   11.18040 
4.06234   10.93060 
4.14862   11.03290 
4.27260   11.00650 
4.45005   11.13620 
4.48588   11.21820 
4.55041   11.25310 
4.60786   11.21770 
4.60465   11.29670 
4.67025   11.31820 
4.72296   11.28300 
4.73110   11.33990 
4.78168   11.35140 
4.82142   11.33010 
2.69543   8.68270 
2.72734   9.16794 
2.99935   9.14149 
2.77901   9.43717 
3.03037   9.69021 
2.91196   7.93244 
2.79392   8.34027 
3.04617   8.52984 
3.26075   7.32266 
2.98401   7.64497 
3.21672   7.89994 
3.86072   7.02076 
3.51120   7.17920 
3.53923   7.46901 
4.49297   6.92555 
4.14300   6.95626 
4.07197   7.26106 
5.04774   6.99319 
4.76074   6.92635 
4.62202   7.19736 
5.15888   7.24915 
5.57992   7.70713 
5.40866   7.49404 
5.21852   7.64749 
5.23784   7.45359 
4.96874   7.40260 
4.84841   7.59622 
4.76945   7.39178 
4.50168   7.39098 
4.41656   7.62130 
4.26912   7.42688 
3.98684   7.49138 
3.95559   7.75104 
3.75844   7.58522 
3.50798   7.72868 
3.43592   8.01615 
3.69381   8.06274 
3.40254   8.23400 
3.51779   8.45906 
3.25991   8.41247 
3.16142   8.75490 
3.41459   8.87875 
3.20085   8.99612 
3.25253   9.26534 
4.15694   7.86929 
3.92854   7.96313 
3.89516   8.18098 
4.56093   7.73716 
4.32837   7.77306 
4.30132   7.98515 
4.95550   7.75907 
4.75621   7.74825 
4.66802   7.90001 
5.28561   7.80302 
5.11479   7.76256 
5.02259   7.91459 
5.61886   7.85669 
5.42828   7.83752 
5.32455   7.95258 
5.89913   8.06607 
5.75408   7.89903 
5.60243   8.02942 
5.99605   8.39214 
5.94710   8.20164 
5.78561   8.20732 
5.68264   8.30761 
5.63468   8.17204 
5.49946   8.12970 
5.40261   8.22273 
5.37036   8.08011 
5.22769   8.04561 
5.16189   8.14903 
5.11608   8.02150 
4.95679   8.01801 
4.93992   8.14229 
4.84644   8.03538 
4.73665   8.11702 
4.75352   7.99274 
4.55824   7.98165 
4.53879   8.13241 
4.45330   8.03968 
4.28187   8.13591 
4.34251   8.28467 
4.19052   8.23013 
4.10895   8.39324 
4.04832   8.24448 
3.81359   8.34409 
3.86741   8.56006 
3.71425   8.49656 
3.57162   8.67503 
3.61105   8.91625 
4.74211   8.22426 
4.64919   8.18161 
4.54426   8.23964 
4.57967   8.35448 
4.46927   8.30528 
4.37792   8.39950 
4.17852   8.50334 
4.03632   8.51769 
3.93698   8.67016 
4.43135   8.50270 
4.30459   8.48209 
4.23195   8.60654 
4.07253   8.76400 
3.90362   8.80637 
3.93252   8.99082 
3.79697   8.89697 
3.63995   9.10069 
4.31627   8.69020 
4.19021   8.71145 
4.15685   8.84767 
6.03742   8.73275 
6.02177   8.54351 
5.85929   8.49426 
5.77007   8.58715 
5.74436   8.43578 
5.59342   8.40049 
6.00676   9.09336 
6.03937   8.88109 
5.88695   8.79397 
5.83745   9.39098 
5.96988   9.24247 
5.85202   9.09142 
5.56172   8.49680 
5.50001   8.36863 
5.39897   8.41266 
5.43067   8.31636 
5.30157   8.26677 
5.22526   8.34569 
5.19720   8.25206 
5.08559   8.22795 
5.04113   8.30472 
5.00582   8.20169 
4.89547   8.21906 
4.89193   8.31344 
4.82603   8.25404 
4.73857   8.31863 
4.76371   8.41583 
4.67979   8.38605 
4.60481   8.45168 
4.63071   8.53592 
4.53059   8.50435 
4.45725   8.58694 
4.50736   8.66438 
4.40812   8.66273 
4.36638   8.76764 
5.76801   8.85936 
5.76607   8.71103 
5.65113   8.65254 
5.56644   8.70413 
5.57044   8.58025 
5.47703   8.54839 
5.74279   9.14220 
5.77968   8.99309 
5.65879   8.91014 
5.60083   8.98905 
5.58917   8.85532 
5.49649   8.86589 
5.55444   8.78698 
5.47375   8.71470 
4.95209   11.36570 
4.99495   11.37250 
5.00361   11.34050 
5.02397   11.37040 
5.06115   11.35100 
5.05406   11.32120 
5.08258   11.33370 
5.10245   11.30140 
4.89010   11.33620 
4.92539   11.35280 
4.94789   11.32970 
4.82638   11.29460 
4.86399   11.32000 
4.89507   11.30070 
4.70361   11.24200 
4.76447   11.26370 
4.78135   11.22880 
4.80070   11.26990 
4.84327   11.25980 
4.62641   11.15800 
4.68065   11.20170 
4.72216   11.18230 
5.14123   11.26720 
5.17551   11.26980 
5.20291   11.24410 
5.08317   11.27430 
5.11014   11.27180 
5.12195   11.24010 
5.18032   11.21340 
5.23019   11.22190 
5.24375   11.18450 
5.26633   11.21520 
5.32315   11.20700 
5.30513   11.14100 
5.34839   11.17020 
5.39759   11.09570 
5.20553   11.15490 
5.24167   11.14820 
5.26690   11.11130 
5.33548   11.04580 
5.40271   11.03730 
5.39504   10.95410 
5.45715   11.00400 
5.53464   10.93000 
5.22985   11.07960 
5.29330   11.07240 
5.29842   11.01400 
5.46731   10.84400 
5.55247   10.85310 
5.60099   10.75230 
5.52388   10.66510 
5.63974   10.65030 
5.69280   10.53140 
5.59109   10.47850 
5.72126   10.44670 
5.68687   10.33760 
5.78858   10.39050 
5.87261   10.24540 
5.73774   10.18670 
5.85615   10.15070 
5.82845   9.98754 
5.69345   10.00310 
5.80062   9.89860 
5.68931   9.82792 
5.82431   9.81234 
5.78638   9.64155 
5.57566   10.31070 
5.64299   10.25450 
5.62654   10.15990 
5.50265   10.12300 
5.59740   10.05520 
5.56957   9.96623 
5.47896   9.91838 
5.57502   9.86633 
5.59870   9.78007 
5.52868   9.71072 
5.64297   9.67232 
5.71636   9.57221 
5.61379   9.51100 
5.75719   9.48023 
5.73488   9.32977 
5.60958   9.33555 
5.68984   9.24630 
5.61750   9.14798 
5.51778   9.17286 
5.57073   9.06876 
5.50111   9.01394 
5.50002   10.48030 
5.52848   10.39550 
5.48460   10.31250 
5.44997   10.70080 
5.48871   10.59890 
5.40595   10.57800 
5.47987   10.54240 
5.41726   10.45940 
5.31456   10.91940 
5.36901   10.88620 
5.38684   10.80930 
5.23582   10.99710 
5.27800   10.97040 
5.25197   10.90250 
5.29704   10.78190 
5.39534   10.73960 
5.36017   10.67340 
5.29359   10.64530 
5.34822   10.60650 
5.33937   10.55000 
5.28439   10.51470 
5.34212   10.48620 
5.36228   10.42410 
5.29816   10.40210 
5.37330   10.37530 
5.34658   10.31540 
5.41069   10.33740 
5.45788   10.25260 
5.37831   10.21810 
5.45221   10.19320 
5.42308   10.08850 
5.27668   10.30980 
5.31407   10.27190 
5.30841   10.21250 
5.24983   10.41390 
5.26085   10.36510 
5.22835   10.32160 
5.24798   10.54180 
5.25074   10.47800 
5.19934   10.47450 
5.23574   10.44740 
5.19843   10.41040 
5.42057   9.02149 
5.45067   8.94178 
5.41594   8.87344 
5.51005   9.51507 
5.55089   9.42310 
5.50585   9.33963 
5.45106   9.75317 
5.49533   9.64543 
5.41767   9.63066 
5.49530   9.58821 
5.43239   9.50031 
5.40551   9.34455 
5.46421   9.25700 
5.41744   9.17779 
5.34043   9.18073 
5.39400   9.09659 
5.34356   9.02444 
3.43309   10.49440 
3.60526   10.69750 
3.75273   10.57450 
3.69994   10.81540 
3.88668   10.81930 
3.99468   10.68830 
4.03395   10.81530 
4.17034   10.79950 
3.25331   10.02810 
3.35252   10.30940 
3.57747   10.27150 
3.25119   9.51882 
3.23054   9.79831 
3.47413   9.85669 
3.45270   9.37345 
3.83463   9.25789 
3.64872   9.27717 
3.64738   9.53065 
3.83313   9.62988 
3.63711   9.72616 
3.65989   9.95592 
3.87121   9.98666 
3.70823   10.11720 
3.78880   10.30230 
3.97811   10.29350 
3.84735   10.44780 
3.94204   10.56570 
4.08930   10.56160 
4.08492   9.05356 
3.97827   9.14415 
3.98703   9.32063 
4.26188   8.89652 
4.14420   8.94907 
4.18995   9.10241 
4.14270   9.33455 
3.99907   9.44829 
4.11434   9.56723 
3.95868   9.55331 
3.94841   9.74882 
4.45684   8.83698 
4.36499   8.86445 
4.35234   8.96585 
4.14843   9.79619 
4.02289   9.87276 
4.07124   10.03400 
4.21822   10.06790 
4.06655   10.18180 
4.12510   10.32730 
4.27934   10.35000 
4.19090   10.46160 
4.24354   10.58420 
4.24556   9.55462 
4.20517   9.65964 
4.27965   9.78358 
4.25299   9.29100 
4.26502   9.41866 
4.35585   9.51107 
4.32044   9.06733 
4.26116   9.17182 
4.38348   9.25593 
4.42356   9.03526 
4.37448   10.59710 
4.27288   10.69710 
4.30128   10.81240 
4.39579   10.81060 
4.29325   10.91310 
4.36712   11.00480 
4.44501   10.95960 
4.42436   11.05310 
4.52794   11.09100 
4.55814   11.03500 
4.58383   11.11810 
4.65662   11.10210 
5.04360   8.38228 
4.96384   8.35602 
4.89439   8.39100 
4.90628   8.45560 
4.83437   8.41301 
4.77560   8.48043 
5.27334   8.40291 
5.16897   8.38821 
5.15721   8.45865 
5.10914   8.40142 
5.03184   8.45272 
5.39494   8.50658 
5.32560   8.45431 
5.26931   8.49683 
5.40366   8.59004 
5.40875   8.74369 
5.42074   8.66084 
5.33865   8.61902 
5.35427   8.88327 
5.40008   8.80737 
5.34707   8.75351 
5.29919   8.66642 
5.28211   8.59562 
5.21407   8.59713 
5.25353   8.54973 
5.20126   8.49834 
5.14144   8.51155 
5.30093   8.77822 
5.30960   8.71453 
5.25306   8.69113 
4.82751   8.52773 
4.75684   8.53055 
4.75322   8.59939 
4.70131   8.55209 
4.62709   8.60476 
4.65327   8.66965 
4.58267   8.65347 
4.53353   8.72927 
4.58892   8.77579 
4.51361   8.78669 
4.51223   8.88350 
4.94344   8.49824 
4.88342   8.52025 
4.86466   8.57037 
5.05456   8.50121 
4.98903   8.48207 
4.96616   8.54673 
5.13565   8.56312 
5.09159   8.52342 
5.04877   8.55278 
5.19503   8.63984 
5.16645   8.59396 
5.11660   8.60583 
5.22238   8.72408 
5.21198   8.67596 
5.16435   8.67279 
5.04499   8.59562 
5.00797   8.57340 
4.96238   8.58957 
5.11036   8.64250 
5.07956   8.61166 
5.03875   8.63229 
5.14688   8.70434 
5.12994   8.66822 
5.09289   8.67405 
4.97086   8.62670 
4.92905   8.60002 
4.90531   8.64078 
4.89683   8.60365 
4.84092   8.61113 
4.83423   8.65941 
4.80206   8.62613 
4.74654   8.64767 
4.75682   8.69741 
4.70798   8.67067 
4.66355   8.71939 
4.70905   8.76999 
4.65434   8.76897 
4.63441   8.82639 
5.04758   8.66082 
5.01302   8.64478 
4.99604   8.67694 
4.98720   8.64841 
4.95388   8.65886 
5.08600   8.70213 
5.06642   8.67642 
5.04069   8.68891 
4.79872   8.71874 
4.76016   8.74174 
4.75094   8.79132 
4.86875   8.67883 
4.82990   8.69382 
4.83324   8.73816 
4.93176   8.66881 
4.89953   8.67245 
4.89520   8.70686 
4.94810   8.69053 
4.67033   8.87768 
4.60491   8.88450 
4.54815   8.93479 
4.60665   8.99898 
4.51396   8.99798 
4.48206   9.09946 
4.79471   8.80130 
4.74360   8.82955 
4.76968   8.87891 
4.72592   8.86894 
4.69642   8.92705 
4.56206   9.15192 
4.47165   9.18920 
4.46349   9.30839 
4.55064   9.32666 
4.46247   9.39339 
4.51842   9.47573 
4.43126   9.45746 
4.41180   9.59342 
4.74920   8.97393 
4.69362   8.98268 
4.65944   9.04587 
4.71084   9.08440 
4.62388   9.10071 
4.61347   9.19045 
5.14904   11.20210 
5.17631   11.17990 
5.17424   11.14360 
5.09847   11.22400 
5.12956   11.21940 
5.12555   11.18590 
5.12960   11.14090 
5.15881   11.11580 
5.14306   11.07810 
5.18769   11.08080 
5.21409   11.04190 
5.19367   10.99820 
5.09769   11.18410 
5.11717   11.16690 
5.10174   11.13910 
5.07543   11.22230 
5.08304   11.20160 
5.07465   11.18250 
5.07063   11.16750 
5.05796   11.18450 
5.07141   11.23730 
5.05796   11.21550 
5.06688   11.28450 
5.07457   11.25490 
5.05512   11.24760 
5.04414   11.25860 
5.04243   11.24240 
5.03255   11.31340 
5.05398   11.29610 
5.04538   11.27680 
5.03124   11.27020 
5.01624   11.27420 
5.01553   11.25800 
4.98723   11.32340 
5.01625   11.32140 
5.01617   11.29630 
4.99993   11.28210 
4.94274   11.30260 
4.96944   11.31540 
4.98208   11.29630 
4.98214   11.27420 
4.96714   11.27010 
4.98447   11.25800 
5.04668   11.13990 
5.05767   11.15090 
5.04242   11.15760 
5.07634   11.14840 
5.08877   11.12240 
4.92421   11.28920 
4.94576   11.27500 
4.94862   11.25680 
4.93764   11.24580 
4.95758   11.24240 
4.89809   11.27300 
4.84738   11.23290 
4.87307   11.25760 
4.90221   11.24610 
4.89700   11.22600 
4.92203   11.24150 
4.93243   11.22570 
4.92841   11.21070 
4.94204   11.21550 
5.01324   11.12560 
5.02824   11.12960 
5.01553   11.14200 
5.04493   11.12150 
5.04521   11.09620 
5.06365   11.10640 
5.08905   11.09710 
5.08517   11.06280 
5.11029   11.07880 
5.13917   11.04370 
5.11227   11.00810 
5.14504   11.00740 
5.16677   10.96260 
5.11635   10.92190 
5.16498   10.91270 
5.20154   10.86180 
5.14294   10.81800 
5.22993   10.80770 
5.23843   10.73800 
5.17947   10.70940 
5.24658   10.68360 
5.23462   10.61670 
5.17938   10.60870 
5.22638   10.57040 
5.19274   10.53380 
5.14810   10.52040 
5.16970   10.49180 
5.15470   10.46120 
5.11926   10.44600 
5.14890   10.42870 
5.16299   10.39520 
4.89192   11.20580 
4.91174   11.20110 
4.92333   11.19050 
4.92735   11.17550 
4.94204   11.18450 
4.83523   11.21080 
4.86503   11.20870 
4.87977   11.18380 
4.76933   11.19440 
4.80557   11.20060 
4.82321   11.17640 
4.74638   11.15410 
4.66163   11.04730 
4.70422   11.08720 
4.74947   11.06290 
4.74446   11.11770 
4.79163   11.12970 
4.83009   11.11280 
4.83201   11.14920 
4.86167   11.15940 
4.88857   11.15660 
4.89813   11.13610 
4.91622   11.16050 
4.93691   11.15500 
4.94789   11.14400 
4.95757   11.15760 
5.12810   10.38850 
5.17763   10.37020 
5.16080   10.34060 
5.19569   10.34730 
5.21152   10.29200 
4.97845   11.12690 
4.99345   11.12290 
4.98447   11.14200 
5.00669   11.10850 
4.93783   11.12460 
4.95994   11.12860 
4.96839   11.10750 
4.89011   11.10960 
4.91776   11.11350 
4.92981   11.09810 
4.82216   11.07410 
4.86253   11.09360 
4.88217   11.07090 
4.74948   11.02420 
4.78972   11.05460 
4.82216   11.03540 
4.93472   11.07470 
4.95479   11.08580 
4.97330   11.08410 
4.88473   11.03690 
4.91230   11.05300 
4.93728   11.04070 
4.82006   10.99340 
4.85250   11.01280 
4.88262   10.99490 
4.98643   11.06300 
5.00002   11.08470 
5.01982   11.08740 
5.03854   11.07240 
5.03269   11.03960 
5.05808   11.04840 
5.07932   11.03000 
5.08519   10.99370 
4.97221   11.03390 
4.99893   11.03450 
5.01847   11.01050 
4.94979   11.01220 
4.89271   10.95660 
4.92494   10.98070 
4.95987   10.97390 
5.00759   10.97270 
5.04134   10.97790 
5.07430   10.95590 
4.98274   10.94130 
5.07250   10.90610 
4.95406   10.90110 
5.00178   10.89990 
5.04383   10.86590 
5.00354   10.81830 
5.07427   10.82450 
5.10265   10.77040 
5.05641   10.73170 
5.12509   10.72520 
5.13323   10.67080 
5.08939   10.64470 
5.14378   10.62890 
5.13554   10.58260 
5.10131   10.56900 
5.13691   10.54880 
5.11387   10.50680 
4.85116   10.92490 
4.89348   10.91080 
4.91252   10.86940 
4.77222   10.97670 
4.80256   10.95410 
4.80333   10.90830 
4.73198   10.98500 
4.62401   11.00360 
4.67161   10.98880 
4.69436   10.94130 
4.56812   10.97650 
4.46222   10.87830 
4.51947   10.92660 
4.58533   10.89520 
4.47025   10.77760 
4.62787   10.83510 
4.67652   10.88500 
4.73689   10.88120 
4.78550   10.85190 
4.50438   10.70870 
4.57081   10.77640 
4.66200   10.76610 
4.44472   10.52200 
4.47406   10.63480 
4.57462   10.63350 
4.86642   10.82510 
4.92700   10.81540 
4.95744   10.77400 
4.79998   10.79800 
4.67979   10.70470 
4.73684   10.76340 
4.81776   10.73660 
4.92473   10.72890 
5.00126   10.73170 
5.02370   10.68660 
4.81124   10.68050 
4.87437   10.71520 
4.91820   10.67290 
4.99315   10.64790 
5.04830   10.64790 
5.05884   10.60610 
5.03167   10.57640 
5.07277   10.57320 
5.07414   10.53940 
4.90370   10.62750 
4.95405   10.64120 
4.97865   10.60250 
4.96304   10.56830 
5.00214   10.57500 
5.01607   10.54220 
4.61522   10.57520 
4.64554   10.64910 
4.72038   10.64630 
4.73678   10.59960 
4.77103   10.65520 
4.82764   10.63380 
4.82634   10.58770 
4.86655   10.61300 
4.90240   10.58130 
4.89748   10.54470 
4.93463   10.55910 
4.95812   10.53160 
4.30848   10.25110 
4.37428   10.38540 
4.46666   10.34670 
4.43752   10.44560 
4.53710   10.48330 
4.60305   10.43930 
4.61025   10.51570 
4.68117   10.53120 
4.33294   10.00240 
4.32825   10.15010 
4.42320   10.18550 
4.39332   9.74656 
4.33659   9.88311 
4.44662   9.96534 
4.51286   9.61177 
4.43745   9.66539 
4.49439   9.76492 
4.73068   10.49270 
4.73564   10.55220 
4.78629   10.56100 
4.82521   10.54020 
4.82881   10.50570 
4.86886   10.53240 
4.90109   10.51020 
4.59937   9.48789 
4.56816   9.55196 
4.59381   9.62393 
5.08311   10.51200 
5.09430   10.48360 
5.07168   10.46780 
5.10244   10.46260 
5.09664   10.43020 
5.05457   10.51620 
5.00177   10.51740 
5.03129   10.51880 
5.04026   10.49140 
4.95096   10.50570 
4.97938   10.51490 
4.99460   10.49150 
4.90120   10.48100 
4.92982   10.49330 
4.95108   10.47660 
5.02350   10.47300 
5.04677   10.47040 
5.05492   10.44940 
5.06590   10.43840 
5.04243   10.44240 
5.00850   10.47700 
5.01553   10.45800 
4.98611   10.47450 
4.97111   10.47050 
4.98447   10.45800 
4.94997   10.45810 
4.93899   10.44710 
4.95758   10.44240 
5.05796   10.41550 
5.06991   10.42340 
5.08673   10.40680 
5.07511   10.38460 
5.10184   10.39140 
5.11647   10.36640 
5.07109   10.36960 
5.05796   10.38450 
4.92041   10.44240 
4.92946   10.42530 
4.92544   10.41030 
4.94204   10.41550 
4.87562   10.47280 
4.90435   10.45600 
4.89482   10.43420 
4.80602   10.48350 
4.84967   10.47560 
4.85282   10.45060 
4.72324   10.43980 
4.77771   10.46080 
4.79858   10.43060 
4.59175   10.38140 
4.66490   10.41380 
4.71194   10.38190 
4.47795   10.26760 
4.54119   10.32780 
4.60304   10.30240 
4.49773   10.16670 
4.84395   10.42510 
4.86990   10.42230 
4.88595   10.40870 
4.81565   10.40240 
4.88553   10.38720 
4.91045   10.39900 
4.92502   10.38870 
4.92904   10.37370 
4.94204   10.38450 
4.69517   10.33730 
4.75350   10.36330 
4.77463   10.32890 
4.79140   10.37350 
4.83678   10.36800 
4.61681   10.24130 
4.66737   10.29490 
4.70893   10.27620 
4.84457   10.33940 
4.86883   10.36830 
4.89333   10.35860 
4.90219   10.33900 
4.91890   10.35790 
4.93790   10.35410 
4.94888   10.34310 
4.95757   10.35760 
4.53620   10.09990 
4.59095   10.18190 
4.65528   10.17450 
4.52101   9.90562 
4.51736   10.02490 
4.61059   10.04010 
4.57944   9.75021 
4.53531   9.83138 
4.60606   9.89092 
4.66005   9.63335 
4.60476   9.69316 
4.64568   9.75963 
4.73170   10.24210 
4.75949   10.28440 
4.79739   10.29470 
4.81422   10.26730 
4.82935   10.31180 
4.86140   10.31200 
4.87466   10.28660 
4.88989   10.31420 
4.91546   10.31360 
4.92767   10.29500 
4.93997   10.31970 
4.96109   10.32460 
4.97022   10.30620 
4.97913   10.32960 
4.99413   10.32560 
4.98447   10.34200 
4.70332   10.13170 
4.72917   10.19100 
4.77973   10.19930 
4.66548   9.99326 
4.68432   10.06820 
4.75821   10.08480 
4.67790   9.85800 
4.66359   9.93224 
4.73732   9.96035 
4.71138   9.74563 
4.68606   9.80268 
4.74359   9.84400 
5.00852   10.30990 
5.01439   10.32440 
5.02939   10.32840 
5.01553   10.34200 
4.82713   10.23440 
4.85909   10.25150 
4.88758   10.25370 
4.82461   10.18340 
4.90756   10.23060 
4.92313   10.26580 
4.94765   10.27190 
4.96832   10.25540 
4.97285   10.28470 
4.99089   10.28970 
5.01115   10.28850 
4.80110   10.03670 
4.82010   10.10020 
4.87091   10.09330 
4.82802   10.14130 
4.87542   10.17650 
4.91215   10.15240 
4.90874   10.19450 
4.94429   10.20650 
4.97446   10.18910 
4.97328   10.22530 
4.99848   10.23800 
4.80197   9.92285 
4.80386   9.98386 
4.86575   9.99923 
5.02466   10.22950 
5.01970   10.25960 
5.03732   10.27990 
4.79697   9.81526 
4.78881   9.87059 
4.85535   9.89411 
5.04786   10.34120 
5.05884   10.35220 
5.04242   10.35760 
5.07797   10.35180 
5.04725   10.32150 
5.09124   10.32910 
5.10349   10.34650 
5.12975   10.34360 
5.14782   10.32070 
5.06432   10.26960 
5.05577   10.29840 
5.07425   10.31120 
5.09977   10.30600 
5.11714   10.27830 
5.13413   10.29610 
5.16518   10.29300 
5.19784   10.26730 
5.07580   10.24300 
5.09425   10.26150 
5.12862   10.25170 
5.03914   10.19820 
5.06035   10.21980 
5.09029   10.21170 
4.98542   10.15360 
5.01441   10.17230 
5.05011   10.16270 
4.92010   10.11120 
4.95341   10.12920 
4.99337   10.11240 
4.91217   10.07000 
4.92630   9.97290 
4.92354   10.02580 
4.97273   10.04370 
5.02671   10.02780 
5.01533   10.07200 
5.04734   10.09650 
5.08762   10.09130 
5.06565   10.13160 
5.09038   10.15740 
5.13573   10.15630 
5.12019   10.18740 
5.13564   10.21060 
5.15852   10.22730 
5.20485   10.22630 
5.21051   10.16720 
5.24983   10.20720 
5.31407   10.15340 
5.14212   10.10130 
5.17193   10.13130 
5.21690   10.11210 
5.12381   10.06620 
5.23766   10.05630 
5.27625   10.09220 
5.33482   10.09760 
5.38526   10.02730 
5.30489   9.96869 
5.39315   9.95964 
5.39860   9.85974 
5.31098   9.83440 
5.39680   9.79313 
5.36344   9.72783 
5.16054   10.01390 
5.21988   9.99396 
5.22777   9.92629 
5.10604   10.00380 
5.06343   9.97550 
5.16859   9.89033 
5.25360   9.86505 
5.25180   9.79844 
4.93867   9.92832 
4.99646   9.95486 
5.07579   9.93092 
4.88479   9.85379 
4.89795   9.90605 
4.96811   9.88801 
5.04910   9.87915 
5.11607   9.89979 
5.14190   9.83855 
4.96307   9.84326 
5.00379   9.86553 
5.04406   9.83440 
4.88578   9.81445 
4.92838   9.82639 
4.96406   9.80391 
4.80158   9.77309 
4.84679   9.79968 
4.89038   9.77228 
4.72472   9.70285 
4.76510   9.74589 
4.81492   9.73031 
4.68954   9.59909 
4.70049   9.66832 
4.75421   9.66859 
5.29903   9.70790 
5.35329   9.66794 
5.35326   9.61072 
5.19745   9.77850 
5.25483   9.74785 
5.24468   9.68796 
5.10362   9.80597 
5.15614   9.79650 
5.15917   9.74592 
5.02454   9.79944 
5.06985   9.81306 
5.08409   9.77102 
5.30436   9.58462 
5.36874   9.54734 
5.38349   9.47421 
5.31053   9.46048 
5.37419   9.41345 
5.33255   9.33082 
4.96212   9.76306 
4.99681   9.77992 
5.02260   9.75859 
4.88619   9.74014 
4.92518   9.75492 
4.95793   9.73092 
4.81492   9.69767 
4.85140   9.72487 
4.88619   9.70751 
4.77146   9.63261 
4.79570   9.66714 
4.83217   9.66170 
5.02272   9.72849 
5.05045   9.74801 
5.08422   9.74092 
5.08558   9.70641 
5.11922   9.72941 
5.16053   9.71141 
5.15518   9.67245 
5.19512   9.68895 
5.23933   9.64900 
5.20861   9.61143 
5.25817   9.61043 
5.27364   9.54706 
5.22977   9.52907 
5.27596   9.50325 
5.26666   9.44249 
4.98433   9.68116 
4.99743   9.69953 
4.98176   9.72069 
5.02529   9.68895 
5.03534   9.66459 
5.02034   9.66861 
5.01553   9.65796 
5.04563   9.69756 
4.95742   9.69095 
4.97309   9.66979 
4.95809   9.66577 
4.98447   9.65796 
4.87630   9.68603 
4.91110   9.70131 
4.92369   9.67971 
4.93358   9.70118 
4.84371   9.63762 
4.86294   9.66815 
4.88784   9.66195 
4.91260   9.66541 
4.93509   9.66529 
4.94700   9.65148 
4.93602   9.64050 
4.95758   9.64243 
4.89924   9.64753 
5.06337   9.64616 
5.05239   9.65715 
5.04243   9.64242 
5.05773   9.66978 
5.06268   9.69012 
5.09768   9.67862 
5.10022   9.64990 
5.12312   9.66619 
5.15772   9.64373 
5.06856   9.62672 
5.07997   9.64289 
5.10541   9.63046 
5.07258   9.61172 
5.05796   9.61553 
5.14268   9.61647 
5.17473   9.62273 
5.19357   9.58417 
5.15666   9.56631 
5.19054   9.55501 
5.19285   9.51120 
5.09215   9.60409 
5.11240   9.61110 
5.12942   9.59010 
5.07957   9.59236 
5.12638   9.56094 
5.07555   9.57736 
5.05796   9.58447 
5.07297   9.55422 
5.09657   9.56159 
5.12380   9.53779 
5.04370   9.53942 
5.05468   9.55040 
5.04242   9.55757 
5.07569   9.53463 
4.89212   9.63027 
4.91688   9.63373 
4.92890   9.62323 
4.92488   9.60823 
4.94204   9.61553 
4.91044   9.59619 
4.92556   9.58796 
4.92958   9.57296 
4.94204   9.58447 
4.87075   9.62027 
4.88839   9.60646 
4.88907   9.58619 
4.83998   9.61381 
4.74244   9.59909 
4.78392   9.59764 
4.78857   9.56656 
4.81759   9.60008 
4.84463   9.58273 
4.70200   9.56412 
4.84837   9.55691 
4.87076   9.57064 
4.89281   9.56037 
4.90220   9.53985 
4.92051   9.55539 
4.93897   9.55244 
4.94995   9.54146 
4.95757   9.55758 
5.10653   9.51520 
5.13635   9.51455 
5.14183   9.47923 
5.15911   9.50183 
5.19834   9.47589 
5.06547   9.51041 
5.08377   9.51422 
5.09631   9.49098 
5.17795   9.43359 
5.21170   9.44297 
5.24627   9.40020 
5.20648   9.35441 
5.26144   9.35394 
5.29276   9.28503 
5.22206   9.25307 
5.29317   9.22995 
5.26973   9.14876 
5.01502   9.52462 
5.03002   9.52864 
5.01553   9.54204 
5.04372   9.52003 
5.05179   9.49962 
4.60528   9.42630 
4.65502   9.50252 
4.70076   9.46306 
4.69484   9.52465 
4.74774   9.52465 
4.60730   9.28830 
4.60629   9.37330 
4.66194   9.38793 
4.69924   9.18642 
4.63742   9.23763 
4.69307   9.28427 
4.77938   9.49780 
4.78654   9.53726 
4.82021   9.53971 
4.84634   9.52761 
4.85229   9.50050 
4.88045   9.51770 
4.90815   9.51273 
4.78431   9.45901 
4.82311   9.47162 
4.85721   9.46171 
4.70025   9.42003 
4.74007   9.44216 
4.78380   9.41598 
4.70125   9.36704 
4.76095   9.27739 
4.73083   9.32806 
4.76914   9.36015 
4.81338   9.37700 
4.83871   9.34441 
4.85337   9.40024 
4.89484   9.39812 
4.86950   9.43071 
4.89868   9.45958 
4.92673   9.45456 
4.91444   9.48555 
4.93619   9.50770 
4.95456   9.49856 
4.94827   9.52573 
4.96831   9.53231 
4.98332   9.52829 
4.98447   9.54204 
4.98012   9.50303 
4.99680   9.51473 
5.01182   9.49935 
4.96804   9.48500 
5.11012   9.46231 
5.13288   9.44959 
5.14623   9.41667 
5.08735   9.46133 
5.03255   9.48296 
5.05431   9.47334 
5.06812   9.44467 
5.01434   9.47307 
4.96092   9.45782 
4.98648   9.46229 
5.00721   9.44590 
4.94516   9.43185 
4.91868   9.36859 
4.93481   9.39906 
4.96900   9.40232 
4.99712   9.38035 
5.00747   9.41315 
5.03533   9.42392 
5.06838   9.41192 
4.85881   9.31030 
4.89881   9.33353 
4.93878   9.33447 
4.79489   9.22813 
4.83266   9.27192 
4.89276   9.26104 
4.74102   9.13780 
4.76497   9.18498 
4.83667   9.17951 
4.77658   9.08296 
4.97133   9.30611 
4.99119   9.34116 
5.02967   9.35199 
5.06851   9.33138 
5.07443   9.37057 
5.10722   9.39131 
5.15229   9.37532 
5.16746   9.32906 
5.06898   9.28555 
5.11375   9.30413 
5.16793   9.28322 
5.16835   9.22814 
4.95679   9.26422 
5.00920   9.27091 
5.05444   9.24366 
4.93063   9.22584 
5.04209   9.19693 
5.10187   9.21157 
5.15600   9.18142 
5.13621   9.12951 
5.20269   9.14609 
5.24994   9.09686 
5.21312   9.04645 
5.28016   9.04912 
5.30674   8.97402 
5.25349   8.94882 
5.31688   8.92413 
5.30102   8.85806 
5.25781   8.85880 
5.29519   8.81793 
5.25772   8.77896 
5.22094   8.79998 
5.22668   8.76027 
5.18560   8.74510 
5.16012   8.76804 
5.15582   8.73184 
5.12140   8.72727 
4.88197   9.13505 
4.91190   9.17820 
4.97593   9.18138 
5.02336   9.14929 
4.81025   9.04258 
4.84042   9.09598 
4.91565   9.09467 
4.79302   8.94377 
4.79022   8.99940 
4.85406   9.01242 
4.80962   8.86528 
4.79194   8.90467 
4.83295   8.93014 
5.10405   8.74901 
5.09511   8.72151 
5.06865   8.72388 
4.83040   8.79130 
4.82306   8.82952 
4.84532   8.85528 
4.86567   8.73936 
4.83449   8.76428 
4.86284   8.79250 
4.92127   8.72351 
4.89048   8.72989 
4.89174   8.75601 
4.97011   8.71431 
4.94799   8.72426 
4.94327   8.74729 
4.93230   8.75827 
4.95757   8.75758 
4.98270   8.69484 
4.98259   8.72858 
4.99759   8.72456 
4.98447   8.74204 
5.00852   8.69121 
5.04134   8.70933 
5.02250   8.69374 
5.00917   8.71163 
5.01158   8.72708 
5.02658   8.73110 
5.01553   8.74204 
5.05388   8.74565 
5.04476   8.72627 
5.06486   8.75663 
5.04242   8.75757 
5.08427   8.76331 
5.07137   8.77668 
5.07539   8.79168 
5.05796   8.78447 
5.11056   8.76906 
4.92767   8.77853 
4.91193   8.76681 
4.88711   8.77627 
4.92365   8.79353 
4.94204   8.78447 
4.88303   8.80329 
5.16113   8.79688 
5.13135   8.78362 
5.11157   8.79791 
5.21775   8.83543 
5.18670   8.81675 
5.15794   8.83233 
5.22357   8.87556 
5.10982   8.81987 
5.08902   8.80532 
5.07364   8.81364 
5.06962   8.82864 
5.05796   8.81553 
5.21002   8.96262 
5.22016   8.91273 
5.18010   8.88937 
5.16128   9.05146 
5.19151   9.00372 
5.15818   8.96763 
5.07800   9.11858 
5.12469   9.08325 
5.10307   9.04052 
5.01184   9.10302 
4.92561   9.04862 
4.96716   9.08769 
5.02180   9.05698 
5.01420   9.01198 
5.05888   9.02732 
5.09547   8.99553 
5.08114   8.96247 
5.12533   8.97568 
5.14384   8.93457 
5.11218   8.90796 
5.14503   8.89992 
5.14844   8.86275 
5.12287   8.84288 
5.10032   8.85029 
5.08858   8.86930 
5.07552   8.84629 
5.05787   8.84765 
5.04689   8.85863 
5.04243   8.84242 
5.08739   8.92829 
5.08858   8.89363 
5.06378   8.88963 
5.05753   8.94814 
5.04426   8.90074 
5.04425   8.87641 
5.02737   8.86974 
5.01237   8.87376 
5.01553   8.85796 
4.92601   8.81435 
4.90966   8.80788 
4.88539   8.82410 
4.93003   8.82935 
4.94204   8.81553 
4.89874   8.84776 
4.87210   8.84317 
4.85866   8.87894 
4.88960   8.89301 
4.86282   8.90511 
4.86390   8.94421 
4.90437   8.95210 
4.87450   8.97713 
4.89453   9.02031 
4.94605   9.01333 
4.94784   8.98112 
4.97892   9.00943 
5.01600   8.97977 
4.99470   8.95414 
5.02998   8.95669 
5.03623   8.92251 
5.01671   8.90929 
4.92243   8.92332 
4.93304   8.95624 
4.96591   8.95234 
4.97989   8.92926 
4.91088   8.86848 
4.91504   8.89465 
4.94371   8.89879 
4.92417   8.84941 
4.94218   8.85006 
4.95316   8.86104 
4.95758   8.84243 
4.96557   8.90833 
4.99436   8.91012 
5.00238   8.88835 
4.99002   8.87459 
4.97502   8.87057 
4.98447   8.85796 
4.95818   8.87965 
4.94482   9.71255 
0.00000   0.00000 
2.99539   0.00000 
1.84812   1.75518 
0.00000   2.78791 
20.00000   0.00000 
20.00000   3.99973 
17.41140   2.55276 
15.81240   0.00000 
20.00000   20.00000 
15.81380   20.00000 
20.00000   15.99890 
0.00000   20.00000 
0.00000   17.21310 
1.85357   18.24760 
2.99654   20.00000 
20.00000   7.99947 
17.09110   5.94566 
14.13600   2.81004 
11.90550   0.00000 
0.00000   15.01630 
1.39263   16.20740 
1.40235   3.79611 
0.00000   4.98452 
20.00000   11.99920 
17.54060   9.85809 
17.40480   13.43070 
16.47420   16.43150 
11.90670   20.00000 
13.68880   17.55490 
8.66590   20.00000 
10.67980   18.00490 
14.64320   14.60620 
15.17160   11.58430 
12.06660   15.73550 
5.79075   0.00000 
4.07068   1.51309 
3.11745   3.04573 
4.10636   18.47660 
5.79182   20.00000 
3.11864   16.96470 
10.69340   2.24870 
8.66480   0.00000 
0.00000   13.19770 
1.22908   14.32100 
2.56379   15.44420 
1.23980   5.66733 
0.00000   6.80300 
2.60379   4.56481 
8.11634   18.15250 
6.05097   18.12990 
4.98200   17.03650 
4.04271   15.90300 
9.45959   16.26000 
0.00000   11.57490 
0.90857   12.59120 
0.90016   7.39253 
0.00000   8.42576 
7.91790   1.71006 
5.95227   1.80898 
4.93016   2.94298 
4.08120   4.14238 
7.02148   16.61530 
6.87335   3.24617 
8.89893   3.41915 
5.54755   15.82180 
1.74847   13.25930 
2.43631   14.16760 
3.48988   14.78890 
4.65728   14.97250 
2.47731   5.82023 
1.74472   6.71082 
3.59197   5.27167 
0.00000   10.00030 
0.94996   11.24480 
0.93469   8.74528 
1.16939   10.00090 
5.52641   4.17610 
4.80554   5.19052 
15.12170   8.47016 
14.40770   5.83052 
12.38900   4.65091 
10.53520   4.20139 
1.85642   12.09790 
1.81579   7.86011 
12.69620   7.46316 
11.02010   5.91752 
9.39700   5.13173 
7.93286   4.63489 
6.68929   4.55699 
13.14000   10.04190 
12.79820   12.94150 
10.87970   14.35640 
8.12177   15.26760 
9.35905   14.62760 
6.75119   15.24680 
11.08640   12.72820 
11.52450   11.16240 
9.76050   13.27840 
5.72712   14.71980 
11.03580   9.16535 
10.87800   7.48355 
9.58709   6.65280 
8.25263   6.06852 
7.08665   5.64630 
5.92341   5.34338 
1.81302   10.93470 
1.77993   9.05798 
1.96232   10.01760 
9.57053   8.10147 
8.43082   7.31318 
7.28178   6.77609 
6.29597   6.24129 
5.27256   6.12815 
4.27832   5.99908 
3.32101   6.23617 
2.52313   6.86187 
10.18740   10.52890 
9.39755   9.50057 
10.00230   11.84710 
8.42892   8.58381 
7.63231   7.79979 
6.94420   7.47145 
6.45846   7.01362 
5.78323   6.76277 
8.40147   13.69790 
7.46350   14.39140 
6.56978   14.15090 
7.25854   13.44800 
8.75535   12.35610 
7.81959   12.75940 
8.80645   11.04960 
8.37890   9.91901 
7.76362   11.82420 
7.85669   10.77130 
5.20570   6.78822 
4.63169   6.65455 
3.93176   6.71597 
3.23272   7.03285 
2.67926   7.67747 
2.44318   8.49314 
2.50699   9.46362 
6.93357   12.55980 
6.42649   13.26200 
5.78686   13.78350 
5.00384   14.10550 
4.12676   14.15260 
3.25436   13.78560 
2.53961   13.10050 
6.99637   11.80430 
7.28828   11.24040 
7.83334   9.28523 
7.54756   8.61046 
7.52815   9.99712 
6.94859   8.12364 
7.08404   10.62120 
2.58980   10.54640 
2.50067   11.44320 
2.71097   12.29100 
3.34918   12.93650 
3.86061   13.45400 
4.51112   13.48870 
5.17501   13.36990 
5.74916   13.07250 
6.20410   12.64490 
6.47437   12.14200 
6.66339   11.20820 
6.52604   11.67220 
6.33617   7.68015 
5.95578   7.29511 
5.42798   7.30014 
5.77051   7.72630 
6.44066   8.15954 
6.06062   8.06038 
6.97837   8.73822 
6.55310   8.56730 
7.09993   9.33834 
6.87600   9.94594 
6.55220   10.74990 
6.61575   10.35000 
6.56238   9.05039 
6.53746   9.53001 
6.30926   10.01730 
6.15852   8.44138 
6.18983   8.81986 
6.12463   9.24441 
6.16530   9.63738 
6.20009   10.49250 
6.18747   10.99470 
6.21044   11.40040 
6.15029   11.80300 
5.98255   12.20660 
5.66605   12.55060 
5.24212   12.79710 
4.74327   12.93840 
4.14352   12.86330 
3.28794   12.29650 
3.73841   12.48460 
3.11082   11.75760 
3.07443   11.11610 
3.66911   11.97380 
3.51110   11.45620 
4.17722   12.28210 
4.51017   12.53910 
4.89379   12.48000 
5.26534   12.36750 
5.57946   12.16550 
5.80473   11.88200 
5.89163   11.54660 
5.90086   11.24660 
5.85615   10.96870 
5.97781   10.73430 
4.63621   12.15360 
4.98430   12.14740 
5.26576   12.04790 
5.50845   11.88060 
5.64949   11.65230 
4.06181   11.91820 
4.36533   11.97610 
3.90613   11.62750 
5.65174   11.37700 
5.67166   11.14090 
4.27761   11.69210 
4.60243   11.82380 
4.81662   11.94570 
5.04000   11.88130 
5.28261   11.81500 
5.42515   11.66540 
5.50941   11.51190 
5.43111   11.36730 
5.51903   11.24010 
4.84106   11.73080 
5.00821   11.69800 
5.14211   11.72290 
5.25247   11.61480 
5.34642   11.49060 
4.49144   11.62400 
4.67031   11.63330 
5.10514   11.57270 
5.20945   11.47290 
5.27845   11.35740 
4.94145   11.57360 
4.81041   11.58010 
5.36641   11.23620 
5.46482   11.08710 
5.61979   10.93920 
5.71684   10.73740 
5.82297   10.49960 
5.99101   10.20940 
5.93562   9.88302 
5.85976   9.54144 
3.00972   9.96970 
3.20814   10.53230 
3.55247   10.93840 
3.83462   11.26550 
4.12331   11.43020 
4.39021   11.44610 
4.57922   11.48330 
4.72451   11.49260 
4.85823   11.45840 
4.95227   11.46620 
5.02728   11.49720 
5.10319   11.44520 
5.16823   11.37580 
5.19797   11.30390 
5.25277   11.25260 
5.01530   11.40240 
5.08968   11.36350 
5.12941   11.29880 
4.92959   11.38880 
4.77955   11.39810 
4.85902   11.35560 
4.67839   11.37510 
4.54720   11.33210 
4.26282   11.27900 
4.41814   11.26240 
4.09850   11.15100 
3.92595   10.94630 
4.34647   11.09830 
4.19874   10.91480 
4.55362   11.17400 
4.66210   11.26140 
4.78382   11.30470 
2.94768   8.87227 
3.05102   9.41072 
3.14466   8.18741 
3.28877   7.61246 
3.78968   7.32555 
4.35425   7.19656 
4.88979   7.19815 
5.38934   7.68795 
5.04770   7.60704 
4.64912   7.58541 
4.18400   7.65720 
3.72719   7.84489 
3.66043   8.28059 
3.37516   8.63753 
3.45403   9.11997 
4.12989   8.08137 
4.47274   7.88892 
4.86330   7.91110 
5.18188   7.91808 
5.46722   7.98709 
5.73764   8.07176 
5.83358   8.34289 
5.53171   8.27232 
5.27351   8.17314 
5.05027   8.12492 
4.82957   8.15966 
4.64373   8.07438 
4.43386   8.19044 
4.25116   8.37889 
3.96674   8.40759 
3.76807   8.71253 
4.65465   8.28885 
4.50468   8.42011 
4.10589   8.62779 
4.35801   8.58529 
4.03917   8.90022 
3.82586   9.08141 
4.27453   8.79511 
5.88501   8.64564 
5.65513   8.52866 
5.88890   8.94231 
5.81513   9.24053 
5.46831   8.46493 
5.32963   8.36039 
5.12090   8.33099 
4.96137   8.27846 
4.82248   8.34841 
4.70493   8.48325 
4.55649   8.58859 
4.45822   8.74017 
5.64713   8.77641 
5.48575   8.63185 
5.67045   9.04387 
5.53121   8.93422 
5.46176   8.79755 
4.97460   11.34260 
5.03263   11.33850 
5.07548   11.30390 
4.92119   11.31690 
4.86895   11.28450 
4.74512   11.22260 
4.81758   11.23500 
4.69921   11.14200 
5.15304   11.23560 
5.09086   11.24470 
5.20760   11.19120 
5.27990   11.17790 
5.33036   11.10420 
5.20345   11.11850 
5.34060   10.98740 
5.44948   10.92080 
5.25625   11.04070 
5.48514   10.76710 
5.56263   10.56320 
5.61954   10.39370 
5.75420   10.28140 
5.72129   10.09210 
5.66562   9.91418 
5.71300   9.74166 
5.53179   10.22770 
5.47351   10.01830 
5.48441   9.81847 
5.57295   9.60297 
5.65462   9.41902 
5.56454   9.25208 
5.47101   9.09365 
5.43742   10.39730 
5.41480   10.63460 
5.39710   10.52150 
5.28853   10.85150 
5.21540   10.95340 
5.30554   10.71220 
5.28163   10.57840 
5.28714   10.45090 
5.30919   10.35330 
5.38397   10.27750 
5.37264   10.15880 
5.24417   10.26630 
5.21252   10.37690 
5.21433   10.50510 
5.18434   10.44390 
5.37013   8.94934 
5.44715   9.42717 
5.41770   9.68788 
5.41764   9.57344 
5.36387   9.26192 
5.31698   9.09953 
3.65805   10.45660 
3.84742   10.69230 
4.14194   10.68420 
3.49690   10.08640 
3.45136   9.62693 
3.84340   9.43437 
3.82287   9.82539 
3.91956   10.14790 
4.03666   10.43900 
4.13067   9.20689 
4.24922   8.99792 
4.15473   9.46221 
4.07395   9.67225 
4.45546   8.93378 
4.22291   9.92013 
4.21354   10.21570 
4.34514   10.48430 
4.33639   9.64703 
4.37531   9.37512 
4.39165   9.13675 
4.40382   10.70990 
4.38777   10.91140 
4.50225   11.00790 
4.61403   11.06210 
4.96630   8.43358 
4.84626   8.47761 
5.21704   8.44544 
5.09738   8.47186 
5.32157   8.54822 
5.35573   8.68982 
5.33840   8.81719 
5.24265   8.64301 
5.18549   8.55124 
5.26346   8.73924 
4.80875   8.57785 
4.69769   8.62093 
4.60884   8.71836 
4.56899   8.83321 
4.92057   8.56290 
5.01175   8.53056 
5.08580   8.57499 
5.14741   8.63668 
5.18130   8.70891 
5.00419   8.61624 
5.07331   8.64833 
5.11247   8.69976 
4.93754   8.63715 
4.87309   8.64441 
4.79538   8.67441 
4.71827   8.72041 
4.69983   8.81957 
5.02186   8.67332 
4.97021   8.68057 
5.05953   8.70450 
4.80205   8.76308 
4.86442   8.71324 
4.92598   8.70048 
4.64083   8.93579 
4.57247   9.06217 
4.78737   8.83953 
4.75200   8.91830 
4.55166   9.24166 
4.54962   9.41166 
4.48721   9.53980 
4.74640   9.02956 
4.67528   9.13924 
5.14503   11.16860 
5.10607   11.20320 
5.11418   11.11310 
5.17194   11.04300 
5.08930   11.16510 
5.06000   11.20000 
5.05196   11.17000 
5.05196   11.23000 
5.05828   11.26520 
5.03000   11.25200 
5.03248   11.28840 
5.00000   11.26000 
4.99986   11.30430 
4.96429   11.28830 
4.97000   11.25200 
5.03000   11.14800 
5.06337   11.13170 
4.92724   11.26160 
4.94804   11.23000 
4.87718   11.23070 
4.91681   11.22140 
4.94000   11.20000 
5.00000   11.14000 
5.02649   11.11120 
5.06393   11.08110 
5.10641   11.04440 
5.11814   10.97180 
5.11455   10.87210 
5.17133   10.76380 
5.18762   10.65490 
5.17114   10.56240 
5.12506   10.47850 
5.11346   10.41360 
4.90667   11.18090 
4.94804   11.17000 
4.85287   11.18660 
4.79355   11.16610 
4.70923   11.03250 
4.78971   11.09330 
4.87047   11.13230 
4.92578   11.14000 
4.97000   11.14800 
5.14274   10.36340 
5.17887   10.31770 
4.98690   11.10580 
4.94988   11.10910 
4.90974   11.08700 
4.85460   11.05490 
4.78972   11.01600 
4.95970   11.06250 
4.91486   11.01900 
4.85039   10.97080 
5.01315   11.06360 
5.05223   11.01570 
4.98472   11.00540 
4.93503   10.94250 
5.03045   10.94010 
4.97310   10.85970 
5.03398   10.77690 
5.07885   10.68660 
5.09993   10.60280 
5.10269   10.53520 
4.85194   10.87910 
4.75473   10.93750 
4.63398   10.94510 
4.53668   10.84530 
4.71906   10.82480 
4.60495   10.70740 
4.54430   10.55970 
4.88090   10.77120 
4.75463   10.70190 
4.96855   10.68660 
4.86785   10.65920 
5.01775   10.60930 
5.04560   10.54360 
4.93955   10.59580 
4.98654   10.54070 
4.68614   10.59070 
4.78743   10.60850 
4.86526   10.56690 
4.92971   10.52240 
4.40343   10.28650 
4.52989   10.40690 
4.67620   10.47170 
4.44297   10.08460 
4.45026   9.84609 
4.53852   9.68375 
4.78515   10.51360 
4.87247   10.49790 
4.64911   9.56412 
5.06353   10.48870 
5.07983   10.44680 
5.01699   10.49400 
4.97221   10.48900 
4.92994   10.46420 
5.03000   10.45200 
5.05196   10.43000 
5.00000   10.46000 
4.97000   10.45200 
4.94804   10.43000 
5.06000   10.40000 
5.09021   10.36930 
5.05196   10.37000 
4.91087   10.42060 
4.94000   10.40000 
4.87877   10.44780 
4.82688   10.45340 
4.77027   10.40790 
4.65361   10.35590 
4.55248   10.24880 
4.86103   10.39690 
4.91004   10.37750 
4.94804   10.37000 
4.73673   10.31860 
4.81252   10.33920 
4.68113   10.23390 
4.87662   10.33970 
4.92777   10.33830 
4.97000   10.34800 
4.62943   10.11510 
4.59175   9.96515 
4.62037   9.81668 
4.67100   9.70258 
4.78226   10.25030 
4.84617   10.28440 
4.90315   10.28880 
4.95218   10.30120 
4.98826   10.31120 
5.00000   10.34000 
4.77721   10.14820 
4.73921   10.02140 
4.73542   9.89933 
4.75176   9.78867 
5.02877   10.30870 
5.03000   10.34800 
4.87201   10.21860 
4.94311   10.24270 
4.99352   10.26820 
4.86298   10.05210 
4.87884   10.13440 
4.94546   10.17040 
5.00345   10.20780 
4.86851   9.94636 
5.04587   10.25110 
4.84219   9.84185 
5.06572   10.33430 
5.11677   10.32380 
5.08277   10.28810 
5.15150   10.26840 
5.10573   10.23500 
5.07484   10.18850 
5.02538   10.13690 
4.96136   10.08790 
4.98410   9.99943 
5.06931   10.05610 
5.10593   10.12640 
5.16554   10.18630 
5.25549   10.14800 
5.17832   10.07620 
5.29700   10.03640 
5.31278   9.90101 
5.30918   9.76779 
5.14276   9.95157 
5.19442   9.82908 
5.00883   9.91028 
4.92739   9.86573 
5.08937   9.84802 
4.99875   9.82078 
4.92937   9.78705 
4.85140   9.75750 
4.77845   9.70311 
4.72998   9.63406 
5.28889   9.64800 
5.20047   9.72791 
5.11786   9.76392 
5.05033   9.77811 
5.31983   9.52124 
5.30123   9.39972 
4.99487   9.73907 
4.92099   9.72278 
4.85140   9.69223 
4.81294   9.63116 
5.05058   9.71791 
5.12058   9.69491 
5.18977   9.64999 
5.22745   9.57287 
5.23208   9.48526 
4.96865   9.70231 
5.00000   9.66000 
5.03000   9.65196 
5.04068   9.67722 
4.94618   9.67958 
4.97000   9.65196 
4.90121   9.67983 
4.87448   9.64407 
4.92400   9.65099 
4.94804   9.63000 
5.05196   9.63000 
5.07478   9.66233 
5.12566   9.63747 
5.08515   9.62345 
5.06000   9.60000 
5.15969   9.59547 
5.15362   9.53714 
5.09914   9.58473 
5.05196   9.57000 
5.09399   9.53844 
5.03000   9.54804 
5.05740   9.53081 
4.90975   9.61646 
4.94000   9.60000 
4.91112   9.57591 
4.94804   9.57000 
4.86702   9.59646 
4.75490   9.56412 
4.82224   9.56901 
4.87450   9.54482 
4.92990   9.53488 
4.97000   9.54804 
5.11908   9.49195 
5.16459   9.46651 
5.07354   9.49000 
5.19131   9.40067 
5.22165   9.30815 
5.22248   9.19799 
5.00000   9.54000 
5.03004   9.50924 
4.66094   9.44093 
4.74058   9.48519 
4.66295   9.33494 
4.72319   9.23360 
4.81818   9.51041 
4.88639   9.49058 
4.82804   9.43283 
4.73956   9.39913 
4.79872   9.32118 
4.87871   9.36765 
4.91097   9.42859 
4.94248   9.48052 
4.96663   9.51659 
4.99361   9.48947 
5.10116   9.43266 
5.03507   9.45667 
4.97936   9.43512 
4.95865   9.36953 
5.03559   9.39117 
4.91891   9.29942 
4.86660   9.22266 
4.80675   9.13636 
5.02374   9.31280 
5.11328   9.34997 
5.11422   9.25830 
4.99466   9.22902 
5.08953   9.16484 
5.18290   9.09418 
5.24334   8.99871 
5.26364   8.89892 
5.25198   8.81867 
5.18989   8.78130 
5.13034   8.75477 
4.95720   9.13374 
4.87409   9.05560 
4.83403   8.96923 
4.83188   8.89104 
5.07776   8.74326 
4.85875   8.81951 
4.86692   8.76548 
4.91655   8.74655 
4.97000   8.74804 
4.94804   8.77000 
4.99518   8.70911 
5.00000   8.74000 
5.02315   8.71416 
5.03000   8.74804 
5.05196   8.77000 
5.09077   8.78335 
5.06000   8.80000 
4.90730   8.78706 
4.94000   8.80000 
5.13236   8.81246 
5.18351   8.85220 
5.08727   8.82728 
5.05196   8.83000 
5.17669   8.92653 
5.13967   9.00873 
5.06648   9.07231 
4.97712   9.04164 
5.05128   8.98232 
5.11099   8.94262 
5.11338   8.87331 
5.06378   8.86529 
5.03000   8.85196 
5.06378   8.91396 
5.02473   8.88752 
5.00000   8.86000 
4.91202   8.82869 
4.94804   8.83000 
4.88545   8.86683 
4.89376   8.91919 
4.91497   8.98502 
4.98071   8.97721 
5.00868   8.93106 
4.95110   8.92746 
4.93632   8.87012 
4.97000   8.85196 
4.98004   8.88919 
