542	349	348
240	188	189
397	20	589
395	587	13
357	358	95
441	239	238
236	192	193
389	581	15
248	181	247
314	315	47
512	315	511
349	103	104
215	420	5
220	21	22
279	142	143
396	167	386
374	12	566
409	208	4
368	84	85
582	390	583
234	194	195
233	195	196
556	362	555
238	191	237
243	185	186
246	247	182
444	241	443
592	400	399
247	181	182
250	179	249
246	182	183
265	156	157
454	252	251
410	1	170
254	174	175
258	170	171
257	258	171
257	172	256
594	402	401
256	173	255
255	173	174
262	159	160
253	175	176
250	178	179
251	178	250
263	158	159
865	650	649
266	267	155
401	17	593
249	179	180
267	154	155
272	149	150
270	151	152
364	88	89
759	600	407
274	147	148
379	24	10
280	142	279
573	380	381
276	145	146
653	654	475
568	375	376
277	144	145
386	16	578
384	164	165
284	137	138
287	135	286
421	217	216
286	135	136
287	134	135
288	133	134
305	57	304
501	305	304
962	750	575
297	298	64
299	63	298
494	295	294
295	126	127
298	63	64
294	127	128
602	298	297
293	294	128
300	61	62
302	59	60
683	505	682
303	304	58
302	303	59
294	295	127
214	121	122
289	132	133
304	57	58
308	54	307
306	56	305
307	54	55
305	56	57
686	509	508
213	214	122
308	53	54
508	312	311
314	47	48
313	48	49
318	43	44
315	46	47
211	66	67
316	317	45
344	345	108
319	42	43
344	108	109
210	413	7
209	67	7
321	40	41
348	349	104
346	107	345
338	114	115
411	3	27
527	331	330
529	333	332
334	27	28
333	28	29
411	118	3
603	335	334
332	29	30
695	696	518
523	524	327
532	339	338
711	534	710
328	34	327
341	112	340
327	34	35
342	110	111
323	38	39
343	110	342
323	39	322
344	109	343
343	109	110
322	40	321
345	107	108
348	104	105
210	21	220
346	106	107
1125	748	823
351	101	102
543	349	542
356	97	355
355	97	98
358	359	94
225	203	204
753	568	376
363	364	89
436	234	233
230	198	199
228	229	200
232	196	197
228	200	201
366	86	87
232	233	196
365	87	88
227	202	226
366	367	86
226	202	203
367	85	86
371	81	82
225	226	203
409	221	208
222	223	206
368	85	367
371	372	81
221	207	208
409	4	80
485	486	286
212	417	8
934	724	933
377	569	11
547	354	353
389	15	25
719	542	718
760	413	210
277	278	144
468	269	268
381	76	77
1137	799	750
381	77	382
218	6	72
387	74	75
378	24	379
1249	1083	1082
377	11	23
276	146	275
382	77	9
395	13	166
749	586	394
240	241	188
273	149	272
274	275	147
390	25	26
398	20	78
267	268	154
399	168	169
275	146	147
400	17	168
268	153	154
471	271	470
400	593	17
465	466	266
245	183	184
595	403	402
241	187	188
404	71	18
238	190	191
595	402	594
406	19	70
233	234	195
389	25	390
407	79	19
544	351	350
375	68	69
411	27	334
334	28	333
370	83	369
371	82	370
341	342	111
335	336	117
273	148	149
276	277	145
496	300	299
301	302	60
295	296	126
888	676	675
516	319	515
310	51	52
408	398	78
555	362	361
412	2	125
412	65	2
582	389	390
356	96	97
718	542	541
353	99	100
227	201	202
559	365	558
476	277	276
271	272	150
271	150	151
271	151	270
809	585	586
399	400	168
373	566	12
373	68	375
269	152	153
269	270	152
337	116	336
341	111	112
779	780	415
322	39	40
383	164	384
288	134	287
410	170	258
410	163	1
363	90	362
365	88	364
873	658	657
217	218	72
597	405	404
406	70	405
242	187	241
403	596	18
256	172	173
257	171	172
372	221	409
604	221	372
219	6	423
373	12	68
393	119	120
391	14	584
398	589	20
391	390	26
439	440	237
235	194	234
452	249	451
268	269	153
456	253	455
632	633	453
479	280	279
280	141	142
319	43	318
517	321	320
359	93	94
376	11	569
474	275	274
803	579	804
391	26	14
583	390	391
369	84	368
223	205	206
385	16	74
385	74	387
326	35	36
326	327	35
785	422	421
383	9	164
222	206	207
222	207	221
282	139	140
485	285	484
259	260	162
463	464	264
246	183	245
847	628	846
290	131	132
290	132	289
794	758	570
990	991	809
562	369	368
606	427	426
554	361	360
352	101	351
336	116	117
603	334	333
340	112	113
339	340	113
306	55	56
306	307	55
906	693	905
523	327	326
369	83	84
370	82	83
540	346	539
354	99	353
317	44	45
317	318	44
705	706	528
329	32	33
262	263	159
260	161	162
372	80	81
372	409	80
504	308	307
503	307	306
753	376	569
350	351	102
444	242	241
232	197	231
216	5	420
383	575	9
634	455	454
264	158	263
229	199	200
229	230	199
554	555	361
358	94	95
210	7	21
415	210	220
242	186	187
242	243	186
585	393	586
474	274	473
402	123	124
646	647	468
447	448	245
244	185	243
361	91	92
363	89	90
254	175	253
254	255	174
586	393	394
273	274	148
379	10	572
1131	754	964
378	23	24
378	377	23
827	608	826
366	87	365
319	320	42
693	516	515
237	191	192
237	192	236
296	125	126
296	412	125
392	14	119
392	119	393
553	359	552
443	241	240
352	100	101
352	353	100
405	70	71
626	627	447
386	167	16
588	395	396
459	601	257
259	410	258
211	67	209
213	122	8
731	555	554
558	365	364
598	405	597
360	93	359
261	160	161
261	161	260
663	484	662
283	284	138
292	129	130
301	60	61
350	102	103
350	103	349
805	580	754
757	389	582
339	113	114
339	114	338
288	289	133
486	287	286
394	120	13
394	393	120
539	346	345
209	7	413
807	757	582
551	552	358
266	155	156
266	156	265
303	58	59
291	131	290
495	298	602
297	412	296
285	286	136
485	286	285
337	115	116
337	338	115
325	36	37
325	326	36
380	572	10
775	572	380
756	404	596
404	405	71
309	52	53
309	310	52
281	141	280
216	73	5
264	157	158
264	265	157
231	197	198
231	198	230
311	50	51
311	51	310
301	61	300
497	301	300
308	309	53
891	678	890
320	41	42
320	321	41
488	289	288
745	216	420
388	75	15
388	387	75
396	166	167
396	395	166
215	5	121
215	121	214
228	201	227
564	604	371
259	162	163
259	163	410
324	37	38
324	325	37
252	176	177
252	253	176
408	78	79
408	79	407
297	64	65
297	65	412
278	143	144
278	279	143
530	336	603
332	333	29
362	90	91
362	91	361
406	599	19
435	233	232
397	169	20
397	399	169
212	8	66
520	521	324
505	309	308
671	493	492
376	69	11
376	375	69
354	98	99
354	355	98
330	31	32
330	32	329
224	205	223
427	225	224
360	92	93
360	361	92
414	416	211
312	50	311
677	500	499
882	667	666
403	18	123
403	123	402
357	95	96
357	96	356
281	140	141
281	282	140
925	715	924
323	324	38
442	443	240
239	190	238
244	184	185
244	245	184
433	231	230
941	731	940
261	262	160
601	259	258
754	580	388
612	433	432
426	427	224
563	370	369
1157	740	739
1121	946	945
636	456	635
458	256	255
239	189	190
239	240	189
541	542	348
347	106	346
291	130	131
291	292	130
335	411	334
603	336	335
448	246	245
451	249	248
521	325	324
699	700	522
773	566	373
791	567	769
513	317	316
314	48	313
863	648	647
473	274	273
335	117	118
335	118	411
217	72	73
217	73	216
328	33	34
328	329	33
675	497	674
685	507	684
374	165	12
374	384	165
347	105	106
347	348	105
401	124	17
401	402	124
534	341	340
540	347	346
530	337	336
331	31	330
475	275	474
479	279	478
475	276	275
749	394	587
248	180	181
248	249	180
477	278	277
382	9	575
235	193	194
235	236	193
404	18	596
761	403	595
746	414	209
692	515	514
453	251	250
761	596	403
456	254	253
464	265	264
614	434	613
439	237	236
380	10	76
380	76	381
498	301	497
675	498	497
552	359	358
549	356	355
219	22	6
219	220	22
331	30	31
331	332	30
251	177	178
251	252	177
316	45	46
316	46	315
425	223	222
564	371	370
535	341	534
520	324	323
293	128	129
293	129	292
880	881	665
419	215	214
299	62	63
299	300	62
453	454	251
469	270	269
224	204	205
224	225	204
283	138	139
283	139	282
481	282	281
764	420	215
491	292	291
498	302	301
312	49	50
312	313	49
706	707	741
524	328	327
285	136	137
285	137	284
681	682	504
212	66	211
407	19	599
731	554	730
416	212	211
511	315	314
747	400	592
585	392	393
763	594	401
632	453	452
213	8	417
505	308	504
388	15	581
721	545	544
788	424	766
789	773	565
430	228	227
743	604	564
432	433	230
562	563	369
514	317	513
511	314	510
852	634	633
842	624	623
440	238	237
622	443	442
531	532	338
522	523	326
570	377	378
937	728	727
545	352	351
545	351	544
461	262	261
462	263	262
525	328	524
526	330	329
1292	823	999
735	558	734
580	387	388
770	579	386
536	343	342
538	539	345
478	278	477
477	277	476
529	603	333
528	332	331
804	579	770
772	385	577
665	487	486
784	419	782
510	314	313
414	211	209
487	287	486
493	294	293
460	261	260
459	257	256
747	593	400
600	408	407
490	291	290
676	677	499
518	322	321
518	321	517
533	340	339
533	339	532
478	279	278
962	575	752
966	746	413
218	423	6
449	247	246
449	246	448
609	430	429
436	437	234
771	398	591
774	392	585
495	299	298
496	497	300
480	281	280
480	481	281
394	13	587
656	478	477
1166	982	983
475	476	276
534	340	533
709	710	533
768	590	397
1125	967	748
494	294	493
744	602	494
450	247	449
630	631	451
428	226	225
428	225	427
492	493	293
680	503	502
866	650	865
653	474	652
495	496	299
602	297	296
469	269	468
863	864	648
500	304	303
500	501	304
460	461	261
742	460	601
626	447	446
631	452	451
529	332	528
700	701	523
515	318	514
514	318	317
445	243	242
444	445	242
527	330	526
528	331	527
867	868	652
1153	774	810
683	506	505
681	504	503
489	289	488
883	668	667
561	368	367
561	562	368
725	548	724
546	352	545
491	291	490
499	500	303
502	306	305
502	305	501
424	220	219
424	415	220
546	353	352
546	547	353
462	262	461
645	467	466
482	283	282
482	282	481
990	809	811
768	397	589
602	296	295
602	295	494
616	437	436
440	441	238
392	584	14
774	584	392
466	267	266
466	467	267
429	227	226
429	226	428
430	227	429
1280	1281	1117
537	344	343
537	343	536
696	519	518
698	521	520
467	268	267
467	468	268
522	326	325
522	325	521
437	235	234
436	233	435
559	366	365
560	561	367
1677	1664	1505
752	383	576
515	319	318
694	516	693
622	442	621
634	635	455
483	284	283
483	283	482
1270	1107	1106
773	373	565
535	342	341
535	536	342
509	510	313
503	504	307
509	313	312
509	312	508
452	250	249
452	453	250
909	697	696
519	322	518
736	560	559
434	231	433
455	253	252
455	252	454
762	212	416
755	418	213
499	303	302
499	302	498
712	536	535
1260	1097	1096
687	510	509
953	755	417
692	693	515
746	209	413
692	514	691
690	513	512
745	421	216
567	384	374
472	273	272
472	473	273
459	256	458
601	258	257
611	432	431
734	558	557
1312	989	808
771	589	398
1044	868	1043
479	480	280
590	399	397
590	592	399
418	214	213
418	419	214
776	218	422
776	423	218
1073	898	897
668	489	667
775	380	573
385	578	16
922	923	713
699	521	698
512	316	315
512	513	316
902	690	689
695	518	517
708	531	707
703	526	525
579	396	386
579	588	396
854	855	636
457	458	255
728	552	551
759	407	599
979	792	978
752	575	383
531	338	337
531	337	530
463	264	263
463	263	462
658	659	480
651	473	472
748	406	598
612	432	611
431	229	228
431	228	430
609	429	608
610	611	431
492	293	292
492	292	491
507	311	310
507	508	311
560	367	366
560	366	559
446	244	243
446	243	445
506	310	309
506	507	310
650	471	649
648	470	469
635	456	455
642	464	463
525	329	328
525	526	329
442	240	239
442	239	441
557	364	363
557	558	364
548	354	547
757	581	389
708	532	531
705	528	527
965	753	569
932	723	722
564	370	563
604	372	371
604	222	221
604	425	222
550	357	356
550	356	549
503	306	502
505	506	309
543	350	349
543	544	350
553	360	359
553	554	360
591	398	408
591	408	600
763	401	593
646	468	467
821	597	756
622	623	443
801	577	580
772	578	385
484	285	284
484	284	483
422	218	217
422	217	421
678	500	677
682	505	504
487	288	287
487	488	288
551	358	357
551	357	550
438	439	236
598	406	405
912	700	699
907	695	694
601	260	259
601	460	260
489	290	289
489	490	290
880	665	664
868	653	652
426	224	223
426	223	425
470	271	270
470	270	469
1337	963	1135
660	482	481
556	363	362
556	557	363
519	323	322
519	520	323
541	348	347
541	347	540
664	665	486
878	663	662
434	232	231
434	435	232
770	386	578
984	801	805
879	663	878
673	674	496
679	502	501
875	660	659
623	444	443
756	597	404
856	641	640
637	457	636
465	266	265
465	265	464
748	599	406
618	439	438
576	383	384
576	384	567
432	230	229
432	229	431
565	373	375
565	375	568
628	448	627
845	626	844
538	345	344
538	344	537
571	378	379
571	570	378
653	475	474
654	476	475
438	236	235
438	235	437
740	743	564
739	740	563
841	622	840
617	438	437
1307	994	824
616	617	437
457	255	254
457	254	456
917	705	704
708	709	532
1107	932	931
967	599	748
577	385	387
577	387	580
447	245	244
447	244	446
725	726	549
724	548	547
516	320	319
516	517	320
841	842	623
627	448	447
450	248	247
450	451	248
574	381	382
574	573	381
548	355	354
548	549	355
471	272	271
471	472	272
720	721	544
733	734	557
632	452	631
644	465	643
889	677	676
674	497	496
647	469	468
647	648	469
737	560	736
610	430	609
649	471	470
649	470	648
716	540	539
713	537	536
621	441	620
621	442	441
1051	1052	876
803	588	579
968	781	777
778	414	746
935	726	725
730	554	553
767	583	391
767	391	584
725	549	548
1276	1113	1112
729	553	552
729	552	728
637	458	457
636	457	456
741	530	603
741	603	529
1049	874	873
664	486	485
707	531	530
707	530	741
871	656	655
655	476	654
617	618	438
940	731	730
706	529	528
706	741	529
766	424	219
766	219	423
956	420	764
874	875	659
619	440	439
619	439	618
815	600	824
1503	1302	1130
952	673	672
672	494	493
765	379	572
765	571	379
1310	812	987
1126	745	956
1115	940	939
615	436	435
1301	805	1131
719	543	542
885	886	670
898	686	685
861	646	645
848	849	630
744	673	495
672	493	671
727	551	550
727	728	551
646	467	645
818	594	763
720	544	543
1419	1420	1256
620	441	440
620	440	619
751	587	395
751	395	588
891	679	678
956	745	420
640	462	461
857	641	856
661	483	482
661	482	660
818	819	594
630	451	450
769	374	566
769	567	374
673	496	495
744	495	602
688	511	510
762	417	212
738	562	561
825	607	606
662	484	483
662	483	661
697	698	520
1262	1263	1099
719	720	543
717	540	716
666	488	487
666	487	665
712	713	536
1089	914	913
853	634	852
641	642	463
670	492	491
670	671	492
1140	761	820
1190	1017	1189
820	595	819
1128	821	756
735	559	558
735	736	559
702	525	524
702	703	525
1042	1043	867
1138	749	963
643	465	464
643	464	642
750	382	575
750	574	382
1739	1563	1562
1559	1355	1558
1411	1412	1248
710	534	533
1133	965	758
985	802	801
732	556	555
732	555	731
687	509	686
688	510	687
947	738	737
743	425	604
957	423	776
929	720	719
755	213	417
1127	755	953
681	503	680
680	502	679
689	512	511
689	690	512
955	763	593
955	593	747
605	426	425
605	606	426
891	892	679
1073	897	1072
1140	954	761
954	596	761
607	428	427
607	427	606
669	491	490
669	670	491
678	501	500
678	679	501
988	806	989
964	754	581
717	541	540
717	718	541
764	215	419
1067	892	891
715	539	538
715	716	539
998	822	821
616	436	615
726	550	549
726	727	550
639	461	460
638	458	637
676	499	498
676	498	675
639	640	461
1035	860	859
901	902	689
926	927	717
624	445	444
624	444	623
1097	921	1096
1113	937	1112
819	595	594
848	630	629
657	479	478
657	478	656
1068	1069	893
972	782	783
625	445	624
1357	1190	1189
691	514	513
691	513	690
733	557	556
733	556	732
1313	1145	1325
1047	872	871
701	524	523
701	702	524
625	446	445
625	626	446
608	429	428
608	428	607
709	533	532
916	704	703
758	569	377
758	377	570
963	749	587
1668	1298	1486
898	899	686
1077	902	901
650	472	471
650	651	472
699	522	521
700	523	522
1087	912	911
924	715	714
1086	911	910
909	696	908
961	768	589
958	767	584
739	562	738
740	564	563
659	481	480
659	660	481
1053	877	1052
1309	1136	800
652	474	473
652	473	651
644	466	465
644	645	466
714	537	713
1087	1088	912
667	489	488
667	488	666
858	643	642
851	632	850
855	637	636
638	459	458
1369	1204	1203
867	652	651
831	832	613
610	431	430
760	210	415
966	413	760
722	546	545
722	545	721
742	459	638
742	601	459
737	561	560
737	738	561
668	490	489
668	669	490
633	454	453
633	634	454
613	434	433
612	613	433
906	694	693
908	696	695
1116	941	940
1437	1276	1275
641	463	462
641	462	640
711	535	534
711	712	535
782	419	418
1395	1231	1498
663	485	484
663	664	485
805	801	580
723	546	722
729	730	553
1690	1304	1470
840	622	621
841	623	622
754	388	581
933	724	723
850	632	631
1040	865	864
833	615	614
835	617	616
655	477	476
655	656	477
1221	1052	1051
1333	1130	965
905	693	692
969	968	777
797	573	574
1050	875	874
658	480	479
658	479	657
684	507	506
684	506	683
742	639	460
742	638	639
2750	775	798
2750	572	775
605	425	743
739	563	562
704	705	527
919	710	709
694	517	516
694	695	517
605	743	740
1284	1121	1120
629	450	449
629	630	450
893	681	680
1069	894	893
861	862	646
862	647	646
899	687	686
688	689	511
723	547	546
723	724	547
685	508	507
685	686	508
938	728	937
815	591	600
1076	901	900
900	687	899
628	449	448
628	629	449
697	520	519
697	519	696
714	538	537
714	715	538
614	435	434
614	615	435
918	919	709
950	706	705
927	718	717
1096	920	1095
824	600	759
1436	1274	1435
704	527	526
704	526	703
951	606	605
951	605	740
958	584	774
961	589	771
1158	674	673
952	672	671
965	569	758
1108	933	932
1114	939	938
945	735	944
744	494	672
744	672	673
994	815	824
1153	958	774
1014	839	838
835	616	834
1138	811	749
820	761	595
1044	869	868
869	653	868
1325	1145	2750
960	578	772
907	694	906
1078	903	902
1146	788	766
1477	1164	978
1133	758	794
964	581	757
1038	862	1037
863	647	862
977	790	793
1517	1474	1160
857	642	641
860	645	644
825	606	951
1167	985	984
1158	887	674
887	675	674
896	683	895
784	764	419
959	769	566
1383	1218	1217
853	635	634
858	859	643
846	628	627
858	642	857
993	817	814
1376	1211	1210
1117	941	1116
829	611	610
795	794	570
986	987	803
881	666	665
1051	876	875
882	883	667
884	668	883
1385	1219	1384
980	794	795
1087	911	1086
1613	1412	1411
909	910	697
926	717	716
978	792	791
1311	1146	1323
896	684	683
897	898	685
1135	751	812
1048	872	1047
1156	639	949
949	638	637
932	933	723
1106	931	930
892	680	679
892	893	680
948	739	738
1157	739	948
967	759	599
941	732	731
928	718	927
1104	929	928
943	734	733
1120	1121	945
870	655	654
870	871	655
851	633	632
851	852	633
957	766	423
1146	766	957
806	582	583
806	807	582
936	937	727
1131	805	754
885	669	884
887	888	675
869	654	653
869	870	654
1078	902	1077
901	689	688
817	747	592
814	592	590
1052	877	876
876	660	875
963	587	751
1045	1046	870
914	702	701
916	917	704
913	700	912
921	712	711
911	699	698
911	912	699
945	736	735
1340	1000	1001
1017	1018	842
838	620	619
960	770	578
1318	804	1148
942	943	733
1183	1011	1010
835	836	617
839	620	838
923	714	713
923	924	714
861	645	860
1447	1294	1336
790	565	568
790	789	565
1094	919	918
1155	708	707
832	614	613
832	833	614
1459	1319	1328
1720	1654	1541
808	583	767
808	806	583
834	616	615
834	615	833
1310	1135	812
1135	963	751
877	662	661
877	878	662
950	707	706
950	705	917
810	774	585
810	585	809
849	631	630
849	850	631
930	721	720
930	720	929
890	678	677
889	890	677
837	618	836
836	618	617
859	644	643
859	860	644
780	760	415
2014	1979	1846
944	735	734
944	734	943
1185	1012	1184
1012	1013	837
885	670	669
1158	673	952
1234	1067	1233
884	669	668
942	733	732
942	732	941
907	908	695
1081	906	905
1620	1621	1419
1081	1082	906
800	752	576
792	800	576
1107	931	1106
931	721	930
1048	873	872
872	656	871
1036	861	860
1027	852	851
1154	957	776
1162	974	975
793	568	753
793	790	568
827	609	608
948	738	947
1492	1295	973
1056	880	1055
1124	746	966
1103	928	927
822	598	597
822	597	821
949	639	638
949	637	855
894	682	681
894	681	893
787	776	422
787	422	785
872	657	656
872	873	657
823	748	598
823	598	822
792	576	567
792	567	791
843	625	624
843	624	842
779	415	424
779	424	788
1308	780	970
1302	793	1130
934	725	724
934	935	725
903	904	691
1515	1488	1159
1141	762	781
1071	895	1070
864	649	648
864	865	649
904	692	691
904	905	692
910	698	697
910	911	698
844	626	625
844	625	843
928	719	718
928	929	719
828	610	609
828	829	610
837	619	618
837	838	619
953	417	762
1074	899	898
1043	868	867
1197	1198	1025
1155	707	950
915	916	703
1257	1091	1090
1088	913	912
1110	935	934
1332	964	1132
853	854	635
854	636	635
984	985	801
1436	1275	1274
1440	1279	1278
992	993	814
814	817	592
1042	866	1041
996	819	818
1366	1367	1199
879	664	663
879	880	664
882	666	881
1057	882	881
1114	938	1113
1011	1012	836
895	683	682
895	682	894
939	730	729
939	940	730
1303	1133	794
1145	765	2750
1008	832	1007
1010	835	834
876	661	660
876	877	661
954	756	596
1128	756	954
918	709	708
1155	918	708
847	629	628
847	848	629
1120	945	944
1004	828	1003
1490	998	1299
1034	859	858
931	722	721
931	932	722
827	828	609
1003	828	827
1122	1123	947
1002	1003	827
1147	768	961
1328	1150	1314
1072	897	896
1127	783	755
866	651	650
866	867	651
1020	845	844
1016	841	840
886	671	670
886	952	671
1141	953	762
1074	1075	899
988	807	806
1150	961	771
915	703	702
915	702	914
903	691	690
903	690	902
845	627	626
845	846	627
922	713	712
922	712	921
1026	850	1025
1025	850	849
897	685	684
897	684	896
1022	847	846
1021	845	1020
1235	1236	1069
1232	1233	1066
1342	1032	1031
1032	857	856
889	676	888
1058	1059	883
1098	923	922
1090	914	1089
1137	750	962
1320	798	982
987	812	803
983	797	799
913	701	700
913	914	701
1063	888	887
1339	1063	1062
830	612	611
830	611	829
936	727	726
936	726	935
1124	778	746
1263	1100	1099
826	608	607
826	607	825
812	751	588
812	588	803
1038	863	862
1039	864	863
938	729	728
938	939	729
783	418	755
783	782	418
839	621	620
839	840	621
1069	1070	894
1068	893	892
777	416	414
777	414	778
1367	1368	1200
1036	860	1035
798	775	573
798	573	797
816	771	591
816	591	815
796	571	765
1145	796	765
959	566	773
1151	959	773
946	947	737
1002	827	826
920	921	711
1090	915	914
1037	862	861
1024	849	848
831	613	612
831	612	830
786	421	745
786	785	421
920	711	710
920	710	919
1013	838	837
1012	837	836
1065	890	889
1060	884	1059
925	716	715
925	926	716
781	762	416
781	416	777
795	570	571
795	571	796
874	659	658
874	658	873
799	574	750
799	797	574
811	586	749
811	809	586
802	772	577
802	577	801
813	590	768
813	814	590
1156	640	639
1156	856	640
946	737	736
946	736	945
900	688	687
900	901	688
1051	875	1050
1126	786	745
1123	948	947
1122	946	1121
1017	842	841
1014	838	1013
1030	1031	855
1034	1035	859
1152	960	772
1152	772	802
1042	867	866
1197	1025	1024
1391	1392	1226
1054	878	1053
1425	1426	1264
1080	905	904
1281	1118	1117
1182	1010	1009
1039	1040	864
1041	866	865
1017	841	1016
1115	1116	940
1031	856	1156
1031	949	855
1096	921	920
1095	920	919
1015	839	1014
1188	1016	1015
999	823	822
1186	1014	1013
1234	1068	1067
1070	895	894
998	999	822
1188	1015	1187
1088	1089	913
1250	1084	1083
1149	791	769
1149	769	959
1431	1270	1269
1085	1086	910
1464	1312	1452
1184	1012	1011
1094	1095	919
1290	1092	1091
1091	916	915
1413	1414	1250
1118	943	942
1340	1001	1123
1105	930	929
1105	1106	930
1009	834	833
1009	1010	834
974	787	785
1154	776	787
1031	1156	949
1487	1449	1296
1076	1077	901
1242	1076	1075
1335	1127	953
972	973	782
1091	915	1090
1092	916	1091
1074	898	1073
1240	1073	1239
1059	884	883
1062	952	886
1255	1089	1088
1101	926	925
1102	1103	927
1112	937	936
1071	896	895
1071	1072	896
1498	1231	1230
1066	890	1065
1050	874	1049
1210	1041	1040
1536	1470	1169
1150	771	816
1060	885	884
1061	886	885
1177	1178	1005
1006	831	830
1093	918	1155
1094	918	1093
1026	851	850
1026	1027	851
1029	854	853
1028	852	1027
1032	856	1031
1201	1029	1028
1197	1024	1196
1024	1025	849
1062	1158	952
1061	885	1060
1084	1085	909
1104	928	1103
1001	825	951
1157	951	740
1093	950	917
1093	1155	950
971	779	788
1164	979	978
1053	878	877
1331	956	1142
2750	765	572
1469	980	1165
1061	1062	886
1064	888	1063
1535	1169	1464
989	806	808
992	814	813
1147	813	768
1200	1027	1199
1033	858	857
1046	871	870
1214	1044	1213
1084	908	1083
1083	908	907
1328	1319	1147
1312	808	1144
1019	844	843
1019	1020	844
1108	932	1107
1108	1109	933
1064	889	888
1064	1065	889
1229	1060	1059
1231	1065	1064
1466	1163	977
1243	1076	1242
991	810	809
1319	992	813
1097	922	921
1097	1098	922
1119	944	943
1119	943	1118
1361	1194	1193
1173	997	996
1005	1006	830
1119	1120	944
1054	879	878
1055	880	879
1122	947	946
1001	951	1157
1113	938	937
1169	988	989
1018	843	842
1018	1019	843
1442	1443	1281
1004	829	828
1011	836	835
1011	835	1010
1338	1137	962
1497	1297	1126
1359	1360	1192
1189	1017	1016
973	784	782
1068	892	1067
1454	1328	1314
1479	1321	991
1099	924	923
1099	923	1098
1075	900	899
1076	900	1075
1225	1055	1224
1669	1489	1293
1522	1662	1476
1323	957	1154
1028	853	852
1028	1029	853
1331	1126	956
1509	1293	1127
1264	1100	1263
1100	924	1099
1222	1053	1052
1295	1331	1142
1005	830	829
1004	1005	829
1007	832	831
1007	831	1006
1334	1128	954
1193	1021	1020
1170	991	990
1217	1048	1047
1513	1134	1329
1111	935	1110
1321	1324	1153
2169	2020	1711
1171	993	992
1718	1717	1540
1085	910	909
1084	909	908
1001	948	1123
1001	1157	948
1109	934	933
1109	1110	934
1117	942	941
1117	1118	942
1033	1034	858
1033	857	1032
1129	955	747
1129	747	817
1238	1239	1072
1492	973	1161
986	803	804
982	798	797
1336	1143	955
1203	1204	1034
1036	1037	861
1371	1206	1205
1387	1221	1386
1047	871	1046
1333	965	1133
1829	1675	1689
1015	840	839
1015	1016	840
1219	1050	1049
1055	879	1054
1224	1055	1054
1223	1053	1222
1429	1430	1268
1424	1262	1423
1277	1113	1276
1434	1435	1273
1058	883	882
1058	882	1057
1327	1152	1316
1467	985	1167
1463	1165	981
1168	987	986
1292	1125	823
1356	1357	1189
1139	760	780
1139	966	760
1148	804	770
1148	770	960
1144	767	958
1144	808	767
1079	1080	904
2022	1859	1999
1183	1010	1182
1814	1643	1642
1040	1041	865
1742	1743	1566
1258	1095	1094
1341	1094	1093
1092	917	916
1092	1093	917
1450	1335	1300
1081	905	1080
1175	1176	1003
1000	825	1001
1236	1070	1069
1300	1335	1141
1494	999	1174
1115	939	1114
1030	855	854
1030	854	1029
1243	1077	1076
1159	968	969
1130	753	965
1130	793	753
1318	986	804
1273	1109	1272
1303	794	980
1000	826	825
1000	1002	826
1268	1105	1104
1163	976	977
1102	927	926
1102	926	1101
1320	2750	798
1325	2750	1320
1039	863	1038
1294	1143	1336
1048	1049	873
983	982	797
1151	773	789
1842	1688	1830
1062	1063	887
1062	887	1158
1134	824	759
1134	759	967
1143	763	955
1143	818	763
1468	1315	976
1323	1146	957
979	800	792
1220	1050	1219
1510	1678	1337
1375	1209	1374
1056	881	880
1056	1057	881
1212	1213	1043
1211	1041	1210
1214	1045	1044
1484	987	1168
1210	1040	1209
1365	1198	1197
1279	1116	1115
1729	1552	1728
1079	904	903
1079	903	1078
976	789	790
976	790	977
1289	1175	1002
1286	1122	1285
1066	891	890
1066	1067	891
1667	1297	1497
1511	1136	1309
1082	907	906
1082	1083	907
1265	1266	1102
1253	1086	1252
1218	1048	1217
1309	800	979
970	780	779
970	779	971
1205	1036	1035
1199	1027	1026
1220	1051	1050
1448	1331	1295
1045	870	869
1045	869	1044
1477	978	1317
1322	1323	1154
995	816	815
995	815	994
1213	1044	1043
1666	1510	1310
1271	1272	1108
1104	1105	929
969	777	778
1673	1330	1514
1196	1024	1023
1023	847	1022
1181	1009	1008
1356	1189	1188
1111	936	935
1111	1112	936
1203	1033	1202
1203	1034	1033
1404	1241	1240
1669	1293	1509
1142	956	764
1142	764	784
1176	1004	1003
1178	1006	1005
1136	962	752
1136	752	800
1250	1083	1249
1427	1265	1426
975	785	786
975	974	785
1207	1037	1206
1209	1040	1039
1531	1167	1465
1272	1109	1108
1493	1159	969
1245	1079	1078
1100	925	924
1100	1101	925
1239	1073	1072
1408	1245	1244
1435	1274	1273
1172	995	994
1504	1301	1131
1438	1276	1437
1021	846	845
1021	1022	846
997	820	819
997	819	996
1233	1067	1066
1287	1061	1060
1008	833	832
1008	1009	833
981	795	796
981	980	795
1132	757	807
1132	964	757
1266	1103	1102
1473	994	1307
1023	848	847
1023	1024	848
1417	1254	1253
1620	1419	1418
1747	1571	1570
1370	1205	1204
1241	1075	1074
1242	1075	1241
1332	1131	964
1788	1614	1613
1302	977	793
1433	1272	1271
1247	1080	1246
1409	1246	1245
2008	1713	1652
1324	1312	1144
1445	1284	1283
1446	1285	1284
1246	1080	1079
1246	1079	1245
1438	1277	1276
1180	1007	1179
1643	1443	1442
1289	1340	1286
1198	1026	1025
1198	1199	1026
1379	1214	1213
1666	1678	1510
1225	1056	1055
1222	1052	1221
1455	1457	1326
1160	970	971
1268	1104	1267
1503	1130	1333
1252	1086	1085
1423	1262	1261
1230	1064	1063
1230	1231	1064
1506	1305	1138
1666	1310	1484
1308	1139	780
1411	1248	1247
1452	1312	1324
1319	813	1147
1314	1150	816
1314	816	995
1175	1003	1002
1645	1445	1444
1216	1047	1046
1380	1215	1214
1188	1189	1016
1190	1018	1017
1359	1192	1191
1512	1670	1299
2342	2149	2150
1466	977	1302
1248	1082	1081
1248	1249	1082
1497	1126	1331
1220	1221	1051
1439	1277	1438
1472	1454	1314
1229	1287	1060
1225	1226	1056
1182	1009	1181
1437	1275	1436
1194	1021	1193
1543	1487	1173
1295	784	973
1295	1142	784
1476	1322	974
1315	1326	1151
1226	1057	1056
1227	1057	1226
1256	1089	1255
1421	1260	1259
1386	1221	1220
1762	1587	1586
1244	1078	1077
1244	1245	1078
1261	1098	1097
1261	1097	1260
1335	953	1141
1403	1240	1239
1282	1119	1118
1282	1118	1281
1235	1069	1068
1237	1071	1070
1228	1059	1058
1229	1059	1228
1195	1023	1022
1195	1196	1023
1324	958	1153
1324	1144	958
1339	1230	1063
1339	1062	1061
1321	1153	810
1321	810	991
1344	1177	1176
1443	1282	1281
1495	1671	1291
1265	1102	1101
1243	1244	1077
1606	1405	1404
1269	1106	1105
1269	1270	1106
1268	1269	1105
1429	1267	1428
1278	1115	1114
1278	1279	1115
1342	1202	1032
1202	1033	1032
1372	1207	1206
1208	1038	1207
1327	1318	1148
1467	1316	985
1254	1088	1087
1254	1255	1088
1655	1468	1523
1651	1471	1451
1206	1037	1036
1206	1036	1205
1375	1210	1209
1207	1038	1037
1687	1504	1676
1802	1803	1631
1232	1066	1065
1232	1065	1231
1236	1237	1070
1235	1068	1234
1378	1213	1212
1212	1043	1042
1251	1252	1085
1429	1268	1267
1369	1370	1204
1342	1031	1030
1322	1154	787
1322	787	974
1218	1049	1048
1218	1219	1049
1227	1058	1057
1227	1228	1058
1296	1140	820
1296	820	997
1264	1101	1100
1264	1265	1101
1509	1127	1335
1519	1161	1489
1290	1091	1257
1420	1257	1256
1275	1112	1111
1275	1276	1112
1256	1090	1089
1256	1257	1090
1501	1290	1257
1259	1260	1096
1491	996	1294
1336	955	1129
1458	1318	1327
1316	1152	802
1316	802	985
1699	1522	1521
1583	1584	1381
1251	1085	1084
1864	1623	1622
1204	1035	1034
1204	1205	1035
1505	1664	1306
1482	983	1306
1165	980	981
1463	981	1313
1313	796	1145
1313	981	796
1274	1111	1110
1274	1275	1111
1238	1072	1071
1238	1071	1237
1444	1282	1443
1350	1183	1182
1480	1460	1320
1460	1325	1320
1741	1564	1740
1367	1200	1199
1285	1122	1121
1285	1121	1284
1507	1676	1332
1307	824	1134
1177	1005	1004
1177	1004	1176
1267	1104	1103
1267	1103	1266
1649	1487	1543
1449	1334	1296
1432	1271	1270
1514	1139	1308
1684	1497	1331
1406	1407	1243
1338	962	1136
1511	1338	1136
1247	1081	1080
1247	1248	1081
1484	1310	987
1660	1460	1480
1286	1123	1122
1286	1340	1123
1668	1502	1298
1486	1298	993
1288	1029	1201
1288	1202	1342
1187	1015	1014
1187	1014	1186
1161	973	972
1403	1239	1402
1306	799	1137
1306	983	799
1349	1182	1181
1183	1184	1011
1216	1217	1047
1482	1166	983
1334	954	1140
1334	1140	1296
1414	1251	1250
1514	1330	1139
1185	1013	1012
1185	1186	1013
1280	1117	1116
1280	1116	1279
1928	2027	1770
1398	1235	1234
1339	1061	1287
1339	1287	1230
1191	1019	1018
1191	1018	1190
1311	788	1146
1311	971	788
1305	811	1138
1305	990	811
1633	1433	1432
1301	984	805
1253	1087	1086
1253	1254	1087
1283	1119	1282
1347	1348	1180
1372	1373	1207
1373	1374	1208
1641	1441	1440
1551	1348	1347
1341	1258	1094
1341	1093	1092
1223	1054	1053
1223	1224	1054
1388	1222	1387
1590	1387	1589
1293	783	1127
1293	972	783
1379	1213	1378
2023	1538	1853
1617	1416	1415
1251	1084	1250
1273	1110	1109
1273	1274	1110
1504	1131	1332
1553	1350	1349
1299	821	1128
1299	998	821
2003	1657	1834
1476	974	1162
1428	1267	1266
1413	1250	1249
1468	976	1163
1326	1317	1149
1277	1114	1113
1277	1278	1114
1211	1042	1041
1211	1212	1042
1262	1099	1098
1262	1098	1261
1289	1002	1000
1289	1000	1340
1532	1467	1167
2004	1712	1658
1215	1045	1214
1589	1387	1386
1298	817	993
1298	1129	817
1271	1108	1107
1271	1107	1270
1317	791	1149
1317	978	791
1407	1244	1243
1408	1409	1245
1328	961	1150
1328	1147	961
1349	1181	1348
1672	1292	1494
1259	1096	1095
1259	1095	1258
1208	1039	1038
1208	1209	1039
1498	1230	1287
1397	1234	1233
1300	1141	781
1300	781	968
1174	999	998
1355	1188	1187
1215	1046	1045
1215	1216	1046
1179	1007	1006
1179	1006	1178
1294	996	818
1294	818	1143
1363	1196	1195
1192	1019	1191
1812	1641	1640
1348	1181	1180
1394	1229	1228
1395	1232	1231
1691	1473	1307
1690	1507	1304
1283	1120	1119
1283	1284	1120
1288	1030	1029
1288	1342	1030
1326	1149	959
1326	959	1151
1511	1677	1338
1483	1665	1309
1315	1151	789
1315	789	976
1478	1318	1458
1532	1167	1531
1200	1028	1027
1200	1201	1028
1368	1201	1200
1366	1199	1198
1374	1209	1208
1572	1573	1370
1240	1074	1073
1240	1241	1074
1395	1396	1232
1393	1394	1228
1291	778	1124
1291	969	778
1180	1008	1007
1180	1181	1008
1327	960	1152
1327	1148	960
2023	1715	1538
1654	1454	1472
1337	1138	963
1506	1138	1337
1194	1022	1021
1194	1195	1022
1297	786	1126
1297	975	786
1330	966	1139
1330	1124	966
1329	967	1125
1329	1134	967
1358	1359	1191
1439	1440	1278
1304	807	988
1304	1132	807
1556	1353	1352
1557	1354	1353
1341	1092	1290
1341	1290	1258
1192	1020	1019
1192	1193	1020
1459	1328	1454
1475	1319	1459
1524	1163	1466
1432	1270	1431
1343	1344	1176
1961	1807	1806
1534	1168	1478
1453	1325	1460
1490	1174	998
1649	1449	1487
1658	1534	1478
1653	1463	1453
1364	1197	1196
1373	1208	1207
1558	1355	1354
1356	1188	1355
1541	1654	1472
1652	1464	1452
1426	1265	1264
1618	1417	1416
1670	1490	1299
1564	1361	1360
1382	1383	1217
1761	1585	1760
1412	1249	1248
1413	1249	1412
1508	1675	1333
2325	1984	2123
1579	1377	1376
1585	1382	1584
1758	1583	1582
1529	1166	1482
1446	1284	1445
1691	1307	1513
1500	1289	1286
1343	1176	1175
1683	1447	1336
1576	1374	1373
1422	1423	1261
1864	1622	1679
1501	1257	1420
1619	1418	1417
1389	1224	1223
1448	1295	1492
1390	1391	1225
1598	1397	1396
1379	1380	1214
1663	1305	1506
1500	1286	1285
1646	1445	1645
1402	1239	1238
1401	1402	1238
1505	1137	1338
1505	1306	1137
1360	1193	1192
1360	1361	1193
1577	1374	1576
1376	1210	1375
1487	997	1173
1487	1296	997
1499	1202	1288
1499	1369	1203
1457	1477	1317
1651	1518	1471
1686	1498	1394
1399	1400	1236
1500	1285	1446
1680	1500	1446
1444	1283	1282
1444	1445	1283
1464	989	1312
1464	1169	989
1401	1238	1237
1398	1234	1397
1629	1429	1428
1839	1621	1620
1425	1264	1263
1864	1679	1621
2190	1948	1792
1650	1488	1515
1681	1670	1512
1681	1334	1449
1605	1404	1403
1650	1450	1488
1381	1216	1215
1381	1215	1380
1345	1178	1177
1345	1177	1344
1351	1184	1183
1352	1184	1351
1680	1446	1646
1642	1441	1641
1418	1255	1254
1418	1254	1417
1474	1308	970
1474	970	1160
1521	1162	1485
2026	1858	1989
2084	1936	1935
1408	1244	1407
1399	1236	1235
1400	1237	1236
1479	991	1170
1661	1461	1479
1384	1219	1218
1665	1511	1309
1430	1269	1268
1430	1431	1269
1715	1716	1537
1486	993	1171
1457	1317	1326
1655	1455	1468
1462	1451	1323
1662	1462	1476
1539	1486	1171
1376	1377	1211
1465	1167	984
1465	984	1301
1579	1376	1578
1581	1379	1378
1390	1225	1224
1387	1222	1221
1909	1910	1751
1371	1205	1370
1723	1544	1647
1365	1197	1364
1787	1613	1612
1675	1503	1333
1711	1533	1534
1707	1530	1529
1451	1311	1323
1471	1311	1451
1469	1303	980
1632	1633	1432
1879	1710	1709
1674	1513	1329
1565	1361	1564
1362	1194	1361
1401	1237	1400
1589	1386	1588
1392	1227	1226
1595	1596	1393
1520	1648	1492
1399	1235	1398
1480	1320	982
1480	982	1166
1372	1206	1371
1364	1196	1363
1470	988	1169
1470	1304	988
1609	1408	1407
1846	1474	1517
1377	1212	1211
1377	1378	1212
1353	1186	1185
1354	1355	1187
1456	1458	1327
2170	1707	2024
1489	1161	972
1489	972	1293
1434	1273	1272
1433	1434	1272
1809	1638	1637
1676	1507	1690
1510	1135	1310
1510	1337	1135
1405	1242	1241
1405	1241	1404
1362	1195	1194
1362	1363	1195
1674	1691	1513
1494	1292	999
1455	1326	1315
1455	1315	1468
1685	1499	1368
1574	1371	1573
1485	1162	975
1485	975	1297
1350	1351	1183
1552	1348	1551
1571	1367	1570
1365	1366	1198
1499	1203	1202
1685	1369	1499
1493	969	1291
1410	1246	1409
1427	1266	1265
1427	1428	1266
1943	1788	1787
1675	1508	1689
1523	1468	1163
1701	1523	1524
1388	1223	1222
1388	1389	1223
1498	1287	1229
1498	1229	1394
1390	1224	1389
1391	1226	1225
1635	1435	1434
1433	1271	1432
1501	1258	1290
1501	1259	1258
1441	1280	1279
1441	1279	1440
1574	1372	1371
1573	1371	1370
1406	1243	1242
1406	1242	1405
1683	1336	1502
1683	1502	1668
1742	1566	1565
1737	1738	1561
1419	1256	1255
1419	1255	1418
1456	1327	1316
1456	1316	1467
1396	1233	1232
1396	1397	1233
1621	1420	1419
1421	1259	1501
1600	1399	1398
1602	1401	1400
1393	1228	1227
1393	1227	1392
1442	1281	1280
1442	1280	1441
1663	1481	1305
1578	1376	1375
1599	1398	1397
1686	1395	1498
1601	1400	1399
1862	1686	1596
1809	1810	1638
1439	1278	1277
1620	1418	1619
1623	1423	1422
1587	1588	1385
1384	1218	1383
2000	1848	1650
1610	1409	1408
1346	1179	1178
1346	1178	1345
1554	1351	1350
1891	1730	1729
1631	1430	1630
1527	1469	1165
1347	1180	1179
1347	1179	1346
1496	1674	1329
1727	1728	1551
1499	1288	1201
1499	1201	1368
1835	1659	1459
1461	1452	1324
1502	1336	1129
1502	1129	1298
1602	1603	1401
1603	1402	1401
1491	1294	1447
1491	1173	996
1544	1491	1647
1567	1364	1363
1382	1217	1216
1382	1216	1381
1481	1170	990
1481	990	1305
1475	992	1319
1475	1171	992
1410	1247	1246
1410	1411	1247
1352	1185	1184
1352	1353	1185
1594	1391	1593
1600	1601	1399
1586	1384	1383
1530	1660	1480
1415	1252	1251
1415	1251	1414
1478	986	1318
1478	1168	986
1403	1404	1240
2161	1697	2018
1416	1252	1415
1615	1616	1414
1424	1263	1262
1424	1425	1263
1472	995	1172
1472	1314	995
1473	1172	994
2015	1831	1676
1542	1172	1473
1513	1307	1134
1561	1562	1358
1912	1913	1754
1354	1187	1186
1354	1186	1353
1516	1159	1493
1610	1611	1409
1350	1182	1349
1813	1641	1812
1483	979	1164
1483	1309	979
1453	1313	1325
1453	1463	1313
1898	1736	1897
1970	2029	1816
1385	1220	1219
1385	1386	1220
1507	1332	1132
1507	1132	1304
1515	1159	1516
1488	1450	1300
1488	968	1159
1488	1300	968
1462	1323	1322
1462	1322	1476
1508	1333	1133
1508	1133	1303
1471	1160	971
1471	971	1311
1422	1261	1260
1422	1260	1421
1604	1402	1603
1823	1669	1682
1496	1125	1292
1496	1329	1125
1416	1253	1252
1416	1417	1253
1634	1635	1434
1634	1434	1433
1358	1191	1190
1358	1190	1357
1512	1128	1334
1512	1299	1128
1461	1324	1321
1461	1321	1479
1500	1175	1289
1500	1343	1175
1495	1291	1124
1495	1124	1330
1805	1634	1633
1549	1346	1345
1591	1389	1388
1590	1388	1387
2010	1981	1843
1844	1832	1690
1592	1593	1390
1592	1390	1389
2129	2023	1994
1855	1668	1486
1837	1652	1452
1652	1535	1464
1695	1517	1518
1611	1410	1409
1710	1656	1532
1843	1829	1689
1625	1424	1624
1618	1416	1617
1570	1367	1366
1569	1366	1365
1595	1393	1392
1599	1397	1598
1759	1584	1583
1855	1486	1539
1679	1501	1420
1679	1420	1621
1577	1375	1374
1647	1491	1447
1857	1490	1670
1857	1545	1490
1568	1364	1567
1861	1572	1685
1923	1765	1764
1584	1382	1381
1800	1629	1628
1631	1431	1430
1762	1763	1587
1590	1591	1388
1681	1512	1334
1560	1357	1356
1575	1373	1372
1575	1576	1373
1724	1546	1545
1831	1687	1676
1646	1446	1445
1680	1343	1500
1906	1744	1905
1741	1565	1564
1615	1414	1413
1628	1428	1427
1588	1386	1385
2131	1996	2021
1628	1629	1428
1797	1798	1626
1841	1687	1831
1637	1437	1436
1718	1540	1659
2178	1990	2125
1568	1365	1364
1569	1365	1568
2201	2170	2304
1838	1653	1453
1625	1425	1424
1618	1619	1417
1612	1613	1411
1785	1611	1610
1606	1404	1605
1697	1698	1520
2185	1834	2035
1702	1523	1701
1563	1360	1359
1563	1564	1360
1596	1394	1393
1686	1394	1596
1562	1359	1358
1562	1563	1359
1656	1467	1532
2007	1706	1653
2024	1529	1854
1817	1663	1678
1923	1764	1922
1700	1662	1522
1577	1578	1375
1905	1744	1743
2224	2225	2048
1737	1560	1736
1682	1509	1335
1682	1335	1450
1955	1801	1800
1606	1607	1405
1593	1391	1390
1594	1392	1391
1528	1463	1653
1705	1527	1528
1834	1657	1457
1657	1477	1457
1566	1363	1362
1566	1567	1363
1862	1596	1771
1592	1389	1591
1607	1406	1405
1608	1609	1407
1545	1174	1490
1557	1558	1354
1739	1740	1563
1738	1562	1561
1644	1645	1444
2044	1893	2043
1676	1504	1332
1634	1433	1633
1597	1396	1395
1597	1598	1396
1744	1568	1567
1569	1570	1366
1548	1549	1345
1550	1551	1347
1839	1864	1621
2136	2166	2009
1604	1403	1402
1604	1605	1403
1553	1554	1350
1984	1832	1844
1565	1362	1361
1565	1566	1362
1862	1597	1686
1686	1597	1395
1636	1436	1435
1636	1435	1635
1732	1556	1555
1557	1353	1556
1610	1408	1609
1783	1609	1608
1664	1482	1306
1818	1664	1677
1760	1584	1759
1582	1379	1581
1616	1415	1414
1616	1617	1415
1698	1648	1520
1602	1400	1601
1709	1710	1532
1964	1965	1810
1746	1570	1569
1575	1372	1574
1547	1344	1343
1548	1345	1344
1561	1358	1357
1561	1357	1560
1648	1448	1492
1776	1777	1602
1793	1619	1618
1627	1628	1427
1669	1509	1682
2086	2087	1938
1884	1720	1719
1980	1845	1828
1608	1407	1406
1608	1406	1607
1630	1430	1429
1630	1429	1629
1547	1548	1344
1547	1343	1680
1792	1617	1791
1673	1514	1692
1594	1595	1392
1697	1520	1519
1555	1351	1554
1733	1557	1556
1684	1331	1448
1767	1591	1766
1761	1586	1585
1582	1380	1379
1544	1173	1491
1544	1543	1173
1828	1691	1674
1637	1436	1636
1555	1352	1351
1555	1556	1352
1717	1539	1540
1659	1475	1459
2006	1696	1651
1836	1651	1451
1755	1580	1579
1580	1581	1378
1537	1479	1170
1537	1661	1479
1790	1616	1615
1627	1427	1426
1760	1585	1584
1920	1762	1761
1528	1165	1463
1528	1527	1165
1740	1564	1563
1721	1649	1543
1729	1553	1552
1536	1169	1535
1677	1505	1338
1677	1511	1665
1672	1496	1292
1672	1674	1496
1934	1779	1778
1780	1606	1605
1851	1665	1483
1851	1483	1526
2136	2009	1983
1799	1627	1798
1546	1494	1174
1546	1174	1545
1644	1444	1443
1644	1443	1643
1640	1440	1439
1640	1641	1440
2012	1536	1714
1714	1536	1535
1766	1591	1590
1600	1398	1599
1776	1602	1601
1781	1606	1780
1524	1523	1163
1802	1631	1630
1917	1759	1758
1659	1540	1475
1771	1596	1595
1775	1601	1600
1803	1632	1631
1675	1688	1503
1688	1302	1503
1688	1466	1302
2074	1924	2073
1768	1593	1592
2596	2546	2318
2017	1857	1992
1624	1424	1423
1624	1423	1623
1522	1476	1162
1522	1162	1521
1658	1478	1458
1708	1660	1530
1626	1627	1426
1799	1628	1627
1747	1570	1746
1750	1751	1575
2076	1927	1926
1820	1678	1666
1639	1439	1438
1639	1640	1439
1950	1795	2030
1798	1627	1626
1684	1667	1497
1667	1485	1297
1673	1495	1330
1614	1412	1613
1533	1484	1168
1533	1168	1534
2160	1693	2022
2154	2118	2000
1960	1961	1806
1638	1639	1438
1540	1171	1475
1540	1539	1171
1810	1639	1638
1728	1552	1551
1962	1807	1961
1732	1733	1556
1525	1164	1477
1525	1477	1657
1822	1683	1668
2173	1717	1883
1692	1514	1308
1692	1308	1474
2468	2296	2204
1808	1636	1807
1824	1670	1681
2053	1902	2052
1572	1370	1369
1572	1369	1685
1580	1378	1377
1580	1377	1579
1863	1547	1680
1816	1645	1644
1587	1385	1384
1587	1384	1586
1687	1301	1504
1687	1465	1301
1612	1411	1410
1612	1410	1611
1769	1594	1593
1770	1594	1769
1552	1349	1348
1552	1553	1349
1538	1170	1481
1538	1537	1170
1910	1752	1751
1751	1576	1575
1585	1383	1382
1585	1586	1383
1782	1608	1607
1694	1650	1515
1689	1303	1469
1689	1508	1303
1559	1356	1355
1559	1560	1356
1958	1804	1803
1656	1456	1467
1925	1767	1766
1768	1769	1593
1518	1160	1471
1518	1517	1160
1530	1480	1166
1530	1166	1529
1709	1532	1531
2167	2137	2010
1833	1658	1458
1918	1760	1759
1785	1786	1611
2272	2099	2098
1626	1426	1425
1626	1425	1625
1583	1381	1380
1583	1380	1582
2029	1863	1816
2113	1967	2112
1870	1662	1700
1866	1655	1702
1671	1493	1291
1671	1495	1673
1642	1442	1441
1642	1643	1442
1632	1432	1431
1632	1431	1631
1638	1438	1437
1638	1437	1637
1550	1347	1346
1550	1346	1549
1571	1368	1367
1571	1685	1368
1973	1821	1847
2171	2026	2124
1520	1492	1161
1520	1161	1519
1622	1422	1421
1622	1623	1422
1678	1506	1337
1678	1663	1506
1541	1472	1172
1541	1172	1542
2116	1973	1997
1776	1601	1775
1880	1711	1712
1995	1666	1852
1869	2031	1661
2536	2468	2542
1679	1421	1501
1679	1622	1421
1745	1569	1568
1745	1568	1744
1526	1483	1164
1526	1164	1525
1614	1413	1412
1614	1615	1413
1716	1661	1537
1817	1678	1820
2028	1748	1747
1741	1742	1565
1706	1528	1653
1706	1705	1528
1861	1685	1571
1861	1571	1747
1721	1543	1722
1900	1739	1738
2184	1833	2034
2034	1456	1656
1999	1859	1671
1797	1626	1625
1826	1828	1674
1962	1808	1807
1804	1633	1632
1804	1632	1803
1852	1484	1533
1852	1666	1484
1770	1771	1595
1770	1595	1594
2113	1968	1967
1887	1726	1725
2159	1716	1882
2173	2025	1717
1875	1702	1701
1846	1692	1474
1944	1789	1788
1956	1802	1801
1758	1582	1757
1757	1582	1581
1737	1561	1560
1739	1562	1738
1729	1730	1553
1811	1812	1640
1913	1914	1755
1987	1747	1746
1784	1609	1783
1800	1628	1799
1782	1607	1781
1791	1616	1790
1730	1554	1553
1891	1892	1730
2540	2467	2315
1962	1963	1808
2186	1835	2036
2036	1454	1654
2156	1886	1723
1911	1752	1910
2032	1460	1660
2007	1653	1838
1722	1543	1544
1722	1544	1723
2142	1718	2001
2031	1461	1661
1826	1674	1672
1731	1554	1730
1982	2011	1842
1702	1655	1523
1854	1529	1482
1854	1482	1664
1750	1575	1574
1906	1745	1744
1863	1646	1645
1863	1680	1646
1933	1778	1777
1774	1599	1773
1887	1725	1986
2029	1840	1863
2004	1658	1833
1868	1660	1708
1774	1600	1599
1773	1599	1598
1811	1640	1639
1811	1639	1810
1764	1588	1763
1763	1588	1587
1745	1746	1569
1907	1746	1745
1743	1567	1566
1743	1744	1567
1952	1798	1797
1791	1617	1616
1696	1518	1651
1696	1695	1518
1758	1759	1583
1755	1579	1754
1925	1926	1767
1997	1648	1698
1825	1671	1673
1788	1613	1787
1859	1516	1493
1859	1493	1671
1792	1618	1617
1951	1797	1796
1765	1590	1589
1765	1766	1590
1806	1635	1634
1806	1634	1805
1794	1620	1619
1794	1839	1620
1827	1825	1673
1999	1671	1825
1807	1636	1635
1807	1635	1806
1918	1759	1917
2304	2170	2128
2177	1996	2131
1819	1677	1665
1867	1656	1710
1877	1705	1706
1967	1813	1812
1968	1814	1813
1995	1852	2020
2289	2116	2157
2321	1982	2139
1982	1842	1830
1840	1548	1547
1840	1547	1863
2197	1874	2171
2021	1996	1851
1832	1676	1690
2015	1676	1832
1754	1579	1578
1754	1578	1753
1795	1624	1623
2030	1795	1864
1725	1549	1548
1725	1548	1840
1929	1774	1773
1931	1932	1776
1883	1717	1718
1916	1917	1758
1778	1604	1603
2084	1935	2083
2008	1652	1837
1865	1654	1720
1948	1793	1792
1796	1624	1795
1893	1732	1731
1845	1691	1828
1841	1531	1465
1841	1465	1687
2035	1455	1655
1704	1525	1657
1936	1937	1781
1781	1607	1606
1756	1580	1755
1990	1855	2025
1937	1782	1781
1779	1604	1778
1645	1816	1863
1815	1816	1644
1749	1574	1573
1749	1750	1574
1772	1862	1771
1774	1775	1600
1748	1749	1573
1748	1861	1747
1819	1818	1677
1700	1522	1699
1848	1450	1650
2000	1650	1694
2144	1978	1826
2224	2048	2047
1789	1790	1615
1804	1805	1633
1703	1526	1525
1703	1525	1704
2019	2002	1860
2005	1649	1721
1856	1519	1489
1856	1489	1669
1963	1809	1808
1980	1828	1978
1916	1758	1757
1971	1817	1820
1847	1448	1648
1847	1684	1448
1777	1603	1602
1777	1778	1603
1849	1647	1447
2064	1914	2063
1734	1558	1557
1734	1557	1733
2001	1718	1659
1869	1661	1716
1772	1597	1862
1928	1770	1769
2296	2123	2165
2110	1964	2109
1935	1780	1779
1942	1786	1941
2127	1992	2181
2037	2019	1724
1919	1760	1918
2168	2021	1703
1735	1559	1558
1735	1558	1734
1752	1577	1576
1752	1576	1751
1922	1764	1763
1762	1586	1761
1693	1515	1516
1693	1694	1515
1874	1700	1699
1925	1766	1924
2286	2287	2113
2047	1897	1896
1753	1578	1577
1753	1577	1752
1830	1688	1675
2140	2139	2016
1764	1589	1588
1764	1765	1589
1845	1473	1691
1845	1542	1473
1789	1615	1614
1789	1614	1788
1726	1550	1549
1726	1549	1725
1858	1521	1485
1858	1485	1667
1786	1612	1611
1786	1787	1612
1801	1629	1800
1944	1945	1789
1715	1537	1538
1915	1757	1756
1977	1827	1979
2163	1695	1872
1815	1644	1643
1815	1643	1814
2181	1824	1976
1901	1740	1739
1827	1673	1692
1827	1692	1846
2337	2142	2159
1974	1849	1822
1821	1667	1684
1821	1684	1847
2080	2081	1932
2252	2077	2076
1976	1824	1850
1850	1449	1649
1960	1806	1805
1965	1811	1810
1808	1637	1636
1808	1809	1637
1848	1682	1450
1848	1823	1682
1850	1681	1449
1850	1824	1681
1860	1672	1494
1860	1494	1546
1719	1541	1542
1719	1720	1541
1801	1630	1629
1801	1802	1630
2066	1917	1916
1707	1708	1530
1849	1447	1683
1849	1683	1822
1712	1534	1658
1712	1711	1534
2193	2160	2312
1941	1786	1785
1779	1605	1604
1779	1780	1605
1844	1690	1470
1844	1470	1536
1756	1581	1580
1756	1757	1581
1796	1625	1624
1796	1797	1625
1772	1598	1597
1772	1773	1598
1927	1769	1768
1930	1775	1774
1784	1610	1609
1784	1785	1610
2223	2224	2047
2038	2017	2127
1813	1642	1641
1813	1814	1642
1767	1592	1591
1767	1768	1592
1842	1524	1466
1842	1466	1688
2104	2105	1959
2122	2011	1982
2033	1451	1462
2033	1462	1662
1713	1535	1652
1713	1714	1535
1792	1793	1618
2103	1957	2102
1975	1848	2000
1782	1783	1608
2138	2015	2141
2326	2318	2140
2358	2306	2208
2240	2064	2239
1748	1573	1572
1748	1572	1861
1843	1469	1527
1843	1689	1469
1972	1818	1819
2211	1972	2177
1736	1560	1559
1736	1559	1735
2225	2049	2048
2127	2017	1992
1794	1619	1793
2030	1864	1839
1945	1790	1789
1952	1797	1951
1933	1934	1778
1873	1698	1697
2090	1942	1941
1938	1939	1783
2039	1885	1886
2054	1904	1903
2135	2096	1950
1985	1839	1794
1731	1555	1554
1731	1732	1555
1853	1481	1663
1853	1538	1481
2181	1992	1824
1907	1987	1746
1878	1708	1707
2390	2239	2389
1727	1551	1550
1727	1550	1726
1943	1787	1942
1955	1956	1801
2033	1836	1451
2187	1836	2033
1872	1695	1696
2006	1651	1836
1907	1745	1906
1908	1750	1749
1953	1798	1952
1623	1864	1795
1901	1902	1740
2371	2437	2382
2034	1656	1867
1868	2032	1660
2152	1865	1720
2205	1882	2172
1942	1787	1786
2100	1955	1954
1913	1755	1754
1916	1757	1915
2199	2168	1876
1919	1761	1760
1876	1703	1704
2465	2251	2401
1886	1722	1723
1909	1750	1908
2027	1771	1770
1928	1769	1927
2072	2073	1923
2172	2023	2129
1935	1779	1934
2085	1937	1936
1914	1756	1755
1914	1915	1756
2179	2124	1989
2124	2026	1989
1981	1829	1843
2137	1981	2010
1970	1816	1815
1970	2134	2029
1870	2343	2187
2187	2006	1836
2013	1542	1845
2013	1719	1542
2010	1527	1705
2010	1843	1527
2157	2116	1997
1924	1766	1765
2206	2173	1883
1882	1716	1715
1909	1751	1750
2498	2393	2392
2094	1945	2093
1985	2030	1839
2066	1916	2065
2065	1916	1915
2141	2015	1832
2041	1890	2040
1932	1777	1776
1933	1777	1932
1926	1768	1767
1926	1927	1768
1870	2033	1662
2003	1704	1657
2012	1844	1536
1890	1728	1889
2086	1937	2085
2410	2264	2263
1940	1785	1784
1940	1941	1785
1978	1828	1826
1967	1968	1813
2032	1453	1460
2032	1838	1453
2112	1967	1966
1889	1728	1727
1946	1790	1945
2097	1952	1951
2009	1531	1841
2009	1709	1531
1911	1753	1752
1912	1754	1753
1894	1733	1732
1894	1732	1893
2024	1707	1529
2068	2069	1919
1881	1714	1713
2152	1720	1884
1994	2023	1853
2175	2129	1994
1969	1815	1814
1969	1814	1968
1997	1847	1648
1997	1973	1847
1991	2018	1856
2081	1933	1932
1931	1776	1775
1930	1931	1775
2185	2003	1834
2143	1696	2006
2198	1875	2164
1979	1827	1846
1912	1753	1911
1998	1723	1647
2268	2269	2094
1944	1788	1943
2004	2184	2344
2184	2034	1867
1895	1734	1733
1895	1733	1894
1948	1949	1793
2096	1951	1950
1998	1647	1849
1998	1849	1974
2093	1945	1944
2092	2093	1944
1920	1921	1762
2243	2244	2068
2745	2350	2188
2150	1867	1710
1885	1722	1886
1904	1742	1903
2028	1747	1987
2058	1908	2182
1949	1794	1793
1985	1794	1949
2036	1654	1865
2186	2036	1865
2001	1659	1835
2159	1869	1716
2351	2330	2039
2058	1909	1908
2049	1898	2048
2141	1832	1984
2348	2148	2008
2743	2186	2348
1939	1784	1783
1939	1940	1784
2146	1712	2004
2308	2309	2130
2001	2186	2347
2743	2348	2189
1959	1804	1958
2107	1962	1961
1930	1774	1929
2465	2336	2252
2031	1452	1461
2031	1837	1452
2155	1700	1874
2155	1870	1700
1892	1731	1730
1892	1893	1731
1903	1742	1741
2055	1904	2054
1954	1800	1799
1954	1955	1800
2073	1924	1923
1923	1924	1765
2016	1675	1829
2016	1830	1675
1871	1694	1693
2087	1939	1938
2027	1772	1771
1988	1772	2027
1996	1665	1851
1996	1819	1665
1950	1796	1795
1950	1951	1796
1993	2024	1854
2174	2128	1993
2028	1749	1748
2028	1908	1749
2020	1852	1533
2020	1533	1711
1921	1763	1762
1921	1922	1763
1977	1825	1827
2480	2365	2479
1975	1823	1848
2118	1975	2000
1988	1773	1772
1988	1929	1773
1957	1803	1802
1957	1802	1956
1980	2013	1845
2468	2207	2294
2025	1539	1717
2025	1855	1539
2021	1851	1526
2021	1526	1703
1938	1783	1782
1938	1782	1937
2086	1938	1937
2088	1939	2087
2135	1950	2030
1985	2135	2030
1947	1792	1791
1946	1791	1790
1983	1841	1831
1983	2009	1841
2315	2166	2136
2106	1961	1960
1896	1735	1734
1896	1734	1895
2036	1459	1454
2036	1835	1459
1964	1810	1809
1964	1809	1963
2088	1940	1939
2120	2014	2163
2151	1866	1702
1957	1958	1803
1885	1721	1722
1901	1739	1900
2156	1723	1998
2060	1911	1910
1984	1844	2012
2144	1826	2002
1992	1857	1670
1992	1670	1824
2151	1702	1875
2518	2421	2420
2119	1976	2005
2059	1910	1909
1989	1858	1667
1989	1667	1821
2056	1906	1905
2233	2057	2056
1902	1741	1740
1902	1903	1741
2017	1545	1857
2017	1724	1545
2150	1710	1879
2317	2138	2141
2153	1721	1885
2153	2005	1721
2169	1711	1880
1995	1820	1666
1986	1725	1840
1986	1840	2029
1887	1888	1726
2522	2523	2425
1899	1738	1737
1899	1900	1738
1966	1812	1811
1966	1811	1965
2431	2287	2286
2218	2041	2217
1920	1761	1919
2170	1878	1707
2111	2112	1966
1966	1967	1812
2035	1655	1866
2343	2147	2003
2018	1697	1519
2018	1519	1856
2189	2008	1837
2186	2001	1835
1904	1743	1742
1904	1905	1743
2034	1458	1456
2034	1833	1458
2146	1880	1712
2464	2308	2203
2077	2183	1928
2183	1988	2027
2035	1457	1455
2035	1834	1457
2051	1901	1900
2052	1902	1901
2115	2134	1970
2346	2115	2288
2072	1923	1922
2297	2179	2331
1947	1791	1946
2135	1985	1949
2097	1951	2096
2139	1982	1830
2022	1516	1859
2022	1693	1516
2002	1826	1672
2002	1672	1860
1994	1663	1817
1994	1853	1663
2019	1860	1546
2019	1546	1724
1888	1727	1726
2191	1889	1727
1936	1781	1780
1936	1780	1935
1897	1736	1735
1897	1735	1896
2256	2082	2081
2180	1823	1975
1993	1854	1664
1993	1664	1818
2058	2059	1909
2057	1907	1906
2134	1887	1986
1970	1815	1969
1991	1669	1823
1991	1856	1669
2005	1850	1649
2005	1976	1850
2014	1517	1695
2014	1846	1517
2026	1699	1521
2026	1521	1858
2011	1701	1524
2011	1524	1842
1898	1737	1736
1898	1899	1737
2061	1911	2060
2117	1998	1974
2074	1925	1924
2082	2083	1934
2092	1944	1943
2101	1956	1955
2111	1966	1965
2044	2045	1894
2134	1986	2029
2319	2346	2288
1990	1668	1855
1990	1822	1668
2090	2091	1942
2273	2274	2100
1959	1805	1804
1959	1960	1805
2082	1934	1933
2180	1991	1823
2184	2004	1833
2188	2007	1838
2275	2276	2102
2139	1830	2016
2102	1957	1956
2270	2345	2320
2501	2395	2500
2069	1920	1919
2257	2083	2082
2075	1925	2074
2120	1979	2014
2333	1979	2120
1890	1729	1728
1890	1891	1729
2745	2184	2350
2350	2149	2007
1953	1799	1798
1953	1954	1799
2308	2130	2169
2242	2067	2066
2187	2033	1870
2744	2349	2187
2255	2081	2080
2084	2085	1936
2182	1908	2028
2182	2028	1987
2214	2133	2037
2045	1895	1894
2288	2115	2114
2115	1970	1969
2071	2072	1922
2394	2395	2244
2269	2095	2094
2095	1947	1946
2195	2161	2302
2077	1928	1927
2149	1706	2007
2149	1877	1706
2364	2212	2333
2104	1959	1958
2107	1961	2106
2284	2111	2110
2556	2461	2307
2125	1990	2025
2268	2094	2093
2267	2093	2092
2278	2279	2105
2545	2322	2317
2045	2046	1895
2283	2110	2109
2202	1879	2166
2342	1877	2149
2089	1941	1940
2089	2090	1941
2301	2302	2126
2408	2409	2262
2239	2064	2063
2236	2061	2060
2083	1935	1934
2356	2302	2435
2055	1905	1904
2056	1905	2055
2044	1894	1893
2043	1893	1892
2231	2055	2054
2327	2156	2290
2305	2304	2128
2238	2062	2237
2125	2025	2173
2189	1837	2031
2189	2031	1869
2325	2141	1984
2109	1964	1963
2458	2450	2329
2190	1792	1947
2194	1872	2341
2143	1872	1696
2497	2498	2392
2068	1919	1918
2168	1703	1876
2248	2249	2073
2110	1965	1964
2110	2111	1965
2067	2068	1918
2241	2066	2065
2094	1946	1945
2094	2095	1946
2079	1930	2078
2082	1933	2081
2099	1954	1953
2099	2100	1954
2091	1943	1942
2092	1943	2091
2070	1921	1920
2070	1920	2069
2117	2156	1998
2063	1914	1913
2477	2363	2439
2131	2021	2168
2191	1727	1888
2346	2134	2115
2148	1713	2008
2148	1881	1713
2319	2191	1888
2328	2191	2319
2330	1885	2039
2385	2231	2384
2105	1960	1959
2105	2106	1960
2172	1715	2023
2172	1882	1715
2340	2152	1884
2294	2162	2121
2133	2002	2019
2133	2019	2037
2167	2010	1705
2167	1705	1877
2048	1898	1897
2048	1897	2047
2175	1817	1971
2175	1994	1817
2166	1709	2009
2166	1879	1709
2163	2014	1695
2321	2122	1982
2176	1971	1820
2176	1820	1995
2049	1899	1898
2215	2037	2038
2128	2024	1993
2128	2170	2024
2062	1912	2061
2061	1912	1911
2056	2057	1906
2059	2060	1910
2243	2068	2067
2244	2069	2068
2079	1931	1930
2078	1930	1929
2077	1927	2076
2183	2027	1928
2114	1968	2113
2286	2113	2112
2050	1900	1899
2050	1899	2049
2248	2073	2072
2249	2074	2073
2174	1818	1972
2174	1993	1818
2245	2069	2244
2396	2246	2245
2345	1949	1948
2345	2096	2135
2003	2185	2343
2185	2035	1866
2188	1838	2032
2188	2032	1868
2203	2338	2201
2307	2172	2129
2254	2079	2253
2251	2076	2075
2317	2141	2325
2322	2138	2317
2232	2056	2055
2234	2059	2058
2046	1896	1895
2046	2047	1896
2743	2347	2186
2347	2743	1869
2328	1889	2191
2040	1890	1889
2230	2053	2229
2330	2153	1885
2101	2102	1956
2101	1955	2100
2160	1871	1693
2263	2088	2262
2075	1926	1925
2075	2076	1926
2114	1969	1968
2114	2115	1969
2089	1940	2088
2312	2160	2132
2744	2343	2185
2744	2187	2343
2144	2002	2133
2334	2121	1980
2279	2106	2105
2278	2105	2104
2274	2101	2100
2265	2091	2090
2388	2238	2237
2237	2062	2061
2428	2284	2283
2418	2274	2273
2293	2120	2163
2122	2164	2011
2132	2022	1999
2132	2160	2022
2254	2080	2079
2255	2080	2254
2281	2108	2107
2108	2109	1963
2183	1929	1988
2183	2078	1929
2103	1958	1957
2103	2104	1958
2130	2176	1995
2309	2176	2130
2050	2051	1900
2051	2052	1901
2108	1963	1962
2108	1962	2107
2385	2232	2231
2235	2060	2059
2349	2143	2006
2349	2744	1866
2053	1903	1902
2053	2054	1903
2161	1873	1697
2302	2161	2126
2520	2521	2423
2334	1980	1978
2171	1874	1699
2171	1699	2026
2178	1974	1822
2178	1822	1990
2292	2119	2153
2292	2153	2330
2038	1724	2017
2038	2037	1724
2042	1892	1891
2042	2043	1892
2157	1997	1698
2157	1698	1873
2067	1918	1917
2067	1917	2066
2158	1708	1878
2158	1868	1708
2182	1987	1907
2182	1907	2057
2398	2399	2248
2311	2131	2168
2386	2236	2235
2236	2237	2061
2062	1913	1912
2062	2063	1913
2138	1831	2015
2138	1983	1831
2271	2272	2098
2098	2099	1953
2165	2012	1714
2165	1714	1881
2470	2291	2192
2126	1991	2180
2162	2013	2121
2121	2013	1980
2291	2118	2154
2405	2436	2406
2295	2164	2122
2333	1977	1979
2041	1891	1890
2041	2042	1891
2411	2265	2264
2145	2132	1999
2119	2005	2153
2432	2352	2327
2130	1995	2020
2130	2020	2169
2344	2146	2004
2745	2188	1868
2145	1999	1825
2145	1825	1977
2303	2181	2323
2227	2051	2050
2218	2042	2041
2217	2041	2040
2164	1875	1701
2164	1701	2011
2290	2156	2117
2446	2290	2117
2147	1876	1704
2147	1704	2003
2179	1821	1973
2179	1989	1821
2123	1984	2012
2123	2012	2165
2266	2267	2092
2266	2091	2265
2345	2135	1949
2512	2413	2511
2275	2102	2101
2268	2093	2267
2064	1915	1914
2064	2065	1915
2745	2344	2184
2344	2745	1868
2454	2123	2296
2314	2213	2144
2142	1883	1718
2299	2173	2206
2126	2018	1991
2126	2161	2018
2162	1719	2013
2162	1884	1719
2313	2145	2212
2409	2263	2262
2228	2051	2227
2303	2127	2181
2140	1829	1981
2140	2016	1829
2098	1953	1952
2098	1952	2097
2212	2145	1977
2261	2087	2086
2080	1932	1931
2080	1931	2079
2071	1922	1921
2071	1921	2070
2220	2044	2043
2319	1888	2346
2347	2142	2001
2743	2189	1869
2247	2072	2071
2339	2155	1874
2357	2196	2355
2336	2078	2183
2154	2000	1694
2154	1694	1871
2177	1972	1819
2177	1819	1996
2266	2092	2091
2329	2320	2190
2413	2267	2266
2276	2103	2102
2238	2239	2063
2238	2063	2062
2421	2276	2420
2458	2095	2269
2324	2180	1975
2324	1975	2118
2331	1973	2116
2331	2179	1973
2248	2072	2247
2251	2252	2076
2202	2166	2315
2467	2202	2315
2336	2183	2077
2336	2077	2252
2193	1871	2160
2411	2412	2265
2422	2423	2278
2580	2519	2518
2235	2236	2060
2232	2055	2231
2424	2425	2280
2540	2315	2455
2260	2086	2085
2192	2291	2154
2492	2387	2386
2352	2039	2327
2323	2181	1976
2323	1976	2119
2596	2318	2543
2674	2595	2639
2213	1978	2144
2451	2121	2334
2341	1872	2143
2341	2143	2151
2282	2108	2281
2328	2040	1889
2452	2364	2333
2466	2198	2295
2457	2217	2040
2489	2490	2377
2340	1881	2148
2340	2148	2152
2513	2415	2414
2212	1977	2333
2404	2256	2403
2195	1873	2161
2285	2286	2112
2284	2110	2283
2346	1888	1887
2346	1887	2134
2295	2198	2164
2419	2275	2274
2194	2163	1872
2194	2293	2163
2350	1867	2150
2350	2150	2149
2306	2307	2129
2208	2175	1971
2260	2261	2086
2407	2261	2260
2339	2147	2155
2310	2131	2311
2289	2157	2196
2250	2074	2249
2259	2085	2084
2515	2418	2417
2245	2070	2069
2400	2250	2249
2383	2229	2228
2216	2127	2303
2368	2366	2314
2370	2215	2216
2397	2246	2396
2395	2245	2244
2338	2158	1878
2203	2308	2169
2338	1880	2146
2338	2146	2158
2377	2378	2223
2214	2037	2215
2280	2106	2279
2425	2281	2280
2258	2084	2083
2448	2436	2324
2258	2259	2084
2259	2260	2085
2271	2098	2097
2270	2096	2345
2287	2114	2113
2287	2288	2114
2375	2220	2374
2379	2224	2378
2440	2312	2313
2549	2353	2354
2332	2117	1974
2332	1974	2178
2337	2159	1882
2205	2172	2307
2457	2040	2328
2449	2457	2328
2351	2469	2330
2384	2231	2230
2501	2396	2395
2396	2245	2395
2600	2556	2569
2240	2065	2064
2192	2154	1871
2192	1871	2193
2349	1866	2151
2349	2151	2143
2389	2239	2238
2391	2240	2390
2219	2043	2042
2219	2042	2218
2250	2075	2074
2251	2075	2250
2233	2056	2232
2335	2058	2182
2221	2045	2044
2222	2046	2045
2229	2053	2052
2351	2039	2352
2344	1868	2158
2344	2158	2146
2454	2325	2123
2220	2043	2219
2426	2281	2425
2375	2221	2220
2316	2137	2167
2521	2424	2423
2297	2124	2179
2399	2249	2248
2347	1869	2159
2347	2159	2142
2414	2268	2267
2410	2263	2409
2341	2151	1875
2341	1875	2198
2339	1874	2197
2339	2197	2199
2207	1884	2162
2207	2340	1884
2209	2176	2309
2390	2240	2239
2253	2079	2078
2253	2078	2336
2264	2090	2089
2264	2265	2090
2299	2125	2173
2603	2495	2494
2433	2331	2445
2311	2168	2199
2306	2129	2175
2306	2175	2208
2262	2088	2087
2262	2087	2261
2337	1882	2205
2337	2205	2206
2327	1886	2156
2327	2039	1886
2201	1878	2170
2201	2338	1878
2541	2293	2466
2466	2293	2194
2495	2390	2389
2461	2205	2307
2320	1948	2190
2320	2345	1948
2343	1870	2155
2343	2155	2147
2357	2289	2196
2355	2196	2195
2464	2201	2304
2242	2243	2067
2301	2126	2180
2301	2180	2324
2300	2178	2125
2300	2332	2178
2263	2089	2088
2263	2264	2089
2451	2294	2121
2294	2207	2162
2337	1883	2142
2337	2206	1883
2246	2247	2071
2462	2197	2298
2514	2417	2416
2450	2320	2329
2222	2045	2221
2221	2044	2220
2348	1865	2152
2348	2152	2148
2196	2157	1873
2196	1873	2195
2226	2049	2225
2447	2292	2383
2318	2139	2140
2318	2321	2139
2326	1981	2137
2326	2140	1981
2241	2242	2066
2499	2393	2498
2256	2257	2082
2256	2081	2255
2602	2530	2434
2241	2065	2240
2210	2174	1972
2210	1972	2211
2213	2334	1978
2378	2224	2223
2444	2254	2253
2445	2116	2289
2431	2286	2430
2430	2286	2285
2228	2052	2051
2228	2229	2052
2275	2101	2274
2453	2295	2122
2525	2526	2428
2374	2220	2219
2322	2136	1983
2322	1983	2138
2537	2460	2299
2235	2059	2234
2216	2038	2127
2216	2215	2038
2209	1971	2176
2209	2208	1971
2447	2437	2323
2447	2383	2437
2484	2369	2550
2523	2426	2425
2749	2462	2535
2535	2462	2298
2335	2234	2058
2463	2335	2233
2298	2171	2124
2298	2197	2171
2273	2100	2099
2273	2099	2272
2429	2430	2285
2376	2222	2221
2422	2278	2277
2277	2103	2276
2482	2367	2366
2204	1881	2340
2335	2182	2057
2335	2057	2233
2359	2208	2209
2499	2394	2393
2437	2303	2323
2382	2228	2227
2339	1876	2147
2339	2199	1876
2420	2276	2275
2538	2295	2453
2367	2451	2334
2367	2334	2213
2342	2150	1879
2342	1879	2202
2270	2097	2096
2270	2271	2097
2504	2505	2399
2438	2309	2308
2467	2316	2200
2200	1877	2342
2443	2233	2232
2463	2235	2234
2448	2291	2406
2258	2083	2257
2246	2071	2070
2246	2070	2245
2310	2177	2131
2310	2211	2177
2285	2112	2111
2285	2111	2284
2453	2122	2321
2591	2456	2539
2401	2251	2250
2554	2444	2465
2442	2288	2287
2442	2287	2431
2226	2050	2049
2226	2227	2050
2203	2169	1880
2203	1880	2338
2313	2132	2145
2313	2312	2132
2445	2331	2116
2398	2248	2247
2329	1947	2095
2329	2190	1947
2305	2128	2174
2305	2174	2210
2230	2054	2053
2230	2231	2054
2465	2252	2251
2403	2256	2255
2470	2192	2353
2406	2259	2258
2282	2109	2108
2282	2283	2109
2200	2167	1877
2200	2316	2167
2204	2165	1881
2204	2296	2165
2223	2047	2046
2223	2046	2222
2314	2144	2133
2314	2133	2214
2280	2107	2106
2280	2281	2107
2277	2104	2103
2277	2278	2104
2541	2466	2538
2420	2275	2419
2366	2213	2314
2377	2223	2222
2400	2249	2399
2608	2529	2531
2353	2192	2193
2471	2440	2480
2460	2125	2299
2460	2300	2125
2416	2272	2271
2418	2419	2274
2356	2355	2195
2402	2254	2444
2394	2244	2243
2392	2393	2242
2519	2422	2421
2423	2279	2278
2476	2363	2477
2363	2211	2310
2458	2329	2095
2450	2270	2320
2405	2406	2258
2436	2435	2301
2433	2297	2331
2505	2400	2399
2634	2587	2586
2486	2373	2485
2508	2410	2409
2365	2212	2364
2470	2406	2291
2354	2312	2440
2553	2308	2464
2359	2358	2208
2485	2373	2372
2427	2283	2282
2381	2227	2226
2550	2380	2379
2367	2213	2366
2376	2221	2375
2385	2443	2232
2463	2234	2335
2435	2302	2301
2404	2257	2256
2494	2389	2388
2446	2117	2332
2441	2271	2270
2441	2416	2271
2411	2264	2410
2441	2270	2450
2388	2389	2238
2386	2235	2463
2356	2195	2302
2356	2435	2404
2550	2370	2380
2550	2369	2370
2627	2579	2626
2427	2428	2283
2436	2301	2324
2448	2406	2436
2474	2360	2438
2605	2464	2557
2387	2388	2237
2463	2233	2443
2549	2408	2407
2549	2407	2353
2361	2210	2362
2500	2395	2394
2414	2415	2268
2478	2364	2452
2373	2219	2218
2373	2374	2219
2360	2309	2438
2391	2241	2240
2368	2314	2214
2481	2366	2368
2417	2272	2416
2516	2418	2515
2647	2568	2618
2376	2377	2222
2405	2258	2257
2405	2435	2436
2673	2641	2596
2540	2539	2467
2470	2260	2259
2470	2259	2406
2402	2255	2254
2402	2403	2255
2442	2449	2288
2534	2372	2217
2371	2370	2216
2382	2383	2228
2360	2209	2309
2360	2359	2209
2408	2262	2261
2408	2261	2407
2537	2299	2461
2548	2460	2537
2468	2204	2207
2207	2204	2340
2392	2242	2241
2392	2241	2391
2578	2517	2516
2415	2269	2268
2469	2292	2330
2382	2437	2383
2533	2552	2458
2533	2458	2269
2464	2203	2201
2497	2392	2391
2449	2319	2288
2449	2328	2319
2509	2410	2508
2413	2414	2267
2429	2285	2284
2429	2284	2428
2469	2383	2292
2469	2384	2230
2354	2193	2312
2354	2353	2193
2532	2432	2290
2432	2327	2290
2749	2439	2311
2502	2397	2396
2371	2216	2303
2371	2303	2437
2424	2280	2279
2424	2279	2423
2393	2243	2242
2393	2394	2243
2461	2206	2205
2461	2299	2206
2452	2333	2120
2452	2120	2293
2547	2459	2297
2547	2297	2433
2448	2324	2118
2448	2118	2291
2559	2356	2403
2401	2250	2400
2524	2426	2523
2518	2420	2517
2525	2427	2524
2674	2640	2595
2372	2218	2217
2372	2373	2218
2559	2403	2402
2559	2357	2355
2645	2613	2589
2534	2217	2457
2470	2407	2260
2470	2353	2407
2531	2445	2289
2554	2559	2402
2504	2399	2398
2554	2465	2401
2462	2199	2197
2462	2311	2199
2517	2420	2419
2512	2414	2413
2532	2290	2446
2610	2558	2432
2434	2332	2300
2434	2446	2332
2469	2230	2229
2469	2229	2383
2380	2226	2225
2381	2370	2371
2447	2323	2119
2447	2119	2292
2459	2124	2297
2459	2298	2124
2369	2215	2370
2484	2368	2369
2558	2385	2384
2555	2443	2385
2610	2432	2532
2610	2555	2558
2583	2522	2521
2746	2528	2589
2467	2200	2202
2202	2200	2342
2381	2226	2380
2381	2380	2370
2489	2377	2376
2490	2378	2377
2552	2450	2458
2552	2416	2441
2465	2253	2336
2465	2444	2253
2456	2326	2137
2456	2137	2316
2528	2431	2430
2588	2527	2526
2405	2257	2404
2405	2404	2435
2421	2277	2276
2421	2422	2277
2558	2352	2432
2555	2385	2558
2466	2194	2198
2198	2194	2341
2476	2362	2363
2361	2305	2210
2387	2237	2236
2387	2236	2386
2455	2315	2136
2455	2136	2322
2473	2498	2497
2472	2358	2359
2397	2247	2246
2397	2398	2247
2412	2266	2265
2412	2413	2266
2555	2492	2386
2351	2384	2469
2362	2210	2211
2362	2211	2363
2417	2273	2272
2417	2418	2273
2488	2376	2375
2633	2634	2586
2559	2355	2356
2356	2404	2403
2509	2411	2410
2654	2655	2620
2381	2382	2227
2381	2371	2382
2426	2282	2281
2426	2427	2282
2365	2313	2212
2365	2440	2313
2379	2225	2224
2379	2380	2225
2439	2310	2311
2439	2363	2310
2369	2214	2215
2369	2368	2214
2557	2305	2361
2557	2464	2304
2502	2396	2501
2499	2500	2394
2479	2365	2364
2479	2364	2478
2496	2391	2390
2600	2537	2461
2510	2412	2411
2510	2411	2509
2577	2516	2515
2578	2516	2577
2599	2507	2471
2511	2413	2412
2610	2492	2555
2607	2532	2530
2482	2483	2367
2483	2451	2367
2506	2400	2505
2609	2357	2559
2539	2316	2467
2539	2456	2316
2556	2307	2306
2556	2306	2358
2605	2553	2464
2606	2498	2474
2538	2466	2295
2574	2512	2511
2514	2416	2552
2552	2441	2450
2524	2427	2426
2486	2374	2373
2507	2408	2549
2646	2480	2479
2533	2269	2415
2514	2515	2417
2551	2431	2528
2551	2449	2442
2587	2525	2586
2526	2429	2428
2576	2515	2514
2612	2415	2513
2522	2425	2424
2522	2424	2521
2602	2434	2548
2597	2472	2496
2639	2544	2593
2631	2584	2583
2476	2477	2502
2529	2433	2445
2535	2298	2459
2749	2311	2462
2546	2453	2321
2520	2423	2422
2510	2511	2412
2512	2513	2414
2491	2550	2379
2484	2550	2491
2494	2495	2389
2603	2494	2602
2548	2300	2460
2548	2434	2300
2487	2375	2374
2487	2488	2375
2571	2509	2508
2480	2440	2365
2604	2535	2547
2609	2554	2506
2531	2289	2357
2506	2401	2400
2554	2401	2506
2554	2402	2444
2582	2520	2581
2747	2576	2514
2507	2409	2408
2507	2508	2409
2473	2360	2474
2473	2497	2472
2542	2468	2294
2593	2454	2536
2489	2376	2488
2567	2490	2489
2473	2474	2498
2496	2390	2495
2496	2497	2391
2496	2472	2497
2599	2471	2480
2471	2507	2549
2613	2485	2372
2486	2487	2374
2541	2452	2293
2541	2478	2452
2558	2384	2351
2558	2351	2352
2697	2671	2641
2545	2455	2322
2613	2372	2534
2527	2528	2430
2476	2502	2501
2475	2361	2362
2594	2538	2453
2519	2520	2422
2566	2489	2488
2482	2366	2481
2525	2428	2427
2563	2486	2485
2611	2604	2503
2503	2397	2502
2516	2419	2418
2516	2517	2419
2551	2442	2431
2746	2534	2551
2535	2459	2547
2611	2439	2749
2491	2379	2378
2491	2378	2490
2529	2445	2531
2601	2547	2433
2530	2446	2434
2530	2532	2446
2546	2321	2318
2637	2540	2592
2518	2519	2421
2575	2513	2512
2598	2361	2475
2475	2362	2476
2612	2533	2415
2573	2511	2510
2473	2359	2360
2473	2472	2359
2601	2433	2529
2604	2601	2504
2555	2463	2443
2555	2386	2463
2543	2318	2326
2543	2326	2456
2542	2294	2451
2542	2451	2483
2644	2576	2612
2612	2747	2533
2475	2501	2500
2475	2476	2501
2527	2430	2429
2527	2429	2526
2603	2569	2495
2493	2387	2492
2604	2504	2503
2604	2547	2601
2503	2398	2397
2503	2504	2398
2659	2660	2627
2623	2575	2574
2572	2510	2509
2574	2575	2512
2589	2528	2527
2618	2567	2617
2593	2544	2454
2617	2567	2566
2551	2457	2449
2551	2534	2457
2553	2438	2308
2570	2605	2557
2536	2454	2296
2536	2296	2468
2557	2304	2305
2598	2475	2500
2598	2557	2361
2570	2606	2605
2493	2388	2387
2493	2494	2388
2471	2354	2440
2471	2549	2354
2569	2496	2495
2600	2461	2556
2609	2559	2554
2609	2531	2357
2564	2487	2486
2565	2488	2487
2544	2317	2325
2544	2325	2454
2484	2481	2368
2568	2491	2490
2642	2479	2478
2641	2594	2546
2601	2505	2504
2601	2529	2505
2572	2509	2571
2581	2520	2519
2611	2477	2439
2606	2499	2498
2606	2474	2438
2581	2519	2580
2591	2543	2456
2560	2478	2541
2579	2517	2578
2570	2557	2598
2570	2499	2606
2561	2481	2484
2608	2506	2505
2608	2505	2529
2586	2525	2524
2567	2568	2490
2616	2566	2565
2566	2567	2489
2651	2652	2615
2566	2488	2565
2562	2542	2483
2564	2486	2563
2572	2573	2510
2621	2573	2572
2585	2523	2584
2687	2663	2686
2561	2484	2491
2561	2491	2568
2703	2677	2667
2630	2583	2582
2579	2518	2517
2579	2580	2518
2643	2562	2483
2616	2617	2566
2607	2530	2493
2607	2493	2492
2574	2511	2573
2625	2577	2624
2620	2571	2619
2590	2571	2508
2584	2523	2522
2584	2522	2583
2639	2595	2544
2681	2680	2637
2685	2662	2661
2656	2621	2655
2606	2438	2553
2606	2553	2605
2592	2540	2455
2592	2455	2545
2597	2496	2569
2597	2358	2472
2590	2508	2507
2590	2507	2599
2633	2586	2585
2564	2565	2487
2602	2494	2493
2602	2493	2530
2694	2654	2668
2626	2579	2578
2595	2545	2317
2595	2317	2544
2603	2548	2537
2603	2602	2548
2621	2622	2573
2631	2632	2584
2594	2453	2546
2628	2580	2627
2582	2521	2520
2582	2583	2521
2644	2513	2575
2576	2577	2515
2589	2527	2588
2645	2563	2485
2570	2500	2499
2570	2598	2500
2587	2526	2525
2587	2588	2526
2609	2506	2608
2609	2608	2531
2648	2593	2536
2670	2593	2648
2682	2658	2702
2649	2538	2594
2644	2612	2513
2747	2612	2576
2597	2556	2358
2597	2569	2556
2600	2569	2603
2600	2603	2537
2611	2502	2477
2611	2503	2502
2677	2645	2636
2746	2589	2613
2635	2587	2634
2636	2588	2635
2610	2532	2607
2610	2607	2492
2656	2622	2621
2641	2546	2596
2585	2524	2523
2585	2586	2524
2647	2482	2481
2618	2568	2567
2645	2485	2613
2635	2588	2587
2622	2574	2573
2627	2580	2579
2619	2571	2590
2655	2621	2620
2615	2565	2564
2667	2635	2634
2666	2634	2633
2665	2633	2632
2653	2616	2652
2651	2615	2614
2624	2577	2576
2623	2574	2622
2643	2483	2482
2616	2565	2615
2632	2585	2584
2632	2633	2585
2624	2576	2644
2658	2626	2625
2648	2536	2542
2648	2542	2562
2614	2564	2563
2614	2615	2564
2652	2616	2615
2705	2748	2653
2640	2592	2545
2640	2545	2595
2669	2592	2640
2664	2632	2631
2679	2482	2647
2653	2617	2616
2678	2624	2644
2657	2623	2622
2668	2619	2646
2646	2599	2480
2637	2680	2540
2539	2540	2680
2647	2481	2561
2647	2561	2568
2698	2670	2691
2676	2648	2562
2649	2541	2538
2649	2560	2541
2630	2631	2583
2628	2581	2580
2678	2625	2624
2642	2478	2560
2675	2560	2649
2699	2642	2675
2646	2590	2599
2646	2619	2590
2677	2636	2635
2713	2716	2695
2638	2596	2543
2638	2543	2591
2675	2642	2560
2669	2637	2592
2678	2658	2625
2702	2658	2678
2629	2581	2628
2686	2663	2662
2629	2582	2581
2629	2630	2582
2625	2578	2577
2625	2626	2578
2620	2572	2571
2620	2621	2572
2636	2589	2588
2636	2645	2589
2672	2479	2642
2699	2668	2672
2653	2748	2617
2679	2643	2482
2718	2700	2650
2661	2628	2660
2654	2620	2619
2654	2619	2668
2696	2643	2679
2701	2640	2674
2704	2654	2694
2671	2594	2641
2670	2639	2593
2676	2562	2643
2660	2628	2627
2657	2622	2656
2666	2667	2634
2690	2667	2666
2663	2631	2630
2663	2664	2631
2661	2629	2628
2662	2629	2661
2659	2627	2626
2659	2626	2658
2708	2685	2684
2719	2675	2692
2706	2682	2721
2721	2657	2693
2695	2652	2651
2689	2665	2688
2677	2614	2563
2677	2563	2645
2699	2672	2642
2693	2657	2656
2665	2666	2633
2667	2677	2635
2679	2647	2618
2748	2679	2618
2700	2673	2638
2692	2671	2697
2673	2596	2638
2680	2650	2591
2698	2701	2674
2703	2667	2690
2665	2632	2664
2748	2705	2740
2671	2649	2594
2671	2675	2649
2676	2670	2648
2691	2670	2676
2680	2591	2539
2650	2638	2591
2662	2630	2629
2662	2663	2630
2672	2646	2479
2672	2668	2646
2684	2685	2661
2704	2656	2655
2689	2666	2665
2696	2676	2643
2678	2644	2575
2678	2575	2623
2702	2623	2657
2702	2678	2623
2684	2661	2660
2682	2659	2658
2704	2655	2654
2683	2659	2682
2700	2638	2650
2718	2650	2681
2727	2728	2711
2720	2695	2651
2681	2637	2669
2681	2650	2680
2748	2740	2696
2686	2662	2685
2697	2673	2700
2709	2686	2685
2694	2668	2699
2706	2683	2682
2687	2664	2663
2689	2690	2666
2719	2699	2675
2719	2694	2699
2697	2641	2673
2692	2675	2671
2722	2698	2691
2717	2669	2701
2704	2693	2656
2742	2730	2715
2705	2653	2652
2705	2652	2695
2703	2614	2677
2703	2651	2614
2716	2705	2695
2688	2665	2664
2712	2689	2688
2701	2669	2640
2687	2688	2664
2722	2701	2698
2740	2705	2716
2711	2688	2687
2706	2721	2693
2717	2681	2669
2726	2710	2709
2734	2717	2701
2683	2660	2659
2683	2684	2660
2698	2674	2639
2698	2639	2670
2696	2691	2676
2727	2710	2726
2715	2714	2704
2714	2693	2704
2732	2681	2717
2711	2687	2710
2721	2702	2657
2721	2682	2702
2729	2722	2691
2729	2716	2731
2733	2723	2700
2723	2692	2697
2713	2690	2689
2713	2689	2712
2742	2739	2730
2707	2683	2706
2710	2687	2686
2732	2718	2681
2711	2712	2688
2728	2731	2712
2720	2651	2703
2720	2703	2690
2714	2706	2693
2723	2697	2700
2709	2710	2686
2742	2692	2723
2715	2704	2694
2715	2694	2719
2707	2684	2683
2739	2723	2733
2713	2695	2720
2713	2720	2690
2708	2709	2685
2708	2684	2707
2737	2714	2730
2730	2714	2715
2725	2708	2724
2733	2700	2718
2738	2718	2732
2727	2711	2710
2739	2725	2724
2735	2728	2727
2731	2716	2713
2731	2713	2712
2734	2701	2722
2734	2736	2717
2737	2706	2714
2737	2707	2706
2741	2734	2722
2728	2712	2711
2740	2716	2729
2748	2696	2679
2741	2728	2735
2728	2741	2731
2724	2708	2707
2742	2723	2739
2725	2709	2708
2725	2726	2709
2738	2733	2718
2739	2724	2730
2741	2729	2731
2732	2717	2736
2738	2726	2725
2736	2734	2735
2736	2727	2726
2736	2735	2727
2737	2730	2724
2737	2724	2707
2738	2732	2736
2738	2736	2726
2739	2733	2738
2739	2738	2725
2740	2691	2696
2740	2729	2691
2741	2722	2729
2741	2735	2734
2742	2719	2692
2742	2715	2719
1865	2348	2186
2008	2189	2348
2744	2185	1866
2006	2187	2349
1867	2350	2184
2007	2188	2350
2746	2551	2528
2746	2613	2534
2747	2514	2552
2747	2552	2533
2749	2535	2604
2749	2604	2611
2748	2618	2617
