0	0
0	5.6
5	5.6
5	0
0.945	4.6
1	4.545
1.055	4.6
1	4.655
0.945	3.4
1	3.345
1.055	3.4
1	3.455
0.945	2.2
1	2.145
1.055	2.2
1	2.255
0.945	1
1	0.945
1.055	1
1	1.055
1.0475921684008	2.17243216535689
1.02757223862221	2.15241038288282
1.0475921684008	3.37243216535689
1.02757223862221	3.35241038288282
1.0475921684008	0.972432165356888
1.02757223862221	0.95241038288282
5	0.2
5	0.399999999999999
5	0.599999999999999
5	0.799999999999999
5	0.999999999999999
5	1.2
5	1.4
5	1.6
5	1.8
5	2
5	2.19999999999999
5	2.39999999999999
5	2.59999999999999
5	2.79999999999999
5	2.99999999999999
5	3.19999999999999
5	3.39999999999999
5	3.59999999999999
5	3.79999999999999
5	3.99999999999999
5	4.19999999999999
5	4.39999999999999
5	4.59999999999999
5	4.79999999999999
5	4.99999999999999
5	5.2
5	5.4
1.0475921684008	4.57243216535688
1.02757223862221	4.55241038288282
1.02756783464311	2.2475921684008
1.04758961711718	2.22757223862221
0.972432165356887	3.3524078315992
0.952410382882819	3.37242776137779
4.8	5.6
4.6	5.6
4.4	5.6
4.2	5.6
4	5.6
3.8	5.6
3.6	5.6
3.4	5.6
3.2	5.6
3	5.6
2.8	5.6
2.6	5.6
2.4	5.6
2.2	5.6
2	5.6
1.8	5.6
1.6	5.6
1.4	5.6
1.2	5.6
1	5.6
0.800000000000001	5.6
0.6	5.6
0.4	5.6
0.2	5.6
1.02756783464311	1.0475921684008
1.04758961711718	1.02757223862221
0.972432165356887	2.1524078315992
0.952410382882819	2.17242776137779
0.972432165356887	0.952407831599201
0.95241038288282	0.972427761377787
1.02756783464311	3.4475921684008
1.04758961711718	3.42757223862221
1.02756783464311	4.6475921684008
1.04758961711718	4.62757223862221
0.972432165356889	4.5524078315992
0.952410382882822	4.57242776137779
0.952407831599201	2.22756783464311
0.972427761377787	2.24758961711718
0.2	0
0.399999999999999	0
0.599999999999999	0
0.799999999999999	0
0.999999999999999	0
1.2	0
1.4	0
1.6	0
1.8	0
2	0
2.2	0
2.39999999999999	0
2.59999999999999	0
2.79999999999999	0
2.99999999999999	0
3.19999999999999	0
3.39999999999999	0
3.59999999999999	0
3.79999999999999	0
3.99999999999999	0
4.19999999999999	0
4.39999999999999	0
4.6	0
4.8	0
0.952407831599201	3.42756783464311
0.972427761377787	3.44758961711718
0.952407831599202	1.02756783464311
0.972427761377788	1.04758961711718
0	5.4
0	5.2
0	5
0	4.8
0	4.6
0	4.4
0	4.2
0	4
0	3.8
0	3.6
0	3.4
0	3.2
0	3
0	2.8
0	2.6
0	2.4
0	2.2
0	2
0	1.8
0	1.6
0	1.4
0	1.2
0	1
0	0.800000000000002
0	0.600000000000001
0	0.400000000000001
0	0.200000000000001
0.952407831599203	4.62756783464311
0.97242776137779	4.64758961711718
0.978641078315275	2.28053873130049
1.02157396196521	2.280179392765
0.94031004029439	2.26018038480912
0.919262606644949	2.22173557005249
0.919121628101409	2.17828157620229
0.94118394148162	2.14082826686194
0.978252751410697	2.11814761819197
1.02149756572104	2.11878602925462
1.05936208366854	2.14015451180818
1.08239144160942	2.17741466430931
1.08202397579352	2.22198079407882
1.05850198305683	2.25893999223057
4.70108889976681	0.160449176072296
4.51368364152907	0.183375900941105
4.29999999999999	0.173205080756889
4.09999999999999	0.173205080756889
3.89999999999999	0.173205080756887
3.69999999999999	0.173205080756887
3.49999999999999	0.173205080756888
3.29999999999999	0.173205080756888
3.09999999999999	0.173205080756887
2.89999999999999	0.169955293356469
2.69999999999999	0.169315922921456
2.49999999999999	0.169253074591736
2.3	0.169253074591736
2.1	0.160652172013623
1.9	0.160652172013623
1.7	0.160652172013623
1.5	0.160258273385792
1.3	0.159990604831346
1.1	0.159930388872169
0.899999999999999	0.159930388872169
0.699999999999999	0.15999247745811
0.486233218043741	0.177479414791186
0.299043059030513	0.166322801476939
0.15590825934485	0.302669648802585
0.179161487599955	0.480924301153568
0.164853878636618	0.69308758333984
0.159930388872169	0.899999999999999
0.159930388872169	1.1
0.159992477458109	1.3
0.160260861556926	1.5
0.160258273385792	1.7
0.159990604831346	1.9
0.155085833880124	2.10014673892207
0.155589019063211	2.29998026828205
0.156437163084498	2.49984261536325
0.160260861556926	2.7
0.160258273385792	2.9
0.159990604831346	3.1
0.155894135540215	3.29988016795478
0.156516439399819	3.4997507504476
0.159992477458109	3.7
0.160260861556926	3.9
0.160258273385794	4.1
0.155350311512905	4.29983310258041
0.153144570700523	4.49991799758044
0.159930388872169	4.7
0.15999247745811	4.9
0.175855136913572	5.11705124975679
0.155908259344849	5.29733035119741
0.299043059030513	5.43367719852306
0.486149410654765	5.42244320508061
0.699999999999999	5.44000939516865
0.899999999999998	5.44006961112783
1.1	5.44006961112783
1.3	5.44000752254189
1.5	5.43973913844307
1.7	5.43934782798638
1.9	5.43934782798638
2.1	5.43934782798638
2.3	5.43074654463915
2.5	5.43074654463915
2.7	5.43068407707854
2.9	5.43004470664353
3.1	5.42679491924311
3.3	5.42679491924311
3.5	5.42679491924311
3.7	5.42679491924311
3.9	5.42679491924311
4.1	5.42679491924311
4.3	5.42679491924311
4.50959518598258	5.41719849729178
4.69668057722791	5.44303932127163
4.83955082392771	5.30108889976681
4.8172903549572	5.11250091037634
4.82679491924311	4.89999999999999
4.82679491924311	4.69999999999999
4.82679491924311	4.49999999999999
4.82679491924311	4.29999999999999
4.82679491924311	4.09999999999999
4.82679491924311	3.89999999999999
4.82679491924311	3.69999999999999
4.82679491924311	3.49999999999999
4.82679491924311	3.29999999999999
4.82679491924311	3.09999999999999
4.82679491924311	2.89999999999999
4.82679491924311	2.69999999999999
4.82679491924311	2.49999999999999
4.82679491924311	2.29999999999999
4.82679491924311	2.09999999999999
4.82679491924311	1.9
4.82679491924311	1.7
4.82679491924311	1.5
4.82679491924311	1.3
4.82679491924311	1.1
4.82679491924311	0.899999999999998
4.82679491924311	0.699999999999999
4.81734273664565	0.490629004370658
4.84303932127163	0.303319422772091
1.08273112855221	3.37732086194923
1.08181449086279	3.42175529508991
1.05951322228429	3.33978681886465
1.02120301118909	3.31930022242674
0.977818606253846	3.31764214730087
0.941001482566135	3.34069926902563
0.918851469975588	3.37821300051769
0.919252574622289	3.42171824432793
0.941382845595202	3.45895784358409
0.978469152125302	3.48048566007163
1.02146626861506	3.48049279018273
1.05967958752928	3.45938892032605
1.02018858210516	1.08090240453382
0.978341611859109	1.08077875411007
1.05575029229876	1.06034629788018
1.07680760941958	1.02875201345158
1.0784461909018	0.96979259641801
1.05781282059966	0.935257700144366
1.02119455599203	0.917918298699855
0.977994025426165	0.917945032377028
0.94056315814233	0.940538455681546
0.918598985415382	0.978358689879811
0.917739222822096	1.02227072787461
0.941472009430727	1.05936711451249
1.08071876268899	4.6218034352285
1.08080720474921	4.57877008212569
1.0601224125779	4.66000850859288
1.02172184359462	4.68063087798681
0.978316079788593	4.68186806120484
0.94031323320213	4.65959834912726
0.918745073764209	4.62168397453711
0.918855811835268	4.57808015812837
0.94100576388211	4.54064835205913
0.977799180050954	4.5176100434762
1.02181361919721	4.51973822484539
1.05889806910271	4.54158154316001
4.86339745962156	0.136602540378445
4.86339745962156	5.46339745962156
0.136602540378444	0.136602540378444
0.136602540378444	5.46339745962156
0.946368431767324	2.29471457335406
1.0002849246881	2.31033450828978
1.05176597979327	2.29630281722812
0.906611221630407	2.25411056169694
0.891002693396345	2.20013725661251
0.906072265296356	2.14561488063913
0.945731966855969	2.10544552900417
0.999725047832077	2.08953658326516
1.05449026923614	2.10327979509064
1.09731571746467	2.1431289299847
1.11210494631778	2.19972170818507
1.09507771972121	2.25766331980454
4.4083406424036	0.333002479945579
4.19999999999999	0.346410161513778
3.99999999999999	0.346410161513776
3.79999999999999	0.346410161513775
3.59999999999999	0.346410161513775
3.39999999999999	0.346410161513776
3.19999999999999	0.346410161513775
2.99718575014088	0.344776123427697
2.79945754395498	0.339320039980748
2.59994690939567	0.338232836953585
2.39999999999999	0.338197792370946
2.1981353615727	0.332417413480814
2	0.319650431382247
1.79862102696694	0.317771900270083
1.59896865561599	0.314155842393796
1.39890809248644	0.311623352936512
1.19910209660968	0.30975157058544
0.999967682035674	0.313442344740108
0.80175484351119	0.315137674229341
0.596415870747646	0.332780607845052
0.335830087021485	0.584203010698629
0.316731215170525	0.800047200495871
0.316700612738009	0.999999999999998
0.311647462308016	1.19849197720164
0.309596309515888	1.39826318929858
0.310387331457473	1.59922177959316
0.310278496230015	1.80021276885153
0.308804342232492	2.00096608197992
0.30905203393976	2.2004949078406
0.310942960828396	2.3995665754018
0.311519819304885	2.59911631742219
0.312328489914692	2.79949512870782
0.311115598813339	2.99987274881716
0.309584612675037	3.19988848958784
0.311773493553018	3.39947826200174
0.311245376337599	3.59870429538717
0.310545379393012	3.79860196945028
0.310639236489986	3.99941660082606
0.310318032338383	4.19997442823596
0.30981991003505	4.39932929472045
0.313066240903498	4.59983765759994
0.316734930603857	4.79995133077615
0.335390968911217	5.00566798313729
0.595990877866022	5.26687208942668
0.802282417541769	5.28523135007961
1.00024135042221	5.28634806816333
1.19892656336657	5.28777818729423
1.39886564399878	5.28604633809334
1.59934557676939	5.28356714057021
1.8	5.28069091819404
2	5.28034688650094
2.19517049016602	5.2681310673847
2.4	5.26180143541394
2.59994723092643	5.26176658595371
2.79945754377035	5.26067990226367
2.99718575014089	5.2552238765723
3.2	5.25358983848622
3.4	5.25358983848622
3.6	5.25358983848622
3.8	5.25358983848622
4	5.25358983848622
4.19999154950029	5.24524250419223
4.40528268697374	5.24659567639558
4.65887649248891	5.01651057935724
4.65358983848622	4.79999999999999
4.65358983848622	4.59999999999999
4.65358983848622	4.39999999999999
4.65358983848622	4.19999999999999
4.65358983848622	3.99999999999999
4.65358983848622	3.79999999999999
4.65358983848623	3.59999999999999
4.65358983848622	3.39999999999999
4.65358983848623	3.19999999999999
4.65358983848623	2.99999999999999
4.65358983848622	2.79999999999999
4.65358983848623	2.59999999999999
4.65358983848623	2.39999999999999
4.65358983848623	2.19999999999999
4.65358983848622	2
4.65358983848622	1.8
4.65358983848622	1.6
4.65358983848623	1.4
4.65358983848623	1.2
4.65358983848623	0.999999999999998
4.63705933100222	0.79652704994555
4.64441494046301	0.594758747693901
1.11247395274105	3.39990153491352
1.09410688392953	3.34360274155284
1.09829898455485	3.45689809986817
1.05383336518305	3.3039104970117
0.999825713987037	3.29077760774579
0.945838733056058	3.3057525559798
0.905885464039288	3.3455585613361
0.891927946603087	3.40003810512726
0.906611212157295	3.45411056918551
0.946413448103064	3.49437613817668
1.00026206454962	3.51013004769639
1.05621686114135	3.49575067032288
1.00025521896782	1.11039623555449
1.05466769821759	1.09455568431658
0.946581781230634	1.09395593968278
1.09647528455889	1.05591316441672
1.09572342072801	0.997917530082139
1.09413871072929	0.94361353938287
1.0541113006283	0.905116308035535
0.999547851397321	0.890790821394325
0.944975571578394	0.905324136069927
0.90615651853408	0.945637831614991
0.890727316391509	0.999246185120477
0.906922848310675	1.05561699606331
1.09549774128643	4.65516657934276
1.10658249743427	4.60142004644175
1.09495074287445	4.54737398006641
1.05537628468344	4.69411352583368
1.00051024035364	4.7080420324836
0.944909776148685	4.69509864773706
0.904971762910944	4.65424370132747
0.89165117503099	4.59933074220844
0.906500578130375	4.54479963035065
0.94589598816725	4.5057184586066
0.999825713987037	4.49077760774578
1.05631833067584	4.50312318416922
4.63157083262361	0.371964080466179
4.63020039953827	5.23159615943115
0.367757933163386	5.23093187716555
0.370455732455351	0.364724371186801
4.31024487041145	0.520784260561409
4.10575319101429	0.518963275851326
3.89999999999999	0.519615242270662
3.69999999999999	0.519615242270662
3.49999999999999	0.519615242270663
3.29999999999999	0.519615242270663
3.09718562916488	0.520258301829229
2.89364851940946	0.511402006404449
2.6987833437343	0.507398962568367
2.49994390009981	0.506839110061747
2.29349577835392	0.500081102693149
2.09084824581258	0.494172851186604
1.89268815270957	0.480313208860811
1.69652563675803	0.470704733972946
1.49607813500375	0.463708027341731
1.29657501026701	0.460430004128778
1.09943633824875	0.46286567455642
0.907374684330965	0.462498461365642
0.708691380107626	0.472631274961837
0.472622040056629	0.708690283299707
0.46058335099559	0.903366302718721
0.461960210511452	1.09835059114769
0.458805432862624	1.29452890800313
0.454194571789583	1.49437919443658
0.459995169446115	1.69920800801695
0.458892426264526	1.90241558586357
0.451317271364745	2.10285235693199
0.457306834579955	2.30058443238053
0.459219082641615	2.49743998505401
0.461745230991364	2.696759851989
0.462301594978107	2.89927296537646
0.460303540531142	3.10047064310725
0.453046475960199	3.29820587832844
0.455272393095873	3.4962109671917
0.457602235625244	3.69530741232165
0.455290278837225	3.89539760673309
0.460231060097298	4.09973642360329
0.459419203740967	4.29986774907125
0.455852897185012	4.49182551474427
0.46383219319127	4.6967431618626
0.479117134981108	4.8868924387625
0.708690283299706	5.12737795994337
0.904108203770373	5.14026178703897
1.09805405265307	5.13801713315558
1.29665267744361	5.13493971973201
1.49672985319415	5.12989330349497
1.6974790056236	5.12756757651838
1.89229193074629	5.11954432031629
2.08944050828951	5.10735388316636
2.28702746928013	5.09693759201105
2.49994422530955	5.09315930883321
2.69878393742939	5.09259990656199
2.89364856041987	5.08859766141493
3.09718562916489	5.07974169817077
3.3	5.08038475772934
3.5	5.08038475772934
3.7	5.08038475772934
3.9	5.08038475772934
4.08583206274231	5.07241971409821
4.30375753751196	5.05152107481291
4.4779375272016	4.91247628438446
4.48023150460796	4.70691721760375
4.48038475772934	4.49999999999999
4.48038475772933	4.29999999999999
4.48038475772934	4.09999999999999
4.48038475772934	3.89999999999999
4.48038475772934	3.69999999999999
4.48038475772934	3.49999999999999
4.48277695405471	3.29999999999999
4.48277695405471	3.09999999999999
4.48277695405471	2.89999999999999
4.48277693778348	2.69999999999999
4.48277693778348	2.49999999999999
4.48277693778348	2.29999999999999
4.48038475772934	2.1
4.48038475772934	1.9
4.48038475772934	1.7
4.48038475772934	1.5
4.48038475772934	1.3
4.48038475772934	1.1
4.47145332850967	0.908815605946577
4.44770869703473	0.695362220038526
0.504934843163862	0.500916025531691
0.506465936374052	5.08984623470896
4.49273493122442	5.09101759619744
4.48837854149833	0.509402222806559
0.915089126874162	1.08805723431917
0.914659249982537	3.48885883656669
0.914758231966449	2.28885084392489
0.914254018436097	4.51144952479145
0.915906508009583	2.11136339398891
0.913941076712158	3.31156126696855
1.1149392711437	1.02763360303273
1.11685022410904	4.57342483879933
1.11954467977872	3.43139270240323
1.12251085777961	2.16702077779536
0.881415613119155	0.967570103601809
0.881855769129965	2.16785062263127
0.881640533575626	3.36782080222343
1.03212308139465	0.879609270302269
0.882655538138984	4.56597257384779
0.967868214755538	4.71885030375914
0.96716328089387	0.880822167678588
0.881155399969516	4.63151155787392
0.882204100347925	3.43221672851659
0.882355341888664	2.23245203043502
0.882269745359631	1.03268094518648
1.0329304604898	4.71721645467878
1.08956136436304	4.68734191526955
1.08877737283936	0.913588026367968
1.11814538527377	4.63366543307403
1.11626417339156	0.966182429497545
0.911726861025816	4.68806620492773
0.912525219810807	0.912319657152883
1.11529063339091	2.23081493932969
1.03018887493219	3.28457530825681
1.11540931752604	3.36910208330172
1.03079593831155	2.31589140744488
1.03098201957973	4.48410753198966
1.03076635863938	2.08236964267183
1.03026933541031	3.51475549016874
1.03055130833951	1.11672324864211
1.08376592094818	2.28432619902361
1.08368516637337	3.31630893472594
1.08507924395421	2.11449686531
1.0872894212947	3.48685482892987
1.08443386138954	4.51590521428021
1.08369226988375	1.08494162735195
0.966517286565926	3.51804619418422
0.966714078140677	2.31851907901378
0.967056404717921	1.1169715132398
0.965505185667171	3.28223891609999
0.965305832979367	2.08018594352947
0.965518072875846	4.48220493185686
1.01346739025258	2.34082545334095
0.986850567932954	2.33855858899174
1.07860874189039	2.31116155107848
1.05985027724249	2.33014316498597
0.98627091313966	2.06131457214427
1.01216899576682	2.05646910514212
1.07765356400585	2.08995490530413
1.05926414825354	2.07165260988612
1.11666673675569	2.11441209387709
1.13419252733085	2.13939589693183
1.14631503108094	2.18577063207937
1.14365455001052	2.21394565642267
1.11823396835255	2.28274539447457
1.12524103649484	2.25800863905626
1.14538674840155	3.38524085141757
1.14677850905669	3.41326616600947
1.11441669761836	3.31763371777882
1.12226426022436	3.34403489339334
1.11979996598559	3.48561832814464
1.13067271173912	3.45881984021919
1.07790304475404	3.29093338877508
1.0596379315674	3.27207223577196
0.985772802239537	3.26388077855713
1.01105950223052	3.25821624909765
1.0135126129378	3.54108089994815
0.986948812377266	3.53874159816377
1.08336481207762	3.51809262236237
1.0574377752601	3.52545179816764
0.988100407833098	1.1374466436098
1.01348765455025	1.14099486483694
1.08209541341304	1.11579248402608
1.05581719892435	1.12259653702725
1.11362466402179	1.08029667706853
1.13258166771304	1.05934855290277
1.13096515505286	4.54178460097041
1.11316124850438	4.52072546445338
0.985739088253643	4.46389554824548
1.01119425734382	4.457399636894
1.08490175739006	4.48277394011289
1.06166000074424	4.46877563818234
4.01053249556499	0.691773176460505
3.80268620553415	0.690643019766957
3.59999999999999	0.69282032302755
3.39999999999999	0.692820323027552
3.19914662821123	0.694603894539221
2.98792126365381	0.68810033689768
2.79271295380662	0.679922818381638
2.59889062892849	0.675109107943412
2.38813694892967	0.673724128575011
2.18061235146795	0.668898736793475
1.98522849671182	0.655456046628607
1.78798671299077	0.635375424483308
1.59506403331687	0.617608001703321
1.3969584015869	0.608342766941567
1.19632568725337	0.609888279460282
1.00130932921221	0.614999334941215
0.821142311378006	0.609360821207067
0.602228265154747	0.812768659464528
0.608163814608679	0.999996792498328
0.603124384278203	1.19548460643615
0.605071012411629	1.38142589160093
0.597486264310957	1.59338087907475
0.611297079883724	1.808836622454
0.593110709796417	2.00150303151584
0.597490099129733	2.20633631951899
0.602653944223178	2.40157336210969
0.609312314152294	2.58801652090978
0.601738701223396	2.79361274278728
0.613024074794422	3.00735987848545
0.597954666776627	3.19550501431511
0.597490829838306	3.39526094128385
0.599953192732686	3.60022914164568
0.607114673069004	3.78389502987456
0.598197348121552	3.99487889194742
0.611058748397733	4.2098408850222
0.595050239076037	4.39740565163646
0.608312934071646	4.59748117453061
0.61187975884206	4.77499726351594
0.81414347791729	4.99534497835119
0.999996792498327	4.99183618539131
1.19646931314781	4.9893046186131
1.38954313829136	4.98207429751601
1.5879049616485	4.97340756203659
1.78579544743635	4.96441294994878
1.97202881789639	4.95179597058321
2.1791317586459	4.92893016221506
2.39853533238729	4.92443118557956
2.5988914667474	4.92488859258661
2.79271396592198	4.92007673153035
2.98792156091288	4.91189943064544
3.19914662821124	4.90539610546078
3.4	4.90717967697245
3.6	4.90717967697245
3.79687104186896	4.89633446807967
3.98816605993782	4.89266599925509
4.30581318713904	4.61173165988485
4.30717967697245	4.39999999999999
4.30717967697244	4.19999999999999
4.30717967697245	3.99999999999999
4.30717967697245	3.79999999999998
4.30717967697245	3.59999999999999
4.31090461052799	3.39795854456505
4.31208809089632	3.19999999999999
4.31208809089632	2.99999999999999
4.31208818175849	2.80000001388657
4.31208817359414	2.59999999999999
4.31208817359414	2.39999999999999
4.31090449718323	2.20204144280777
4.30717967697245	2
4.30717967697245	1.8
4.30717967697245	1.59999999999999
4.30717967697245	1.4
4.30717967697245	1.2
4.29107994933411	1.01124807088316
4.31391161606777	4.83264864449415
4.22846979444332	0.683249457704969
0.639848200761006	0.630478547513326
0.639433542024259	4.95346212061308
1.12945152701132	4.67293046770369
1.1287462733081	0.926422948510462
0.875462077784385	0.927300070185881
0.927248971186851	4.72563798235201
0.874579537198143	4.67191430873928
0.926481243963326	0.874969846142226
1.07118365800286	0.879269164670443
1.07233075885409	4.72270958017071
0.876702713043583	4.52634815654299
0.878182274983867	3.32775712267069
0.878215780003145	2.12778247698552
0.879042989586603	1.07265839767054
0.878579020728836	3.47230959859954
0.878569585745619	2.27231116393312
1.00129861123579	4.7405803054592
0.858351969537308	2.20030550247765
0.858246012933353	3.40024823532828
0.858977912829486	1.00005730423598
0.857841495018951	4.59759867287879
0.998798090967959	0.857231951725681
0.930536212721771	3.52766747966931
0.930553405234986	2.32756156478392
0.930737362077132	1.12579621391172
0.930213382851166	2.07262503680676
0.92957545838905	4.47134386983928
0.929527330077991	3.2713766823012
1.13654763531473	4.60159427664682
1.13315722211412	0.997665223461292
0.991713208984233	2.37102368184323
0.990974408353253	2.02896887844784
1.14310482977945	2.11502140830997
1.17467242862349	2.20044930070679
1.17627056541774	3.39790136016066
1.14300436064779	3.48217315725766
0.988793257725867	3.22789439717638
0.991498734125425	3.57134132886287
0.99205318018253	1.1713145145099
1.14540597461609	1.09557659760382
1.14494664043144	4.50531532322629
0.988904320492084	4.42787337531973
1.08861925498699	4.44806481295594
4.12077274830795	0.881045779467504
3.90110877320694	0.849063917523167
3.70174138246183	0.879017946440823
3.50187088013687	0.877898729755234
3.30111528302283	0.867357883113726
3.08802243828365	0.870357250532405
2.88316817834609	0.854666112357389
2.69158037765678	0.847489672673245
2.47645035797298	0.845535475191442
2.27677090664525	0.846106302890243
2.0857369492298	0.836915444900237
1.87800916572002	0.814425653765616
1.68231134255394	0.789111077417304
1.49653168452968	0.756998947664736
1.31353041974961	0.746292592024407
1.09713514892164	0.718357973869936
0.891457607597027	0.734770564630521
0.733093095965689	0.893304104521029
0.70950090631066	1.12733820751007
0.779533984307516	1.25790657821348
0.747673446034943	1.46998491776482
0.748152156278398	1.7102829311931
0.784680699741168	1.93711950685133
0.703231114346996	2.07281206197805
0.707068849909642	2.33184422453852
0.780102089803757	2.45992942471035
0.750600826394305	2.67084192463361
0.749963644307409	2.90850659376003
0.784702492105981	3.13713295793576
0.703231114345955	3.27281206196457
0.710435958262945	3.52443936498553
0.780056548241801	3.65725497158569
0.75054693952924	3.87080393158281
0.745408011519915	4.11351109932146
0.786506755105337	4.33884499275995
0.701713513396623	4.47065983397036
0.734164430990031	4.70786270989846
0.891661395483469	4.865814178552
1.09783647222107	4.88147642107819
1.31558683698747	4.84122453264405
1.4788211834955	4.82443159958411
1.67427117578587	4.81275365132889
1.86763802575042	4.79158909738492
2.0662267414341	4.75745809484095
2.27339321468829	4.74765227666326
2.48364883152303	4.75138635702405
2.69158292558924	4.75250884554264
2.88316901255492	4.74533391503728
3.08802278084136	4.72964278544757
3.30111528302284	4.73264211688628
3.50959246026023	4.71944551205872
3.70626694178907	4.72563353302933
3.90701913553447	4.73422106692264
4.13997119053086	4.5037426462371
4.11960802924342	4.71910073941243
4.13397459621555	4.29999999999999
4.12776287253858	4.10727136705713
4.13397459621556	3.89999999999998
4.13397459621556	3.69999999999998
4.13478806324686	3.49576664015086
4.13935327940675	3.29795012779228
4.14154741764282	3.09999999999999
4.14154746473229	2.8999999294648
4.14153649165603	2.70000001390549
4.14154753420923	2.49999999999999
4.13935325793206	2.30205003634221
4.13478801242102	2.10423325587242
4.13397459621556	1.9
4.13397459621556	1.69999999999999
4.11936670782528	1.49011958840537
4.12693446081036	1.29601092186203
4.13397459621556	1.1
0.879297285906963	0.881009517589821
0.88021982250658	4.71996779414959
1.11125782132044	0.889637018053549
1.11004868667672	4.71016973141744
0.846091262221278	4.64175787123546
0.956219088922004	0.845496705758618
1.04533942974163	4.75189201853707
0.957096363134101	4.75399884288473
0.845404179298909	0.956183293097699
1.04208986164281	0.846889281201322
0.846856168089135	1.04541221410443
0.846965097602524	2.24567017386668
0.847096940759893	3.44560022344583
0.846962858335659	3.35521754300569
0.846937486613477	2.15521890232704
0.847053217611247	4.55358427996849
1.15194086013119	0.964201177397377
1.15299124910464	4.634044900139
0.88780940794553	3.28469793753022
0.887779480744266	2.08474976102569
0.887801394652457	4.48468762907955
0.88804883845526	3.51584333547902
0.888056098069043	2.31584145699232
0.888082452373929	1.11569986362105
1.14835797017502	1.03051577897966
1.15164457985816	4.56855742809367
0.756064822455094	4.84465634045324
0.749592894473289	0.749987138717636
0.965109649464077	1.15462269651894
0.961352924469339	3.55527424019498
0.9622400209462	2.3538393412674
0.961862526446123	2.04602188468985
0.960998877199582	4.44777654584951
0.961030184262651	3.24782172442011
1.15299118502726	3.44110633503156
1.15434455533129	2.15784423773222
1.03927670806041	3.25055486603242
1.14817103437829	2.24365078091802
1.03977996181187	2.34830844191668
1.14764053883082	3.35676143893421
1.03926227544193	4.448454240097
1.03969252365607	2.04984839798323
1.0411929980823	3.54755192226821
1.04157345245415	1.14817622429779
1.10590770646499	2.30712746718263
1.10588319011476	3.29023964404594
1.10647241569257	2.08796519336948
1.11199042827522	3.51106718587694
1.11189282795123	4.49318398763533
1.10951799337103	1.10657080973421
4.16078883141801	4.91340059786193
4.31437105137113	0.837639382373207
0.958648805833769	2.39926194996575
0.960427354194859	2.00218345671888
0.95986967191691	3.20267638736573
0.95795554569338	3.59906084606143
0.958607643249663	1.19979477979423
1.19308437920828	4.52985238844268
0.959663065216332	4.40230255018769
3.6133279171164	1.07556393799151
3.39565495738137	1.06182346911729
3.18817004515271	1.04242492847011
2.97215068552202	1.03803675946336
2.78105196318169	1.01986331326597
2.5890200393663	1.01315361023005
2.38597948909401	1.00616787648676
2.17360319513878	1.04257417670624
1.95485246388752	0.996392727144221
1.75721792451337	0.962250941851671
1.74663547616453	4.64377992125973
1.93954408098002	4.60365658293486
2.146147363455	4.55537275727049
2.36864846515873	4.5816718458311
2.5828443077495	4.58313888496579
2.78105495988817	4.58013683048611
2.97215126861953	4.56196352843996
3.18769378712787	4.55694714481218
3.40239455623334	4.54536753748926
3.62007932969074	4.52909972778248
3.80975484184653	4.55456944757073
3.93858062340392	4.21366907083372
3.97024534944658	4.00102757819795
3.97490915530734	3.79153452612833
3.95897708022677	3.59718468017533
3.96501860631764	3.39288776059864
3.96831466827254	3.19706706069328
3.97117694174119	2.99999992461913
3.97114875890224	2.80000932037804
3.97117147916737	2.59999060032498
3.96831480164769	2.40293314204402
3.96501843103978	2.20711229283777
3.95897710877361	2.00281522432567
3.96076951545867	1.8
3.95528518336239	1.5951973432095
3.93192297578696	1.38017443017329
3.94966432370798	1.18724334077919
3.95370605929233	4.40759377386462
3.80265276326669	1.0420546708007
0.724957259229188	2.20227757042736
0.725504517976386	3.39888864787751
1.00225086330424	4.86183039627111
1.00171617986895	0.750213283178294
0.732290835975386	1.00579115332691
0.732487154000487	4.59394180389062
1.05386833474775	1.1804324401291
1.05376202475958	3.58056852143246
1.05144677416678	4.41548517172763
1.05153448034608	2.01847956751773
1.05128359279954	2.38175314104828
1.05082454328479	3.21857601447528
3.98060680820299	1.01059078356703
3.98385206354492	4.58350986939616
0.902625093443594	1.15903583441969
0.90267259420165	3.55894057051453
0.9026533609835	2.35897602234311
0.902625911754841	2.04191648048805
0.902610439681835	4.44184517091233
0.902651675035249	3.24181393062475
1.12996350332018	1.12480800505224
1.13462389372046	4.46759653467999
1.00318698509336	4.79914671747917
0.797746325268673	4.59495428804365
0.797619319434854	1.00404254333795
1.12979155508048	2.06117973256532
1.1697488619166	4.59912059717245
1.14011563110497	3.5325005957615
0.797391013795597	3.40005831356218
0.79708906927799	2.20059682447197
1.16791802632883	1.00092948107546
1.18782949762766	0.746241660636626
1.18844341188946	4.85209384420647
1.09976234663056	0.834501435151733
1.12987635446391	3.26477755522769
1.13000330991241	2.33550441194507
1.18321676375764	3.34472085556439
1.18127203678607	2.25404929052968
0.84217017003516	1.09611039682146
0.842159410451054	2.29626945225156
0.842159026143382	3.49626963047727
0.841852013932538	3.30397128194689
0.841823732162384	2.10398829073143
0.841845245682296	4.5037661883602
1.1640828228962	0.901769145157322
1.16478464026955	4.69754798616159
0.826329062573207	4.69254234639768
0.902207179463779	0.825372203006576
0.905173136513719	4.7733270173478
0.825758020238808	0.905051787410436
1.19015511311491	2.14710071016253
1.18636713181357	3.45414762015869
1.08626628998068	2.38246518435658
1.08824907807601	2.01609538199603
1.08729454731462	3.21534294293092
1.08770274976927	3.58844509115703
1.08900227014578	1.19021820784506
1.08854112833932	4.4097204140013
1.41511057193572	0.863530106442396
1.20857142330361	0.838800158582563
0.873884328885097	1.39641700115025
0.900994201106084	1.59241457067385
0.8806352164606	1.78684314056155
0.873767004916341	2.60397227078919
0.897905866025433	2.79822226154035
0.882800683115098	2.9909274139407
0.872786152810356	3.80592716378138
0.901968675489642	3.99787993219474
0.877066152382112	4.19345554284696
1.38353810488639	4.7081203775384
1.20970882343947	4.76233721036193
0.899830648100226	2.41584271964782
0.904537936135515	1.98409095923097
0.904549545352985	3.18411463687401
0.900042081593784	3.61567249086366
0.899803509009976	1.21610801778861
0.904609490754047	4.3841526415493
3.49542944701542	1.24120906054019
3.28405644612794	1.21825288437933
3.07969402116722	1.21933122671784
2.8751474994223	1.20918328662326
2.67784093020631	1.19013476580625
2.49564509066038	1.17769682930855
2.00482411226498	1.18513965024132
1.82229502347759	1.1362409569473
1.81893972072694	4.4645079005119
2.00004936640802	4.41163647362445
2.49096011259246	4.41884966813132
2.6811394378192	4.4058456251037
2.87350759197631	4.3910946489237
3.08005276193974	4.3817617220667
3.28642592570314	4.38196704474904
3.50084333771476	4.34780014723603
3.77019635636822	4.09295029264178
3.8176119005324	3.88615689611493
3.79335599482685	3.6919026135043
3.78659029200965	3.48984901883894
3.79564299689359	3.29209873380134
3.79807199165648	3.09604004087625
3.80097769028292	2.90002860513005
3.80097218807884	2.6999806285864
3.79807432796333	2.50395049780953
3.79564290018566	2.3079016629336
3.78659013916955	2.1101507836964
3.78520810332476	1.899863985007
3.80400848877231	1.71010099891593
3.77460305350752	1.4994625765748
1.548665551394	4.66900774292299
1.56489373366713	0.933497618534331
0.79353791020232	2.26069748713388
0.795067889923245	3.46018153401358
0.79395233306266	3.340668064053
0.793686664153651	2.14082523751704
0.79544475882998	1.05836781679021
1.05849559866864	4.80348999541461
0.793760718227016	4.53894057569775
1.06214839703852	0.800216647111437
1.14363359023788	0.858554269579256
1.1443809378922	4.73879023141261
0.946214515016151	0.798506528312048
0.796690621800485	4.64793017231019
0.951279980621905	4.80166453426018
0.795428293244353	0.952427883604721
1.21426829250416	0.948786044227127
1.21185517916911	4.65005998943993
0.853414352286672	2.36269370606262
0.853414253066556	3.56268899340123
0.853356409698578	1.16276196611339
0.853038462832452	3.23657593410291
0.85303594530399	2.03657747365442
0.853037628801161	4.43653191627714
3.73314165820662	4.32376032696736
3.73011329732332	1.27043734081264
0.833682647349108	4.7684218710286
0.827064646353045	0.826002070821468
1.12157424576274	2.37125854691207
1.12020659956506	2.02834761471764
1.16655669143748	2.07030144075552
1.18931895561422	2.09723084371426
1.20639718624535	2.22418842399536
1.21201145784272	2.19174681503745
1.18979352560817	2.28834149879698
1.16406312558476	2.31868648959649
1.20758128527931	3.37862011374968
1.21167288139045	3.40752511046674
1.19032736145805	3.31103200291055
1.16530771417301	3.28119832299452
1.17314466270401	3.52148589509509
1.12236592665446	3.22666845510326
1.11315427689605	3.57367549120809
1.1129906745861	1.17338407188988
1.12233885871009	4.43150484665668
1.22860821442126	1.02341166394491
1.22866136161784	4.57506797271171
3.35630386665472	1.38417380394414
3.17907976828654	1.4061345498794
2.98010372135778	1.40187738921464
2.76797831758479	1.38101686458971
2.57320467824604	1.35475421675823
1.8668357053166	1.31434499594232
1.86513397124978	4.28547811254619
2.56684378810995	4.24362376408613
2.75989794100067	4.22050103440382
2.97949901543173	4.20309218293692
3.18291186142484	4.19621718825702
3.37817882074838	4.22339846452675
3.65444563394769	3.96543556194152
3.63653923437348	3.78427700070549
3.61263384930325	3.59072432928487
3.61915303204615	3.38310164577652
3.62643126791076	3.19195795629168
3.63301198370138	2.99556762402054
3.63411743738877	2.79998468660857
3.63312801761576	2.60444800317148
3.62643753709908	2.40803966875744
3.61915259897951	2.21689849312982
3.60735035930225	2.00618083313968
3.62609335592325	1.80624783421545
3.65388658327169	1.62391304817347
2.17397722626558	4.32695970171949
2.17720191885494	1.26817592270519
3.55284833370963	4.13068270681765
3.55446721744017	1.45809965697115
1.64008266399613	1.10610787624257
1.64349617308321	4.5003427427696
0.795562522119796	1.13789187791616
0.795433717627138	4.46237876613387
0.795582106614006	2.33742003588427
0.795582106604403	3.53742003588512
0.795450749200915	3.26283504849297
0.795450749193223	2.06283504849229
0.998867710634323	1.21384554210511
0.99867180213094	3.61386227625808
0.998400611312528	4.38669281625663
0.999357109116978	1.98512081717961
0.998162866184382	2.41478650669388
0.997355830529746	3.18375576944558
1.18208832006204	1.11515843910255
0.907851739172083	4.30953676571796
0.907876016062852	1.90966593397926
0.907907698037536	3.10966806332895
0.906337303504881	1.29082671440712
0.903293924801883	3.69282765714105
0.903249360753063	2.49242242741995
1.21771339223258	1.10135623886367
1.21794645232645	4.5007727643492
1.06745982879848	1.21031828574663
1.06605455110861	3.60909104832947
1.06834178965623	4.38066677939715
1.06606951223471	1.99439536065301
1.06388477249015	2.40919709723622
1.06342922704974	3.19058139640977
1.2333399210824	4.6135117488077
1.22982581867507	0.983872590658596
1.11638738350914	2.41093837706564
1.1185473343668	1.99236323767618
1.11833783410586	3.18400006829102
1.11652807431794	3.61106967806284
1.12504234048047	1.20987456394563
1.12555101111034	4.39048605689958
1.2645106273858	0.943724917767235
1.00791639677405	1.4569772474564
1.00109357893025	1.33827302200153
1.00934264890752	1.72316889948927
0.993536455966024	1.85905089574067
1.00303579471053	2.66782262843229
0.986361039352343	2.53480069503857
1.00767825681525	2.93325562553267
0.993884363556881	3.06090858059593
1.01160216884375	3.87749426829632
0.987878504662979	3.74048931020498
1.01783769147398	4.12946917504279
0.993923311502029	4.25732221583415
1.27712954265911	4.65449789977404
2.37490387078293	1.32762795320602
2.36181984827098	4.26723600309641
1.20532694009565	2.06758154754544
1.24230333497244	2.20611547403032
1.20566832526202	2.32343531416655
1.24156751752126	3.39322220787127
1.20453152435235	3.27675132635404
1.2059201380196	3.52523876437785
3.08336963610654	1.61711319506304
2.84287584283753	1.56678143148869
2.64427402157965	1.53654442877743
2.64360735822765	4.06224003918404
2.86422894673769	4.02834107252797
3.0842057160978	3.98460159264583
3.44054540425374	3.69915740518928
3.43458618385267	3.47845282684715
3.45159823283378	3.28097666287292
3.46179105898475	3.08776859898291
3.46778608068397	2.89684387025974
3.46784858258469	2.7030504700082
3.46185655198279	2.51233122937395
3.45160188881783	2.31902825806834
3.43665984027946	2.11245688808378
3.43965199756286	1.90081196385296
3.47870057294017	3.91088438884957
3.46959231594609	1.68578673922163
2.0450189726825	1.38319113187595
2.04299278104938	4.21349720839504
0.964742347121447	4.34159605762396
0.964919925306802	1.94417694889344
0.965428137402165	3.14553899862871
0.964490911183025	1.25505579229324
0.961816445299241	3.65553415595809
0.961552933822815	2.45461919208955
1.69632077521776	1.2622764395597
1.68755679873026	4.33259299494127
1.2198506862986	4.69262231807562
1.21912458880125	0.903877093847293
1.47438997493219	1.08882179190894
1.4907605472159	4.50219548018202
2.3231947286588	1.16569095947529
2.31845837391125	4.42044140582689
1.22736766764192	2.09211452443543
1.24424640959751	2.23775348174246
1.2441310568044	2.17103687525935
1.22625873509471	2.29603959064434
1.24291221449212	3.36086352379193
1.24378715856827	3.43133351122436
1.22448353999046	3.30474760607242
1.22884686804783	3.49765299094181
1.9049094300589	1.4968105451961
1.73135559936535	1.43126495187974
1.90332518485506	4.10458983281078
1.72768641975619	4.17266866793182
1.09382809334882	1.25984955870185
1.10436884668666	3.64860305554258
1.09203980176941	4.34422475160266
1.09606760118834	1.94077103372151
1.10174523383565	2.45063529822872
1.10372183432525	3.14806966555562
1.10673047487476	1.36719487525582
1.09097870802107	1.81085073507987
1.08662387594185	2.58699042595332
1.08746521885424	3.00687556965056
1.09009670370084	3.79186355485578
1.10733524612227	4.22676681687192
2.89418045782464	1.76774952545926
2.71418523674949	1.72545089942307
2.71417737495468	3.87717407070491
2.89836218876583	3.8390563297601
3.24344262571815	3.59592965453761
3.26501706720972	3.82851558447636
3.27170673653521	3.37040385946507
3.28755026513783	3.17544930116152
3.29763608372583	2.9870576594996
3.30257658950883	2.79989386391695
3.29780693702117	2.61293910112663
3.28753660520441	2.42465535991118
3.27231005545451	2.22985793551986
3.24012838124063	2.0089360428911
3.27394249970929	1.76841335544015
1.15094405037867	4.40621049940406
1.15005369109432	1.18986025163113
1.18867860537645	2.34905767127315
1.18946489814864	3.25029857851822
1.17741966415271	3.54909256791051
1.18654013121045	2.04394244702487
2.42918771717337	1.51292673278242
2.43239354052546	4.08748480457401
1.52253167418675	1.24712065636176
1.53326319644164	4.35375742078822
2.23550851237303	1.46062135484544
2.23108512687942	4.13599809916216
1.05702078051226	2.79886961198446
1.21588975784323	3.33878735632197
1.2167029980298	2.26058406655146
1.22461537741549	2.13845848337739
1.21999305097293	3.46312143367694
1.02324640142981	3.13512491754656
1.0226660961524	1.93322421887972
1.01869877067602	4.33556477885662
1.01992046498143	2.46424098231412
1.02089280045334	3.66371047068415
1.02379900354995	1.26235117222338
3.32822046682058	1.57539093010632
3.32715181969729	4.0245962224571
1.06851672740876	1.59147735563408
1.07216623265114	4.0031573334389
1.15698495423082	3.23757474723032
1.15884700201941	2.36116459921849
1.15737691696446	2.03378242185377
1.14581273314423	3.56428516859669
1.30058578986958	1.06577033095936
1.29387789375769	4.53750625889804
1.21146578034107	1.13423575570911
1.2064947920503	4.46951861335404
1.16998429663184	1.23473531618608
1.16704565258536	4.36416482968495
1.24327627449062	2.0654754405646
1.21760668502719	2.03401346546018
1.27677345422254	2.18966876767767
1.27553487625848	2.21957033100547
1.22286074776159	2.36010317084275
1.24161954303253	2.32903089036505
1.27367595285559	3.41240800305757
1.27161027883317	3.38096695120785
1.22127101787668	3.2421166157405
1.24122933797051	3.27066096237609
1.21769781322118	3.55951061650787
1.24263501358861	3.5314841985612
1.3981137797717	1.20713531672162
1.40472378036137	4.39584975091606
1.7596296828293	1.59832672774897
1.764109674051	4.0075799173795
2.75897561757756	1.94583294736137
2.76258390122853	3.66329203056575
3.09466641427389	3.42055234143634
3.10944059849296	3.24775915115036
3.12618933837777	3.07234481066781
3.13515511012024	2.8891215943551
3.13534760421465	2.71062204188576
3.12632773644496	2.52787081499704
3.11089617107213	2.35062170588574
3.10021697344639	2.17520435242903
2.28433694731671	1.68160073281367
2.2824534203571	3.91438587447343
1.12862551300832	2.9034987422139
1.13706985898792	2.69349903122672
1.56426580034218	1.38543522707893
1.56618247258745	4.21196410484136
2.08410019548843	1.57363160913463
2.08555750259066	4.0190887876875
2.51091053850647	1.69666181294218
2.50491958120264	3.90521307668907
1.2709217574678	4.588331355092
1.27897880302954	1.00906896566194
1.24977476786732	3.32837873470474
1.06418287499149	1.29564831568759
1.06240199495882	4.30073827551114
1.25191388570865	2.27133207433113
1.07851539289572	2.50500163444617
1.35779358775016	1.03116010755645
1.3364806795626	4.59782187491758
1.07717154581663	3.0968678244746
1.07800184781194	1.89660430733981
1.07842134031391	3.70213276936799
1.13968492099389	1.70564470424375
1.14112465697107	3.8933566257732
1.16286486215601	1.16496084042054
1.15692274476261	4.43675700947359
1.15662036163696	4.11604871205504
1.15207208064082	1.48003194996014
3.09048099987665	1.84682436334566
3.09141429987349	3.7608048524266
1.15287531481951	2.39883286317223
1.15359255544483	3.19749902123047
1.1464296587637	3.59790733076177
1.14910593433384	2.0015691117541
1.24714599266517	1.13045494247982
1.24780351303514	4.46882089616589
1.23669866054263	1.37384293746888
1.1507274999285	1.87610296090343
1.1947471486623	1.80648590401468
1.20070842200055	2.60685906546412
1.15946563874769	2.52599490329964
1.14650182476764	3.06741275353491
1.18680603104431	2.99517872904722
1.19630085398522	3.79677676277456
1.15201414025196	3.72503960094363
1.23755949172579	4.225760808528
1.25883675749331	2.02769260864667
1.31056273113057	2.20563696409562
1.31115788885758	2.26568122171173
1.25802312895281	2.36385395374036
1.30892853349422	3.39249655538177
1.30987358045257	3.33361998337803
1.25955470470379	3.23334080745963
1.25951752473286	3.56169431211573
2.92131120140394	3.32703700124867
2.94253284421805	3.15054947075653
2.95748290779782	2.97322985369941
2.96044946323864	2.79776110533258
2.95837961683759	2.62343343215402
2.94242538330824	2.44657027415818
2.92130052677626	2.27296801982477
2.41116968914189	1.87562025943087
2.40707110459592	3.72198698282144
1.34948251442845	1.61818637067514
1.35308749881749	3.98376749805623
1.3548383179025	1.11460213341999
1.35816686651985	4.4980515021133
1.25534924519923	3.47156793582446
1.26445194167522	2.09956371635076
1.92604128154736	3.92173727813286
1.92562537283509	1.67297082289724
1.59492698670024	1.53841664930051
1.60469797203287	4.05842265377417
1.19279621803251	2.79753533797129
2.59307295094881	1.86057464602917
2.59199331264608	3.74337365130817
1.39921808412205	4.23822066677206
1.39208910796261	1.35206867045166
1.18687703265473	4.40693535058835
1.18931098855359	1.19100645360673
2.93414072733347	1.94006667557351
2.93399783631271	3.66951847014326
1.16326591203914	4.29335848952436
1.16420067953102	1.30321411939605
1.18659667127454	3.5876134341874
1.18889232918298	2.00709739563219
1.13954017799106	2.43660615658935
1.14329456354442	3.15946254038655
1.2558304586132	2.30114898804369
1.25502399740688	3.29839767495694
1.14048114143074	3.63761459790812
1.14466972124623	1.96349019260417
1.19632091390534	2.38836350662333
1.1938669193607	3.21243745398984
1.26058520969771	2.13561636042207
1.23315837505914	1.22462776917969
1.23282775877262	4.37404709808414
1.30871365730183	2.16966235334223
1.31081805720265	3.42793475307682
1.28047218418922	3.53087876833494
1.77523836954928	1.76405597001792
1.62419110001571	1.70540118739534
1.78211705928288	3.83924303889768
1.63414089978609	3.90256057565134
2.21850709020509	1.8949178538552
2.21964428340048	3.69615198856585
1.28168164268697	3.31196978360808
1.28341769466222	2.28771119513811
1.18842465245484	1.15274907360434
1.18763547585375	4.44081402420155
1.2370451514602	1.89884764215308
1.25576794643283	2.52823160435041
1.23140848877797	3.08023681674094
1.23432664108087	3.70325308479751
1.34024458583662	2.23471502147845
1.33956363556531	3.36318201074657
2.7612020841562	3.23541032915817
2.77920417609329	3.05145115115525
2.78892696339074	2.87941128752184
2.79315983610599	2.71163744811707
2.78152892575052	2.53809494525933
2.75175697906866	2.3565295383278
1.1999217184913	2.44583435535636
1.21148969203815	3.1426219958928
1.22754754999895	1.17098233652578
1.22744096587767	4.42881013408926
1.27973783233595	2.06252109248493
1.29946411569048	4.42274372894745
1.29481496923683	1.17823149606446
1.44570047769405	1.49850650003978
1.28172102138587	2.32822092053848
1.2809612645473	3.27237754979019
1.44897007653752	4.09919089634903
1.30405420088318	1.27018832025264
1.30818372952352	4.32694820622995
1.23540075885045	3.59699816733067
1.23313149655829	1.99696574856726
1.2738926378628	2.69497330221229
1.25252080441634	2.89676168221133
1.23949767367845	2.40002399008239
1.24153214599114	3.2015126335053
2.08401943465914	3.83452305860951
2.08508389166288	1.76636384097037
1.28200616592487	3.45283798724743
1.17157917589609	3.62157332040115
1.17287819833493	1.97410620998049
1.26084511585853	3.50574727149684
2.55161564798747	2.05747407869409
2.55503929302979	3.54379469376927
1.26479680292547	1.71906149267207
1.26684980879051	3.88396675934882
1.12808979100741	2.47472409213133
1.27749031014458	2.1588010874529
1.1299347067857	3.12074038028914
1.28349811584692	1.98851363175925
1.29723504906037	2.02503606267788
1.3443390993784	2.18999629310625
1.34558859567368	3.40643511781727
1.30203399588064	3.56821722982715
1.27751229343981	3.59480761845706
1.63331942865761	1.8607231794652
1.63858443897333	3.7485810470174
2.04576308491223	1.94037969194174
2.04617505732607	3.65033552181243
2.60023140667872	3.12057303155354
2.60733036106942	2.95627125177624
2.61872031700008	2.79120262502135
2.63765888038312	2.63618522152608
2.57453660731807	2.48156260031867
1.24951527496684	2.44887036826275
1.25808839008378	3.149430971813
1.43494347945985	2.80030714874817
1.30226416808853	2.09388217982239
1.13233409540321	3.67347076595364
1.13002435423743	1.92424670135549
1.31306576232719	3.46527680948751
1.91359143634088	1.8448673427012
1.92028356170318	3.75473457529428
1.30632681511785	1.83630157429119
1.31082025857842	3.76894981938138
2.33137842425522	2.05944443069695
2.33035405753457	3.5354693836992
1.48606574254193	1.65965212933639
1.49328122496511	3.94852298263624
1.2093439154935	1.96575286700969
1.21016884328173	3.63348340299152
1.31855068932147	2.59939681705949
1.30385509710616	2.99407501761858
1.29670050918326	2.13036637786902
2.74347126892749	3.4357709502145
2.74008269792691	2.16886789375625
1.17703892916401	3.66755415247274
1.1751854330971	1.93392629416093
1.29411127227949	3.49150699455743
1.31444937807178	3.29661535117432
1.31567860280237	2.30422846038438
1.29167538841571	2.36560065164509
1.29461973626598	3.23391806186933
1.35011734539873	2.50781578687862
1.32538616676094	3.08883788888094
1.3813456738575	2.20966955483109
1.38095917221035	3.3837167893038
1.32793037258072	1.98970796307541
1.31879108389177	3.61454764191036
2.43357579224983	3.01655920534631
2.44223275383314	2.84498910195881
1.30764155691975	2.45221123543884
1.33070579602092	3.15713235021789
1.33719301405879	2.11306652484458
1.33261414923579	3.49957132928123
1.88722968983847	3.58820059322183
1.87980939044764	2.00868186400209
1.34420101911947	3.44039590901609
1.32207285182516	3.67858541346812
1.32096912653637	2.34541871077808
1.31828281525285	1.92996796487798
1.3224966942979	3.25700523790627
1.31531622872749	2.05726412469225
1.75777480055789	1.92599479945485
1.78101446699217	3.67120877459611
2.15118532331004	3.50385394776854
2.16048337419236	2.08270822927636
1.317715929135	3.53310857487379
1.34069764780498	2.14959827764161
1.34572375337089	2.27716789293654
2.58475152588583	3.32693250263469
2.57429696632157	2.28736984643514
1.34509346062217	3.32426942081919
1.51459901197628	1.81055943446527
1.51645860380803	3.79983177587117
1.38098161213507	2.89940303521058
1.411753866986	2.67975969855517
2.44788573281321	2.65610710133859
1.63171792092357	2.0195538395718
1.52484431323001	1.96169816283229
1.65371607028715	3.60806707256615
1.52802067264725	3.64002897543905
1.51849693639964	2.88378084258248
1.53546804373557	2.74204152595378
2.24220298302362	2.24622090845191
2.23380912550974	3.3308539788091
1.42159824175219	2.47928191106
1.41497196505345	3.13097039219806
1.38134453048355	1.97161313568765
2.27270251050152	2.92906835215688
2.27251612362965	2.76298045973812
1.38079309050536	2.12296466880165
1.37206617714656	2.08396555136354
1.3753294076965	3.49640441538506
1.36204489417771	3.53196364254555
1.74746678548066	3.50022175755158
1.75404709724244	2.10272008795181
1.33021904510247	2.02955084195099
1.38224549341926	2.16553665787787
1.34744613081293	3.57048182352616
2.38555340712859	2.4216798276326
1.38495428481372	3.42800635514066
1.38287097639042	3.34150802084792
1.38219043936685	2.25228171816017
1.34750089438504	3.28298445626828
1.35102480181231	2.31883839367904
2.41695913168963	3.20117440658048
2.00673584243879	2.09548116874983
1.98796494542834	3.49847788742544
1.42819891257431	2.55927495090139
1.43143488000425	3.01244039555479
1.42164283280626	2.22486274310731
1.42019815447297	2.1880414342517
1.42673646079716	3.36902683584674
1.41910012943139	3.40845186895395
1.61776695487363	2.16187858937636
1.64271091689729	2.79821672187712
1.56474624038084	3.0082487500078
1.53928480368713	2.59598051396353
1.50473853157937	2.48770397596203
1.50570972503968	3.10101841230007
2.11534872970828	2.8460500629564
1.42292146605639	2.13334860884922
1.41885036757118	2.08323983603836
1.42791364128017	3.44620934988896
1.40381437700825	3.52192437740929
1.40070346436206	3.30237573137062
1.42680276963058	2.3128116374567
2.22535039495751	2.57859794468149
2.2644252669142	3.11456475095939
1.41804847548513	3.71079926770589
1.41559168153537	1.89824965278031
1.39144767627167	2.03454964585099
1.88497574402119	2.18807188148487
1.86085111284235	3.42729609765973
2.02700451750166	3.34578158761055
2.06363916097666	2.2477560923943
1.39908246483397	3.5674157123367
2.42401557293855	3.3860221582304
2.41445806734886	2.21778970277279
1.57190190561283	3.48489535881553
1.64464101464964	2.91696115811963
1.6519341443299	2.67421180196688
1.5005363647147	2.40095642627664
1.4209718905935	3.2144532534489
1.50782291896633	3.205506580489
1.47721951398996	2.280323162962
1.45975768116849	3.30977504156348
1.60469934136686	3.12905408904678
1.61324328323079	2.47269379589551
1.90765943484964	2.40493072931607
1.92358403388687	3.19080712597358
1.69249037150484	3.36062997422545
1.73467309502558	2.27826316494032
2.12383327923144	3.0020085051965
2.11995869537342	2.69990466148923
2.1407443542822	2.41068997671942
1.48413322676411	3.4119749597357
1.36032524692566	2.36366501727723
1.4658211354987	3.54066421510243
2.10000396467077	3.18451730572854
1.48527991617296	2.20125957397713
1.78003907125669	2.72280273107943
1.79396941047434	2.87857022426941
1.9568873422854	2.75555373475297
1.45740772935513	3.259369550779
1.96770293722378	2.9227045426953
1.70414371099393	3.02192010525625
1.67656342769714	2.54948457592237
1.54926669739237	3.36046111155837
1.41101338185003	2.36770592912846
1.57349927064558	2.26512408565393
1.9895968452078	3.06989486477279
1.4314119857598	3.61403979729184
1.46918905745907	3.47197907461229
1.63092973574758	2.36495944943333
1.46427275133839	2.34803922746335
1.73227762078666	2.42036288281978
1.74396138435449	3.18774265973482
1.88568442096006	2.5992131522348
1.8473076567971	3.04537472852605
1.60196541499124	3.2632364815432
1.18611664788863	1.03911737496921
1.18985561201824	4.56357877731755
1.41696397189346	2.27473796983492
1.47333996023994	3.35008978218896
1.42641296951395	3.32927031680267
2.03365129704255	2.5620235896383
1.22029562769984	1.06253769169119
1.53395818378929	2.34226107194269
1.2218990964361	4.53992300699863
1.27741395235022	2.40292067218108
1.28378425367691	3.19619366738098
1.17527345469072	2.4225753832686
1.17953656024155	3.1708493988997
1.38532353392146	2.29475770490877
1.36985941627351	3.30725040500418
1.17462951556661	3.12008923699734
1.16758524137701	2.46529862252669
1.06310409649417	3.15439405753264
1.06385919259511	2.44590855803334
1.12730921039436	4.7932439596571
1.12924562407523	0.799317049566225
1.06136398024865	1.95206969561816
1.06430341694954	3.64481084620223
1.16373487880605	3.46935592372121
1.16763095702944	2.12871931860524
1.50594747420943	3.30174564883513
1.25395034580649	1.08658281077294
1.17982608070007	3.4248466056256
1.25354230155405	4.5129545902311
1.12840728542269	4.35075966141637
1.09973248000329	4.37661779706102
1.12960144117075	1.24625023665067
1.18153320444539	2.17405329644331
1.09542701629736	1.22451727092452
1.42184013794291	3.48614823201118
1.09071364861346	1.97649742421585
1.08943902995225	3.62139629503421
1.79588446919785	2.51322931017277
1.38287220107523	3.46047038552412
1.0883544171471	3.17519454465268
1.08739302846319	2.42103395642875
1.44256685171967	2.00640739850916
1.21390692824759	2.48057109925876
1.21721369868929	2.41927929385499
2.9045891513701	3.50422707460612
2.90457454593441	2.09578117639248
1.17070973984429	2.22640587281924
1.38769998069589	1.76095950482855
1.17115522073808	3.37360925458771
1.21495219450204	3.17832101470753
1.42971337226258	3.29070848601829
1.39688606116283	3.84689196533673
1.30256319370524	2.23575256006562
1.15574712488419	1.13222211601987
1.16763343577832	4.4711105031003
1.29834619896742	3.36314149189009
1.03600516996157	2.41584212970205
1.0339732377655	3.18455152946205
1.1735603193837	4.66350934430193
1.28613781501191	4.72909302055896
1.29732553138224	0.871456741134631
1.17454729043427	0.934853350889589
1.03603610271222	3.61488000879188
1.03700024450998	1.98399650697181
1.84175637232275	3.29958053511569
1.19240573518558	4.626502332227
1.03683312924477	1.21435664785868
1.03532495156723	4.38317784942256
1.29017516709411	4.48807126933342
1.18929352950365	0.97215004479009
1.28752943789505	1.11303167112548
1.05623522003333	4.34828413029418
1.0617835953509	1.24446884075753
1.1334149880668	2.30443163065725
1.13495124001564	3.29498808830986
1.3845885067286	2.33077103455569
1.34597802917331	3.4717057498675
1.27885379299759	2.25417907626676
1.35647765853449	2.01511095255768
1.25408257374318	1.04905491856795
1.74330501214013	2.62219240728317
1.40850193527182	3.26159128969626
1.25301071257014	4.54997555083343
1.55698804591939	2.41597534392503
1.13775592962236	2.08917228639098
1.37949910904229	3.27859957779379
1.14007617048972	3.50543019322163
1.13651150467798	4.70417068333389
1.13600773223017	0.895210751356152
1.18023087681358	4.50361815115857
1.27499315518811	3.34421521392027
1.11160673510114	3.54236352466304
1.02193511178339	2.37858372034766
1.2009298091848	1.00286330026902
1.37283172820849	3.19166797846237
1.02022335487608	3.2218983683151
1.20204589003281	4.59515107322191
1.02290094540899	3.57781615806031
1.22227811497034	4.3168719384888
1.22015242069813	1.28075347984882
1.02263924052184	1.17786001136076
1.02122243403168	2.02113405650141
1.02043784349165	4.42078996467582
1.44692283131523	2.42057240106128
1.06658637205584	2.35705283874132
1.32272047259837	2.39143479465258
1.29734542288653	4.1151516963425
1.10454684266772	1.1372269802877
1.1076605667591	4.46507821594026
1.06790103470324	3.24361098137365
1.06662072080145	2.042353742683
1.29794897657447	1.48254001779798
1.42095348082617	4.6012999777123
1.42765787882133	0.973181594878358
1.2401713188143	2.11649513686203
1.06540627896297	4.43967920054971
1.3299224640562	3.21274493278709
1.26667811847757	3.63895276869889
3.05115525496491	3.58576727277648
3.05425631548995	2.02113324741057
1.07903387225833	4.76199861829836
1.20709051173714	3.43558679235132
0.828788170064013	3.38004061321696
0.828788170064013	2.18004061321696
1.07115332676362	0.844074566526763
0.933026663436066	2.37206975589302
1.20560841628036	2.1189512502226
0.828898116564859	3.42014589899086
0.828898116564859	2.22014589899086
0.93328888365463	3.57199920555426
0.935820005749086	1.17288914124963
1.1170633966479	1.96048455846131
1.33524366627723	2.08092386956833
1.25752830910846	1.95481574706207
0.981092157279062	4.77164211171707
1.02244065369822	4.76942747296356
1.2112935056085	2.1641932385461
0.827014128081902	0.983420496435377
0.828669751844583	4.57968001780587
0.826993279492107	4.61687889455781
0.828029097826187	1.02083562989651
0.981763667370112	0.824017516675936
1.10426637564895	4.74036029640083
1.3526402744025	2.05370943111246
1.02047729389433	0.823804088891486
1.11431935552702	1.29276831420388
0.934544430921211	3.22800391581247
1.10323150135169	0.865198508839071
0.934512711602891	4.42802854212551
0.93466858701254	2.0279605707471
1.16433557137276	3.49419254200797
1.44284875355758	2.25008443867642
1.16078403297869	2.0998515618343
1.11309402551856	4.30534085778244
1.21046251674462	1.59797731463051
1.21495486601366	4.00068289330006
1.13564986084668	1.15523403322421
1.32428641599628	2.79225713181442
1.44682657799773	2.16326535673066
1.16057410029223	1.06091773538125
1.16159087261975	4.53633053155436
1.37477218396375	2.42419189453758
1.49957823374898	2.10600945281779
1.36667418531188	3.24002766361382
1.33737931669067	0.951485617030462
1.09490023366438	2.34256257331145
1.09455047472692	3.25718337818115
1.15293830291936	2.27883584082292
1.15249132620672	3.32080922015163
1.09307197977945	2.05556232760424
1.19325105537207	3.48920776945393
1.07933671499546	3.55313512440113
1.07731844556055	1.15388061374948
1.37263397257759	3.62956316965492
1.18389916364709	1.07835648778993
