343	198	197
179	108	109
219	220	79
158	159	13
164	15	21
194	147	148
289	93	7
157	96	97
265	11	23
251	252	40
343	197	342
166	156	56
272	271	9
290	7	54
162	22	14
251	40	41
343	344	198
188	100	187
161	162	14
301	121	4
261	30	31
165	57	15
176	111	112
171	116	117
570	279	418
175	176	112
538	164	314
182	183	105
186	101	102
193	148	149
573	278	415
191	192	150
303	1	98
193	194	148
334	186	185
190	151	152
287	17	124
159	87	13
179	109	178
724	582	581
195	146	147
160	87	159
199	143	198
564	415	277
346	201	200
200	141	142
201	140	141
204	137	138
206	135	136
268	24	10
205	206	136
300	54	55
526	484	360
213	214	128
211	130	131
304	2	126
215	126	127
362	363	220
217	82	216
213	128	129
222	223	76
413	274	275
225	73	74
224	75	223
229	69	70
250	41	42
230	69	229
241	242	50
302	3	60
691	672	504
238	60	61
302	60	238
380	241	240
302	53	3
244	245	47
235	64	234
234	64	65
275	274	12
233	65	66
244	47	48
511	389	388
589	316	590
246	46	245
234	65	233
374	232	231
247	44	45
384	245	244
178	109	110
252	39	40
257	34	35
173	115	172
681	513	680
256	35	36
305	157	155
174	113	114
323	175	174
255	37	254
257	258	34
254	37	38
257	35	256
177	110	111
259	32	33
324	175	323
317	169	168
264	28	263
262	29	30
168	119	120
263	28	29
396	257	256
255	36	37
156	16	56
541	409	271
265	266	11
251	41	250
560	156	307
268	10	269
270	269	58
349	204	203
205	136	137
357	211	356
207	134	135
227	71	72
266	276	91
575	312	161
164	165	15
281	419	19
177	178	110
281	19	25
173	114	115
186	187	101
184	185	103
185	102	103
283	26	18
335	187	186
284	18	88
192	149	150
285	284	88
160	86	87
194	195	147
288	124	125
561	438	299
224	74	75
365	366	223
221	77	78
220	78	79
292	8	92
437	299	298
219	80	218
216	82	83
360	361	218
359	441	214
295	5	153
210	131	132
358	359	213
207	135	206
297	94	95
298	6	94
274	123	12
272	9	122
568	276	405
375	233	232
242	49	50
342	197	196
288	287	124
208	133	134
471	347	346
558	406	268
269	10	58
279	84	85
181	106	107
198	143	144
310	160	159
187	100	101
535	280	419
167	120	121
264	27	28
217	81	82
294	295	153
248	43	44
390	251	250
262	263	29
260	32	259
293	154	8
223	75	76
180	107	108
180	181	107
173	174	114
397	257	396
196	146	195
1749	1015	935
351	206	205
270	58	59
359	214	213
218	80	81
277	84	279
315	165	164
672	505	504
376	234	233
214	127	128
215	127	214
273	123	274
298	94	297
222	76	77
368	369	226
347	202	201
155	16	156
271	59	9
271	270	59
191	150	151
189	98	99
199	142	143
199	200	142
245	46	47
371	372	229
239	240	52
239	302	238
277	20	84
415	278	277
249	42	43
249	43	248
218	81	217
219	79	80
276	90	91
300	290	54
280	85	19
280	279	85
247	248	44
374	375	232
225	226	73
289	7	290
348	202	347
540	310	159
356	211	210
483	526	359
201	141	200
204	138	203
163	22	162
557	316	165
284	283	18
186	102	185
299	6	298
563	275	414
204	205	137
574	407	269
442	191	190
190	191	151
530	273	412
209	210	132
197	144	145
197	198	144
390	250	389
1041	958	1786
176	177	111
683	515	682
463	339	338
285	88	89
278	20	277
312	162	161
293	8	292
360	218	217
682	515	514
451	452	326
166	56	57
166	57	165
331	182	330
180	108	179
260	31	32
391	252	251
303	190	152
303	152	1
163	21	22
163	164	21
193	149	192
341	342	196
440	239	238
240	51	52
243	244	48
243	49	242
249	250	42
559	403	265
211	212	130
211	131	210
202	139	140
202	140	201
678	679	511
266	91	11
236	237	62
235	63	64
170	117	118
170	171	117
227	228	71
563	413	275
427	291	289
291	292	92
183	104	105
184	103	104
169	118	119
169	170	118
383	244	243
494	371	370
267	24	268
384	385	245
291	92	93
291	93	289
209	132	133
209	133	208
253	39	252
451	326	325
416	277	279
562	162	312
184	104	183
282	281	25
286	17	287
338	339	193
336	188	187
338	193	192
450	325	324
418	279	280
261	262	30
260	261	31
392	253	252
256	36	255
333	334	185
456	331	330
501	377	500
243	48	49
228	70	71
228	229	70
168	120	167
168	169	119
241	50	51
241	51	240
303	98	189
303	189	190
441	215	214
432	294	293
237	61	62
237	238	61
172	115	116
172	116	171
207	208	134
352	207	206
212	129	130
212	213	129
338	192	337
339	194	193
226	72	73
227	72	226
505	383	382
382	243	242
203	138	139
203	139	202
258	33	34
258	259	33
653	482	481
296	5	295
239	52	53
239	53	302
344	199	198
641	470	469
353	207	352
411	272	273
278	125	20
278	288	125
273	122	123
273	272	122
405	276	266
491	368	367
325	326	177
395	256	255
182	105	106
182	106	181
321	173	172
447	321	446
478	354	353
477	353	352
299	55	6
299	300	55
493	369	492
224	225	74
196	145	146
196	197	145
761	643	642
350	205	204
428	289	290
569	300	438
221	78	220
695	427	553
301	27	264
301	4	27
175	112	113
175	113	174
333	185	184
459	334	333
294	153	154
294	154	293
253	38	39
253	254	38
806	689	688
401	262	261
301	167	121
301	264	167
336	187	335
632	459	631
557	165	315
403	266	265
232	66	67
232	233	66
325	177	176
322	174	173
282	25	26
282	26	283
369	227	226
383	384	244
376	233	375
406	267	268
275	12	90
275	90	276
286	89	17
286	285	89
326	178	177
322	173	321
304	126	215
304	83	2
231	67	68
231	232	67
322	323	174
319	171	170
364	222	221
221	222	77
367	225	224
550	292	430
230	68	69
230	231	68
296	95	5
296	297	95
552	282	421
334	335	186
161	14	86
161	86	160
307	156	166
404	265	267
236	62	63
236	63	235
361	219	218
362	220	219
158	13	96
158	96	157
188	99	100
188	189	99
439	167	264
439	264	263
246	45	46
246	247	45
155	97	16
155	157	97
267	23	24
267	265	23
304	216	83
304	215	216
440	238	237
379	236	378
360	217	441
363	364	221
426	287	288
341	196	195
400	401	261
439	168	167
329	181	180
564	277	416
441	217	216
441	216	215
500	377	376
378	236	235
372	230	229
537	266	403
535	418	280
332	184	183
383	243	382
385	246	245
440	240	239
440	380	240
489	490	366
485	362	361
560	306	156
471	346	470
327	179	178
327	178	326
444	319	318
522	400	399
472	473	348
474	350	349
553	289	428
489	366	365
438	300	299
354	208	353
402	263	262
402	439	263
309	159	158
345	200	199
520	398	397
516	394	393
396	256	395
397	398	258
366	224	223
366	367	224
340	195	194
425	286	287
351	352	206
350	351	205
388	249	248
668	669	498
570	416	279
314	164	163
362	219	361
363	221	220
544	293	431
544	432	293
350	204	349
353	208	207
358	213	212
481	357	356
337	192	191
556	423	285
546	434	295
484	361	360
458	459	333
332	333	184
609	570	418
328	179	327
531	157	305
469	345	344
311	161	160
533	160	310
357	212	211
357	358	212
442	190	189
539	286	425
550	431	292
431	293	292
392	393	253
538	315	164
499	500	376
370	227	369
340	341	195
340	194	339
536	428	290
370	371	228
317	168	439
318	319	170
644	473	472
593	404	566
387	248	247
387	388	248
551	291	427
486	363	362
389	250	249
389	249	388
502	379	378
386	387	247
445	446	320
402	262	401
377	234	376
381	241	380
1736	848	914
553	427	289
697	556	424
562	313	162
430	292	291
551	430	291
829	707	530
479	355	354
561	299	437
571	274	413
373	230	372
510	511	388
754	636	635
634	463	462
330	182	181
330	181	329
420	281	282
455	329	454
799	682	681
666	667	496
318	170	169
318	169	317
373	231	230
373	374	231
534	408	270
477	478	353
316	166	165
565	307	166
424	285	286
635	464	463
574	269	408
531	308	157
381	242	241
381	382	242
397	258	257
398	259	258
407	268	269
558	268	407
328	180	179
328	329	180
370	228	227
371	229	228
346	200	345
345	199	344
454	328	453
454	329	328
399	259	398
400	261	260
706	549	426
465	341	340
320	321	172
446	321	320
452	327	326
449	324	323
414	275	276
568	414	276
499	376	375
507	385	384
306	155	156
572	155	306
465	466	341
529	426	288
331	183	182
331	332	183
478	479	354
576	437	298
421	282	283
808	700	556
616	615	438
536	290	429
442	337	191
525	442	336
422	283	284
460	334	459
313	163	162
567	314	163
412	273	274
571	412	274
529	288	417
831	529	717
355	210	209
355	356	210
434	296	295
482	483	358
391	392	252
512	513	390
394	255	254
394	395	255
393	254	253
393	394	254
386	247	246
386	246	385
532	436	297
576	298	436
565	166	316
391	251	390
436	298	297
1092	1036	949
706	426	529
469	470	345
368	226	225
368	225	367
859	524	523
519	396	518
452	453	327
448	449	323
988	873	872
514	391	513
429	290	300
569	429	300
433	295	294
555	294	432
523	400	522
737	617	736
417	288	278
573	417	278
1104	982	770
713	543	434
575	161	311
1731	849	915
408	269	270
476	477	352
308	158	157
710	309	548
468	344	343
346	347	201
442	189	188
442	188	336
280	19	419
554	419	281
399	260	259
399	400	260
409	270	271
475	351	350
495	372	371
537	405	266
435	297	296
543	296	434
365	223	222
365	222	364
485	486	362
485	361	484
559	265	404
513	391	390
1101	860	723
470	346	345
379	237	236
379	440	237
633	461	460
460	335	334
711	541	410
530	411	273
503	381	380
502	527	379
410	271	272
547	272	411
489	365	488
493	370	369
354	209	208
354	355	209
324	176	175
324	325	176
377	235	234
377	378	235
348	203	202
348	349	203
320	172	171
320	171	319
423	284	285
955	808	697
810	552	701
525	337	442
527	380	440
527	440	379
490	367	366
721	553	428
457	331	456
552	420	282
844	558	600
970	763	762
534	270	409
541	271	410
660	490	489
676	509	508
497	374	373
503	504	381
533	311	160
540	159	309
681	682	514
506	507	384
443	318	317
443	444	318
504	382	381
504	505	382
703	532	435
532	297	435
572	305	155
894	798	797
526	441	359
526	360	441
1742	1187	1237
491	367	490
448	323	322
447	322	321
718	575	311
466	342	341
482	358	357
555	433	294
482	357	481
483	359	358
854	567	583
718	311	533
644	645	473
473	349	348
461	335	460
556	285	424
567	163	313
608	564	416
543	435	296
546	295	433
708	308	531
758	640	639
615	569	438
649	478	477
776	659	658
488	365	364
1695	940	1052
662	663	492
642	471	470
764	646	645
474	349	473
474	475	350
495	371	494
493	494	370
678	511	510
510	388	387
946	707	829
603	414	568
503	527	502
503	380	527
549	425	287
549	287	426
681	514	513
518	396	395
496	373	372
495	496	372
492	369	368
492	368	491
674	507	506
497	373	496
453	328	327
936	722	824
1057	735	963
1679	695	825
517	394	516
684	517	516
455	330	329
626	454	453
652	481	480
480	355	479
949	703	823
713	434	546
506	384	383
506	383	505
487	364	363
775	776	658
660	661	490
1000	890	889
545	422	284
545	284	423
605	573	415
584	313	562
634	462	693
462	338	337
845	557	588
627	455	454
586	538	314
749	630	629
468	343	467
468	469	344
566	404	267
566	267	406
464	340	339
464	465	340
548	309	158
548	158	308
702	550	430
1755	1027	815
521	522	399
521	399	398
462	463	338
464	339	463
665	494	664
778	661	660
476	352	351
476	351	475
528	317	439
528	439	402
655	485	484
698	555	432
711	410	547
1094	946	1032
467	343	342
467	342	466
455	456	330
554	281	420
606	415	564
581	312	575
592	537	403
661	491	490
782	664	781
670	499	669
448	322	447
685	518	517
648	649	477
547	410	272
637	466	465
606	605	415
770	652	651
652	653	481
646	475	474
821	704	541
692	443	524
443	317	528
702	430	551
694	526	483
461	336	335
461	525	336
762	643	761
642	470	641
779	662	661
891	892	795
521	398	520
692	444	443
690	522	689
524	443	528
519	397	396
519	520	397
631	459	458
458	333	332
539	424	286
462	337	525
450	324	449
745	626	625
665	495	494
664	494	493
971	764	763
720	408	534
654	483	482
694	484	526
619	446	618
618	446	445
524	402	401
524	528	402
667	497	496
498	499	375
512	390	389
512	389	511
508	386	385
508	385	507
501	378	377
501	502	378
498	375	374
498	374	497
712	425	549
966	756	755
738	619	618
687	520	519
1787	853	597
679	512	511
517	395	394
517	518	395
622	449	621
793	676	675
697	424	539
634	635	463
472	348	347
472	347	471
800	682	799
451	325	450
542	421	283
542	283	422
830	708	531
578	572	306
704	534	409
1016	820	946
1648	957	842
509	386	508
487	363	486
487	488	364
693	462	525
818	549	706
629	457	456
630	458	457
832	610	535
854	585	567
696	420	552
696	554	420
515	393	392
515	516	393
588	557	315
684	685	517
445	320	319
445	319	444
523	401	400
523	524	401
660	489	659
825	553	721
613	437	576
650	478	649
1099	734	866
598	406	558
589	565	316
509	387	386
509	510	387
802	685	684
629	630	457
457	332	331
457	458	332
950	1682	696
701	421	542
514	392	391
514	515	392
640	468	639
1105	758	968
673	505	672
691	504	503
721	428	536
709	431	550
480	356	355
480	481	356
613	614	437
768	769	650
1694	1048	941
599	407	574
651	480	479
694	655	484
1645	1773	1044
617	444	692
658	488	487
659	489	488
656	486	485
698	432	544
619	447	446
689	522	521
658	659	488
774	657	656
798	680	797
671	500	670
717	529	417
756	638	637
952	699	809
654	482	653
768	650	649
648	477	476
656	485	655
938	775	657
700	545	423
636	637	465
722	535	419
1705	854	931
806	807	689
803	685	802
699	433	555
1760	713	812
808	556	697
700	423	556
763	645	644
645	474	473
827	718	533
710	540	309
703	435	543
769	651	650
723	578	577
1713	1677	1101
730	602	601
596	405	537
839	724	581
639	468	467
707	411	530
1729	927	856
1781	833	611
927	733	856
1093	761	760
708	548	308
932	825	721
797	680	679
669	499	498
792	674	791
1069	996	995
1695	853	940
590	316	557
845	590	557
624	452	451
587	315	538
834	694	654
654	694	483
699	546	433
1039	954	773
749	629	748
714	542	422
646	474	645
821	541	711
1718	1683	1098
651	652	480
777	659	776
611	536	429
1736	963	735
616	438	561
858	502	501
691	503	502
791	674	673
670	500	499
627	454	626
989	875	874
601	413	563
837	602	730
888	792	791
787	670	669
591	403	559
591	592	403
1621	832	936
813	714	545
621	449	448
620	621	448
638	467	466
1790	931	854
840	576	719
848	616	561
690	523	522
859	523	690
704	409	541
765	646	764
668	498	497
668	497	667
688	521	520
688	689	521
771	653	652
949	828	703
693	525	461
693	461	633
1694	941	852
1786	579	852
640	469	468
640	641	469
825	695	553
833	721	536
604	563	414
604	414	603
631	458	630
750	631	630
671	501	500
858	501	671
735	615	616
1781	611	733
722	419	554
824	554	696
720	574	408
841	574	720
620	448	447
619	620	447
676	508	675
797	679	796
623	451	450
783	666	665
830	531	716
716	531	305
969	762	761
643	471	642
680	513	512
680	512	679
666	496	495
666	495	665
588	315	587
824	722	554
695	551	427
811	702	551
707	547	411
1748	1016	934
628	456	455
628	629	456
952	812	699
952	1039	772
1669	1049	727
798	681	680
1721	851	912
1721	1097	731
582	562	312
1722	1684	915
1792	850	604
855	568	595
614	561	437
848	561	614
717	417	573
836	605	731
828	719	532
719	436	532
822	540	710
705	533	310
595	568	405
595	405	596
675	508	507
675	507	674
1761	712	818
712	539	425
610	418	535
610	609	418
583	567	313
583	313	584
657	487	486
719	576	436
840	613	576
625	453	452
625	626	453
663	493	492
663	664	493
577	306	560
577	578	306
789	673	672
786	668	785
709	544	431
954	698	815
715	530	412
715	412	571
686	518	685
687	688	520
705	310	540
759	640	758
647	475	646
766	648	647
760	761	642
759	641	640
617	445	444
617	618	445
742	743	623
740	621	620
650	479	478
650	651	479
760	642	641
1015	819	945
1091	1033	755
624	625	452
1645	956	843
716	305	572
838	578	723
612	429	569
612	611	429
636	465	464
636	464	635
701	552	421
810	696	552
602	571	413
602	413	601
727	592	591
792	675	674
594	559	404
594	404	593
834	655	694
773	655	834
882	782	881
677	678	510
686	519	518
686	687	519
683	516	515
683	684	516
657	658	487
657	486	656
1686	825	932
775	658	657
714	422	545
813	545	700
632	460	459
632	633	460
647	476	475
647	648	476
746	627	626
747	628	627
831	706	529
755	637	636
582	312	581
638	639	467
580	560	307
1725	916	846
579	307	565
579	580	307
607	416	570
607	608	416
832	535	722
628	455	627
638	466	637
756	637	755
788	670	787
785	668	667
662	492	491
662	491	661
624	451	623
746	747	627
600	558	407
600	407	599
643	472	471
643	644	472
1169	861	978
748	628	747
816	539	712
753	635	634
585	314	567
585	586	314
677	510	509
677	509	676
804	687	686
805	687	804
1765	1022	817
751	632	631
1017	947	821
765	647	646
801	684	683
807	690	689
745	746	626
1180	988	1140
673	506	505
673	674	506
816	697	539
835	753	634
818	712	549
731	605	606
597	566	406
597	406	598
622	450	449
622	623	450
781	664	663
1644	842	957
826	720	534
826	534	704
1728	1056	1793
1785	964	1734
855	603	568
1712	1055	1792
836	573	605
836	717	573
1168	866	982
770	651	769
778	779	661
833	536	611
844	598	558
1238	1102	1170
1081	1009	1008
740	741	621
1713	846	916
1716	917	844
736	859	690
918	736	807
827	533	705
1100	724	861
1106	979	764
764	645	763
1730	844	917
1750	715	837
767	649	648
869	741	740
743	744	624
744	745	625
741	622	621
784	785	667
796	679	678
1718	1098	730
767	648	766
1780	610	832
1793	851	608
967	968	757
822	705	540
791	673	789
996	884	883
1730	960	1787
1097	864	731
968	758	757
748	629	628
1780	732	610
1039	773	834
773	656	655
1729	1057	927
880	881	781
1787	940	853
1789	847	594
837	715	571
837	571	602
780	663	662
780	662	779
809	699	555
809	555	698
1039	834	772
954	809	698
736	617	692
859	692	524
1777	926	1674
749	750	630
847	591	559
847	559	594
967	757	756
757	758	639
790	671	788
858	691	502
857	570	609
857	607	570
1733	1013	975
1712	855	933
1695	1052	1789
1789	942	847
739	620	619
739	619	738
752	633	632
1091	944	1033
757	639	638
757	638	756
762	644	643
762	763	644
1758	816	712
955	697	816
744	625	624
1653	587	843
782	665	664
880	781	780
932	721	833
1622	1059	1717
985	869	984
740	620	739
736	690	807
736	692	859
1094	767	766
829	530	715
970	971	763
1713	1101	723
772	654	653
772	834	654
790	858	671
790	691	858
946	820	707
767	768	649
1705	1773	725
1790	1042	931
876	748	747
1653	843	956
849	584	562
849	562	582
1176	976	951
811	551	695
841	599	574
862	729	841
974	770	769
1723	914	848
726	588	587
725	586	585
817	542	714
817	701	542
856	569	615
856	612	569
851	564	608
851	606	564
742	622	741
742	623	622
801	802	684
1667	1045	943
795	678	677
795	796	678
1640	774	1020
1027	928	908
737	618	617
737	738	618
794	677	676
794	795	677
1687	1097	1721
754	755	636
815	544	709
815	698	544
1745	1022	939
937	631	750
839	575	718
839	581	575
853	593	566
853	566	597
1722	915	849
1105	978	758
923	1770	718
1744	1018	822
1096	1035	948
953	813	700
835	633	752
990	876	875
743	624	623
843	587	538
843	538	586
1104	770	974
1771	728	1644
805	688	687
805	806	688
732	609	610
732	857	609
788	671	670
919	789	790
820	711	547
820	547	707
771	652	770
828	532	703
1102	729	862
1716	1678	917
899	802	898
798	799	681
1731	959	1790
1790	854	583
786	669	668
786	787	669
948	827	705
948	705	822
904	791	789
919	788	887
879	780	779
1707	1053	933
1004	894	893
905	738	737
895	896	799
1667	943	845
953	700	808
1765	1762	909
1021	949	823
1026	772	911
728	595	596
1707	933	855
1748	820	1016
1095	1034	947
814	550	702
814	709	550
1068	994	1067
781	663	780
897	898	801
896	800	799
1758	712	1761
1107	966	755
871	872	743
873	745	744
1793	962	912
1682	1177	1029
893	797	796
782	783	665
729	600	599
729	599	841
842	537	592
842	596	537
1749	819	1015
1093	945	1031
921	829	715
972	768	767
867	738	905
902	903	806
838	572	578
838	716	572
1788	590	845
1048	1788	1047
819	710	548
819	548	708
792	793	675
793	794	676
1669	847	942
894	797	893
846	577	560
846	560	580
1091	755	754
944	706	831
1745	817	1022
1025	752	909
800	683	682
800	801	683
924	1769	719
1723	734	1099
777	660	659
777	778	660
882	783	782
881	782	781
733	611	612
733	612	856
850	601	563
850	563	604
1768	1023	810
1709	696	810
835	693	633
835	634	693
823	543	713
823	703	543
1761	930	1758
953	1040	752
947	826	704
947	704	821
784	667	666
784	666	783
852	565	589
852	579	565
790	672	691
790	789	672
1001	891	890
888	791	904
734	614	613
734	613	840
803	686	685
803	804	686
812	713	546
812	546	699
945	819	708
945	708	830
1741	1020	814
1763	702	811
919	790	788
885	786	785
1010	900	899
868	869	740
1756	1020	928
1756	814	1020
1050	727	1049
999	889	888
965	950	1023
937	751	631
944	818	706
1019	818	944
874	745	873
1149	1063	1062
1793	912	851
967	756	966
886	786	885
890	794	793
900	804	803
871	743	742
918	737	736
918	905	737
1040	753	835
1040	835	752
880	780	879
1736	914	963
1040	955	753
1092	771	770
924	719	828
1759	713	1760
1759	823	713
872	744	743
872	873	744
870	741	869
898	802	801
868	740	739
867	739	738
886	787	786
887	788	787
887	787	886
1000	1001	890
1725	958	916
1005	894	1004
1751	717	836
920	831	717
908	656	773
908	774	656
1746	716	838
922	830	716
1086	989	874
990	875	989
882	883	783
1037	904	887
868	739	867
902	806	805
1641	939	1022
1641	751	937
1073	1001	1000
889	792	888
889	793	792
889	890	793
1037	887	886
1037	888	904
1700	1295	1252
1795	1103	732
1716	729	1102
970	762	969
1146	1051	1052
1081	1082	1009
1092	770	1036
1769	866	840
984	869	868
1140	988	1064
1025	953	752
1661	1116	958
1011	1012	901
1011	900	1010
919	904	789
919	887	904
1743	1017	821
1743	934	1017
1014	748	876
964	750	749
1027	908	773
1027	773	954
884	785	784
884	885	785
923	718	827
1096	759	758
1714	1621	936
1641	1023	939
1123	961	1055
1098	863	730
1767	841	720
925	720	826
860	838	723
1746	977	922
897	801	800
897	800	896
1003	893	892
1316	1123	1055
901	804	900
903	905	918
892	796	795
892	893	796
866	734	840
1769	840	719
1386	1353	1273
1692	1298	1196
883	784	783
883	884	784
1190	1065	1166
1009	1010	899
903	807	806
903	918	807
1157	1077	1076
992	878	991
1034	979	925
1095	765	764
1773	1043	1044
1115	959	915
877	778	777
877	878	778
1640	938	774
1708	1024	811
907	766	647
907	647	765
870	742	741
870	871	742
906	641	759
906	760	641
1323	1287	1202
1011	901	900
1744	935	1018
1018	948	822
878	779	778
878	879	779
1013	877	777
1393	1309	1362
895	799	798
895	798	894
938	657	774
909	632	751
909	752	632
1066	992	991
992	879	878
875	747	746
875	876	747
863	837	730
1750	921	715
1648	727	1050
933	1251	1712
1094	1032	767
1108	972	767
925	1767	720
1767	862	841
1112	912	962
1174	990	1065
983	867	1038
1038	867	905
911	772	653
911	653	771
899	803	802
899	900	803
891	795	794
891	794	890
1122	1054	960
1106	764	971
864	836	731
1751	981	920
1640	1020	1741
1708	951	1024
1153	1070	1069
1003	892	1002
1030	1679	1686
1013	777	776
1718	850	913
1792	913	850
1028	753	955
1028	955	816
901	805	804
901	902	805
910	635	753
910	754	635
1096	758	1035
1770	861	839
861	724	839
1770	839	718
973	769	768
972	973	768
1093	1031	761
1109	969	761
874	746	745
874	875	746
1125	1057	963
991	878	877
1728	857	926
926	857	732
1026	952	772
1026	911	929
936	832	722
1780	1621	1795
1033	944	831
1033	831	920
1681	750	964
1714	1119	1058
1792	961	913
973	974	769
1762	813	1025
1025	813	953
1028	930	910
1028	910	753
1722	724	1100
1129	968	967
1035	827	948
1035	923	827
1709	950	696
1768	939	1023
1128	966	1107
1751	864	981
981	755	1033
981	1033	920
1294	1302	1139
1137	1138	974
1465	1432	1346
1120	958	1041
1006	896	895
1006	895	1005
1016	766	907
1016	907	934
1755	928	1027
1027	954	815
1090	877	1013
976	1024	951
1649	1629	1111
1090	991	877
1127	967	966
1005	895	894
1181	879	1085
1007	1008	897
1008	898	897
983	868	867
1012	902	901
1442	1443	1337
1750	837	863
1040	808	955
1040	953	808
1064	988	987
1061	985	984
997	884	996
1085	879	992
1034	764	979
1095	764	1034
1003	1004	893
993	881	880
1317	1042	1121
1412	1270	1417
995	883	882
995	996	883
1018	906	759
1018	935	906
1222	1124	1056
1731	915	959
999	1000	889
999	888	1037
1183	1045	1143
1083	1011	1010
976	775	938
1640	1741	1763
1657	961	1123
1703	1294	1059
1166	1065	989
1072	1087	1164
1179	1733	1350
1679	951	695
997	885	884
1164	1073	1072
965	937	750
1641	1022	751
1038	905	903
983	984	868
1730	917	960
1315	1054	1122
975	776	775
1680	775	976
1014	749	748
1734	964	1014
1031	830	922
1031	945	830
1015	760	906
1015	906	935
1131	969	1132
1746	860	977
1079	1007	1006
1265	1145	1186
1038	903	902
1038	902	1012
1034	826	947
1034	925	826
998	886	885
998	1037	886
987	872	871
987	988	872
986	871	870
986	987	871
1179	1090	1013
1680	1139	975
1022	1765	909
1022	909	751
994	882	881
994	995	882
1314	1041	1249
1725	580	1786
1032	829	921
1032	946	829
1002	892	891
1002	891	1001
1036	828	949
1036	924	828
1160	1080	1079
1078	1006	1005
1060	1061	984
1084	1012	1011
994	881	993
1075	1003	1002
1669	942	1049
1077	1005	1004
1760	929	1759
1026	812	952
1009	899	898
1009	898	1008
1039	809	954
1039	952	809
978	923	1035
978	1035	758
982	924	1036
982	1036	770
980	767	1032
980	1032	921
1262	1223	1144
1315	1248	1054
985	870	869
985	986	870
1071	998	997
997	998	885
1142	1044	1043
1207	1149	1206
977	761	1031
977	1031	922
1017	934	907
1017	907	765
1072	1000	999
1071	1245	1087
1019	754	910
1019	910	930
1007	897	896
1007	896	1006
1771	1791	1053
1729	735	1057
1795	1110	1103
1295	1058	1119
1078	1079	1006
1088	983	1038
1021	929	911
1021	911	771
1020	774	908
1020	908	928
1230	1090	1179
1651	1125	963
1060	984	983
1088	1038	1012
1218	1162	1161
1065	990	989
1087	1037	998
1087	998	1071
1107	755	981
1171	981	864
1067	994	993
1082	1010	1009
1095	947	1017
1095	1017	765
1109	761	977
1173	977	860
1725	1786	958
1191	1065	1190
1479	1391	1332
1710	733	1675
1175	1066	991
1068	995	994
1068	1069	995
1075	1076	1003
1232	1228	1141
1660	1199	1122
1170	979	1106
1077	1004	1076
1076	1004	1003
1075	1002	1074
1073	1000	1072
1087	999	1037
1087	1072	999
1091	754	1019
1091	1019	944
1094	766	1016
1094	1016	946
1705	931	1043
1705	1043	1773
1168	1099	866
1168	982	1104
1239	1100	1169
1174	1089	990
1063	987	986
1062	985	1061
1080	1008	1007
1080	1007	1079
1214	1157	1213
1185	1144	1047
1148	1062	1061
1081	1008	1080
1173	1109	977
1132	969	1109
1392	1103	1254
1288	1229	1174
1108	767	980
1172	980	863
1158	1078	1077
1282	1218	1217
1690	1029	1119
1318	1254	1110
1181	880	879
1181	993	880
1151	1068	1067
1156	1075	1155
1144	1048	1047
1077	1078	1005
1093	760	1015
1093	1015	945
1221	1057	1125
1789	1051	942
1171	1107	981
1171	864	1097
1311	1246	1127
1178	1014	1089
1180	1140	1086
1180	873	988
1787	1054	940
825	1686	1679
1686	1118	1030
1074	1002	1001
1073	1074	1001
1096	948	1018
1096	1018	759
1089	876	990
1089	1014	876
1355	1191	1272
1653	1046	726
1092	949	1021
1092	1021	771
1642	1304	1197
1169	978	1105
1694	589	1788
1694	1788	1048
1215	1159	1158
1063	1064	987
1138	1104	974
1373	1296	1188
1187	1050	1145
1791	1644	957
1152	1153	1069
1145	1050	1049
1084	1011	1083
1083	1010	1082
1675	733	927
1710	1111	865
1217	1218	1161
1162	1163	1082
1062	986	985
1062	1063	986
1227	1231	1140
1084	1088	1012
1211	1210	1154
1188	1051	1146
1070	996	1069
1154	1074	1073
1172	1108	980
1172	863	1098
1060	983	1088
1148	1149	1062
1201	1130	1129
1169	1100	861
1084	1165	1088
1165	1084	1083
1777	1674	1308
1070	997	996
1070	1071	997
1137	974	973
1316	1055	1251
1152	1069	1068
1156	1157	1076
1667	726	1045
1045	726	1046
1189	1147	1791
1771	1644	1791
1133	1134	971
1678	1102	1238
1244	1061	1060
1163	1083	1082
1224	1146	1052
1677	1241	1101
1298	1240	1138
1135	972	1136
1203	1134	1133
1133	971	970
1165	1083	1163
1165	1244	1088
1136	972	1108
1683	1242	1098
1130	968	1129
1687	912	1112
1134	1106	971
1170	1106	1134
1173	860	1101
1290	1190	1166
1246	1129	967
1128	1107	1171
1156	1076	1075
1214	1158	1157
1124	962	1056
1412	1349	1270
1680	975	775
1289	1175	1230
1343	1282	1281
1166	989	1086
1158	1159	1078
1164	1154	1073
1785	1295	1126
1681	965	750
1294	1139	1118
1717	1059	1118
1159	1079	1078
1159	1160	1079
1228	1067	1141
1307	1247	1135
1136	1108	1172
1135	973	972
1289	1193	1175
1419	1268	1337
1752	1656	1197
1684	1100	1239
1229	1178	1089
1654	1112	962
1177	950	965
1682	950	1177
1212	1155	1210
1152	1068	1151
1167	1085	992
1167	992	1066
1284	1231	1227
1299	1235	1183
1158	1077	1157
1291	1167	1192
1155	1075	1074
1155	1074	1154
1161	1081	1080
1161	1080	1160
1230	1175	1090
1175	991	1090
1213	1157	1156
1293	1151	1228
1185	1047	1235
1209	1153	1152
1294	1118	1059
1271	1230	1179
1127	966	1128
1243	1128	1171
1245	1070	1153
1293	1208	1151
1212	1156	1155
1208	1152	1151
1180	874	873
1180	1086	874
1226	1142	1043
1320	1311	1200
1121	1042	959
1656	959	1115
1255	1111	1710
1683	913	1113
1242	1136	1172
1242	1172	1098
1131	970	969
1639	1116	1661
1168	1104	1138
1240	1099	1168
1291	1232	1167
1192	1167	1066
1437	1199	1303
1241	1173	1101
1118	1139	1030
1030	1139	1176
1228	1151	1067
1141	1181	1085
1359	1208	1293
1193	1192	1066
1657	1113	961
1718	913	1683
1170	862	979
1170	1102	862
1292	1227	1150
1417	1270	1361
1208	1209	1152
1216	1160	1159
1691	1318	1647
1785	1734	1301
1126	1029	1177
1119	1029	1126
1292	1150	1207
1143	1045	1046
1243	1171	1097
1687	1243	1097
1298	1138	1205
1688	1099	1240
1263	1144	1185
1340	1341	1279
1150	1064	1063
1150	1063	1149
1660	960	1117
1638	1303	1199
1141	1067	993
1141	993	1181
1220	1165	1163
1219	1162	1218
1114	963	914
1688	1114	914
1223	1048	1144
1661	1198	1639
1130	1105	968
1130	1169	1105
1162	1082	1081
1162	1081	1161
1241	1132	1173
1173	1132	1109
1287	1233	1131
1202	1131	1132
1229	1089	1174
1200	1127	1128
1182	1044	1142
1258	1182	1142
1285	1232	1291
1205	1138	1137
1249	1041	941
1372	1263	1185
1217	1161	1160
1207	1150	1149
1638	1238	1303
1238	1170	1134
1651	963	1114
1240	1168	1138
1747	1236	956
1184	1143	1046
1296	1186	1234
1234	1049	942
1206	1149	1148
1340	1279	1278
1060	1088	1244
1244	1165	1220
1371	1122	1199
1325	1303	1203
1656	1121	959
1239	1169	1130
1639	1300	1241
1661	1120	1198
1244	1148	1061
1244	1220	1148
1321	1458	1304
1642	1197	1656
1719	1380	1257
1698	1299	1183
1297	1200	1128
1245	1071	1070
1164	1087	1245
1233	1133	970
1233	970	1131
1231	1086	1140
1231	1166	1086
1542	1508	1398
1235	1047	943
1219	1163	1162
1219	1220	1163
1210	1155	1154
1212	1213	1156
1235	943	1045
1235	1045	1183
1430	1269	1189
1246	967	1127
1642	1239	1304
1250	931	1042
1369	1250	1317
1248	940	1054
1377	1224	1248
1053	1225	933
1055	1712	1251
1747	1044	1182
1436	1381	1260
1227	1140	1064
1227	1064	1150
1742	1237	957
1742	1050	1187
1290	1231	1284
1415	1390	1373
1234	942	1051
1234	1051	1188
1360	1230	1271
1273	1192	1193
1225	1053	1147
1251	933	1225
1191	1174	1065
1272	1191	1190
1329	1366	1205
1727	1348	1416
1193	1066	1175
1776	1434	1348
1766	1200	1297
1720	1379	1417
1288	1174	1191
1311	1127	1200
1296	1234	1188
1711	1265	1186
1660	1117	1638
1638	1199	1660
1313	1210	1211
1211	1245	1153
1356	1193	1289
913	961	1113
1324	1323	1202
1639	1198	1300
1283	1218	1282
1312	1220	1219
1147	1053	1791
1757	1236	1184
1757	1184	1046
1281	1282	1217
1216	1159	1215
1248	1052	940
1248	1224	1052
1214	1215	1158
1278	1214	1213
1674	1103	1392
1392	1308	1674
1211	1154	1164
1211	1164	1245
1299	1185	1235
1281	1217	1216
1204	1135	1136
1307	1135	1204
1232	1085	1167
1232	1141	1085
1250	1043	931
1250	1226	1043
1186	1145	1049
1186	1049	1234
1692	1240	1298
1692	1196	1114
1376	1249	1223
1260	1143	1184
1275	1209	1208
1277	1213	1212
1279	1214	1278
1293	1228	1285
1270	1178	1229
1254	1103	1110
1249	941	1048
1249	1048	1223
1328	1204	1305
1643	1113	1657
1274	1207	1206
1217	1160	1216
1545	1488	1448
1337	1268	1269
1194	1693	1654
1687	1721	912
1247	1137	973
1247	973	1135
1259	1258	1142
1317	1250	1042
1280	1216	1215
1279	1280	1215
1400	1339	1338
1739	1210	1313
1268	1225	1147
1360	1289	1230
1313	1153	1209
1313	1211	1153
1300	1202	1132
1300	1132	1241
1397	1327	1328
1483	1396	1471
1267	1188	1146
1263	1262	1144
1376	1223	1262
1314	1120	1041
1322	1201	1306
1321	1304	1201
1287	1131	1202
1389	1346	1285
1459	1477	1427
1358	1207	1274
1775	1433	1306
1361	1270	1229
1276	1212	1210
1276	1277	1212
1733	975	1302
1139	1302	975
1302	1350	1733
1350	1302	1253
1297	1128	1243
1112	1654	1693
1255	1710	1675
1393	1255	1675
1285	1228	1232
1500	1415	1481
1290	1166	1231
1358	1345	1292
1367	1320	1200
1417	1361	1320
1404	1342	1403
1437	1371	1199
1278	1213	1277
1279	1215	1214
1319	1111	1255
1350	1271	1179
1473	1275	1432
1334	1264	1265
1340	1278	1339
1739	1313	1365
1342	1280	1341
1444	1385	1384
1312	1148	1220
1312	1206	1148
1372	1185	1299
1371	1315	1122
1283	1219	1218
1740	1312	1219
1306	1201	1129
1306	1129	1246
1310	1205	1137
1310	1137	1247
1647	1700	1252
1691	1252	1349
1349	1252	1301
1349	1301	1178
1774	1366	1650
1257	1221	1125
1284	1227	1292
1402	1341	1340
1785	1301	1295
1295	1119	1126
1421	1287	1323
1359	1275	1208
1305	1136	1242
1305	1204	1136
1665	1365	1275
1345	1284	1292
1259	1142	1226
1355	1288	1191
1356	1273	1193
1329	1205	1310
1612	1520	1569
1341	1280	1279
1740	1219	1283
1358	1292	1207
1303	1134	1203
1303	1238	1134
1331	1261	1260
1426	1290	1284
1342	1343	1281
1281	1216	1280
1700	1058	1295
1295	1301	1252
1368	1316	1251
1368	1251	1225
1256	1124	1222
1652	1766	1194
1286	1203	1133
1286	1133	1233
1373	1188	1267
1377	1266	1224
1261	1183	1143
1261	1143	1260
1673	1331	1398
1598	1579	1520
1266	1146	1224
1266	1267	1146
1368	1225	1268
1428	1374	1316
1775	1347	1433
1468	1369	1429
1703	1253	1294
1294	1253	1302
1777	1308	1222
1777	1222	1056
1366	1774	1205
1719	1418	1380
1666	1274	1364
1740	1364	1312
1370	1120	1314
1423	1262	1333
1264	1187	1145
1264	1145	1265
1384	1272	1354
1361	1229	1288
1414	1372	1391
1445	1386	1387
1269	1147	1189
1269	1268	1147
1221	1309	1057
927	1057	1309
1304	1239	1130
1304	1130	1201
1378	1184	1236
1735	1352	1378
1385	1355	1272
1322	1321	1201
1649	1111	1319
1689	1350	1253
1386	1273	1387
1496	1382	1441
1388	1284	1345
1448	1449	1401
1354	1272	1190
1354	1190	1290
1339	1278	1277
1739	1276	1210
1370	1198	1120
1637	1370	1632
1333	1262	1263
1376	1314	1249
1365	1313	1209
1365	1209	1275
1775	1311	1732
1512	1570	1668
1336	1267	1266
1421	1357	1287
1342	1281	1280
1401	1339	1400
1338	1277	1276
1338	1339	1277
1357	1233	1287
1357	1286	1233
1369	1226	1250
1369	1259	1226
1351	1237	1187
1351	1189	1237
1362	1221	1257
1362	1309	1221
1650	1196	1774
1257	1650	1366
1374	1195	1123
1374	1123	1316
1446	1426	1388
1472	1378	1352
1727	1360	1329
1467	1356	1416
1411	1380	1418
1380	1409	1362
1430	1189	1351
1442	1337	1383
1458	1197	1304
1375	1317	1121
1776	1348	1727
1727	1416	1360
1394	1321	1322
1507	1440	1381
1349	1178	1270
1734	1178	1301
1663	1395	1324
1324	1202	1300
1363	1256	1222
1363	1222	1308
1457	1305	1195
1469	1368	1419
1346	1293	1285
1359	1293	1346
1364	1206	1312
1364	1274	1206
1673	1398	1332
1673	1261	1331
1330	1258	1259
1433	1322	1306
1344	1283	1282
1344	1282	1343
1387	1273	1356
1540	1496	1441
1666	1283	1344
1450	1402	1449
1691	1349	1412
1408	1363	1392
1385	1272	1384
1468	1420	1369
1498	1480	1414
1479	1414	1391
1432	1275	1359
1432	1359	1346
1633	1377	1315
1500	1478	1415
1431	1358	1274
1403	1342	1341
1435	1198	1370
1664	1376	1423
1413	1288	1355
1732	1413	1347
1766	1652	1367
1256	1367	1652
1496	1459	1382
1401	1340	1339
1424	1336	1266
1377	1248	1315
1424	1266	1377
1396	1325	1326
1327	1307	1204
1327	1204	1328
1413	1361	1288
1466	1347	1413
1353	1291	1192
1353	1192	1273
1535	1502	1495
1470	1323	1395
1352	1182	1258
1735	1182	1352
1429	1369	1317
1429	1317	1375
1711	1186	1296
1676	1399	1334
1637	1435	1370
1431	1345	1358
1672	1513	1467
1477	1430	1351
1409	1319	1255
1411	1271	1350
1326	1203	1286
1326	1325	1203
1440	1398	1331
1381	1331	1260
1404	1405	1343
1404	1343	1342
1402	1403	1341
1471	1326	1422
1413	1732	1361
1732	1320	1361
1467	1387	1356
1672	1434	1463
1428	1316	1368
1419	1368	1268
1676	1335	1399
1697	1532	1493
1420	1259	1369
1420	1330	1259
1778	1357	1421
1465	1346	1389
1454	1407	1396
1481	1415	1336
1486	1439	1438
1537	1484	1440
1391	1372	1299
1698	1183	1261
1630	1490	1453
1489	1516	1450
1390	1296	1373
1711	1296	1390
1466	1355	1385
1517	1444	1502
1415	1373	1267
1415	1267	1336
1408	1254	1318
1392	1363	1308
1593	1528	1568
1426	1354	1290
1418	1360	1271
1418	1329	1360
1670	1454	1424
1633	1315	1371
1416	1289	1360
1416	1356	1289
1670	1407	1454
1478	1390	1415
1379	1256	1363
1379	1720	1256
1393	1362	1409
1393	1409	1255
1449	1402	1401
1401	1402	1340
1427	1187	1264
1427	1351	1187
1423	1376	1262
1664	1453	1406
1691	1647	1252
1408	1392	1254
1435	1300	1198
1435	1324	1300
1450	1403	1402
1425	1291	1353
1379	1363	1408
1720	1367	1256
1476	1321	1394
1754	1468	1394
1380	1362	1257
1719	1257	1366
1668	1462	1433
1570	1527	1499
1410	1258	1330
1410	1352	1258
1516	1452	1451
1498	1414	1479
1503	1386	1445
1489	1450	1449
1462	1668	1570
1439	1410	1330
1405	1344	1343
1474	1344	1405
1475	1374	1428
1475	1397	1328
1411	1418	1271
1411	1409	1380
1665	1338	1276
1473	1400	1338
1440	1331	1381
1486	1438	1499
1436	1260	1184
1436	1184	1378
1776	1307	1434
1434	1307	1327
1395	1323	1324
1663	1453	1395
1689	1411	1350
1689	1649	1319
1437	1303	1325
1407	1636	1396
1469	1475	1428
1469	1428	1368
1470	1421	1323
1388	1426	1284
1430	1383	1269
1383	1337	1269
1422	1286	1357
1422	1326	1286
1382	1264	1334
1382	1427	1264
1414	1263	1372
1414	1333	1263
1477	1351	1427
1477	1383	1430
1636	1371	1437
1633	1371	1636
1379	1412	1417
1379	1408	1412
1425	1285	1291
1425	1389	1285
1451	1404	1403
1471	1396	1326
1464	1345	1431
1464	1388	1345
1461	1353	1386
1461	1425	1353
1451	1403	1450
1452	1405	1404
1460	1426	1446
1512	1466	1385
1472	1381	1436
1472	1436	1378
1469	1397	1475
1443	1419	1337
1536	1439	1486
1537	1440	1507
1456	1352	1410
1456	1472	1352
1478	1335	1390
1511	1399	1335
1559	1526	1549
1511	1335	1478
1459	1427	1382
1487	1443	1442
1577	1432	1465
1448	1401	1400
1462	1322	1433
1462	1394	1322
1715	1583	1784
1631	1424	1454
1557	1515	1548
1451	1452	1404
1630	1453	1423
1480	1333	1414
1474	1431	1274
1510	1578	1431
1519	1503	1445
1494	1447	1461
1458	1375	1752
1476	1458	1321
1482	1470	1395
1782	1525	1482
1510	1431	1474
1539	1452	1516
1457	1475	1328
1457	1328	1305
1778	1422	1357
1514	1471	1422
1476	1468	1429
1476	1394	1468
1460	1384	1354
1460	1354	1426
1738	1487	1497
1738	1397	1469
1457	1195	1374
1457	1374	1475
1548	1515	1470
1601	1555	1581
1495	1502	1460
1466	1413	1355
1484	1398	1440
1495	1460	1446
1463	1327	1397
1463	1434	1327
1785	1126	1681
1778	1515	1455
1577	1509	1432
1516	1451	1450
1512	1385	1444
1668	1466	1512
1438	1330	1420
1438	1439	1330
1467	1416	1348
1569	1463	1497
1447	1389	1425
1447	1425	1461
1476	1429	1375
1476	1375	1458
1545	1448	1509
1509	1473	1432
1794	1487	1538
1659	1496	1540
1441	1334	1399
1441	1382	1334
1672	1463	1569
1794	1576	1612
1664	1423	1453
1663	1406	1453
1493	1477	1459
1738	1443	1487
1521	1514	1455
1488	1449	1448
1485	1441	1399
1540	1441	1485
1738	1497	1397
1497	1463	1397
1482	1395	1490
1548	1470	1482
1513	1445	1387
1513	1387	1467
1509	1448	1400
1509	1400	1473
1501	1410	1439
1501	1456	1410
1510	1405	1452
1510	1474	1405
1569	1513	1672
1506	1442	1383
1499	1394	1462
1536	1501	1439
1506	1383	1477
1506	1477	1493
1490	1395	1453
1726	1498	1597
1502	1384	1460
1502	1444	1384
1530	1537	1507
1724	1558	1525
1568	1545	1524
1577	1465	1524
1634	1508	1542
1492	1472	1456
1753	1531	1492
1508	1332	1398
1508	1479	1332
1507	1381	1472
1507	1472	1492
1595	1523	1539
1489	1449	1488
1504	1465	1389
1504	1389	1447
1578	1464	1431
1568	1488	1545
1530	1507	1492
1699	1486	1527
1592	1554	1535
1522	1455	1515
1754	1394	1499
1754	1499	1438
1515	1421	1470
1778	1421	1515
1483	1454	1396
1631	1454	1491
1706	1702	1565
1625	1552	1541
1503	1461	1386
1503	1494	1461
1483	1491	1454
1520	1519	1445
1505	1388	1464
1505	1446	1388
1568	1528	1488
1715	1491	1526
1528	1529	1489
1529	1516	1489
1497	1487	1794
1794	1538	1576
1567	1539	1516
1556	1549	1521
1534	1494	1503
1534	1503	1519
1527	1486	1499
1570	1499	1462
1528	1489	1488
1524	1465	1504
1538	1442	1506
1538	1487	1442
1520	1445	1513
1483	1549	1526
1542	1398	1484
1541	1399	1511
1541	1485	1399
1737	1784	1500
1715	1526	1583
1704	1614	1588
1522	1521	1455
1655	1564	1532
1569	1794	1612
1533	1506	1493
1533	1538	1506
1525	1548	1482
1581	1522	1557
1523	1505	1464
1575	1546	1505
1623	1550	1772
1558	1557	1548
1546	1495	1446
1546	1446	1505
1662	1570	1518
1562	1530	1531
1764	1571	1531
1518	1444	1517
1549	1471	1514
1549	1483	1471
1544	1498	1479
1544	1479	1508
1659	1655	1532
1532	1533	1493
1584	1559	1587
1573	1574	1547
1518	1512	1444
1517	1502	1535
1539	1510	1452
1578	1523	1464
1764	1501	1536
1531	1530	1492
1564	1533	1532
1579	1519	1520
1551	1484	1537
1554	1517	1535
1594	1529	1560
1567	1516	1529
1543	1511	1478
1543	1478	1500
1696	1566	1609
1782	1482	1490
1591	1534	1579
1620	1584	1587
1600	1783	1554
1547	1447	1494
1547	1504	1447
1604	1583	1584
1579	1534	1519
1560	1529	1528
1555	1521	1522
1557	1522	1515
1558	1548	1525
1575	1505	1523
1595	1575	1523
1578	1510	1539
1578	1539	1523
1685	1574	1573
1624	1596	1552
1624	1646	1608
1580	1556	1521
1491	1715	1737
1737	1500	1481
1685	1617	1590
1620	1587	1617
1570	1512	1518
1662	1527	1570
1577	1545	1509
1577	1524	1545
1659	1540	1563
1612	1576	1598
1634	1544	1508
1696	1597	1544
1572	1546	1575
1581	1555	1522
1779	1783	1600
1699	1536	1486
1561	1530	1562
1779	1600	1551
1724	1582	1558
1600	1550	1551
1599	1568	1524
1599	1593	1568
1662	1571	1527
1554	1783	1517
1574	1524	1504
1574	1504	1547
1572	1495	1546
1572	1535	1495
1552	1485	1541
1553	1485	1552
1573	1547	1494
1573	1494	1534
1576	1538	1533
1576	1533	1564
1592	1535	1572
1588	1557	1558
1553	1540	1485
1553	1563	1540
1550	1542	1484
1550	1484	1551
1587	1559	1556
1591	1573	1534
1514	1521	1549
1556	1559	1549
1594	1567	1529
1595	1539	1567
1726	1480	1498
1597	1782	1726
1596	1563	1553
1596	1553	1552
1764	1536	1699
1571	1562	1531
1561	1537	1530
1561	1551	1537
1569	1497	1794
1569	1520	1513
1772	1550	1600
1610	1585	1600
1597	1498	1544
1609	1782	1597
1626	1595	1567
1601	1603	1602
1607	1581	1557
1704	1558	1582
1607	1557	1588
1616	1588	1614
1779	1551	1561
1628	1585	1610
1589	1575	1595
1626	1589	1595
1608	1591	1579
1671	1586	1625
1613	1563	1596
1624	1608	1596
1593	1560	1528
1599	1524	1574
1613	1579	1598
1608	1579	1596
1613	1596	1579
1584	1526	1559
1583	1526	1584
1624	1586	1646
1602	1580	1555
1580	1521	1555
1606	1587	1556
1620	1617	1591
1589	1572	1575
1589	1592	1572
1626	1618	1589
1658	1589	1618
1702	1784	1583
1784	1737	1715
1599	1574	1590
1611	1593	1599
1784	1543	1500
1671	1625	1565
1772	1600	1585
1628	1582	1615
1610	1554	1592
1610	1600	1554
1606	1556	1580
1611	1605	1593
1724	1525	1782
1782	1609	1724
1614	1610	1592
1704	1588	1558
1620	1591	1608
1685	1591	1617
1671	1604	1586
1702	1583	1604
1655	1563	1613
1659	1563	1655
1603	1594	1560
1601	1602	1555
1605	1560	1593
1605	1602	1603
1564	1598	1576
1612	1598	1520
1606	1580	1602
1605	1603	1560
1611	1599	1590
1619	1606	1602
1658	1616	1589
1616	1607	1588
1701	1581	1607
1626	1567	1594
1619	1602	1605
1619	1605	1611
1615	1566	1585
1615	1609	1566
1616	1592	1589
1616	1614	1592
1617	1587	1606
1619	1611	1590
1618	1603	1601
1701	1618	1601
1619	1590	1617
1619	1617	1606
1646	1586	1604
1620	1646	1584
1645	725	1773
1747	956	1645
1668	1433	1347
1668	1347	1466
1690	936	824
824	1682	1690
1756	709	814
1756	928	1755
1658	1607	1616
1701	1601	1581
1753	1456	1501
1753	1492	1456
1630	1423	1333
1630	1333	1480
1736	616	848
1736	735	616
1727	1329	1310
1776	1727	1310
1666	1344	1474
1666	1474	1274
1706	1543	1784
1706	1784	1702
1670	1424	1377
1633	1636	1407
1325	1396	1636
1636	1437	1325
1728	1793	607
1793	608	607
1716	1102	1678
1678	1117	917
1632	1370	1314
1632	1314	1376
1628	1704	1582
1628	1615	1585
1716	844	600
1716	600	729
1744	822	710
1744	710	1749
1760	812	1026
1760	1026	929
1657	1123	1195
1657	1195	1643
1633	1407	1670
1633	1670	1377
1730	598	844
1054	1787	960
1635	1541	1511
1635	1511	1543
1637	1632	1406
1637	1406	1663
1685	1573	1591
1685	1590	1574
1755	815	709
1755	709	1756
1708	811	695
1708	695	951
1743	821	711
1743	711	1748
1774	1196	1298
1774	1298	1205
1623	1566	1634
1623	1542	1550
1681	1126	1177
1681	1177	965
1645	586	725
1645	843	586
1722	1100	1684
1684	1115	915
1748	711	820
1748	934	1743
749	1014	964
1734	1014	1178
1714	1058	1621
1627	1647	1110
1644	728	596
1644	596	842
1741	814	702
1741	702	1763
1723	848	614
1723	614	734
1664	1406	1632
1664	1632	1376
1770	923	978
1770	978	861
1721	731	606
1721	606	851
1738	1419	1443
1738	1469	1419
1660	1122	960
917	1117	960
1766	1297	1194
1766	1367	1200
1627	1058	1700
1647	1318	1110
1604	1584	1646
1646	1620	1608
1726	1782	1490
1648	592	727
1648	842	592
1627	1795	1621
1780	1795	732
1651	1114	1196
1650	1257	1125
1635	1565	1541
1625	1541	1565
1680	976	1176
1680	1176	1139
1483	1526	1491
1785	1681	964
1667	845	588
1667	588	726
1758	930	1028
1758	1028	816
1669	727	591
1669	591	847
1729	615	735
1729	856	615
1624	1552	1625
1624	1625	1586
1747	1645	1044
1735	1378	1236
1722	582	724
1722	849	582
1720	1320	1367
1720	1417	1320
1713	916	1677
1677	916	1116
1051	1789	1052
1695	593	853
1654	962	1124
1652	1124	1256
1707	855	595
1707	595	728
1781	733	1710
1767	925	979
1767	979	862
1689	1253	1649
1629	865	1111
1688	914	1723
1688	1723	1099
1650	1125	1651
1650	1651	1196
1699	1527	1571
1699	1571	1764
1745	701	817
1745	939	1768
1750	863	980
1750	980	921
1662	1562	1571
1662	1783	1562
1656	1115	1642
1752	1121	1656
1719	1366	1329
1719	1329	1418
1653	726	587
1757	956	1236
1638	1117	1678
1638	1678	1238
1655	1598	1564
1655	1613	1598
1679	1030	1176
1679	1176	951
1761	818	1019
1761	1019	930
1769	924	982
1769	982	866
1701	1607	1658
1701	1658	1618
1786	580	579
1725	846	580
1764	1531	1753
1764	1753	1501
1698	1332	1391
1698	1391	1299
1672	1348	1434
1672	1467	1348
1676	1334	1265
1711	1390	1335
1713	723	577
1713	577	846
1740	1283	1666
1740	1666	1364
1622	932	833
1781	1710	865
1742	957	1648
1742	1648	1050
1747	1182	1735
1747	1735	1236
1706	1565	1635
1706	1635	1543
1682	824	696
1029	1690	1682
1637	1324	1435
1637	1663	1324
1730	1787	598
1787	597	598
1640	1024	976
1640	976	938
1623	1634	1542
1696	1609	1597
1665	1275	1473
1665	1473	1338
1693	1194	1297
1693	1297	1243
1749	710	819
1749	935	1744
1674	926	732
1674	732	1103
1786	852	941
1786	941	1041
1622	1717	932
1629	1703	1059
1789	594	593
1695	1789	593
1791	957	1237
1791	1237	1189
1714	936	1690
1714	1690	1119
1626	1594	1603
1626	1603	1618
1623	1585	1566
1623	1772	1585
1711	1335	1676
1711	1676	1265
1754	1420	1468
1754	1438	1420
1790	583	584
1731	1790	584
1759	929	1021
1759	1021	823
1649	1253	1703
1649	1703	1629
1687	1112	1693
1687	1693	1243
1643	1195	1305
1643	1305	1242
1731	584	849
1042	1790	959
1788	589	590
1694	852	589
1409	1411	1319
1689	1319	1411
1627	1700	1647
1653	956	1757
1653	1757	1046
1408	1318	1412
1691	1412	1318
1675	927	1309
1675	1309	1393
1739	1365	1665
1739	1665	1276
1763	811	1024
1024	1640	1763
776	975	1013
1733	1179	1013
1628	1610	1614
1628	1614	1704
1654	1124	1652
1654	1652	1194
1768	810	701
1768	701	1745
1732	1311	1320
1775	1732	1347
1642	1115	1684
1642	1684	1239
1697	1459	1496
1697	1493	1459
1673	1332	1698
1673	1698	1261
1712	603	855
1055	961	1792
1671	1565	1702
1671	1702	1604
1631	1336	1424
1631	1481	1336
1751	920	717
1751	836	864
1712	1792	603
1792	604	603
1683	1113	1643
1683	1643	1242
1709	810	1023
1709	1023	950
1659	1532	1697
1659	1697	1496
1765	817	714
1765	714	1762
1752	1197	1458
1752	1375	1121
1788	943	1047
1788	845	943
1056	962	1793
1728	607	857
1771	1053	1707
1771	1707	728
1724	1609	1615
1724	1615	1582
1639	1241	1677
1639	1677	1116
1737	1481	1631
1737	1631	1491
1696	1544	1634
1696	1634	1566
916	958	1116
1661	958	1120
1718	730	601
1718	601	850
1692	1114	1688
1692	1688	1240
1726	1490	1630
1726	1630	1480
1705	585	854
1705	725	585
1686	932	1717
1686	1717	1118
1622	865	1629
1622	1629	1059
1762	714	813
1762	1025	909
1783	1518	1517
1662	1518	1783
1627	1621	1058
1641	937	965
1641	965	1023
1746	922	716
1746	838	860
1775	1246	1311
1775	1306	1246
1776	1247	1307
1776	1310	1247
1777	1056	1728
1777	1728	926
1778	1455	1514
1778	1514	1422
1783	1561	1562
1779	1561	1783
1780	832	1621
1627	1110	1795
1781	865	1622
1781	1622	833
