BCnode   BCtype
156      4
outBCNode	outBCNum
1	1
84	1
83	1
82	1
81	1
80	1
79	1
78	1
77	1
76	1
75	1
74	1
73	1
72	1
71	1
70	1
2	1
141	3
140	3
139	3
138	3
137	3
136	3
135	3
134	3
133	3
132	3
131	3
130	3
129	3
128	3
127	3
126	3
125	3
124	3
123	3
122	3
121	3
120	3
119	3
118	3
117	3
116	3
115	3
114	3
113	3
112	3
111	3
110	3
109	3
108	3
107	3
106	3
105	3
104	3
103	3
102	3
101	3
100	3
99	3
98	3
97	3
96	3
95	3
94	3
93	3
3	2
156	2
155	2
154	2
153	2
152	2
151	2
150	2
149	2
148	2
147	2
146	2
145	2
144	2
143	2
142	2
4	2
69	3
68	3
67	3
66	3
65	3
64	3
63	3
62	3
61	3
60	3
59	3
58	3
57	3
56	3
55	3
54	3
53	3
52	3
51	3
50	3
49	3
48	3
47	3
46	3
45	3
44	3
43	3
42	3
41	3
40	3
39	3
38	3
37	3
36	3
35	3
34	3
33	3
32	3
31	3
30	3
29	3
28	3
27	3
26	3
25	3
24	3
23	3
22	3
21	3
5	4
6	4
7	4
8	4
9	4
10	4
11	4
12	4
13	4
14	4
15	4
16	4
17	4
18	4
19	4
20	4
85	4
86	4
87	4
88	4
89	4
90	4
91	4
92	4