0	0
0	4.8
15	4.8
15	0
4.945	1.9
5	1.845
5.055	1.9
5	1.955
4.945	2.9
5	2.845
5.055	2.9
5	2.955
4.9524078315992	1.92756783464311
4.97242776137779	1.94758961711718
4.9524078315992	2.92756783464311
4.97242776137779	2.94758961711718
4.97243216535689	1.8524078315992
4.95241038288282	1.87242776137779
4.97243216535688	2.8524078315992
4.95241038288282	2.87242776137779
0.300000000000001	0
0.600000000000002	0
0.900000000000003	0
1.2	0
1.5	0
1.80000000000001	0
2.10000000000001	0
2.40000000000001	0
2.70000000000001	0
3.00000000000001	0
3.30000000000001	0
3.60000000000002	0
3.90000000000002	0
4.20000000000002	0
4.50000000000002	0
4.80000000000002	0
5.10000000000003	0
5.40000000000003	0
5.70000000000003	0
6.00000000000003	0
6.30000000000003	0
6.60000000000003	0
6.90000000000003	0
7.20000000000004	0
7.50000000000004	0
7.80000000000004	0
8.10000000000004	0
8.40000000000004	0
8.70000000000004	0
9.00000000000004	0
9.30000000000004	0
9.60000000000004	0
9.90000000000004	0
10.2	0
10.5	0
10.8	0
11.1	0
11.4	0
11.7	0
12	0
12.3	0
12.6	0
12.9	0
13.2	0
13.5	0
13.8	0
14.1	0
14.4	0
14.7	0
0	4.5
0	4.2
0	3.9
0	3.6
0	3.3
0	3
0	2.7
0	2.4
0	2.1
0	1.8
0	1.5
0	1.2
0	0.9
0	0.6
0	0.3
5.02756783464311	1.9475921684008
5.04758961711718	1.92757223862221
5.02756783464312	2.9475921684008
5.04758961711718	2.92757223862221
5.0475921684008	1.87243216535689
5.02757223862221	1.85241038288282
5.0475921684008	2.87243216535689
5.02757223862221	2.85241038288282
14.7	4.8
14.4	4.8
14.1	4.8
13.8	4.8
13.5	4.8
13.2	4.8
12.9	4.8
12.6	4.8
12.3	4.8
12	4.8
11.7	4.8
11.4	4.8
11.1	4.8
10.8	4.8
10.5	4.8
10.2	4.8
9.9	4.8
9.6	4.8
9.3	4.8
9	4.8
8.7	4.8
8.40000000000001	4.8
8.10000000000001	4.8
7.80000000000001	4.8
7.50000000000001	4.8
7.20000000000001	4.8
6.90000000000001	4.8
6.6	4.8
6.3	4.8
6	4.8
5.7	4.8
5.4	4.8
5.1	4.8
4.8	4.8
4.5	4.8
4.2	4.8
3.9	4.8
3.6	4.8
3.3	4.8
3	4.8
2.7	4.8
2.4	4.8
2.1	4.8
1.8	4.8
1.5	4.8
1.2	4.8
0.900000000000001	4.8
0.6	4.8
0.3	4.8
15	0.3
15	0.599999999999999
15	0.899999999999999
15	1.2
15	1.5
15	1.8
15	2.1
15	2.4
15	2.7
15	3
15	3.3
15	3.6
15	3.9
15	4.2
15	4.5
4.91935271526372	1.92362026300632
4.91788194726208	1.88154786577963
4.93813196080254	1.84894347913042
4.98677023827721	1.81936191788066
5.02375354591931	1.82061752507314
5.05961455074379	1.84040302085185
5.08304798380876	1.87824263057647
5.08280155272262	1.92251390930831
5.05934017200361	1.95988444941121
5.02147257926959	1.98043890066903
4.97847081829201	1.98159316298642
4.9408154310106	1.96015054135142
0.235441018092549	0.454979134158136
0.274023809773278	0.735295546267086
0.259807621135332	1.05
0.271203879352697	1.34855410413686
0.259807621135332	1.65
0.259807621135332	1.95
0.259807621135331	2.25
0.259807621135331	2.55
0.259807621135332	2.85
0.259807621135332	3.15
0.259807621135332	3.45
0.260568279413106	3.75881896608021
0.268650137467744	4.06850262248549
0.235441018092546	4.34502086584186
0.448366650349776	4.55932623589156
0.731050076074201	4.52351723370681
1.04243330534144	4.53035699935295
1.34556128751522	4.52931690282229
1.64999999999999	4.54019237886467
1.94999999999999	4.54019237886467
2.24999999999999	4.54019237886467
2.54999999999999	4.54019237886467
2.84999999999999	4.54019237886467
3.14999999999998	4.55598922526121
3.45074462210781	4.55516933611488
3.75004614739089	4.55862950962947
4.0499678482052	4.5621259647644
4.34993061037638	4.56208242220046
4.64973307644628	4.56157225484749
4.94925806172816	4.56583332538279
5.24911164844199	4.5658717040635
5.54914860623386	4.56448582585354
5.84855144782816	4.56306098304802
6.14804753535214	4.56104231379117
6.44739218905737	4.55819885240903
6.74848028119532	4.54985365632699
7.04999999999997	4.54019237886467
7.34999999999997	4.54019237886467
7.64999999999997	4.54019237886467
7.94999999999998	4.54019237886467
8.24999999999998	4.54019237886467
8.54999999999998	4.54019237886467
8.84999999999998	4.54019237886467
9.14999999999998	4.54019237886467
9.44999999999997	4.54019237886467
9.74999999999998	4.54019237886467
10.05	4.54019237886467
10.35	4.54019237886467
10.65	4.54019237886467
10.95	4.54019237886467
11.25	4.54019237886467
11.55	4.54019237886467
11.85	4.54019237886467
12.15	4.54019237886467
12.45	4.54019237886467
12.75	4.54019237886467
13.05	4.54019237886467
13.35	4.54019237886467
13.65	4.54019237886467
13.9606821276187	4.54457447391232
14.2704036547352	4.52881597330121
14.5450208658419	4.56455898190745
14.7593262358916	4.35163334965022
14.7249520912387	4.06754491135938
14.7401923788647	3.75
14.7290794742528	3.45147413853954
14.7401923788647	3.15
14.7401923788647	2.85
14.7401923788647	2.55
14.7401923788647	2.25
14.7401923788647	1.95
14.7401923788647	1.65
14.7401923788647	1.35
14.7375769888149	1.04064356555856
14.7279383061285	0.726928850209351
14.7593262358916	0.448366650349777
14.5450208658419	0.235441018092549
14.2647044537329	0.274023809773275
13.95	0.259807621135331
13.6518138476037	0.27154180788331
13.35	0.259807621135332
13.05	0.259807621135329
12.75	0.259807621135331
12.45	0.25980762113533
12.15	0.25980762113533
11.85	0.25980762113533
11.55	0.259807621135331
11.25	0.259807621135329
10.95	0.259807621135331
10.65	0.259807621135329
10.35	0.259807621135332
10.05	0.25980762113533
9.75000000000004	0.259807621135329
9.45000000000004	0.259807621135332
9.15000000000004	0.25980762113533
8.85000000000004	0.25980762113533
8.55000000000004	0.259807621135331
8.25000000000004	0.259807621135331
7.95000000000004	0.259807621135332
7.65000000000004	0.259807621135332
7.35000000000004	0.259807621135332
7.05000000000004	0.259807621135332
6.75000000000003	0.244010774738787
6.44857077563784	0.243522164947545
6.14927972118885	0.239758162622913
5.84921495423627	0.237483534519464
5.54966240470295	0.236255466441559
5.24987658823894	0.234341979793289
4.94996036441556	0.235868304492162
4.64995464394632	0.236768932135952
4.35001120295232	0.237618208959523
4.05006851528299	0.238234856460411
3.74988162091035	0.239152334845894
3.45081200751807	0.244341452250359
3.15000000000001	0.244010774738787
2.85000000000001	0.259807621135333
2.55000000000001	0.259807621135332
2.25000000000001	0.259807621135333
1.95000000000001	0.259807621135332
1.65000000000001	0.259807621135332
1.35	0.259807621135332
1.04064356555857	0.262423011185052
0.726928850209355	0.272061693871514
0.448366650349779	0.240673764108443
5.02134122388621	2.82007275327841
4.97816954273868	2.81843572593528
4.94037019650813	2.84080930358758
4.91933414430124	2.87867345738672
4.91887580119706	2.92208194431885
4.93948316169827	2.95952023656926
4.97487529052032	2.98289072546725
5.01337692579119	2.98409934771819
5.06248305829569	2.95336704790321
5.08383363026038	2.92034191349251
5.08180073729087	2.87783442408812
5.05891543064798	2.84089830636255
0.204903810567665	4.59509618943233
14.7950961894323	4.59509618943233
0.204903810567666	0.204903810567666
14.7950961894323	0.204903810567665
4.90333754866979	1.95576821288271
4.88804580119709	1.90360873035974
4.90758091091019	1.84992795431809
4.95153500777079	1.81759849085484
5.00326293722519	1.7932109647951
5.0534030200068	1.80575311597049
5.09324982152051	1.84279227341675
5.11299684467053	1.89872442649485
5.09652940756296	1.95615302966621
5.05636774360255	1.99351419124334
5.00004504324359	2.01125691011122
4.94464228987692	1.99591752572838
0.531814172512238	0.893160176603123
0.542366972449508	1.19743690315561
0.523618556938115	1.50370769016995
0.519615242270663	1.8
0.519615242270663	2.1
0.519615242270663	2.4
0.519615242270664	2.7
0.519615242270663	3
0.519615242270663	3.3
0.519552131837717	3.60804139769956
0.517195104972664	3.91703378705213
0.887811869056463	4.26725126696041
1.19024726326853	4.25829429034218
1.49976223656493	4.27639076589185
1.79999999999999	4.28038475772934
2.09999999999999	4.28038475772934
2.39999999999999	4.28038475772934
2.69999999999999	4.28038475772934
3.00451855461319	4.29014865228472
3.30474119823748	4.30479895973728
3.60291039089972	4.31336311780013
3.90164756472591	4.31981389158316
4.20015746896868	4.32440035491477
4.49993340812144	4.32498662168352
4.79940132897856	4.32721477025727
5.09887798841364	4.32949938842042
5.39829486268727	4.33105827991796
5.69745669336767	4.32750158319034
5.99590595207492	4.32478040504892
6.29435381413623	4.32036725735711
6.59456488251549	4.30624707204741
6.8953296381653	4.2935233187662
7.19999999999997	4.28038475772934
7.49999999999997	4.28038475772934
7.79999999999997	4.28038475772934
8.09999999999998	4.28038475772934
8.39999999999998	4.28038475772934
8.69999999999998	4.28038475772934
8.99999999999998	4.28038475772934
9.29999999999998	4.28038475772934
9.59999999999997	4.28038475772934
9.89999999999998	4.28038475772934
10.2	4.28038475772934
10.5	4.28038475772933
10.8	4.28038475772933
11.1	4.28038475772934
11.4	4.28038475772934
11.7	4.28038475772933
12	4.28038475772934
12.3	4.28038475772933
12.6	4.28038475772934
12.9	4.28038475772934
13.2	4.28038475772934
13.5	4.28038475772934
13.8088576134156	4.28002576099119
14.1229166214154	4.29208424632065
14.4674134122636	3.90967026485817
14.4569382741057	3.60240164561764
14.4732104089836	3.29592900194897
14.4803847577293	3
14.4803847577293	2.7
14.4803847577293	2.4
14.4803847577293	2.1
14.4803847577293	1.8
14.4803847577293	1.5
14.4800257609912	1.19114238658444
14.4791740108749	0.880045028275728
14.1068966787852	0.53194208444434
13.8027669059657	0.543405280688633
13.4969361266824	0.52362631475421
13.2	0.519615242270662
12.9	0.51961524227066
12.6	0.519615242270661
12.3	0.51961524227066
12	0.51961524227066
11.7	0.519615242270661
11.4	0.51961524227066
11.1	0.51961524227066
10.8	0.51961524227066
10.5	0.519615242270662
10.2	0.519615242270662
9.90000000000004	0.519615242270659
9.60000000000004	0.519615242270662
9.30000000000004	0.519615242270665
9.00000000000004	0.519615242270662
8.70000000000004	0.519615242270662
8.40000000000004	0.519615242270662
8.10000000000004	0.519615242270665
7.80000000000004	0.519615242270664
7.50000000000004	0.519615242270666
7.20000000000004	0.519615242270664
6.89527724798611	0.508151327479828
6.5950263735239	0.494969594220351
6.29495787309562	0.483861227999457
5.99675703324028	0.476182681952865
5.69858443300178	0.473553251987833
5.39920064538506	0.471059681711193
5.09960971095975	0.468523512210899
4.79984200751586	0.472323035620319
4.5001818554626	0.474418506724442
4.20038778618296	0.476082712854618
3.90046060217907	0.476734613125804
3.60415444964137	0.484932300840108
3.30471837342034	0.495347187096534
3.00448349876772	0.509904844934495
2.70000000000001	0.519615242270665
2.40000000000001	0.519615242270665
2.10000000000001	0.519615242270665
1.80000000000001	0.519615242270664
1.5	0.519615242270664
1.19114238658445	0.519974239008809
0.880039518895423	0.520826486734372
5.00069706092444	2.79074663508494
5.05433015768312	2.80824551027924
4.9432940817619	2.80553660315407
4.90371228867952	2.84536756299132
4.88851907370042	2.90010923641907
4.90587085224793	2.95508351514145
4.94491074673186	2.99590948340845
4.99740422415568	3.01432495000829
5.04367286546188	2.98336532052326
5.09309881506109	2.95450568781059
5.11353811055767	2.90364734916637
5.09685854454461	2.84298683155067
14.4441871342088	0.546538792213607
0.55180201236863	4.2434544337137
0.546517775058943	0.555822473195258
14.4466103464935	4.24661034649349
0.826533496137622	1.04304829144769
0.781590221328874	1.3694732126864
0.78652768502328	1.65931845153867
0.779422863405995	1.95
0.779422863405995	2.25
0.779422863405995	2.55
0.779422863405995	2.85
0.779422863405995	3.15
0.774325975502366	3.46141417305456
0.785680279126501	3.76073974278573
1.03474930401328	3.9736752621685
1.35757940774531	4.01908459286919
1.65452572072569	4.01357106851822
1.95	4.020577136594
2.24999999999999	4.02057713659401
2.55391015572467	4.01847288317401
2.85970190265833	4.02826465497855
3.16307838623818	4.04471620843568
3.45652686158767	4.06403205771993
3.75693935280977	4.07586253611596
4.05159886067991	4.08399801286392
4.35079695948398	4.0875489770087
4.64996414637988	4.08926615914281
4.94867232106308	4.09340290851584
5.24800570621577	4.09595618533353
5.54647826543431	4.09518766319849
5.84307319150396	4.09143963667782
6.14092511821897	4.08499487524147
6.43956915365928	4.06727920331217
6.73820156019908	4.04919055445853
7.03727700251315	4.02984367158944
7.34999999999997	4.020577136594
7.64999999999997	4.020577136594
7.94999999999998	4.020577136594
8.24999999999998	4.02057713659401
8.54999999999998	4.02057713659401
8.84999999999998	4.02057713659401
9.14999999999998	4.02057713659401
9.44999999999997	4.02057713659401
9.74999999999998	4.020577136594
10.05	4.020577136594
10.35	4.020577136594
10.65	4.020577136594
10.95	4.020577136594
11.25	4.020577136594
11.55	4.020577136594
11.85	4.020577136594
12.15	4.020577136594
12.45	4.020577136594
12.75	4.020577136594
13.05	4.020577136594
13.35	4.020577136594
13.6593882246292	4.0222714948833
13.9698558973519	4.02142186669895
14.1734665038624	3.75695170855231
14.2164450622582	3.43067215488557
14.2096805665572	3.14085982592052
14.2147951710971	2.84860592674225
14.220577136594	2.55
14.220577136594	2.25
14.220577136594	1.95
14.2229284054153	1.6443605966215
14.2222714948833	1.34061177537077
14.221421866699	1.03014410264806
13.9569517085523	0.826533496137618
13.6312576503023	0.782727277262498
13.3408919242102	0.78879337589034
13.05	0.779422863405989
12.75	0.779422863405992
12.45	0.779422863405991
12.15	0.77942286340599
11.85	0.779422863405991
11.55	0.779422863405992
11.25	0.779422863405989
10.95	0.779422863405992
10.65	0.779422863405989
10.35	0.779422863405995
10.05	0.779422863405991
9.75000000000004	0.779422863405991
9.45000000000004	0.779422863405997
9.15000000000004	0.779422863405993
8.85000000000004	0.779422863405993
8.55000000000004	0.779422863405995
8.25000000000004	0.779422863405995
7.95000000000004	0.779422863405996
7.65000000000004	0.779422863405998
7.34510457527998	0.779152543535966
7.03731304465959	0.774476114210608
6.73690908809619	0.754381820996768
6.4422798093917	0.735438162983767
6.14195547002533	0.721190759045221
5.84583008568424	0.709461294378933
5.54743614999067	0.706301451610426
5.24872126242264	0.704467081893931
4.94896128848774	0.705949228996642
4.65010017947421	0.709676612294762
4.3509621917096	0.71196746831353
4.05096048274604	0.714840236217001
3.75315495897547	0.721216681921994
3.45661376928154	0.736370177311075
3.16276950544901	0.755559024327207
2.85943883389687	0.773732916166537
2.55000000000001	0.779422863405997
2.25000000000001	0.779422863405997
1.95000000000001	0.779422863405997
1.64174650781569	0.77707786006905
1.33463846117998	0.773892673811882
1.03014410264806	0.778578133301053
14.2360659732696	4.04183209054302
0.763458196566583	0.763458196566583
0.755670828958052	4.03301330629262
14.2365418034334	0.76345819656658
5.11658761253102	1.93032455373295
4.88806856358182	2.87056678500575
5.11718577756872	2.87026125921203
4.88726508674971	1.93229521283015
4.96904931022358	3.02423153592178
5.03182089377848	1.78309984052714
4.96986714599481	1.78625076007452
4.88298705851769	1.86825179465137
5.02881502113624	3.02122274679737
5.07984803055313	2.98566753244403
5.08303647909805	1.81098449244992
4.88322950525115	2.9354072382006
4.91624669611665	1.82078394546018
4.91461297226329	2.98465595478801
5.11929083950558	2.93897831592499
5.11833485379802	1.86145336770633
4.96858153060499	2.01712072601238
5.03034386356148	2.78598961601873
4.96914670645307	2.78576729125373
5.03089320905601	2.01424947996067
4.91618372016	1.98391155692489
4.91399142608086	2.81479647156266
5.08536728199059	2.81483545000801
5.08391392070969	1.98496888585253
4.88373513381968	1.97998042201057
4.86943568987078	1.95538979646747
4.85578613929695	1.88591481330719
4.85526930655058	1.92328462991624
5.1462450592532	1.88312653145121
5.13919591381855	1.91402241615367
5.11789553185489	1.98208719633157
5.12523255577244	1.95646351881218
5.08097362946059	2.0163711948758
5.05569293750846	2.02127391331772
4.98612019282125	2.0403104089326
5.01412397574077	2.04130866047177
4.91890831405686	2.01553476519047
4.94300646125674	2.0236025222394
5.01398739330974	2.75951052082347
4.98612621592306	2.75937564231003
5.0544611953627	2.77981748674668
5.07941168596155	2.78671380565052
4.91888097080081	2.78313682670829
4.94429377380528	2.77872468611409
4.86692053889135	2.84675119726252
4.88013566399137	2.81839085403156
4.8544011369814	2.91515523300239
4.85891916302994	2.88092603742432
5.14802720079943	2.91489085514327
5.14162505496743	2.88611881884559
5.12430235780215	2.84242804935344
5.11668177593772	2.81634149955489
1.06114322645857	1.51718140799722
1.05168357605502	1.80646519392378
1.04858197403049	2.09820768835539
1.04702267622184	2.39876285522916
1.03923048454133	2.7
1.03112083527919	3.00936827556421
1.03312603075489	3.31874936723598
1.5167296848216	3.73788740058266
1.80238869860194	3.74892996471406
2.09756174513653	3.75289785694995
2.40392987903651	3.74837001680333
2.71196526338692	3.75922887388483
3.02253307734426	3.77327606573882
3.31347010877373	3.79525190051351
3.61091399793046	3.82574202562863
3.90531169933359	3.8432013630108
4.20171426386945	3.85274758967724
4.50155609975612	3.85502561987997
4.79953983420642	3.85652761631068
5.09660618555649	3.86610670828454
5.39507707369464	3.86803689403602
5.68967186208567	3.86432291540472
5.98215716980236	3.85599583701582
6.28857855435351	3.83167131132532
6.57806342254525	3.80864262436697
6.87938297037879	3.78637412052367
7.1851965872112	3.75915752382804
7.49999999999997	3.76076951545867
7.79999999999997	3.76076951545867
8.09999999999998	3.76076951545867
8.39999999999998	3.76076951545868
8.69999999999998	3.76076951545868
8.99999999999998	3.76076951545868
9.29999999999997	3.76076951545868
9.59999999999997	3.76076951545867
9.89999999999998	3.76076951545867
10.2	3.76076951545867
10.5	3.76076951545867
10.8	3.76076951545867
11.1	3.76076951545867
11.4	3.76076951545867
11.7	3.76076951545867
12	3.76076951545867
12.3	3.76076951545867
12.6086196560635	3.75202106092415
12.9056399111707	3.75764369378669
13.2102403871341	3.76745990214675
13.5215951244937	3.76471420962023
13.9388567735414	3.28281859200278
13.9427787312486	2.9980921385922
13.9478525210173	2.70223932632835
13.9526146759901	2.40090000309729
13.9607695154587	2.1
13.9698440454101	1.79394167146574
13.9657810050287	1.48128908101449
13.4831755691396	1.0616541849277
13.1944923948268	1.04878207883257
12.9030859690439	1.04751024340455
12.6058875280291	1.0488096368167
12.3	1.03923048454132
12	1.03923048454132
11.7	1.03923048454132
11.4	1.03923048454132
11.1	1.03923048454132
10.8	1.03923048454132
10.5	1.03923048454132
10.2	1.03923048454133
9.90000000000004	1.03923048454132
9.60000000000005	1.03923048454133
9.30000000000004	1.03923048454133
9.00000000000004	1.03923048454132
8.70000000000004	1.03923048454133
8.40000000000004	1.03923048454132
8.10000000000004	1.03923048454133
7.80000000000004	1.03923048454133
7.49336419044153	1.04081833641838
7.18423621023722	1.03736600098589
6.87037903124543	1.02593962816525
6.58199642695726	1.00646999996527
6.28433412207513	0.975602677923901
5.99318068431105	0.952895315531627
5.68997948686714	0.937246522856072
5.39931817612057	0.934919825327453
5.09539735157547	0.934702666747793
4.79893924653033	0.943536685422863
4.50102027919743	0.944596963987438
4.20314435025472	0.947445725579816
3.91185710285596	0.953625015456585
3.6102623986218	0.974934032947118
3.31849850053051	1.00258755730906
3.02064721953982	1.0263115135623
2.71497673133651	1.04278779824847
2.40527445673931	1.05045496153251
2.09479419382464	1.04357800229965
1.78926182758472	1.03309231913982
1.47554425740242	1.03301772768155
1.01903212583123	3.6342085525646
13.9770764588455	1.15826443339436
13.8417355666056	3.77707645884547
1.15826443339436	1.02292354115453
5.06839648630516	1.77513704600496
5.0607981559674	3.02195881447937
4.88078866163017	1.8312411332057
4.88095107522011	2.9702665093878
4.92525606528647	3.0255690630546
4.92698675637921	1.78044434452202
5.11872062691203	2.97919106396243
5.12025454810547	1.82080543637873
4.99945929061893	3.05722659583346
5.00186661518507	1.75755359345377
4.85060323507773	1.98649980410085
4.83667605960348	1.95838535377782
4.82465751679791	1.90140327877096
5.17933674355002	1.95188736365709
5.07664195108954	2.05220329691936
5.00048178850077	2.06968456917328
4.9212908368764	2.04997456288983
4.99981909573197	2.73017767310251
5.0758453583647	2.75095803619447
4.92335030270187	2.7477845507911
4.84685608240589	2.8165819428461
4.82782937384478	2.85162854495191
4.82322472504309	2.89171866892701
5.17908788159481	2.84769337877717
1.2904837086491	1.63929997011106
1.3104623877301	1.94126663812314
1.31460190921371	2.23879871826695
1.31804031859895	2.55311927518258
1.30521538242421	2.85658574580642
1.2729880380655	3.15654993640295
1.31292601482255	3.48325266399026
1.63824295209107	3.50579866943098
1.93767271319757	3.48783116926971
2.23147326361993	3.48161115040449
2.55729648271382	3.48448159999613
2.87762902569755	3.49748057883372
3.17878118616857	3.52267102981414
3.48013757041399	3.56434636398886
3.76673525468894	3.59660138425854
4.06348280946778	3.61435710131594
4.35492369758748	3.62325813860786
4.65027435857487	3.62644111533913
4.95017140060442	3.62337744048338
5.24649765844171	3.64077488836002
5.53368857150224	3.64556518241598
5.8317414043351	3.63372712602988
6.13354070229814	3.60162196869615
6.42130460112205	3.5615421822369
6.71749150288305	3.52359408079476
7.01054193641093	3.5004447451568
7.32545092781772	3.49045287198184
7.64174414970204	3.4931497194926
7.94999999999998	3.50096189432333
8.24999999999998	3.50096189432334
8.54999999999998	3.50096189432335
8.84999999999998	3.50096189432334
9.14999999999997	3.50096189432334
9.44999999999997	3.50096189432334
9.74999999999998	3.50096189432334
10.05	3.50096189432335
10.35	3.50096189432334
10.65	3.50096189432333
10.95	3.50096189432333
11.25	3.50096189432334
11.55	3.50096189432333
11.85	3.50096189432334
12.15	3.50096189432334
12.45	3.50096189432333
12.7667229700627	3.48386726876715
13.0614871454639	3.49595678946112
13.3565438793055	3.52405170881586
13.6863383911336	3.48159674625017
13.7054685572972	3.16591266104862
13.6879813759443	2.86045968161212
13.6853980907863	2.56120128173304
13.6815835857863	2.24269812854927
13.6935431722009	1.94415766844094
13.7281791940789	1.64999668999006
13.6826519539798	1.31778634908242
13.35	1.29903810567666
13.0600451989497	1.31278193049381
12.7625977297854	1.31671612178185
12.45	1.29903810567665
12.15	1.29903810567665
11.85	1.29903810567665
11.55	1.29903810567665
11.25	1.29903810567665
10.95	1.29903810567665
10.65	1.29903810567665
10.35	1.29903810567666
10.05	1.29903810567665
9.75000000000005	1.29903810567665
9.45000000000004	1.29903810567666
9.15000000000003	1.29903810567666
8.85000000000004	1.29903810567665
8.55000000000004	1.29903810567666
8.25000000000004	1.29903810567666
7.95000000000005	1.29903810567666
7.65000000000004	1.29903810567666
7.32560774684886	1.30629972644585
7.01322773180795	1.30225154741708
6.71472252758091	1.27835049982496
6.41838224190082	1.23925291816889
6.12420219334108	1.20463378643347
5.82998841151133	1.17390411322179
5.53594633289257	1.15734102747611
5.23773517726296	1.16172653954841
4.94753517137581	1.17776102789727
4.64846774703269	1.17530603868166
4.35361132519697	1.17577597021145
4.06051513823547	1.1818140852446
3.76615059329722	1.20375520763854
3.47844785030296	1.24395483735006
3.18712169660661	1.27825248378671
2.87908919695621	1.30349764398884
2.56503986110996	1.3133015258219
2.2442624306209	1.31704289710403
1.93602658945011	1.30928197676518
1.64345612069452	1.27594829118414
1.31017941354363	1.31194545115508
4.88845497524079	3.00035941587818
4.88722616797453	1.79696160109318
5.10059283826506	1.78139890366067
5.09686379142838	3.01771264515224
5.04502716316578	3.05926569839919
5.03951801772697	1.74593908009281
4.96227659492875	1.75440334814501
4.9566495150195	3.05589649951611
5.15092982688317	2.95267828092234
5.15096093446403	1.8471873317978
4.85213582640206	1.84783155905357
4.85162172162019	2.95158811194824
4.9560267740909	2.04623493297798
5.04195966371029	2.756347323569
4.95740416317547	2.75572251757049
5.04259221923761	2.04427662786356
4.89602633958148	2.00483126526932
4.89100498373933	2.78987183885111
5.1090422065864	2.79032897582212
5.10835351230623	2.00971101257296
13.9712974992018	3.54641306400388
1.02146658911485	1.2526159004566
1.24955389965304	3.76966377857226
13.7437576647119	1.02688511811014
4.81700879577085	1.98805346187741
4.79357728623657	1.92006892700858
5.21053740422085	1.92979515544819
5.18795476721027	1.99078279292807
5.0551114127164	2.07650007603477
4.94527109266523	2.07870599401368
5.05394617314849	2.72373184300882
4.94486057026977	2.72315600611288
4.81477106685696	2.81244675754008
4.79164248507803	2.87167109453391
5.21323356370935	2.86864627151229
5.18674053256336	2.80965518957263
1.56524949978603	1.78650150229505
1.59122720025695	2.07003722235258
1.5832884167271	2.40126547971038
1.591738966262	2.72959052744253
1.78650150229504	3.23475050021397
2.0611692159443	3.20396965974455
2.39113461499397	3.21780569834273
2.7263122862765	3.21097133148978
3.04111748513695	3.22271771467112
3.35767798061533	3.28214203877701
3.64598633492591	3.33282519339809
3.93230041363251	3.37205685993234
4.21344685004918	3.39204611166781
4.49708891770437	3.39694090283422
4.7940470317116	3.39766492823988
5.09406018423782	3.39926066292563
5.38701634909713	3.42726785239579
5.67594355693489	3.42577315750775
5.96097090995004	3.3845570363221
6.24766971483394	3.3356259328186
6.53567153934168	3.27910908330117
6.83666231212478	3.22932122328588
7.15477396698936	3.20884994022694
7.48103207847729	3.21767958464933
7.79670983573713	3.22870624885817
8.09999999999999	3.241154273188
8.39999999999998	3.24115427318802
8.69999999999997	3.24115427318801
8.99999999999998	3.24115427318801
9.29999999999997	3.24115427318801
9.59999999999997	3.241154273188
9.89999999999998	3.24115427318801
10.2	3.24115427318801
10.5	3.241154273188
10.8	3.241154273188
11.1	3.24115427318801
11.4	3.24115427318801
11.7	3.241154273188
12	3.24115427318801
12.3	3.241154273188
12.6105926288299	3.22938932066146
12.9295905274425	3.20826103373799
13.434750500214	3.01349849770495
13.408772799743	2.72996277764742
13.4221379587926	2.40258693145187
13.4087033107642	2.07595036947762
13.2255434031085	1.57804363965722
12.9335985482683	1.5955901325891
12.6106129180267	1.57472948682473
12.3	1.55884572681198
12	1.55884572681198
11.7	1.55884572681198
11.4	1.55884572681198
11.1	1.55884572681198
10.8	1.55884572681198
10.5	1.55884572681199
10.2	1.55884572681199
9.90000000000004	1.55884572681197
9.60000000000006	1.55884572681199
9.30000000000003	1.558845726812
9.00000000000004	1.55884572681198
8.70000000000004	1.55884572681199
8.40000000000004	1.55884572681199
8.10000000000005	1.55884572681199
7.80000000000005	1.558845726812
7.47290651415564	1.5718283511989
7.14064544690806	1.58240970196627
6.84209703745513	1.57930190957014
6.5358906381231	1.52244422959473
6.24715674299964	1.4704241897712
5.95797194258113	1.42094176308495
5.65536429773547	1.37656468261015
5.38700733332683	1.37028572388481
5.09520305052776	1.40365447985342
4.7903208643173	1.40957283451385
4.49828856099144	1.40110611014115
4.21003832267957	1.40565254921871
3.92361156644624	1.4205835227407
3.64344673736364	1.47739676517607
3.36454794278905	1.52169754332273
3.05563876971998	1.56897856875349
2.74218501233718	1.58088213779184
2.40469048725012	1.57759782630504
2.06458781257588	1.59734359427633
13.2127606923085	3.23306478930337
1.78723930769154	1.56693521069663
13.441154273188	1.8
1.56693521069662	3.01276069230846
4.82202864776637	2.93179031591714
4.8227120257571	1.86638391387284
5.17645358063157	2.92751506174919
5.17568182610285	1.87211445126791
4.97366663952115	2.06646969964087
5.02691095516907	2.7342398387095
4.97275446780813	2.73385524003749
5.02724479896789	2.06620399038093
1.51112472722898	3.28064078202786
13.4792557215828	3.28486429178662
1.52231522074694	1.51892481864105
13.4867734326679	1.52852086278076
4.86412425515269	2.04234027374046
4.87018382650313	2.76573776225379
5.12989686828894	2.76404123636617
5.13041818001535	2.03446407379865
5.15957920875491	1.81226849549101
5.15903183651343	2.98879780275177
4.84998593636717	2.98856431659602
4.85083687518786	1.80844137623118
4.99492138211611	3.10567353212866
4.98739561383059	1.69556659687339
5.08970310907764	1.74059603451568
4.90799902892024	1.74187540204416
4.90409435314096	3.05351760079607
4.83253937453461	2.02165606685118
4.79146021005078	1.88642676653354
5.20724701134594	1.89418804098843
5.09239069769949	2.08543220914945
4.91336992799892	2.08763925120343
5.08976226135351	2.71443573920855
4.90657355682843	2.71436594837798
5.20899731104221	2.90423382697751
1.86459436817421	2.25401728400597
1.84623747623481	2.58067838143366
2.21290768880486	2.95811096246249
2.5497767092401	2.94746344851154
2.90866234230457	2.89790818828345
3.26662191329617	2.98119082805044
3.55759832534321	3.04730792504457
3.82187714658551	3.12681649292263
4.0865683636015	3.1623315940109
4.34151843064388	3.17335740344653
5.25046371812566	3.19463269045062
5.80570152986068	3.18401049021516
6.07308338352967	3.11984660595621
6.34256771216259	3.05024110789634
6.63534147243916	2.98382321311154
6.9675441163086	2.89264243815295
7.32175877943634	2.94161760548934
7.65172531012802	2.94692294716099
7.95407356975367	2.96224971829891
8.25239245235376	2.96455544407341
8.5508490965165	2.96841122127224
8.84999999999997	2.98134665205268
9.14999999999997	2.98134665205269
9.44999999999996	2.98134665205268
9.74999999999998	2.98134665205267
10.05	2.98134665205269
10.35	2.98134665205267
10.65	2.98134665205266
10.95	2.98134665205267
11.25	2.98134665205269
11.5494646365335	2.96819015945309
11.8491847240693	2.96420625773879
12.1476285941356	2.96774374085119
12.4485296771329	2.96037588368401
12.7620477535275	2.95491839460829
13.1672432914202	2.56578220714685
13.1666283552448	2.2388205128726
12.7623948169391	1.84552042557684
12.4484925728658	1.84037604372039
12.1477302986895	1.83220319174709
11.8484578756754	1.8342650854544
11.5493838301541	1.83111670643179
11.25	1.8186533479473
10.95	1.81865334794731
10.6500000000001	1.81865334794731
10.35	1.81865334794734
10.05	1.8186533479473
9.75000000000007	1.8186533479473
9.45000000000005	1.81865334794734
9.15000000000002	1.81865334794732
8.85000000000004	1.81865334794731
8.55105866893831	1.8315542791474
8.25218114805258	1.83294581657506
7.95438843194696	1.83577032226573
7.65197049380378	1.83794032687378
7.32930535355041	1.84208424565876
6.96110405782952	1.89256079144572
6.63884255175141	1.81059007218391
6.34574041411102	1.75278250148465
6.07462750773029	1.68535113169503
5.80005957651314	1.62318979239335
5.24564141199099	1.60090820913754
4.3428013588377	1.62129334074955
4.07724870346205	1.62821352822692
3.81941505664595	1.69313934158944
3.55758877384567	1.75988538882287
3.2568026250396	1.80773454618191
2.91984162149497	1.89711992451349
2.57677015211879	1.82429041547659
2.243582768562	1.84651068804521
4.79073603938818	2.91017125416877
4.81964999788556	2.96986237964974
4.82109849865397	1.82682589136899
5.18703609394988	2.96422125666922
5.1886016469868	1.8351411084748
5.06288358169533	3.10257795696597
5.06253103975243	1.70229600015474
4.95825384659157	1.71360073553265
4.94107879824733	3.09410972836387
5.14569185104693	1.7479518104657
5.14364431708889	3.05407331093559
1.8796159838736	2.92097063145715
13.1088746761561	2.90696959121398
1.89909089403509	1.89769764689264
13.11540719413	1.89551275816022
5.02332101415891	2.09691852641649
4.97706563198368	2.7015998954203
5.02214719013236	2.70111080934466
4.97866953679043	2.09886158961956
4.76721551075426	1.96803398388911
4.79944657553688	2.02005835064844
4.76233142691544	1.908111466259
5.24767721644308	1.90718782393146
4.75565146805986	2.81871258377833
4.76320256337105	2.8910238704053
5.24987371743748	2.89287018634239
5.20352243931734	1.79257782842895
5.20176101145056	3.00969739563098
4.81016228638328	3.01281881082202
4.81172568885942	1.78122437788049
4.75916799291516	1.83839979731123
5.22979576587419	1.83794014103189
5.22968856738622	2.96381941749041
2.12316190625695	2.45586459905674
2.62699588508674	2.66479104734941
3.2165385759307	2.69651110684278
3.50364066627918	2.74578137665165
3.77941942368598	2.83341951399369
3.9852150841569	2.95465667778968
4.21349771568615	2.9297054992564
5.89825686841932	2.93764941100757
6.14291633291369	2.84237804867002
6.39833383989941	2.74486286073577
6.66453538865742	2.6736992382128
7.2314520715441	2.65152244134964
7.52863178048517	2.68418881740164
7.8174223226826	2.68156913124956
8.10880117526063	2.68334287835375
8.40269840078822	2.69039268209831
8.70057222059684	2.69144580617122
9.00029933075273	2.69026328172169
9.30014301184449	2.69048177072893
9.6000206287928	2.69074895909505
9.89999806239802	2.69151545954587
10.1997783124514	2.69149747779763
10.4998795486159	2.69099367033006
10.7998091693277	2.69164506217347
11.0997854028245	2.69094927826693
11.3995819566038	2.69166545332395
11.6981382062346	2.69127969632486
11.9937207501099	2.68516023347439
12.2875860399487	2.68474254774793
12.5801287545421	2.68172731052523
12.9537561858619	2.39999999999999
12.5801720216015	2.11836563433766
12.287650425112	2.11520446017158
11.9937906737664	2.11464154092502
11.6981734754997	2.10861330653099
11.3996193039257	2.10727692727838
11.0997849354194	2.10919150672158
10.7999092944122	2.10978657820903
10.4999935996855	2.10938750151734
10.1999616460734	2.1093575158697
9.89993574938871	2.10910208506691
9.59988389776252	2.1091162139822
9.30012492627804	2.10911821702878
9.00044676722972	2.10907164775551
8.70111227382559	2.10874027932735
8.4028018905711	2.1085486709965
8.1082821836897	2.11368910947355
7.81693740340688	2.11490261313474
7.52863274432028	2.11581171847295
7.22567362926989	2.1323524421131
6.68925906207761	2.13213567737421
6.41406192979273	2.05563691528259
6.14498682295899	1.96095381417495
5.88805262637877	1.87231484061078
4.2124019569754	1.85377923040816
3.98909271935233	1.85366522286775
3.77936328651957	1.96661742138796
3.48580242448239	2.05735699112142
3.21079977466319	2.12709721965508
2.66076927059647	2.13343759270836
4.76434723407528	2.9652088413629
5.00086876503833	2.13229080006537
4.99968216818543	2.66741713190004
2.3510016440638	2.68549329770613
2.40721714364512	2.06537297184876
2.08492226862977	2.72325620042603
2.15790015944454	2.15565572881108
12.8786619322001	2.66646437056208
12.8786619322001	2.13353562943791
4.83543137640269	2.77907061072647
5.16379387324143	2.02063639378237
5.16308785205336	2.78045285639652
5.54471049507052	3.23165815412289
5.51911765110752	1.56595502524789
5.21409682800737	1.96909829690564
5.21393042884425	2.83094056850142
5.06355707477535	2.10959567226164
4.93584716299654	2.68725134221056
5.06294856115532	2.68873569937718
4.94087590579919	2.11137767344526
4.95901362821932	1.56347588671897
4.95753163444364	3.23566372787523
4.59447711052594	1.60703634568515
4.59338362831714	3.19163410589098
5.11285136343782	2.06427659305985
5.11074022422437	2.73581021304923
4.88647800807389	2.73911744098175
4.79763122915749	2.77968375145135
4.86109435654136	2.0767317413497
4.83859476912802	2.05653634624727
4.80888239334051	2.05180481621874
5.10350226111047	2.12201787960749
4.90310698561405	2.12552194509579
5.10170502032771	2.67704410316964
4.89665920274257	2.67897186811223
5.4234899648552	3.03423544975855
5.41776281270135	1.75899312365247
4.70134827264711	1.94504896529403
4.73835553966543	2.02545090775841
4.72021592119114	1.86377967273782
5.28308363542748	1.86466561483763
4.70734215754585	2.85843674737442
4.71256953061134	2.9273134564657
5.28695167970942	2.9376244308727
5.26606543625815	1.76591717616889
5.27008774387425	3.03585380965923
4.75727211582941	3.01377489386466
4.75763147083403	1.78632022808254
3.73577679459713	2.55183641942032
5.94127500473341	2.66707116859694
6.1904902710087	2.54141619767806
6.19102677335313	2.25214666101898
5.93911813684359	2.13849158883616
3.73801051889883	2.24375162231195
4.7986932246626	3.19324802546889
4.79892946139655	1.60255665273705
7.41579111915514	2.40000097448534
5.25389443644044	2.84756812526623
5.24998658091347	1.95135529695365
5.65636258561503	3.00003067838141
5.64946514596084	1.80052348896829
4.96471606423431	2.13548476390361
5.03825052752487	2.66272968939542
2.41788332952987	2.38056505594799
4.96209981642209	2.6629109047563
5.03783147647278	2.13681055421117
4.46173716364836	2.9793266547661
4.46135832263249	1.80940974360946
7.68841344396915	2.40000068698416
3.4261828111765	2.39854605063821
4.88976732263925	1.70972232604079
9.4501267025539	2.39951227563157
10.3499265513253	2.40010384610397
12.4190398609606	2.4
11.5481700139275	2.39974167947353
10.6499729606795	2.40052480369015
11.844797921962	2.39970239353371
10.9498426815959	2.40032652844784
12.1369842983412	2.39993587213154
9.15032205130595	2.39968649186531
8.55374163274108	2.39958466624928
8.25709031443036	2.39938181991686
9.74992688771447	2.39990963927986
8.85083428952745	2.39993647886395
11.2494740400144	2.39991574240866
10.0499419310776	2.40013475325393
7.96656066002587	2.39927297260683
6.46931242691521	2.39190642372275
5.12653646245831	1.69571370624698
4.83348866047929	3.05154332098376
4.8363552253477	1.74167348354242
5.12287545373823	3.10468234871948
5.01581040859496	1.65340938410459
5.01832488264765	3.14721787837439
6.94897046532076	2.23665804440636
6.95188566937294	2.55499014239743
2.9274262978181	2.56017410465694
2.92850245820932	2.24461974467119
5.22065429285463	2.79364671819303
5.21906002690503	2.00693307056711
4.06543765874989	2.65143455420996
4.05492422596882	2.11972389651431
4.77503805061029	2.04803589187659
5.28369311039346	1.92721609902054
5.28610039750101	2.87168373161386
4.98454453224945	2.16541642565609
5.01641934178713	2.16532547212004
5.01486952074669	2.63567117493818
4.98338195027472	2.63476424822779
4.80864107452764	2.74582563014461
4.90392642658024	1.65388519538672
4.90542535023355	3.14282366924636
4.70898249361672	1.70753491091785
4.70831039677601	3.08852595729249
5.36901483730843	2.87362817029679
5.35978394368279	1.92437514681873
4.78705567517657	3.07149012622019
4.78982603564484	1.71996672421578
5.95357662178392	2.39931517784438
5.12954780590237	2.09591136168574
5.12649889307305	2.70421964886486
4.86505287767604	2.70609668385315
5.2423772015182	1.98894114573687
5.15213745884208	2.73722554352638
5.07769375493689	2.14826989183321
4.92500076361731	2.65245174527411
5.15332254549497	2.06397165586957
5.24482524011957	2.81144860724035
5.07590316485235	2.65205810148817
4.92740344240346	2.14907118327235
4.84812806835217	2.74184460504188
4.82590945942432	2.08494855110189
4.62413792340917	3.02171217332843
5.70908016753652	2.03676875960515
5.72198679590174	2.77060866941344
5.19114028168432	1.7279104516281
5.19117175366624	3.07341913011588
4.62663575839922	1.7738933032966
3.93605944551774	2.39078998729009
7.15622875241483	2.40027605739218
3.13614635063098	2.39839828001885
4.34444432405479	2.03503160355129
2.71647440366857	2.4029577994501
5.08429244264244	3.19756446925313
4.34545757693427	2.75091380497586
6.74529252209793	2.40300778393999
4.75535759446654	2.93087497071732
4.75999433191295	1.87456452377392
4.7697992651252	2.75068529249153
5.11670706928072	2.16135189877832
5.14347772877695	2.13235445881574
4.88957282488423	2.16438109686902
5.11433034902943	2.63785855736693
5.14036022920048	2.6653057873521
4.86029124233563	2.66516077738095
4.88795913804313	2.64037215771507
4.53922423826023	2.79802980090541
4.54228030433484	2.0059922607596
5.00055529304947	2.19757832484195
4.99977700405986	2.60256573701171
5.16981196002291	2.10260649046029
5.16266852349365	2.69485902825241
5.2581537142858	2.77393327503935
5.25825107929177	2.02709131053118
5.08472840082119	1.60332059890992
5.72299976458177	2.5205201369089
5.70771495445186	2.27956368667823
4.84402641833132	2.1104360419707
4.78940458168359	2.08216563789213
4.71042610880004	1.98397101753005
4.9497898815816	2.17318596905554
5.05077820879431	2.62909504282805
4.94797010570034	2.62618992741166
5.05312695908693	2.17433280896343
4.60686620790488	1.87958160266685
4.60513108653254	2.91073048069169
4.82252159355315	2.71341110187849
4.84943856223312	1.69216508293476
5.51536308422084	1.95242356851994
5.51865820633203	2.84459693349734
4.84925970092635	3.10454276361571
4.15796012452764	2.39151197171194
4.73215147208824	2.79562040068728
5.25067661604537	2.07460982610653
5.2560827706457	2.72604112214153
4.48425474208238	2.16142217547431
4.48889915016142	2.64410433135063
5.15880719141228	2.17377908170669
5.18648443622726	2.14078609044873
5.15639322122782	2.62306112065929
5.18072870431948	2.65390017081921
4.85137475742189	2.62654630563709
5.48056094614893	2.40866610824689
4.77893927146474	2.71298860729
4.64996772053969	1.96371215433576
5.08809475181359	2.18817209184145
4.91495030019519	2.61621506341366
5.0857113617664	2.61300402191847
4.91794340477572	2.18631523983423
5.51010782290412	2.16170435998128
5.54099187874043	2.64053660706691
4.65341462783994	2.83315460301031
4.97123245142443	2.1938149211901
5.02844342224702	2.60503868415314
4.96970761841076	2.60613098013948
5.03014003531372	2.19606541976875
4.80704456995149	2.11461874860841
5.39053465130327	2.03474672713891
5.37458545245224	2.74549612432399
4.75240045469078	2.07180464527192
4.73918186047014	2.72031562928969
4.70357683399054	2.74592172847281
4.88055952784783	2.20397725432792
4.60173646800649	2.68711570709988
4.64720255664749	2.76022020464332
4.62552887477264	2.10987602801439
4.97973909386166	2.23020424713067
5.02160839485251	2.22926931976625
4.97847033779442	2.57131798485314
5.02154234666497	2.57146466587373
5.20580281628188	2.18487021772146
5.20411406069706	2.61138529240419
4.79671877245754	2.67931812517876
5.38468022624853	2.60287955108266
5.36298091816282	2.24389041171786
4.76558329959905	2.11166294373141
5.12770634205714	2.20328604946047
5.12436714748158	2.5965815074881
4.87977668705819	2.60185778343341
4.64494496621166	2.02903455403793
4.82680888022101	2.14465535406765
5.20104909190179	2.68507353025994
5.21444801862993	2.1043858400552
5.05607192441893	2.59031875388875
4.94511774563443	2.20972138590979
4.94338747795513	2.59124506281853
5.05855314432796	2.21317453982754
4.31424698653375	2.25735344108311
4.34042915699504	2.50575220315421
4.60954362933813	2.22440454390172
4.61319645276618	2.58120135012156
4.84277017542959	2.58695587726059
5.29543266597198	2.35129153045407
5.00087483547693	2.25710220995619
4.94297652774819	2.24977660483193
5.05901918565684	2.25238301822689
4.93985350454862	2.55343746922678
5.00019360980957	2.5439687248169
5.05729262770349	2.54825240745222
5.29730443459632	2.74637736351313
5.21709342731114	2.64979138082105
5.22545336335529	2.1453385225337
4.9120405382639	2.2253996477399
4.90900722903802	2.57675839634026
5.09423850264307	2.23029123711102
5.09129348942668	2.57122837544965
5.16812994188178	2.57965169766674
5.17604765932165	2.22222894262424
4.74283367333212	2.67269015295174
4.78697983287778	2.14825006377628
4.71355605522237	2.11057823590799
5.30216367768206	2.68188023359652
5.30524954782813	2.06107059403571
4.68539604423766	2.70161224949354
4.82348855600808	2.65110317021391
4.69484525196152	2.78727112707396
4.87755110130089	2.24323529704192
5.26495950873259	2.18290940038407
5.173544204494	2.4063910199225
4.90734964859879	2.26575001604424
5.09594329553113	2.27847362712283
4.9021400787167	2.53656733950585
5.09168380198953	2.52603215005922
5.21687708599198	2.5682367513752
5.13784227273818	2.24980996652045
5.13168307502362	2.55148363785149
4.87082498905864	2.56089447153055
4.81392373225338	2.61311943401727
4.68394067583913	2.63374896403501
4.81214880960528	2.20981478843891
4.78175528457874	2.63802696019315
5.24781200141196	2.6782309133052
5.269931566667	2.11541676499744
4.70166643477504	2.17014188218612
5.24715328113874	2.24679230398701
4.49693131702724	2.3437789618882
5.02932916277976	2.26723823348153
4.97036324565173	2.53112971439909
4.97250310237937	2.2707724643071
5.02798010540152	2.53491839517556
4.6511672004341	2.3269187679877
4.71417850810615	2.55470380606948
4.8302099457922	2.54609136122067
4.87003513530986	2.28221382731036
4.81212265455747	2.25466870298398
4.86109380747512	2.51854488778767
4.71647398435623	2.24155015656339
4.93428896534957	2.51342297994528
4.93933363806304	2.28961038795525
5.05510597253484	2.29697017622084
5.05118937067401	2.5060388748771
5.26778406543887	2.61217631973315
5.00487887211441	2.50392443020964
5.00785209953401	2.29757630718935
4.77415968065047	2.58992110481695
5.1976386096323	2.29403951938365
5.18938065206101	2.51313306744606
4.76613585984261	2.3032552574904
4.81312876079924	2.4981542220221
4.8280672103035	2.29045296891595
5.04571745544539	2.34112228633199
5.03503882040914	2.46290190108163
5.090873308736	2.46397584929243
5.0912969368495	2.34289395231934
4.90190845090045	2.30610832019698
4.89721322361051	2.49593715877714
4.76470302252252	2.19226006525219
4.96904881879513	2.30610206938197
4.96603340015583	2.49571262332983
4.6364847852865	2.45381400542985
4.74177132275246	2.61838585814319
4.79616915122157	2.36621371138142
4.7516294894224	2.48170400750658
4.85548178605313	2.47553768927335
4.93553278918644	2.46902322686828
4.93813268545769	2.33243188933593
4.86177971476227	2.31612776868116
4.98840194259243	2.34445450318472
4.98416467910204	2.46194920316807
4.73403910814736	2.38949795475067
4.77476491337377	2.2383143613943
4.78238870174101	2.54107734849761
4.95674362671255	2.42395212984741
4.95255841157305	2.37528129446279
4.8936746124166	2.34251316254061
4.89307597251579	2.46042459236614
5.02008592838683	2.38015415497916
4.84763118884525	2.35430628509321
4.80645045859924	2.43468693323215
5.0099161998305	2.4236421482632
4.88535525294505	2.38893124713408
4.86540046176283	2.43322275659413
4.91879829733449	2.36571609542657
4.91006596402474	2.43088208704799
4.92470033879601	2.39835008475776
4.8423205452326	2.39480648104246
4.7140336885004	2.89048251534124
4.72837988927092	2.96753792170972
4.73079841744219	1.89632695848691
4.72609308351688	1.82578444749814
4.76491848554583	1.939205827412
4.798179694415	1.95612818072019
4.78961860299374	2.83784049232499
4.76205274956077	2.78492549770099
4.75083201690603	2.85286363136967
4.88939476140923	2.06602820033239
4.84857849022025	2.18048205135634
4.7140295818765	2.82366911852334
4.78922368420496	2.98144878110862
4.78477299273102	1.99034760709076
4.86589413226	2.13840251091686
4.78936678718563	1.81674491659932
5.18609939793858	2.07694413113359
5.18490191202532	2.71795445122946
4.68072862113098	2.06642691327184
4.88083521911555	2.10198910403429
5.22764532894277	2.04067792188836
5.22412377578918	2.75680699782071
5.13050895653049	2.49846699130909
4.67308023946159	2.95466055831172
4.98303236931124	2.39163690268853
4.84359358023437	2.22576928695104
5.34084223994171	2.13621510323651
5.1115392417377	3.04560423417187
5.11513139272598	1.75261026370151
4.72935285513032	1.92671642490085
5.16223168661762	3.02655949465734
5.16566502780238	1.77538953048881
4.73673338441753	1.95966804234243
5.13651040014761	2.29682714394454
4.8094519892048	2.57614662191421
12.6857695154587	2.39999999999999
4.73686528015974	2.90406240791121
5.21411910929535	2.06906419699882
5.21805778766599	2.72078182724166
4.67641934123726	1.84393862543293
5.23435668765557	2.9252024105577
5.23640731732987	1.87514333516779
4.78464853840158	2.80715073722763
4.97035459859516	3.0883047006005
5.01850041049844	1.7137466566421
4.9850961338208	1.7275202891693
5.02606845890495	3.08662741641319
5.06548231235968	1.74590194053784
4.92921019219055	3.06317441629513
4.9361135583917	1.74145187781223
4.69931667754945	1.78779652170049
4.88790607395055	3.03223476094828
4.89029275052865	1.76672984648437
4.70187410947582	3.00975070392109
4.73427058827341	2.87959669030271
4.87167131164226	3.06066976433008
4.87143226469213	1.73939822322427
4.92617571036579	1.70222083570881
4.96372353275364	3.13684907482719
4.8656057387275	2.79307530280088
4.8690338271567	2.01062852394468
5.19626289573745	2.02102399033503
4.76982582633094	2.01550469744737
5.13495499991641	2.00639762327115
5.19652701161643	2.77840931201255
5.1349585299218	2.79286701254203
5.1321302497576	3.01712607553376
4.89806993848041	2.76594471392248
5.10207028445625	2.03563864346773
5.13432507573316	1.78339061416777
5.10064638402965	2.76738788234893
4.75102860586402	1.99238996524414
4.96052877631382	1.66230550553535
4.7510068887861	2.14829528718387
4.83396596815462	2.68357504936722
4.84636124317245	2.25957272550851
4.81928352990052	2.32661214169659
5.30077160795315	2.81092387039928
4.71907317080571	2.05706657392635
4.81017783081523	2.1743105436865
5.29351336326009	1.9875716611338
4.82151072751157	1.93201146347858
5.15013514088511	2.85796978756036
5.14944372859752	1.94096318273316
4.79131501961025	2.94633562120544
4.79051067436001	1.84994706623601
5.06987552040172	2.40336304842177
4.8925202495242	2.03367939463094
4.5220981168191	2.50808004728243
5.20556342363099	1.86249666574031
5.20557138580866	2.93766302991512
5.08208371495056	3.0624876192557
5.18906929744302	2.04824609379689
4.8996352379468	3.08829668623124
4.67590865986505	2.89379725724099
4.68398709817553	1.90365920738664
5.1742488988982	2.88694819012921
4.85412235940469	3.02243843344773
5.29472218928773	2.49778463130935
5.17301814394415	1.91220210862689
4.69017338241637	2.0161193343502
4.85622219868126	1.77409750404995
5.15667295307536	1.97814607037806
5.15197932400876	2.81916809550699
4.7331305264643	2.76236600142899
5.18906849402318	2.74958760432213
