204	120	203
168	13	14
166	167	8
238	239	148
333	185	332
315	163	162
160	161	6
162	90	161
162	89	90
165	166	85
157	158	5
192	132	191
307	84	1
305	2	70
181	71	72
184	139	140
181	72	180
284	30	283
180	72	73
182	70	71
177	76	176
452	453	325
335	188	187
190	134	189
177	75	76
179	180	73
175	77	78
464	465	338
296	9	297
424	283	282
189	134	135
166	8	85
437	296	297
197	126	127
572	437	297
164	86	7
201	123	200
302	88	11
204	119	120
480	353	479
349	201	348
262	51	52
268	45	46
264	265	49
689	536	535
239	147	148
254	59	60
225	98	99
306	3	93
230	93	94
448	231	230
232	154	155
232	155	231
234	235	152
228	95	96
229	95	228
251	63	250
226	97	98
235	151	152
238	149	237
224	99	100
395	254	253
244	142	143
366	219	218
240	146	147
445	246	245
308	69	4
445	244	243
369	222	221
248	249	65
246	247	67
249	250	64
241	146	240
239	240	147
251	252	62
237	149	150
250	63	64
249	64	65
223	100	101
398	399	257
252	61	62
255	256	58
226	98	225
369	221	368
256	57	58
218	105	106
648	489	488
259	260	54
216	107	108
213	111	212
213	214	110
357	209	356
403	404	262
257	57	256
261	52	53
213	110	111
262	52	261
212	111	112
263	50	51
265	48	49
211	212	112
210	113	114
267	47	266
270	43	44
264	49	50
413	272	271
208	115	116
266	48	265
270	271	43
534	410	409
353	205	352
408	267	266
416	274	415
271	42	43
161	90	6
280	33	34
276	37	38
566	161	313
274	40	273
158	159	18
159	17	18
279	34	35
566	314	161
281	32	33
427	286	285
278	35	36
285	28	29
190	191	133
291	22	23
176	76	77
175	176	77
177	178	75
287	27	286
179	73	74
321	171	170
288	289	25
171	172	81
291	292	22
170	83	169
290	23	24
292	21	22
290	24	289
167	14	8
294	10	19
191	132	133
168	14	167
158	18	5
194	129	130
297	9	15
301	441	87
196	197	127
198	125	126
299	16	12
200	123	124
198	199	125
198	126	197
344	197	196
352	205	204
231	155	156
234	152	153
163	164	7
419	278	277
357	210	209
360	361	213
425	426	284
283	30	31
303	302	11
634	635	475
275	39	274
280	34	279
187	136	137
190	133	134
410	269	268
274	39	40
196	127	128
195	129	194
251	62	63
368	221	220
258	55	56
257	56	57
707	708	554
170	171	82
183	140	141
186	137	138
288	26	287
289	24	25
442	301	302
477	351	350
269	45	268
411	412	270
361	214	213
1023	909	908
318	166	165
304	91	92
245	68	69
247	66	67
217	106	107
217	218	106
578	434	293
269	270	44
425	284	283
310	158	157
272	41	42
272	42	271
273	40	41
273	41	272
195	128	129
195	196	128
202	121	122
358	210	357
221	103	220
253	254	60
580	319	166
293	10	294
423	424	282
282	283	31
237	150	236
238	148	149
219	104	105
219	105	218
160	17	312
279	35	278
282	31	32
282	32	281
245	246	68
246	67	68
770	771	647
222	101	102
206	207	117
350	203	202
340	341	193
572	297	438
207	116	117
207	208	116
637	478	477
434	304	293
193	130	131
193	194	130
347	200	199
474	348	347
203	120	121
203	121	202
192	131	132
192	193	131
485	358	484
209	115	208
199	124	125
199	200	124
547	423	422
436	295	296
329	179	178
854	450	449
337	190	189
157	13	168
169	83	84
173	79	80
220	103	104
220	104	219
334	335	187
186	187	137
157	5	13
579	294	435
185	138	139
186	138	185
322	171	321
291	23	290
340	193	192
338	191	190
165	85	86
165	86	164
298	297	15
340	192	339
248	65	66
248	66	247
243	144	242
242	144	145
418	277	276
277	37	276
215	108	109
215	216	108
351	352	204
1562	1163	972
226	227	97
675	676	522
243	143	144
243	244	143
172	80	81
172	173	80
233	153	154
448	230	229
170	82	83
171	81	82
337	338	190
182	71	181
431	290	289
322	172	171
445	245	244
507	382	381
253	60	61
253	61	252
293	92	10
293	304	92
211	112	113
211	113	210
255	58	59
255	59	254
280	281	33
542	418	417
287	26	27
288	25	26
286	27	28
286	28	285
175	78	174
562	436	296
305	70	182
305	141	2
359	212	211
359	211	358
178	74	75
178	179	74
184	185	139
184	140	183
236	150	151
236	151	235
306	93	230
306	156	3
307	169	84
307	1	21
514	390	389
387	243	242
305	183	141
305	182	183
295	19	20
295	294	19
391	249	390
384	240	239
174	78	79
174	79	173
275	38	39
275	276	38
214	109	110
214	215	109
342	195	194
467	468	341
229	94	95
229	230	94
224	225	99
789	665	788
205	118	119
205	119	204
260	53	54
260	261	53
263	264	50
262	263	51
241	145	146
241	242	145
201	122	123
201	202	122
209	114	115
209	210	114
573	159	311
418	276	417
314	162	161
417	276	275
267	268	46
266	47	48
258	56	257
523	399	398
331	181	180
332	185	184
325	175	174
423	282	281
300	12	87
300	299	12
301	87	88
301	88	302
227	96	97
227	228	96
569	440	300
346	347	199
206	117	118
206	118	205
373	374	226
380	235	379
504	505	379
666	510	509
483	484	357
267	46	47
188	136	187
454	326	453
188	135	136
188	189	135
296	20	9
296	295	20
367	220	219
397	256	255
359	360	212
405	264	263
303	11	91
303	91	304
427	428	286
549	425	424
356	209	208
358	211	210
374	227	226
379	235	234
402	403	261
217	107	216
284	29	30
284	285	29
233	234	153
232	233	154
308	245	69
308	4	142
277	36	37
277	278	36
430	431	289
429	287	428
307	21	292
307	292	169
366	367	219
399	258	257
380	381	236
378	379	234
360	213	212
403	262	261
223	101	222
223	224	100
382	237	381
375	228	227
557	377	448
448	232	231
308	142	244
308	244	245
453	326	325
335	336	188
163	7	89
163	89	162
269	44	45
354	207	206
389	390	248
372	373	225
221	102	103
221	222	102
160	6	17
159	312	17
324	174	173
428	287	286
555	431	430
432	291	290
390	249	248
387	445	243
339	192	191
338	339	191
478	352	351
414	415	273
306	231	156
306	230	231
259	54	55
259	55	258
298	15	16
298	16	299
393	252	251
365	366	218
430	289	288
555	430	554
392	251	250
521	397	396
309	157	168
463	337	336
469	342	468
416	417	275
363	216	215
401	259	400
493	367	366
401	260	259
336	189	188
330	179	329
344	196	343
345	198	197
343	196	195
343	195	342
438	297	298
470	344	343
416	275	274
415	274	273
368	220	367
652	653	493
426	285	284
426	427	285
355	208	207
355	356	208
449	322	321
447	170	169
412	271	270
412	413	271
404	263	262
404	405	263
446	183	182
446	184	183
311	159	158
698	544	697
354	355	207
409	268	267
400	259	258
400	258	399
393	251	392
519	394	518
422	281	280
548	424	423
496	369	495
394	395	253
432	290	431
447	169	292
527	403	402
488	361	487
376	229	228
376	448	229
729	597	598
568	311	158
571	162	314
543	419	418
513	389	388
560	445	387
351	204	203
351	203	350
326	176	175
322	323	172
423	281	422
1586	969	1559
337	189	336
425	283	424
533	408	532
852	593	584
588	310	564
551	426	550
383	239	238
371	223	370
419	277	418
573	312	159
406	265	264
406	264	405
386	387	242
371	224	223
537	538	413
591	584	317
373	226	225
396	397	255
489	363	362
484	358	357
319	167	166
433	293	294
476	477	350
808	685	684
345	197	344
346	199	198
328	329	178
333	186	185
378	234	233
377	232	448
562	296	437
460	461	334
446	332	184
559	332	446
508	382	507
376	228	375
446	182	181
446	181	331
396	255	254
396	254	395
365	218	217
364	216	363
420	278	419
545	421	420
537	413	412
561	164	316
1602	611	612
579	433	294
749	626	625
345	346	198
632	473	472
633	474	473
362	214	361
680	527	526
374	375	227
383	384	239
653	494	493
675	522	521
511	386	385
510	511	385
578	293	433
564	310	157
391	250	249
391	392	250
556	432	431
558	449	321
385	241	240
385	240	384
522	523	398
495	369	368
414	273	272
414	272	413
435	294	295
582	435	295
1526	1590	836
440	299	300
323	173	172
323	324	173
800	801	677
679	525	678
555	556	431
457	329	456
388	247	246
388	246	445
497	371	370
381	237	236
402	261	260
402	260	401
389	248	247
389	247	388
330	180	179
330	331	180
580	166	318
443	302	303
407	265	406
533	409	408
516	392	391
657	497	656
370	223	222
370	222	369
429	288	287
429	430	288
575	302	443
300	87	441
313	161	160
567	160	312
325	326	175
325	174	324
476	350	349
479	353	352
459	333	332
460	334	333
341	194	193
341	342	194
528	404	403
487	361	360
563	303	444
561	317	164
472	346	345
565	439	299
362	215	214
362	363	215
386	242	241
386	241	385
409	267	408
409	410	268
348	201	200
348	200	347
327	177	176
327	176	326
541	542	417
695	542	541
394	253	252
394	252	393
552	428	427
451	324	323
407	266	265
407	408	266
411	270	269
411	269	410
662	506	505
380	236	235
421	280	279
421	422	280
529	404	528
681	527	680
382	238	237
509	510	384
353	206	205
353	354	206
444	303	304
583	444	304
377	233	232
377	378	233
520	521	396
501	375	374
574	438	298
471	344	470
439	298	299
574	298	439
334	187	186
334	186	333
317	165	164
583	304	434
543	418	542
722	566	313
483	357	356
643	484	483
398	257	256
398	256	397
577	167	319
577	320	167
447	321	170
558	321	447
681	528	527
382	383	238
372	225	224
372	224	371
501	502	375
503	378	377
656	497	496
512	386	511
316	164	163
576	316	163
564	157	309
464	337	463
486	359	485
531	407	406
844	572	716
629	470	469
538	414	413
576	163	315
459	460	333
559	446	331
328	178	177
328	177	327
364	217	216
364	365	217
447	292	291
447	291	432
951	829	828
549	424	548
530	406	405
485	359	358
420	279	278
420	421	279
349	202	201
349	350	202
320	168	167
582	295	436
551	427	426
464	338	337
506	380	505
499	373	372
456	329	328
459	332	559
457	458	330
461	335	334
712	449	556
558	447	432
502	376	375
659	500	499
584	318	165
584	165	317
696	543	542
567	313	160
494	368	367
494	495	368
544	420	419
713	314	566
489	490	363
526	401	525
844	607	572
575	442	302
581	309	168
581	168	320
571	315	162
539	415	414
815	692	691
864	963	847
666	667	510
510	385	384
513	514	389
666	509	665
505	380	379
504	378	503
710	512	511
512	387	386
669	516	515
671	518	517
480	354	353
481	355	354
462	463	336
621	461	620
458	331	330
458	559	331
605	562	608
466	340	339
475	349	348
475	476	349
547	548	423
568	158	310
504	379	378
661	505	504
590	561	316
1167	726	859
452	324	451
457	330	329
544	545	420
997	880	879
473	346	472
565	299	440
1546	1066	979
697	544	543
540	416	415
541	417	416
554	430	429
553	554	429
480	481	354
535	411	410
570	301	442
570	441	301
560	387	512
560	388	445
455	456	328
454	327	326
478	351	477
478	479	352
450	451	323
450	322	449
824	701	700
467	341	340
490	364	363
519	395	394
651	492	491
527	528	403
486	360	359
486	487	360
468	342	341
826	703	702
498	372	371
498	499	372
540	415	539
539	414	538
553	429	428
553	428	552
563	443	303
1582	1601	592
533	534	409
535	536	411
450	323	322
712	556	555
509	384	383
508	509	383
594	318	593
597	581	320
888	760	759
594	580	318
557	503	377
557	448	376
455	327	454
619	456	618
636	477	476
721	565	440
493	494	367
491	364	490
586	564	309
604	579	435
687	534	533
534	535	410
838	566	722
822	699	698
832	712	708
708	555	554
667	511	510
515	390	514
569	300	441
714	569	441
607	437	572
467	340	466
718	312	573
544	419	543
852	584	591
713	571	314
475	348	474
766	642	765
829	706	705
452	325	324
649	490	489
775	651	774
546	547	422
699	545	698
517	393	392
517	392	516
518	394	393
518	393	517
524	400	399
524	399	523
462	336	335
462	335	461
530	531	406
644	645	485
760	761	637
638	478	637
635	476	475
1595	736	867
540	541	416
693	540	539
718	567	312
696	542	695
469	343	342
469	470	343
525	401	400
525	400	524
615	453	452
613	614	451
459	559	458
620	461	460
496	370	369
496	497	370
471	345	344
471	472	345
829	705	828
595	577	319
482	483	356
482	355	481
465	339	338
465	466	339
551	552	427
956	742	741
508	383	382
664	507	663
488	362	361
488	489	362
676	523	522
491	365	364
758	635	634
719	570	442
506	381	380
506	507	381
593	318	584
612	444	583
560	513	388
560	512	513
557	376	502
557	502	503
532	408	407
532	407	531
827	704	703
455	328	327
536	412	411
536	537	412
473	347	346
473	474	347
646	647	487
645	486	485
520	396	395
520	395	519
662	505	661
497	498	371
704	550	703
625	465	624
654	494	653
777	778	654
679	680	526
683	530	529
689	535	688
686	687	533
629	469	628
714	441	570
529	405	404
529	530	405
657	498	497
500	373	499
626	627	467
626	467	466
663	507	506
671	672	518
778	655	654
654	495	494
631	472	471
628	468	627
627	468	467
702	549	548
558	432	556
558	556	449
688	534	687
688	535	534
482	356	355
641	482	481
917	794	916
660	500	659
777	654	653
492	493	366
762	638	761
696	697	543
617	618	455
619	457	456
550	426	425
550	425	549
522	398	397
522	397	521
642	643	483
765	642	641
621	462	461
618	456	455
526	402	401
526	527	402
850	582	606
1586	729	1508
515	391	390
515	516	391
492	366	365
492	365	491
500	374	373
500	501	374
624	465	464
619	709	457
546	422	421
546	421	545
631	471	630
630	471	470
614	452	451
623	464	463
751	752	628
628	469	468
795	672	671
672	519	518
636	476	635
840	565	721
1077	863	962
600	433	579
709	459	458
709	458	457
716	572	438
716	438	574
711	503	502
711	502	501
800	676	799
679	526	525
769	646	645
648	649	489
834	718	573
698	545	544
961	595	728
601	434	578
707	554	553
706	552	705
1562	972	852
862	845	961
963	730	600
1567	852	972
640	481	480
812	689	688
708	712	555
748	625	624
720	315	571
589	590	316
774	651	650
767	644	643
805	682	681
681	682	528
647	488	487
647	648	488
836	714	570
719	442	575
751	628	627
629	630	470
801	678	677
650	490	649
664	508	507
797	674	673
677	524	523
677	523	676
743	709	619
623	624	464
631	632	472
717	439	565
892	764	763
1564	1164	1602
663	506	662
657	658	498
705	552	551
949	950	827
1582	590	1598
691	692	538
796	673	672
786	663	662
605	436	562
606	582	436
638	479	478
807	683	806
843	568	587
597	320	598
918	919	796
660	711	501
889	760	888
811	687	810
796	672	795
668	515	514
1565	836	719
640	480	639
848	580	594
848	596	580
668	669	515
710	513	512
682	529	528
682	683	529
598	320	577
845	729	598
615	452	614
617	455	454
644	485	484
644	484	643
674	675	521
670	516	669
851	583	602
889	761	760
660	501	500
853	503	711
855	460	459
855	620	460
815	816	692
928	806	805
636	637	477
1047	1048	937
757	634	633
633	473	632
673	519	672
674	521	520
603	435	582
603	604	435
864	847	732
851	612	583
684	531	530
684	530	683
761	638	637
589	316	576
608	562	437
608	437	607
701	702	548
747	748	624
639	480	479
639	479	638
741	618	617
622	623	463
747	624	623
745	622	621
739	616	615
876	877	748
823	824	700
715	311	568
609	575	443
841	719	575
700	546	699
699	546	545
853	504	503
853	661	504
602	583	434
602	434	601
611	563	444
611	444	612
781	657	780
908	780	779
613	451	450
854	613	450
655	495	654
904	776	775
880	752	751
586	309	585
768	645	644
806	683	682
665	509	508
665	508	664
1548	839	718
701	548	547
721	440	569
837	721	569
586	588	564
880	751	879
710	511	667
856	513	710
596	319	580
596	595	319
817	693	816
694	540	693
652	493	492
652	492	651
715	573	311
834	573	715
722	313	567
1543	838	722
640	641	481
1048	938	937
585	309	581
1586	1559	849
610	443	563
610	609	443
622	463	462
622	462	621
753	630	629
833	716	574
587	568	310
587	310	588
843	715	568
724	588	586
811	688	687
813	814	690
816	693	692
984	1598	960
703	550	549
703	549	702
1598	859	726
838	713	566
825	826	702
1098	997	1097
750	627	626
616	617	454
692	539	538
692	693	539
685	532	531
685	531	684
830	707	706
828	705	704
592	317	561
592	591	317
690	536	689
691	538	537
737	614	613
826	827	703
717	574	439
833	574	717
793	670	669
792	669	668
625	466	465
625	626	466
700	547	546
700	701	547
841	575	609
836	570	719
694	541	540
694	695	541
759	636	635
605	606	436
825	702	701
634	475	474
634	474	633
828	704	827
752	629	628
658	499	498
658	659	499
673	520	519
673	674	520
616	454	453
616	453	615
787	664	663
794	670	793
776	777	653
953	783	782
802	678	801
771	648	647
670	517	516
670	671	517
835	720	571
818	695	694
690	537	536
690	691	537
756	757	633
754	631	630
752	753	629
755	632	631
678	525	524
678	524	677
599	578	433
599	433	600
642	483	482
642	482	641
650	491	490
650	651	491
856	514	513
856	668	514
686	533	532
686	532	685
646	487	486
646	486	645
720	576	315
960	589	842
704	551	550
704	705	551
1564	851	971
760	637	636
706	553	552
706	707	553
655	496	495
655	656	496
802	679	678
773	774	650
785	661	784
966	784	783
839	567	718
839	722	567
773	650	649
1049	1050	939
854	449	712
738	739	615
733	606	605
730	599	600
1049	938	1048
835	571	713
772	648	771
794	671	670
791	668	856
792	793	669
819	696	695
819	695	818
1545	977	721
754	630	753
986	729	862
1547	840	1068
1289	1000	1244
758	634	757
817	694	693
817	818	694
767	768	644
770	647	646
788	665	664
780	657	656
792	668	791
968	792	791
772	649	648
1035	1036	925
734	605	608
994	995	877
791	710	667
791	856	710
809	685	808
807	808	684
823	700	699
1600	834	976
837	569	714
756	633	632
967	737	832
951	952	829
893	764	892
769	645	768
1002	888	887
758	759	635
942	819	941
1568	835	1527
746	623	622
829	830	706
968	790	955
784	711	660
742	618	741
855	459	709
1016	902	901
804	681	680
785	662	661
796	797	673
760	636	759
931	809	808
891	763	762
938	939	816
945	823	822
944	822	821
790	666	789
789	666	665
775	652	651
920	798	797
961	845	595
861	848	727
790	667	666
790	791	667
810	687	686
811	812	688
1005	891	890
938	815	937
799	676	675
798	675	674
798	799	675
798	674	797
910	782	781
787	788	664
899	771	770
806	682	805
991	871	990
740	741	617
963	600	847
880	881	752
1569	971	851
962	863	846
803	680	679
772	773	649
1081	983	858
823	699	822
846	601	578
846	578	599
804	805	681
924	802	801
770	646	769
922	800	799
965	744	743
746	622	745
820	697	696
1208	1175	943
950	828	827
744	620	743
842	589	576
842	576	720
855	709	743
855	743	620
803	679	802
803	804	680
863	731	846
1563	868	1164
879	751	750
825	701	824
849	581	597
849	585	581
1034	924	923
800	677	676
976	715	843
1600	976	1089
1596	975	833
1547	717	840
755	756	632
755	631	754
786	787	663
782	659	658
731	602	601
731	601	846
893	894	765
895	767	766
776	653	652
776	652	775
916	794	793
914	789	788
993	875	992
951	828	950
1559	982	723
734	1505	865
749	625	748
1580	858	725
766	643	642
766	767	643
874	746	745
746	747	623
901	773	772
1014	900	899
781	782	658
781	658	657
884	756	755
840	717	565
785	786	662
783	784	660
974	719	841
1165	1001	886
809	686	685
809	810	686
821	698	697
821	822	698
896	767	895
1014	899	1013
862	729	845
964	848	861
764	641	640
764	765	641
959	609	1595
1168	736	868
1030	1031	920
906	777	905
1550	833	717
883	755	754
853	711	784
853	784	661
1184	1169	985
1601	860	1163
750	626	749
879	750	878
885	757	756
1589	959	989
750	751	627
878	750	749
1581	1595	610
989	1595	867
832	854	712
831	707	830
763	640	639
763	764	640
832	737	613
832	613	854
814	691	690
814	815	691
762	639	638
762	763	639
941	819	818
820	696	819
914	955	789
794	795	671
912	787	786
909	781	780
892	763	891
934	812	811
820	821	697
945	822	944
725	587	588
1580	588	724
723	586	585
723	724	586
735	608	607
735	734	608
740	617	616
740	616	739
847	579	604
847	600	579
845	577	595
845	598	577
779	655	778
907	908	779
937	815	814
1168	867	736
938	816	815
940	818	817
831	708	707
831	832	708
732	604	603
732	847	604
948	825	947
946	823	945
727	594	593
727	848	594
744	621	620
744	745	621
783	660	659
783	659	782
779	656	655
779	780	656
1542	840	721
1545	721	837
807	684	683
1039	928	1038
1544	1067	978
1555	1330	1223
742	619	618
742	743	619
813	690	689
813	689	812
995	996	878
873	874	745
1071	872	991
1073	954	952
872	956	741
896	768	767
1136	1040	1039
1188	1165	1000
1317	942	1051
903	774	902
1017	903	902
1558	970	850
850	603	582
1583	1299	1060
882	883	754
1566	1179	732
1566	850	970
909	910	781
919	797	796
1025	912	1072
1072	953	910
728	595	596
1078	862	961
952	830	829
965	743	742
738	615	614
738	614	737
953	782	910
1072	912	911
885	756	884
1604	1164	1276
1567	1177	727
1520	1315	1251
866	734	735
881	753	752
955	790	789
917	795	794
1207	883	1176
883	884	755
925	802	924
926	804	803
1145	1146	1049
886	757	885
913	788	787
1074	955	914
941	818	940
1527	1241	1069
984	859	1598
1602	868	736
873	745	744
965	742	956
872	740	871
993	876	875
954	831	830
869	738	737
894	895	766
1010	896	895
871	740	739
872	741	740
887	759	758
887	888	759
949	827	826
1057	950	949
965	873	744
965	956	873
989	959	1595
1210	1085	867
946	824	823
947	825	824
939	817	816
939	940	817
907	779	778
1031	921	920
915	968	955
968	791	790
1020	905	1019
899	900	771
942	820	819
979	835	713
1558	1162	970
1586	1508	969
964	596	848
964	728	596
897	768	896
929	807	806
948	826	825
948	949	826
932	933	810
930	808	807
999	882	881
998	880	997
893	765	764
894	766	765
900	772	771
900	901	772
943	821	820
1548	718	980
898	770	769
1012	898	897
1047	937	936
1008	894	893
913	914	788
1025	913	912
915	916	793
1026	914	913
1569	731	1178
985	861	727
927	805	804
927	928	805
902	774	773
902	773	901
987	731	863
1530	1288	1086
1189	1193	1197
1166	1051	941
1279	972	1163
1173	943	942
1555	1551	1600
967	831	954
967	832	831
998	881	880
996	997	879
875	747	746
875	746	874
967	869	737
967	954	869
911	786	785
911	912	786
959	841	609
1595	609	610
966	783	953
966	785	784
923	924	801
920	797	919
1503	858	1504
1302	1277	1184
936	813	935
890	891	762
1050	940	939
1288	1069	1241
1565	1070	1526
1526	1244	1590
996	879	878
1507	866	1084
975	844	716
1022	907	1021
909	780	908
952	954	830
1058	1059	951
1175	944	943
1584	1300	1090
1054	946	1053
946	947	824
898	899	770
927	804	926
1528	1081	1503
998	999	881
966	911	785
966	953	911
935	813	812
935	812	934
933	811	810
933	934	811
1258	1214	1154
1169	1075	861
1241	1317	1051
1051	942	941
957	607	844
957	735	607
1002	1003	888
1165	885	1000
877	749	748
877	878	749
1590	837	714
1001	887	886
886	758	757
886	887	758
929	806	928
1012	897	1011
1137	1040	1136
1012	1013	898
921	798	920
1037	1038	927
932	810	809
932	809	931
857	724	723
1580	725	588
1369	1355	1311
1183	1080	982
1232	1135	1224
1015	901	900
991	872	871
990	871	870
988	864	732
1179	988	732
930	807	929
930	931	808
943	820	942
943	944	821
1054	947	946
1058	950	1057
906	907	778
906	778	777
605	734	733
1507	1553	1194
876	748	747
876	747	875
905	777	776
905	776	904
1544	839	1067
1600	1243	1555
918	796	795
918	795	917
890	762	761
890	761	889
1150	1151	1056
1099	999	998
915	793	792
915	792	968
925	803	802
925	926	803
973	842	720
1588	984	960
1176	883	882
1550	1596	833
1006	891	1005
1004	890	889
1569	1178	971
921	799	798
921	922	799
1058	951	950
870	738	869
1094	994	993
992	875	874
1132	1035	1131
1032	922	921
1038	928	927
1013	899	898
882	754	753
882	753	881
1215	1077	1155
1077	962	730
1049	939	938
1075	728	964
870	739	738
870	871	739
1167	860	726
1211	1167	859
958	843	587
958	587	725
923	801	800
923	800	922
897	769	768
897	898	769
903	775	774
903	904	775
1542	721	977
1552	1500	1199
913	787	912
1072	911	953
1007	892	1006
1142	1046	1045
1125	1029	1028
1027	1028	917
1029	919	918
1028	918	917
1039	929	928
1009	894	1008
962	599	730
962	846	599
1169	861	985
1186	987	1171
936	814	813
936	937	814
1029	918	1028
1021	907	906
1062	976	843
1062	843	958
1036	926	925
1230	1117	1116
1126	1030	1029
1024	909	1023
1159	1073	1059
1073	869	954
1020	906	905
1033	1034	923
1026	913	1025
1074	914	1026
1061	844	975
1061	957	844
1056	949	948
1057	949	1056
1296	1065	1244
1000	885	884
1122	1024	1023
1020	1021	906
1076	963	864
1075	964	861
1073	870	869
1073	990	870
1117	1019	1018
1033	923	922
1198	1188	1000
1165	886	885
1003	889	888
1240	1144	1143
1024	910	909
1024	1072	910
1010	1011	896
1011	897	896
1074	915	955
1027	917	916
1032	1033	922
1032	921	1031
1540	1091	1193
1588	960	1064
1134	1038	1037
1235	1224	1134
1076	730	963
1076	1077	730
1019	905	904
1229	1127	1126
1004	1005	890
1002	887	1001
1280	1168	1251
1211	859	1082
1006	892	891
1221	1106	1105
1174	884	883
977	1545	1246
1053	946	945
1097	997	996
1042	1043	932
1043	933	932
1046	1047	936
1137	1138	1041
1037	927	926
1037	926	1036
1035	925	924
1035	924	1034
1221	1239	1106
1102	1004	1003
1289	1198	1000
1589	1063	959
1104	1006	1005
1045	935	934
1220	1147	1052
1055	1056	948
1040	929	1039
1236	1109	1233
1017	902	1016
1119	1021	1020
1120	1022	1021
1121	1023	1022
1147	1053	1052
1052	945	944
1040	930	929
1110	1012	1011
1071	873	956
1093	991	990
1018	904	903
1131	1034	1130
1248	1104	1005
1004	889	1003
1018	903	1017
1018	1019	904
1059	952	951
1059	1073	952
1207	1333	1264
1088	1061	975
1063	974	841
1063	841	959
1210	867	1168
1172	986	862
1504	724	857
1044	934	933
1044	933	1043
1015	900	1014
1015	1016	901
1138	1042	1041
1108	1109	1010
1178	731	987
1604	1276	1516
1007	893	892
1007	1008	893
995	878	877
1293	1250	1151
1041	931	930
1041	930	1040
1160	1072	1024
1124	1125	1028
1095	995	994
1156	1094	993
1182	982	969
982	857	723
1009	895	894
1009	1010	895
722	1544	1543
1546	838	1066
1159	990	1073
1152	1058	1057
1044	1045	934
1105	1006	1104
1042	932	931
1042	931	1041
1579	1316	1275
1172	862	1078
1133	1037	1036
1113	1015	1014
1213	1166	1050
1146	1050	1049
1064	960	842
1064	842	973
1149	1055	1054
1151	1057	1056
1148	1054	1053
1538	1327	1290
1166	941	940
1166	940	1050
1160	1025	1072
1226	1122	1121
1333	1242	1554
1176	882	999
1506	1083	1335
1584	983	1300
994	877	876
994	876	993
1501	1594	1192
1052	1053	945
1055	948	947
1055	947	1054
1118	1019	1117
1129	1033	1032
1046	936	935
1046	935	1045
1071	956	872
1158	1071	991
1175	1052	944
1300	983	1081
1130	1034	1033
1116	1018	1017
1022	908	907
1022	1023	908
1074	916	915
1074	1027	916
983	725	858
983	958	725
1140	1044	1043
1234	1138	1233
1150	1056	1055
1096	995	1095
1208	943	1173
1556	1223	1263
1030	920	919
1030	919	1029
1143	1047	1046
1103	1005	1004
1091	1064	1086
1288	1241	1051
1078	961	728
1078	728	1075
1060	866	735
1060	735	957
1161	1124	1027
1122	1160	1024
1207	1174	883
1296	1244	1000
1071	874	873
1071	992	874
1135	1136	1039
1111	1013	1012
1086	1064	973
1530	1086	973
1253	1099	1098
1269	1088	1242
1114	1015	1113
1225	1115	1114
1120	1121	1022
1237	1118	1117
1237	1230	1129
1122	1023	1121
1223	1330	1263
1584	1090	1514
1583	1061	1511
1511	1088	1199
1096	996	995
1148	1149	1054
1189	1051	1166
1288	1051	1197
1156	993	992
1216	1156	1093
1109	1011	1010
1137	1041	1040
1297	1099	1253
1148	1053	1147
1098	1099	998
1511	1199	1153
1127	1030	1126
1229	1120	1119
1120	1021	1119
1125	1126	1029
1567	972	1177
1177	985	727
1108	1010	1009
1236	1137	1136
1128	1032	1031
1230	1130	1129
1157	1059	1058
1158	991	1093
1131	1035	1034
1114	1016	1015
1116	1117	1018
1115	1016	1114
1105	1007	1006
1141	1044	1140
1118	1020	1019
1118	1119	1020
1249	994	1094
1250	1057	1151
1110	1011	1109
1232	1136	1135
1124	1028	1027
1226	1125	1124
1066	1543	1245
1571	978	1067
1155	1077	1076
1356	1324	1260
1135	1039	1038
1135	1038	1134
1098	998	997
1254	1148	1147
1102	1103	1004
1292	1247	1142
1562	1601	1163
1579	1415	1316
1250	1152	1057
1157	1058	1152
1583	1153	1299
1219	999	1099
1111	1012	1110
1112	1013	1111
1129	1032	1128
1129	1130	1033
1513	1509	1383
1387	1323	1355
1170	1076	864
1170	864	988
1158	1093	1156
1093	990	1159
1082	859	984
1540	1193	1082
1180	1162	865
1080	857	982
1265	1208	1270
1220	1052	1175
1243	1600	1089
1502	1200	1090
1092	1087	1063
1581	1602	736
1353	1287	1332
1204	1145	1144
1564	971	1164
1100	1002	1001
1234	1139	1138
1239	1140	1139
1240	1204	1144
1298	1103	1240
1375	1329	1346
1512	857	1080
1212	1001	1165
1145	1049	1048
1562	591	1601
1560	1163	860
1201	1097	1096
1096	1097	996
1084	866	1060
1541	1180	865
1157	1159	1059
1157	1216	1159
1529	1289	1070
1087	974	1063
1219	1176	999
1285	1176	1219
1188	1212	1165
1539	1085	1196
1101	1003	1002
1101	1102	1003
1171	863	1077
1171	987	863
1225	1132	1131
1132	1036	1035
1141	1045	1044
1141	1142	1045
1254	1149	1148
1253	1098	1097
1161	1027	1074
1161	1074	1026
1106	1107	1008
1139	1140	1043
1237	1117	1230
1238	1133	1132
1535	1299	1195
1566	970	1179
1251	1168	868
1100	1101	1002
1233	1109	1108
1233	1138	1137
1123	1026	1025
1123	1025	1160
1561	1080	1255
1309	1219	1297
1582	1598	726
1292	1142	1209
1248	1005	1103
1123	1161	1026
1534	1160	1122
1158	992	1071
1158	1156	992
1112	1014	1013
1112	1113	1014
1534	1123	1160
1534	1226	1124
1085	989	867
1539	1196	1092
1106	1008	1007
1106	1007	1105
1107	1009	1008
1107	1108	1009
1150	1055	1149
1297	1219	1099
1201	1253	1097
1222	1201	1096
1558	733	1162
1162	733	865
1239	1107	1106
1221	1141	1140
1115	1017	1016
1115	1116	1017
1228	1130	1230
1228	1116	1115
1281	1186	1171
1304	1185	1282
1133	1036	1132
1133	1134	1037
1216	1094	1156
1216	1093	1159
1089	976	1062
1514	1200	1089
1144	1047	1143
1275	1252	1167
1273	1276	1178
1319	1286	1205
1231	1226	1121
1534	1122	1226
1224	1135	1134
1224	1112	1111
1209	1142	1141
1221	1140	1239
1154	1078	1075
1305	1186	1281
1174	1296	884
1296	1000	884
1127	1031	1030
1127	1128	1031
1337	1537	1434
1205	1146	1145
1139	1043	1042
1139	1042	1138
1228	1230	1116
1228	1115	1225
1144	1048	1047
1144	1145	1048
1215	1171	1077
1205	1145	1204
1227	1118	1237
1237	1129	1128
1255	1080	1183
1321	1255	1183
1560	860	1252
1252	860	1167
1518	1320	1181
1185	986	1172
1231	1229	1126
1231	1126	1125
1236	1110	1109
1236	1233	1137
1559	969	982
1182	1183	982
1247	1143	1046
1247	1046	1142
1266	1207	1176
1299	1084	1060
1526	836	1565
1590	1065	837
1528	1190	1594
1222	1096	1095
1290	1175	1265
1293	1151	1222
1222	1151	1150
1240	1103	1102
1213	1189	1166
1249	1095	994
1293	1222	1095
1308	1278	1187
1358	1311	1259
1576	1402	1361
1319	1271	1318
1241	979	1066
1527	979	1241
1227	1127	1229
1231	1125	1226
1206	1150	1149
1206	1201	1222
1508	1181	969
1181	1182	969
1507	1084	1553
1510	1083	1507
1202	1101	1100
1203	1204	1240
1317	1173	942
1317	1245	1173
1227	1128	1127
1227	1237	1128
1265	1270	1200
1270	1089	1200
1246	1557	977
1557	1264	1068
1234	1239	1139
1234	1107	1239
1189	1197	1051
1213	1050	1146
1281	1171	1215
1318	1202	1287
1274	1179	1283
1431	1411	1416
1294	1254	1147
1310	1220	1327
1287	1100	1212
1212	1100	1001
1238	1132	1225
1235	1112	1224
1573	1274	1329
1382	1310	1347
1295	1094	1216
1216	1157	1152
1596	1088	975
1271	1204	1203
1591	1560	1519
1209	1104	1292
1209	1141	1221
1187	1170	988
1278	1217	1170
1203	1101	1202
1287	1202	1100
1354	1593	1328
1500	1153	1199
1235	1134	1133
1235	1113	1112
1555	1223	980
1556	1263	1571
1232	1236	1136
1232	1224	1111
1329	1283	1262
1307	1187	1274
1592	1264	1333
1264	1174	1207
1343	1314	1306
1537	1604	1516
1295	1249	1094
1295	1216	1152
1197	1091	1086
1197	1193	1091
1238	1235	1133
1238	1225	1114
1228	1131	1130
1228	1225	1131
1217	1155	1076
1217	1076	1170
1206	1222	1150
1206	1149	1254
1203	1102	1101
1203	1240	1102
1280	1210	1168
1360	1268	1331
1209	1105	1104
1209	1221	1105
1286	1213	1146
1275	1167	1211
1289	1244	1070
1198	1087	1092
1238	1114	1113
1238	1113	1235
1270	1243	1089
1263	1208	1173
1231	1121	1120
1231	1120	1229
1234	1108	1107
1234	1233	1108
1271	1205	1204
1271	1203	1202
1291	1253	1201
1291	1206	1254
1198	1092	1196
1198	1196	1188
1579	1256	1268
1286	1146	1205
1227	1119	1118
1227	1229	1119
1214	1172	1078
1214	1078	1154
1298	1248	1103
1298	1240	1143
1531	1322	1190
1503	1504	1079
1232	1111	1110
1232	1110	1236
1269	1266	1199
1554	1592	1333
1218	1075	1169
1218	1154	1075
1208	1263	1330
1265	1175	1208
1298	1143	1247
1298	1247	1248
1535	1084	1299
1332	1287	1212
1576	1280	1315
1334	1291	1254
1294	1147	1220
1412	1359	1383
1278	1170	1187
1270	1330	1243
1330	1270	1208
1325	1261	1217
1397	1405	1387
1272	985	1177
1272	1184	985
1292	1104	1248
1292	1248	1247
1327	1220	1290
1290	1220	1175
1276	1164	971
1276	971	1178
1283	1179	970
1283	970	1162
1282	1185	1172
1282	1172	1214
1284	1183	1182
1284	1182	1181
1291	1201	1206
1320	1284	1181
1571	1067	1556
1571	1245	978
1295	1152	1250
1295	1250	1249
1557	1174	1264
1296	1174	1246
1324	1281	1215
1402	1414	1361
1436	1368	1413
1354	1328	1309
1529	1087	1289
1289	1087	1198
1332	1212	1188
1267	1188	1196
1274	988	1179
1274	1187	988
1530	1069	1288
1288	1197	1086
1268	1193	1189
1268	1256	1193
1390	1254	1294
1334	1391	1253
1259	1154	1218
1259	1258	1154
1594	1501	1528
1502	1090	1192
1273	1178	987
1273	987	1186
1261	1155	1217
1325	1217	1278
1262	1162	1180
1262	1283	1162
1260	1215	1155
1260	1155	1261
1257	1085	1210
1576	1267	1257
1256	1211	1082
1256	1082	1193
1279	1177	972
1279	1272	1177
1552	1285	1522
1266	1176	1285
1269	1199	1088
1269	1207	1266
1591	1279	1163
1579	1268	1360
1293	1095	1249
1293	1249	1250
1342	1343	1306
1318	1271	1202
1319	1205	1271
1352	1286	1319
1328	1219	1309
1593	1354	1194
1277	1169	1184
1277	1218	1169
1538	1192	1594
1310	1294	1220
1257	1196	1085
1257	1267	1196
1549	1290	1265
1549	1265	1200
1557	1246	1174
1296	1246	1065
1331	1189	1213
1331	1213	1286
1596	1242	1088
1333	1207	1269
1331	1268	1189
1332	1188	1267
1554	981	1592
1333	1269	1242
1340	1302	1303
1409	1374	1342
1316	1252	1275
1510	1335	1083
1506	1301	1180
1513	1185	1304
1324	1215	1260
1352	1331	1286
1352	1360	1331
1313	1272	1279
1303	1272	1313
1509	1432	1578
1362	1255	1321
1389	1370	1358
1361	1353	1332
1561	1512	1080
1570	1191	1322
1311	1258	1259
1345	1318	1353
1520	1251	1563
1315	1280	1251
1361	1332	1267
1341	1340	1303
1303	1184	1272
1303	1302	1184
1386	1324	1356
1345	1319	1318
1551	834	1600
1330	1555	1243
1573	1417	1307
1378	1321	1359
1381	1308	1344
1321	1183	1284
1594	1190	1347
1577	1599	1191
1334	1253	1291
1368	1338	1310
1381	1349	1308
1391	1339	1297
1323	1214	1258
1323	1282	1214
1312	1260	1261
1388	1371	1357
1317	1241	1066
1317	1066	1245
1599	1382	1347
1391	1297	1253
1301	1262	1180
1603	1364	1363
1306	1273	1186
1306	1186	1305
1314	1276	1273
1314	1273	1306
1328	1285	1219
1522	1285	1328
1406	1388	1349
1417	1573	1375
1416	1363	1364
1338	1294	1310
1308	1187	1307
1587	1391	1438
1326	1259	1218
1326	1218	1277
1576	1361	1267
1353	1318	1287
1344	1308	1307
1362	1191	1255
1378	1362	1321
1339	1309	1297
1342	1306	1305
1407	1348	1379
1356	1260	1312
1380	1342	1305
1576	1315	1402
1384	1314	1343
1387	1351	1323
1419	1365	1405
1349	1325	1278
1349	1278	1308
1413	1362	1378
1365	1304	1351
1357	1261	1325
1357	1312	1261
1538	1594	1327
1347	1310	1327
1373	1340	1341
1358	1259	1326
1410	1340	1373
1536	1519	1336
1351	1282	1323
1351	1304	1282
1355	1258	1311
1355	1323	1258
1379	1348	1302
1380	1305	1350
1359	1284	1320
1359	1321	1284
1379	1302	1340
1398	1370	1389
1579	1360	1415
1341	1303	1313
1348	1277	1302
1348	1326	1277
1377	1352	1345
1519	1252	1316
1350	1281	1324
1350	1305	1281
1346	1329	1262
1346	1262	1301
1345	1352	1319
1374	1343	1342
1525	1415	1360
1525	1420	1435
1434	1414	1337
1395	1377	1345
1366	1309	1339
1603	1363	1301
1515	1385	1313
1385	1341	1313
1510	1194	1354
1510	1507	1194
1437	1377	1395
1401	1408	1386
1449	1392	1436
1572	1412	1469
1386	1350	1324
1369	1387	1355
1587	1472	1393
1449	1436	1469
1372	1386	1356
1410	1379	1340
1516	1314	1384
1376	1345	1353
1376	1353	1361
1397	1387	1369
1429	1381	1394
1370	1311	1358
1370	1369	1311
1412	1378	1359
1422	1405	1397
1416	1367	1366
1392	1338	1368
1414	1376	1361
1425	1428	1408
1418	1354	1367
1603	1418	1364
1390	1334	1254
1390	1294	1338
1406	1349	1381
1372	1356	1312
1587	1438	1472
1438	1338	1392
1367	1354	1309
1367	1309	1366
1420	1373	1404
1525	1435	1415
1426	1374	1409
1459	1409	1428
1394	1381	1344
1448	1429	1445
1415	1336	1316
1525	1377	1420
1517	1368	1382
1382	1368	1310
1573	1329	1375
1417	1344	1307
1599	1347	1322
1409	1342	1380
1439	1396	1370
1371	1312	1357
1371	1372	1312
1363	1346	1301
1603	1301	1506
1388	1325	1349
1388	1357	1325
1389	1358	1326
1389	1326	1348
1513	1383	1320
1383	1359	1320
1431	1473	1411
1431	1416	1366
1364	1367	1416
1418	1367	1364
1438	1390	1338
1400	1372	1371
1405	1351	1387
1405	1365	1351
1439	1370	1398
1442	1372	1400
1454	1374	1426
1408	1380	1350
1408	1350	1386
1442	1401	1372
1425	1408	1401
1407	1389	1348
1463	1456	1452
1467	1446	1422
1407	1398	1389
1403	1384	1343
1403	1343	1374
1404	1341	1385
1404	1373	1341
1393	1366	1339
1429	1406	1381
1434	1403	1454
1414	1434	1454
1517	1413	1368
1577	1362	1413
1411	1363	1416
1431	1366	1393
1411	1375	1346
1411	1346	1363
1401	1386	1372
1458	1395	1421
1437	1410	1373
1396	1369	1370
1440	1371	1399
1424	1399	1406
1440	1400	1371
1436	1392	1368
1572	1413	1378
1433	1375	1411
1433	1417	1375
1402	1315	1337
1402	1337	1414
1435	1420	1404
1435	1336	1415
1399	1371	1388
1399	1388	1406
1532	1423	1427
1437	1420	1377
1427	1423	1407
1453	1401	1442
1578	1469	1412
1443	1438	1392
1437	1373	1420
1597	1345	1376
1524	1432	1509
1524	1365	1419
1441	1397	1369
1441	1369	1396
1483	1469	1432
1478	1467	1451
1454	1376	1414
1454	1403	1374
1435	1385	1336
1435	1404	1385
1521	1459	1428
1456	1396	1439
1430	1394	1344
1430	1344	1417
1452	1456	1439
1423	1398	1407
1427	1379	1410
1427	1407	1379
1428	1409	1380
1428	1380	1408
1471	1455	1440
1424	1406	1429
1384	1434	1537
1434	1384	1403
1453	1425	1401
1477	1481	1471
1444	1431	1393
1430	1417	1433
1521	1421	1459
1465	1425	1453
1438	1391	1390
1390	1391	1334
1472	1444	1393
1445	1429	1394
1422	1419	1405
1456	1441	1396
1533	1484	1445
1472	1438	1443
1459	1426	1409
1521	1428	1425
1458	1437	1395
1532	1427	1458
1471	1440	1450
1448	1424	1429
1533	1445	1394
1457	1430	1433
1597	1459	1421
1597	1454	1426
1458	1410	1437
1458	1427	1410
1455	1400	1440
1470	1451	1441
1460	1443	1449
1484	1457	1444
1443	1392	1449
1484	1475	1461
1455	1442	1400
1455	1453	1442
1450	1440	1399
1450	1399	1424
1466	1452	1423
1466	1532	1421
1452	1439	1398
1452	1398	1423
1446	1419	1422
1524	1509	1365
1473	1444	1457
1473	1431	1444
1597	1376	1454
1597	1426	1459
1451	1397	1441
1451	1422	1397
1524	1419	1574
1483	1449	1469
1467	1422	1451
1572	1469	1436
1461	1448	1445
1475	1444	1472
1480	1470	1456
1476	1468	1448
1493	1490	1487
1491	1461	1475
1585	1465	1464
1470	1441	1456
1585	1466	1421
1464	1453	1455
1473	1433	1411
1473	1457	1433
1468	1450	1424
1468	1424	1448
1483	1447	1460
1483	1460	1449
1484	1444	1475
1482	1472	1443
1462	1447	1574
1462	1460	1447
1482	1475	1472
1575	1490	1474
1463	1452	1466
1586	849	597
1496	1485	1477
1481	1464	1455
1464	1465	1453
1481	1455	1471
1480	1456	1463
1481	1485	1492
1478	1451	1470
1478	1470	1480
1483	1432	1447
1578	1432	1469
1479	1446	1467
1479	1462	1446
1490	1479	1487
1495	1478	1486
1492	1585	1464
1497	1486	1485
1477	1471	1450
1477	1450	1468
1586	597	729
1585	1421	1465
1490	1575	1479
1491	1482	1474
1476	1448	1461
1491	1475	1482
1496	1477	1488
1575	1462	1479
1482	1443	1460
1482	1460	1474
1533	1457	1484
1484	1461	1445
1486	1478	1480
1485	1481	1477
1498	1490	1493
1523	1489	1492
1492	1489	1585
1489	1480	1463
1487	1479	1467
1487	1467	1478
1488	1477	1468
1488	1468	1476
1492	1464	1481
1523	1492	1485
1498	1474	1490
1491	1476	1461
1496	1488	1494
1498	1491	1474
1489	1463	1585
1585	1463	1466
1495	1487	1478
1495	1493	1487
1494	1488	1476
1494	1476	1491
1523	1485	1486
1496	1494	1493
1497	1495	1486
1497	1485	1496
1497	1493	1495
1497	1496	1493
1498	1493	1494
1498	1494	1491
1458	1421	1532
1532	1466	1423
1505	734	866
1505	1541	865
1550	717	981
1547	1592	981
1523	1486	1480
1523	1480	1489
1508	729	986
1518	986	1185
1574	1419	1446
1574	1446	1462
1509	1304	1365
1513	1304	1509
1499	1593	1194
1499	1553	1535
1522	1328	1593
1535	1553	1084
1503	1081	858
1503	1079	1531
1548	1067	839
1556	980	1223
1565	719	974
1529	974	1087
1550	981	1554
1596	1554	1242
1501	1192	1300
1501	1300	1081
1561	1255	1191
1570	1079	1512
1568	720	835
1568	973	720
1506	1180	1541
1506	1541	1083
1525	1360	1352
1525	1352	1377
1508	986	1518
1508	1518	1181
1570	1322	1531
1570	1531	1079
1564	1602	612
1581	611	1602
1190	1322	1347
1599	1322	1191
1511	1061	1088
1583	1511	1153
1547	981	717
1547	1068	1592
1504	857	1512
1504	1512	1079
1588	1064	1091
1540	1082	984
1499	1535	1195
1522	1593	1195
1537	1520	1604
1516	1276	1314
1580	724	1504
1580	1504	858
1603	1335	1418
1544	722	839
978	1543	1544
1521	1425	1465
1521	1465	1421
1500	1195	1299
1500	1299	1153
1581	736	1595
1592	1068	1264
1528	1501	1081
1537	1337	1520
1520	1337	1315
1575	1460	1462
1575	1474	1460
1558	606	733
1558	850	606
978	1245	1543
1543	1066	838
1519	1316	1336
1536	1515	1591
1505	1083	1541
1505	866	1507
1563	1251	868
1565	974	1529
1565	1529	1070
1528	1531	1190
1528	1503	1531
1567	593	852
1567	727	593
1283	1329	1274
1573	1307	1274
1527	835	979
1527	1069	1568
1533	1394	1430
1533	1430	1457
1510	1354	1418
1510	1418	1335
1604	1563	1164
1590	714	836
960	1598	589
1598	590	589
1551	718	834
1551	980	718
1505	1507	1083
1576	1210	1280
1576	1257	1210
1542	977	1557
1542	1068	840
1300	1192	1090
1502	1538	1549
1582	726	1601
1601	726	860
1579	1275	1211
1579	1211	1256
1589	1092	1063
1539	989	1085
1522	1195	1500
1522	1500	1552
1536	1336	1385
1515	1313	1279
1513	1320	1518
1513	1518	1185
1578	1412	1383
1578	1383	1509
1538	1290	1549
1502	1192	1538
1530	973	1568
1530	1568	1069
1602	1164	868
1564	612	851
1577	1191	1362
1517	1599	1577
1548	980	1556
1548	1556	1067
1563	1604	1520
1537	1516	1384
1584	1514	1062
1514	1089	1062
1601	591	592
1562	852	591
1569	851	602
1569	602	731
1499	1194	1553
1499	1195	1593
1395	1345	1597
1421	1395	1597
1536	1591	1519
1515	1536	1385
1603	1506	1335
1559	585	849
1559	723	585
1347	1327	1594
1561	1191	1570
1561	1570	1512
1545	837	1065
1065	1246	1545
1546	713	838
1546	979	713
1560	1252	1519
1591	1515	1279
1552	1199	1266
1552	1266	1285
715	976	834
716	833	975
1550	1554	1596
1557	1068	1542
1514	1090	1200
1502	1549	1200
1566	732	603
1566	603	850
1524	1447	1432
1524	1574	1447
1526	1070	1244
1244	1065	1590
1572	1378	1412
1572	1436	1413
1534	1124	1161
1534	1161	1123
1555	980	1551
1571	1173	1245
1571	1263	1173
734	865	733
1517	1382	1599
1517	1577	1413
1581	563	611
1581	610	563
1582	561	590
1582	592	561
1583	957	1061
1583	1060	957
1584	1062	958
1584	958	983
1587	1339	1391
1587	1393	1339
1588	1091	1540
1588	1540	984
1589	989	1539
1589	1539	1092
1591	1163	1560

