BCnode   BCtype
232   4
outBCNode	outBCNum
1	1
134	1
133	1
132	1
131	1
130	1
129	1
128	1
127	1
126	1
125	1
124	1
123	1
122	1
121	1
120	1
119	1
118	1
117	1
116	1
115	1
114	1
113	1
112	1
111	1
110	1
109	1
108	1
107	1
106	1
105	1
104	1
103	1
102	1
101	1
100	1
99	1
98	1
97	1
96	1
2	1
73	3
72	3
71	3
70	3
69	3
68	3
67	3
66	3
65	3
64	3
63	3
62	3
61	3
60	3
59	3
58	3
57	3
56	3
55	3
54	3
53	3
52	3
51	3
50	3
49	3
48	3
47	3
46	3
45	3
44	3
43	3
42	3
41	3
40	3
39	3
38	3
37	3
36	3
35	3
3	2
179	2
178	2
177	2
176	2
175	2
174	2
173	2
172	2
171	2
170	2
169	2
168	2
167	2
166	2
165	2
164	2
163	2
162	2
161	2
160	2
159	2
158	2
157	2
156	2
155	2
154	2
153	2
152	2
151	2
150	2
149	2
148	2
147	2
146	2
145	2
144	2
143	2
142	2
141	2
4	2
230	3
229	3
228	3
227	3
226	3
225	3
224	3
223	3
222	3
221	3
220	3
219	3
218	3
217	3
216	3
215	3
214	3
213	3
212	3
211	3
210	3
209	3
208	3
207	3
206	3
205	3
204	3
203	3
202	3
201	3
200	3
199	3
198	3
197	3
196	3
195	3
194	3
193	3
192	3
5	4
6	4
7	4
8	4
9	4
10	4
11	4
12	4
13	4
14	4
15	4
16	4
17	4
18	4
19	4
20	4
21	4
22	4
23	4
24	4
25	4
26	4
27	4
28	4
29	4
30	4
31	4
32	4
33	4
34	4
74	4
75	4
76	4
77	4
78	4
79	4
80	4
81	4
82	4
83	4
84	4
85	4
86	4
87	4
88	4
89	4
90	4
91	4
92	4
93	4
94	4
95	4
135	4
136	4
137	4
138	4
139	4
140	4
180	4
181	4
182	4
183	4
184	4
185	4
186	4
187	4
188	4
189	4
190	4
191	4
231	4
232	4
