0	0
0	10
10	10
10	0
3.945	7
4	6.945
4.055	7
4	7.055
3.945	6.2
4	6.145
4.055	6.2
4	6.255
3.945	5.4
4	5.345
4.055	5.4
4	5.455
3.945	4.6
4	4.545
4.055	4.6
4	4.655
3.945	3.8
4	3.745
4.055	3.8
4	3.855
3.945	3
4	2.945
4.055	3
4	3.055
4.04753495130763	6.97233362321913
4.02767193358639	6.95246828330903
4.04753495130763	6.17233362321913
4.02767193358639	6.15246828330903
4.04753495130763	5.37233362321913
4.02767193358639	5.35246828330903
9.75	10
9.5	10
9.25	10
9	10
8.75	10
8.5	10
8.25	10
8	10
7.75	10
7.5	10
7.25	10
7	10
6.75	10
6.5	10
6.25	10
6	10
5.75	10
5.5	10
5.25	10
5	10
4.75	10
4.5	10
4.25	10
4	10
3.75	10
3.5	10
3.25	10
3	10
2.75	10
2.5	10
2.25	10
2	10
1.75	10
1.5	10
1.25	10
0.999999999999999	10
0.749999999999999	10
0.5	10
0.25	10
4.02766637678087	7.04753495130763
4.04753171669097	7.02767193358639
4.02766637678087	6.24753495130763
4.04753171669097	6.22767193358639
4.04753495130763	4.57233362321913
4.02767193358639	4.55246828330903
3.97233362321913	6.95246504869237
3.95246828330904	6.9723280664136
4.02766637678087	5.44753495130763
4.04753171669097	5.42767193358639
4.04753495130763	3.77233362321913
4.0276719335864	3.75246828330904
3.97233362321913	6.15246504869237
3.95246828330904	6.1723280664136
4.02766637678087	4.64753495130763
4.04753171669097	4.62767193358639
4.04753495130763	2.97233362321913
4.0276719335864	2.95246828330904
3.97233362321913	5.35246504869237
3.95246828330904	5.3723280664136
3.95246504869237	7.02766637678087
3.97232806641361	7.04753171669097
0	9.75
0	9.5
0	9.25
0	9
0	8.75
0	8.5
0	8.25
0	8
0	7.75
0	7.5
0	7.25
0	7
0	6.75
0	6.5
0	6.25
0	6
0	5.75
0	5.5
0	5.25
0	5
0	4.75
0	4.5
0	4.25
0	4
0	3.75
0	3.5
0	3.25
0	3
0	2.75
0	2.5
0	2.25
0	2
0	1.75
0	1.5
0	1.25
0	0.999999999999999
0	0.749999999999999
0	0.5
0	0.25
4.02766637678087	3.84753495130763
4.04753171669097	3.82767193358639
3.95246504869237	6.22766637678087
3.97232806641361	6.24753171669097
3.97233362321913	4.55246504869237
3.95246828330904	4.5723280664136
10	0.25
10	0.5
10	0.75
10	1
10	1.25
10	1.5
10	1.75
10	2
10	2.25
10	2.5
10	2.75
10	3
10	3.25
10	3.5
10	3.75
10	4
10	4.25
10	4.5
10	4.75
10	5
10	5.25
10	5.5
10	5.75
10	6
10	6.25
10	6.5
10	6.75
10	7
10	7.25
10	7.5
10	7.75
10	8
10	8.25
10	8.5
10	8.75
10	9
10	9.25
10	9.5
10	9.75
4.02766637678087	3.04753495130763
4.04753171669097	3.02767193358639
3.95246504869237	5.42766637678087
3.97232806641361	5.44753171669097
3.97233362321913	3.75246504869237
3.95246828330903	3.77232806641361
3.97233362321913	2.95246504869237
3.95246828330903	2.97232806641361
3.95246504869237	4.62766637678087
3.97232806641361	4.64753171669097
3.95246504869237	3.82766637678087
3.97232806641361	3.84753171669097
0.25	0
0.5	0
0.75	0
1	0
1.25	0
1.5	0
1.75	0
2	0
2.25	0
2.5	0
2.75	0
3	0
3.25	0
3.5	0
3.75	0
4	0
4.25	0
4.5	0
4.75	0
5	0
5.25	0
5.5	0
5.75	0
6	0
6.25	0
6.5	0
6.75	0
7	0
7.25	0
7.5	0
7.75	0
8	0
8.25	0
8.5	0
8.75	0
9	0
9.25	0
9.5	0
9.75	0
3.95246504869237	3.02766637678087
3.97232806641361	3.04753171669097
4.07956866155995	6.96985180625095
4.08151962748251	7.02714019078862
4.05836983853991	7.05732123840376
4.0274509244179	7.07917708282447
3.9702720264013	7.07964055747641
3.94038948652332	7.05751389697114
3.91935324106591	7.02733791242907
3.91990202623943	6.97069986541636
3.94268857483505	6.94289699050712
3.9701478118251	6.92154869045561
4.02700097253112	6.92011693926895
4.05690259420723	6.94058925982499
3.97097681335296	6.27919572257097
4.02713112093566	6.27991922850914
4.05699043576046	6.2591434929443
4.07952608308964	6.22970369335224
4.07902915333604	6.1724910996452
4.05840417967653	6.14213705513773
4.02904213182399	6.12089222276227
3.9710210576619	6.12086825629554
3.9423777760489	6.14207166682933
3.9198693698765	6.17011524678043
3.92075629768632	6.22752286824705
3.94155620704911	6.25783059880841
9.62636112470852	9.79943852990963
9.38906984135665	9.77197580431259
9.12963491578243	9.77413660055238
8.87804520257446	9.77216080531186
8.625	9.78349364905389
8.375	9.78349364905389
8.125	9.78349364905389
7.875	9.78349364905389
7.625	9.78349364905389
7.375	9.78349364905389
7.125	9.78349364905389
6.875	9.78713299246989
6.625	9.78807611148815
6.375	9.78807611148815
6.125	9.78807611148815
5.875	9.78816451053171
5.625	9.78816451053171
5.375	9.78816451053171
5.125	9.78819624852554
4.875	9.78819624852554
4.625	9.78819624852554
4.375	9.78816265594415
4.125	9.78816265594415
3.875	9.78816265594415
3.625	9.78816265594415
3.375	9.78819644971502
3.125	9.78819644971502
2.875	9.78819644971502
2.625	9.78816483865273
2.375	9.78816483865273
2.125	9.78793804227649
1.875	9.78349364905389
1.625	9.78349364905389
1.375	9.78349364905389
1.12027268966947	9.77297225099701
0.870578640335667	9.77649613666632
0.610532657506388	9.77108106584713
0.373638875291482	9.79943852990963
0.196200848410457	9.62085072153489
0.225834093949112	9.38549783773836
0.218513588411364	9.12957534973973
0.21650635094611	8.875
0.21650635094611	8.625
0.21650635094611	8.375
0.21650635094611	8.125
0.213003505376993	7.875
0.213003505376993	7.625
0.21303073798869	7.375
0.21303073798869	7.125
0.21303073798869	6.875
0.21303073798869	6.625
0.21303073798869	6.375
0.21303073798869	6.125
0.21303073798869	5.875
0.21303073798869	5.625
0.21303073798869	5.375
0.21303073798869	5.125
0.21303073798869	4.875
0.21303073798869	4.625
0.21303073798869	4.375
0.213030737988691	4.125
0.21303073798869	3.875
0.21303073798869	3.625
0.21303073798869	3.375
0.21303073798869	3.125
0.21303073798869	2.875
0.21303073798869	2.625
0.213003399489132	2.375
0.213003399489132	2.125
0.216506350946109	1.875
0.21650635094611	1.625
0.21650635094611	1.375
0.216506350946109	1.125
0.219509020149205	0.86648510393016
0.229747664022173	0.606206671933264
0.200345560012634	0.371202854997425
0.379149278465113	0.196200848410457
0.618330680570949	0.221577102250935
0.871147725634926	0.224154695227967
1.1213168573689	0.2249620497191
1.375	0.216506350946109
1.625	0.216506350946109
1.875	0.216506350946109
2.125	0.212062026279251
2.375	0.211835489468284
2.625	0.211835489468284
2.875	0.211803751474463
3.125	0.211803751474462
3.375	0.211803751474462
3.625	0.211837344055851
3.875	0.211837344055851
4.125	0.211837344055851
4.375	0.211837344055852
4.625	0.211803550284981
4.875	0.211803550284982
5.125	0.211803550284982
5.375	0.211835161347274
5.625	0.211835161347274
5.875	0.211835161347274
6.125	0.211923888511849
6.375	0.211923888511848
6.625	0.211923888511849
6.875	0.212867007530111
7.125	0.216506350946109
7.375	0.216506350946109
7.625	0.216506350946109
7.875	0.21650635094611
8.125	0.21650635094611
8.375	0.216506350946109
8.625	0.216506350946109
8.87893592377742	0.228252432324947
9.12845077188388	0.224935472656172
9.38185863146028	0.225046821345188
9.62085072153489	0.196200848410457
9.79943852990963	0.373638875291481
9.76898681541789	0.606391023184744
9.77870705383519	0.865658588058083
9.78349364905389	1.125
9.78349364905389	1.375
9.78349364905389	1.625
9.78349364905389	1.875
9.78349364905389	2.125
9.78349364905389	2.375
9.78349364905389	2.625
9.78349364905389	2.875
9.78349364905389	3.125
9.78349364905389	3.375
9.78349364905389	3.625
9.78349364905389	3.875
9.78349364905389	4.125
9.78349364905389	4.375
9.78349364905389	4.625
9.78349364905389	4.875
9.78349364905389	5.125
9.78349364905389	5.375
9.78349364905389	5.625
9.78349364905389	5.875
9.78349364905389	6.125
9.78349364905389	6.375
9.78349364905389	6.625
9.78349364905389	6.875
9.78349364905389	7.125
9.78349364905389	7.375
9.78349364905389	7.625
9.78349364905389	7.875
9.78349364905389	8.125
9.78349364905389	8.375
9.78349364905389	8.625
9.78349364905389	8.875
9.78015728632579	9.13247574319933
9.7677220672672	9.39278344063363
9.80379915158954	9.62085072153489
3.97301090130495	5.48015126704085
4.02981066984305	5.47845634932764
4.05730059372659	5.45709220171765
4.0800545747662	5.42934244964248
4.07989329584437	5.37090906549148
4.05708954296798	5.3427020708567
4.02883928155574	5.32003453180664
3.97030884283834	5.3208473403496
3.94226326901407	5.34209308478481
3.92038569026267	5.37013658110852
3.92080579592658	5.42755200834169
3.94288783299581	5.45801691460995
4.02714065196143	4.67978309071772
3.97029576336689	4.67860292247338
3.94040517707079	4.65693621730867
3.91922754593545	4.62723728716553
3.91982116676329	4.57011256038978
3.94195493235493	4.54222890687423
3.97032167447473	4.52073068975328
4.02836232166651	4.5201665431475
4.05702596819285	4.54202681155345
4.07902770610638	4.57249014319204
4.07952442453429	4.62970100452407
4.05696840457609	4.65903986362276
3.97301090134656	3.88015126708378
4.02981078837541	3.87845637152494
4.05954873937769	3.85672596002235
4.08064889883757	3.82702850988329
4.07946186800478	3.77009351844454
4.05704986162196	3.74162433273644
4.02826411741066	3.71916774922401
3.9703669037785	3.72169476413282
3.94143607665675	3.74340972556459
3.91925537999898	3.77292450784642
3.92039045399147	3.8299566377621
3.94308134719012	3.85939769786186
3.96989538785569	3.07819105018792
4.02714919849763	3.07818769704419
4.05727277370144	3.05785515472713
4.07625277345825	3.03063762775099
4.0794075094739	2.97220281584161
4.05802275088194	2.94123377607317
4.02715842835759	2.91920599489855
3.96965298401598	2.92082423402577
3.94055931801336	2.94475099318462
3.91726969423607	2.97722789090144
3.91682676794966	3.02213967488351
3.94043471095668	3.0549819635285
9.82924682452695	0.170753175473054
0.165780335765243	0.16393895291851
9.82924682452695	9.82924682452695
0.170753175473055	9.82924682452694
4.09547365847699	6.93147918294657
4.10010039386375	6.99779160052505
4.0990168565762	7.06638804541339
4.066792645726	7.09438911505173
3.99835893296543	7.09955859588684
3.93164557635782	7.09603382962074
3.90159797725681	7.06718411076345
3.90025295838087	6.99878382147183
3.90210922545159	6.93350835806018
3.93241559737261	6.90518823984237
3.99737922927364	6.90377931472335
4.0641025039407	6.90398098469857
3.93386871282995	6.29632832967062
3.99827426950242	6.29724227558043
4.06431908265976	6.29584372004526
4.09557925942602	6.26754166964584
4.09894343070048	6.20166644422255
4.09554732079852	6.13254472712137
4.06623155159887	6.10368592770367
4.00182749537979	6.10335280407776
3.93376099663188	6.10386484753636
3.9032377837532	6.13215165624184
3.9004149521473	6.19828613460766
3.90396179571539	6.26734094434439
9.25703848331622	9.55397273365856
9.00236742269078	9.54610581292551
8.7474634269395	9.56341689124404
8.5	9.56698729810778
8.25	9.56698729810778
8	9.56698729810778
7.75	9.56698729810778
7.5	9.56698729810778
7.25	9.56698729810778
6.99684836970997	9.5688161446384
6.74919757091335	9.5748983422874
6.5	9.57645065630305
6.25	9.57645703171838
5.99992517195002	9.57650023299341
5.75	9.57654514724202
5.5	9.57661435379007
5.24997314325092	9.5766299171128
5	9.57664603349902
4.75	9.57668246056747
4.50002842115601	9.57666581710937
4.25	9.57664893063389
4	9.5766491724788
3.75	9.5766491724788
3.49997140865949	9.57666616015097
3.25	9.57668290322013
3	9.57664662055244
2.75002674929048	9.57663056852829
2.5	9.5766150675509
2.25019217001936	9.57622043312045
2.00384871420631	9.56922317650042
1.75	9.56698729810778
1.5	9.56698729810778
1.25102298544279	9.56461252841541
0.994366076613709	9.54743089306803
0.740559889065219	9.55309522940295
0.434420499884836	9.26583448081551
0.434196538450133	9.00650194077366
0.43301270189222	8.75
0.43301270189222	8.5
0.43301270189222	8.25
0.431252779504271	7.9969665658428
0.425873005246555	7.75
0.425886555427274	7.50002318796252
0.4259002109209	7.25
0.425901361389918	7
0.425901361389918	6.75
0.425901482456975	6.5
0.425901482456975	6.25
0.425901361389918	6
0.425901482456975	5.75
0.425901482456975	5.5
0.425901361389918	5.25
0.425901361389918	5
0.425901482456975	4.75
0.425901361389918	4.5
0.425901361389918	4.25
0.425901482456975	4
0.425901361389917	3.75
0.425901361389918	3.5
0.425901482456974	3.25
0.425901482456974	3
0.425900067846712	2.75
0.425886359231208	2.49997672189198
0.42587275639132	2.25
0.431252726046538	2.00303352584797
0.433012701892219	1.75
0.43301270189222	1.5
0.433012701892219	1.25
0.434088889078645	0.989589662118354
0.435742779506788	0.72820655824256
0.744292542017811	0.440392458542124
0.996378839011613	0.450988446553346
1.25	0.43301270189222
1.5	0.433012701892219
1.75	0.433012701892219
2.00384865484655	0.430776858199433
2.2501919501057	0.423779789743429
2.5	0.423385646209926
2.75002685674908	0.423370082887198
3	0.423353966500982
3.25	0.42331753943253
3.49997157884399	0.423334182890632
3.75	0.423351069366108
4	0.423350827521204
4.25	0.423350827521205
4.50002859134051	0.423333839849027
4.75	0.423317096779867
5	0.423353379447559
5.24997325070952	0.423369431471706
5.5	0.423384932449102
5.75	0.423454204325195
5.99992489431484	0.423499285123377
6.25	0.423542646728093
6.5	0.423549024581191
6.74919757164212	0.425101464531743
6.99684836970997	0.431183855361603
7.25	0.433012701892219
7.5	0.433012701892219
7.75	0.43301270189222
8	0.433012701892221
8.25	0.43301270189222
8.5	0.433012701892219
8.74896512889766	0.436760147958863
9.00539892148094	0.454461038024654
9.25638430374905	0.442878109030404
9.56312898661939	0.729989041070408
9.5651281668327	0.992402786784012
9.56698729810778	1.25
9.56698729810778	1.5
9.56698729810778	1.75
9.56698729810778	2
9.56698729810778	2.25
9.56698729810778	2.5
9.56698729810778	2.75
9.56698729810778	3
9.56698729810778	3.25
9.56698729810778	3.5
9.56698729810778	3.75
9.56698729810778	4
9.56698729810778	4.25
9.56698729810778	4.5
9.56698729810778	4.75
9.56698729810778	5
9.56698729810778	5.25
9.56698729810778	5.5
9.56698729810778	5.75
9.56698729810778	6
9.56698729810778	6.25
9.56698729810778	6.5
9.56698729810778	6.75
9.56698729810778	7
9.56698729810778	7.25
9.56698729810778	7.5
9.56698729810778	7.75
9.56698729810778	8
9.56698729810778	8.25
9.56698729810778	8.5
9.56698729810778	8.75
9.56517555802595	9.00539287338401
9.56521936315171	9.26860939347597
3.93432616011661	5.49666365081403
4.00246361356984	5.49671988274894
4.06728616930617	5.49455281127629
4.0968920066083	5.46658846393176
4.09953608469162	5.40148599363053
4.09628380611322	5.33321299488876
4.06579929905032	5.30401701280124
3.99850791477568	5.29870259926505
3.93253241802932	5.30517757049449
3.90354195371461	5.33253303361752
3.90073363363438	5.39834101727537
3.90406598290937	5.46771432498966
3.99791835934615	4.6970193306672
4.06418258915774	4.69560282100177
3.93270977056203	4.69583205772095
3.90333075271866	4.6650899137635
3.89991082586611	4.59815847673578
3.90307931797023	4.53289400168432
3.93230042670317	4.50538003758747
3.99958644060246	4.49727240256023
4.06338457052441	4.50379507023082
4.0933598763728	4.53324990650082
4.0989384783369	4.60166214807489
4.09524913430448	4.66763106778474
4.00246361355575	3.89671988293239
3.93430498927453	3.8968464340583
4.06757638050923	3.8944347476527
4.0965294850834	3.86478387394313
4.09951407897441	3.79795168196922
4.09514505400199	3.7316765420339
4.0631296626496	3.70331241494845
3.9981174469316	3.69742333624675
3.93226805505255	3.70729799061438
3.90176058451382	3.73458121962268
3.90024862676691	3.80203264163571
3.90411896641222	3.86819062110823
3.93241955971846	3.09387954018293
3.99888708096845	3.09754062659927
4.06623753797952	3.09345192090824
4.09596895825515	3.06735811096715
4.0998809753511	3.00188606883017
4.09725144971222	2.93228290010547
4.06695196602028	2.90243354518386
3.99801356776597	2.90059014640679
3.9311890901572	2.90468220494934
3.90169858464346	2.93459995637259
3.88778003930445	2.99888583494167
3.90235163049235	3.06383240697231
9.53605079517522	0.458610517331442
9.53879772600483	9.54128672754644
0.459842189558859	9.54322434697868
0.46503180183476	0.452667730673262
9.12956164867096	9.3090101577131
8.85917796427416	9.34703024637801
8.61733619471104	9.34265384320887
8.375	9.35048094716167
8.125	9.35048094716167
7.875	9.35048094716167
7.625	9.35048094716167
7.375	9.35048094716167
7.12184826081778	9.34975999512514
6.86773628753243	9.35659767959879
6.62328177560375	9.36425100320651
6.37499460758185	9.3650002416122
6.12492605711571	9.36502773880505
5.87492458876062	9.36508732974686
5.62494150302804	9.36526675485617
5.37497341796989	9.36530690318548
5.1249729479733	9.36532837360865
4.87496922216723	9.36543511114153
4.62502827429074	9.36544829532963
4.37502847509494	9.36545079896048
4.12499979568591	9.36544541470683
3.875	9.36544553562876
3.62497135433743	9.3654510733423
3.37497155647563	9.36544927850736
3.12503065574307	9.36543619862008
2.87502694394677	9.36532802191349
2.62502647567283	9.36530663726788
2.37543026665511	9.36487718209956
2.13311523128975	9.35815036491246
1.87884891199257	9.34960239488441
1.625	9.35048094716167
1.37982429152882	9.3460819947613
1.1368791402785	9.35062993880189
0.866340205027495	9.30925966379806
0.654733565938753	9.13394978565478
0.648215318504828	8.88253821470552
0.649519052838329	8.625
0.649519052838329	8.375
0.650213215596548	8.12196646870503
0.643472484817633	7.86880181889727
0.63863356435068	7.62502312645981
0.638640557731418	7.37502321357427
0.63864547342673	7.12500097902469
0.638646048660159	6.875
0.638646109326789	6.62500010302549
0.638648445766085	6.375
0.638648385258974	6.1249998969734
0.63864838547157	5.87500010302659
0.638648445766085	5.625
0.638648385285522	5.3749998969734
0.638648324831766	5.125
0.638648385152999	4.87500010302659
0.638648385312069	4.6249998969734
0.638648324831766	4.375
0.638648385126451	4.12500010302659
0.638648385338616	3.8749998969734
0.638648324831766	3.625
0.638646093542158	3.37500010302548
0.638646154208621	3.125
0.638645446901781	2.87499879619681
0.638640382506525	2.62497669615557
0.638632998268746	2.37497678366406
0.643472284510432	2.13119839764989
0.650213236385876	1.87803362299453
0.64951905283833	1.625
0.64951905283833	1.375
0.647872820016692	1.11646599949303
0.653811079884238	0.862689930982413
0.868102118810379	0.687096958406307
1.1403347683435	0.646894828044876
1.37969240341511	0.651737504916042
1.625	0.649519052838328
1.8788488526237	0.650397591723971
2.13311492941194	0.641849682274315
2.37542974055757	0.635123191864227
2.62502658210666	0.634694326556278
2.87502704664695	0.634588183945029
3.12503077783277	0.634564888858467
3.37497172570926	0.634551704670365
3.62497152490506	0.634549201039519
3.87500020431409	0.63455458529317
4.125	0.634554464371235
4.37502864566257	0.6345489266577
4.62502844352437	0.634550721492645
4.87496934425693	0.634563801379915
5.12497305613248	0.634670743879967
5.37497352440369	0.634692128386861
5.62494144788498	0.634732291243718
5.87492430914418	0.634911309177087
6.12492578290008	0.634971120717775
6.3749946055394	0.634998675366836
6.62328167371785	0.635748003667315
6.86773612001732	0.643402221774312
7.12184826081778	0.650240004874853
7.375	0.649519052838328
7.625	0.649519052838328
7.875	0.649519052838331
8.125	0.649519052838331
8.375	0.649519052838328
8.61911374028561	0.657555550049937
8.86335866860468	0.65342863648644
9.13486508359032	0.691460159291911
9.34526643406125	0.866050214345224
9.3520282751842	1.11966277861969
9.35215406380643	1.37153706113478
9.35048094716167	1.625
9.35048094716167	1.875
9.35048094716167	2.125
9.35048094716167	2.375
9.35048094716167	2.625
9.35048094716167	2.875
9.35048094716167	3.125
9.35048094716167	3.375
9.35048094716167	3.625
9.35048094716167	3.875
9.35048094716167	4.125
9.35048094716167	4.375
9.35048094716167	4.625
9.35048094716167	4.875
9.35048094716167	5.125
9.35048094716167	5.375
9.35048094716167	5.625
9.35048094716167	5.875
9.35048094716167	6.125
9.35048094716167	6.375
9.35048094716167	6.625
9.35048094716167	6.875
9.35048094716167	7.125
9.35048094716167	7.375
9.35048094716167	7.625
9.35048094716167	7.875
9.35048094716167	8.125
9.35048094716167	8.375
9.35048094716167	8.625
9.35124723962241	8.8820529171515
9.34862082797884	9.13713845556315
9.36456399332747	0.639877986103696
0.636215163805485	0.636215163805485
0.635387651409234	9.35730387185624
9.36291854982096	9.35996757298355
3.87564356767295	6.96619879379023
3.87563711190634	3.03234182795069
4.12463858733954	7.03271252734794
3.87510616192921	3.76576819396929
3.87521023892884	4.56428475518377
3.87644072023621	5.36433713920781
3.87536819251313	6.16439420817272
4.12381195515235	2.96619263805133
3.87699881184443	3.8356669081438
3.87538033682068	4.63411912642001
3.87709148474528	5.43486661731034
3.87666967751026	6.23474379147951
4.12210224681554	6.23510655562036
4.12319465459854	3.83359973705193
4.12264770332379	5.43450437610269
4.12258299215499	4.63553214008755
4.12231988026108	3.7644260410537
4.12228576459625	5.36569667065117
4.1214937813072	6.16528821934521
4.12159658895598	4.56532676925837
4.12148622333835	3.03645864716905
3.96298842776042	7.12228659313678
4.03469154442527	2.87728900498273
4.12189726111622	6.96283155929675
3.96246366088576	2.87795760340198
4.0357564347928	7.12174196028267
3.87545999817816	2.96481677529735
3.87566032477632	7.0360611689267
4.02707847879518	3.67576525355256
4.0295961637657	5.27811002568666
4.0349887874796	6.08028501378189
4.03245448290902	6.88067392239918
4.0292575898645	4.47697446693898
3.96713645151201	3.91944088309013
3.96709809738588	3.11788498417611
3.96742111898527	5.51975997068949
3.96626975317548	6.31955877892603
3.96581256532988	4.72031623052873
4.03485714811067	3.11707363553769
4.03553768036893	3.91793502418772
4.03311757490735	6.3194248893733
4.03246381588445	4.71901380479572
4.03574416605369	5.51898117667185
3.96319912575771	3.68726108290426
3.96418658122072	4.48619840563931
3.96430113527849	5.28620809970377
3.96333242072777	6.88031219464483
3.96642150010566	6.08081499345106
4.10902283386934	6.88793965695471
4.14309523410824	6.92288958315932
4.11404499616946	7.11185616594102
4.14845302811132	7.07580413830113
4.07678626330398	7.14195317502001
3.88670295257705	7.11210915275225
3.92331042723624	7.14181852012404
3.85382257714146	7.07704592211526
3.85382194140904	6.92432185559902
3.88884775342631	6.88924399979519
3.92598779059229	6.86012800531677
4.07270978306466	6.85890236117619
3.92742264782797	6.34107048830537
3.89056454044397	6.31226982988026
4.07300968000273	6.34069129102151
4.10948057334098	6.30997455366012
4.14267576700615	6.27699870128526
4.10950929219469	6.0884217394818
4.1430517038854	6.12164833368377
4.07262376079675	6.05902120790285
3.92703482185495	6.0594172778264
3.89035925655813	6.0883783882395
3.85385088517571	6.12282990993933
3.85460996004333	6.27752508710113
3.92737873884927	5.5411811701734
3.88980249168966	5.51313124629046
4.07414229503647	5.5395794069693
4.11025927564979	5.51080949383942
4.14241868238318	5.47626965277083
4.10971048386027	5.28910462155428
4.14130679047783	5.3227847349147
4.07373699817438	5.25998979858666
3.89117548969297	5.28877364231115
3.93102617857833	5.26112941098776
3.85627814210874	5.32315088814946
3.85522625932389	5.47742547381437
4.10945122757488	4.71344180201288
4.0730422457043	4.74049667992071
3.88981656763645	4.71153118996511
3.92689096430035	4.74432659122852
3.85501887082143	4.67647025499893
3.89072639107727	4.48885014232496
3.85500539318767	4.52316361891749
3.93098260476783	4.46113622168437
4.10892528841442	4.48643073432079
4.07264767518368	4.45908668892225
4.14161209321827	4.52156245002556
4.14108733661827	4.67704242533281
3.92737873880593	3.94118117003175
3.88957926653324	3.91189807285593
4.11033600079917	3.91071526520647
4.07414229501685	3.93957940700635
4.14266432221444	3.87596648511717
4.1088530869664	3.68659836954713
4.14128017200497	3.72258821910151
4.07271967603063	3.65894603056053
3.92965525065023	3.66197232511605
3.88934080178879	3.68982138568257
3.85355841154534	3.72339869140754
3.85632458363316	3.87765069179886
3.88911741136884	3.11069403631894
3.92636168739681	3.1401285170262
4.10980377423165	3.11089462425262
4.074087950562	3.13978299118251
4.14190772054473	3.07753242295751
4.11191264123918	2.88711782174477
4.14668997439403	2.92325006769858
4.07547015406334	2.85701627269764
3.92293431714941	2.85840416761474
3.88738296662598	2.88940156706915
3.85456974847966	2.92408111434354
3.8563939545146	3.07419050993965
8.73600373835419	9.11524795782806
8.49488716086838	9.12711936268363
8.25107284564801	9.12894449974013
8.00526844474566	9.12547425439035
7.75	9.13397459621556
7.5	9.13397459621556
7.2490453828606	9.13197677967403
6.99250919747644	9.13743131432921
6.73882224408509	9.14684192227193
6.49850160972307	9.15367126068699
6.2499371405165	9.15409981023639
5.99987505203029	9.15415634022977
5.74978167190028	9.15427602472011
5.49992358734105	9.1543886779426
5.24995507046402	9.15441655970805
4.99988111441388	9.15464987794352
4.74998763525498	9.15476606398554
4.50002626481463	9.15476787638
4.25003743945766	9.15703857730444
4.00001871701612	9.15740752091198
3.74998101086728	9.15476405338492
3.49997296796031	9.15476888765932
3.25001213115003	9.15476748269604
3.0001199833263	9.15465089540038
2.75004474936519	9.15442314981448
2.50059156923147	9.15400384401458
2.25341154307872	9.14438765312741
2.00151422614455	9.13400890607651
1.75338185128433	9.12973789670478
1.50462082823461	9.12969183925794
1.25875116223087	9.12116914944571
0.869443853405698	8.76748950732537
0.867985641662581	8.50329237202931
0.870942733417966	8.25133439148344
0.868298986256359	8.00398644140203
0.859298954519105	7.74936186079637
0.851122860619083	7.5000291139955
0.851131214742217	7.25001627403689
0.851133347893051	7.00000097843028
0.851133549456585	6.75000010307636
0.851135029463519	6.50000203737086
0.851136169149617	6.24999989705864
0.85113595881957	6.0000000001807
0.85113617199548	5.75000010276066
0.851136172018909	5.49999989708121
0.851135939573783	5.24999989710399
0.851135939654396	5.00000010278337
0.851136152801812	4.7500000001352
0.851135939602155	4.49999989708143
0.851135939626007	4.25000010276081
0.851136152801727	4.00000000018033
0.851135936758082	3.74999989705886
0.851134789298663	3.49999815502664
0.851133765325732	3.25000010307621
0.851133560519453	2.99999879692512
0.851130914629301	2.7499834420638
0.851122304705921	2.49997046373041
0.85951396067689	2.25115292457838
0.867963844344373	1.99720931006997
0.867948486400977	1.75091851482867
0.867897608295438	1.4962831058218
0.869098410517826	1.23169816410987
1.25853366964375	0.878619202555141
1.50550217230588	0.869721583173587
1.75451833848576	0.869025017493912
2.00736277605939	0.863266430673535
2.2551269778924	0.854843329964059
2.5005908601868	0.845997151964633
2.75011635444973	0.845537327655243
3.00004854795086	0.84530771358052
3.25001236474502	0.845233936014459
3.49997373518537	0.845232123619995
3.74998132761199	0.84523652818123
4.00000020406108	0.845235791724637
4.25001898913272	0.84523594661508
4.50002703203969	0.845231112340674
4.74998786884997	0.845232517303957
4.99988105704556	0.845348477487716
5.24995525031977	0.84558157751152
5.49992360086068	0.845609408289801
5.74978184859255	0.845721855492851
5.99987458924114	0.845841477072558
6.24993695405205	0.845898176605145
6.49850148282533	0.846327137772876
6.73882132743465	0.85315748781961
6.99265194759298	0.862656580616662
7.2490453828606	0.868023220325969
7.5	0.866025403784437
7.75	0.86602540378444
8.00525543410706	0.874397440356923
8.2519413639184	0.871815806319435
8.49700534525723	0.871350987327315
8.73635823023097	0.885521756056569
9.1363587466016	1.23846629160159
9.14111802560499	1.49636815431576
9.13121351811196	1.74765269059086
9.12723396555087	1.99514589651955
9.13397459621556	2.25
9.13397459621556	2.5
9.13397459621556	2.75
9.13397459621556	3
9.13397459621556	3.25
9.13397459621556	3.5
9.13397459621556	3.75
9.13397459621556	4
9.13397459621556	4.25
9.13397459621556	4.5
9.13397459621556	4.75
9.13397459621556	5
9.13397459621556	5.25
9.13397459621556	5.5
9.13397459621556	5.75
9.13397459621556	6
9.13397459621556	6.25
9.13397459621556	6.5
9.13397459621556	6.75
9.13397459621556	7
9.13397459621556	7.25
9.13397459621556	7.5
9.13397459621556	7.75
9.1275326668937	8.00407668444823
9.12977204351107	8.25407006610727
9.1391854980906	8.50611800170429
9.13582488156325	8.76602370657501
9.14593817786875	9.03558724305405
9.15080656180731	0.971492872862835
0.849193438192692	9.02850712713716
0.848120676056842	0.969822062912306
3.99998893302248	7.15045202866463
3.99965871711398	2.84977036804273
3.84779622009151	2.99872867033027
4.15293042193369	6.99828395627371
4.1534266125529	3.00081747197459
3.84789245044834	7.00176482360303
3.99952245436182	6.8541124449476
4.00049594504194	6.05567247690396
4.00004742385711	6.34291155346115
4.00071654750272	5.54400057616884
3.99892354289074	4.74289456094624
3.99921959337524	3.94160686752252
4.00087890411896	3.14006112180423
3.84986107106629	5.39991416817494
3.84904998800997	4.59915408393829
3.84863678473982	6.19939308676722
3.8494414895102	3.80055509300117
4.14864274594797	3.79904697243666
4.14698575119244	6.20095459085116
4.14773690421879	4.60104142579388
4.14631386267027	5.40025351642317
4.11641946779857	6.83471823362654
4.16215791688185	6.87458660438174
4.16885347798411	7.1280202142718
4.12294760135004	7.16640745673422
3.87710948115118	7.16715304012832
3.83361055818082	7.12440123434094
3.83651465071968	6.87246689253808
3.8828066627321	6.835041317579
3.88347010049424	6.36636378041505
3.83768516468642	6.32878950441208
4.11674970030638	6.36524923392534
4.16082354420204	6.32714925144688
4.11593963891412	6.03258459768731
4.16037684327059	6.07067308638855
3.88331623941351	6.03487971572897
3.83612090773421	6.07183041566939
3.88274185531735	5.56700267539097
3.83757906617361	5.52911890979109
4.11627477041573	5.56389129755087
4.16048153162122	5.52715435281616
4.16047417224745	5.27214574715252
4.11568622066574	5.23488726931361
3.83841617787171	5.27212215592174
3.88487894879568	5.23669324471022
4.16032866105991	4.72781925909564
4.11588339728443	4.7644471097705
3.83744484498977	4.72846989596429
3.88276498400701	4.76601029397233
3.83857501076724	4.47470799518064
3.88497608249287	4.43628069415152
4.11493472675037	4.43203360663053
4.16000838951189	4.47060136209212
3.88455318142088	3.96478375242313
3.83853853121921	3.92862432789352
4.11628142514963	3.96386095969649
4.16042968766266	3.92695060468907
4.11609569100103	3.6330626789701
4.15946750950856	3.67149242304113
3.88458847558763	3.63682456820594
3.83717537754869	3.67311679739839
3.83767522507596	3.1278056587646
3.88215053528468	3.16805539746569
4.16072460974462	3.12472725649033
4.11676597636668	3.1645176600212
4.1663000977812	2.87170247005264
4.12164859625021	2.83262044394578
3.87660011658197	2.83474021037277
3.83280907004851	2.87655337653258
8.625	8.91746824526945
8.38038977022429	8.90968583526547
8.13710036675367	8.90135779188074
7.87967133698277	8.9116490707827
7.625	8.91746824526945
7.37625019688986	8.91597604748813
7.11473315671263	8.91645901370634
6.86128883843904	8.92471102810298
6.61646881637714	8.93377202186167
6.37385626562239	8.94327717148487
6.12485846892109	8.94344708137691
5.87472753834445	8.9435345807087
5.62468789035332	8.94585366045153
5.37491617026418	8.9467783744456
5.12489191476536	8.94789534359842
4.87518618657803	8.94998339370224
4.62497406732362	8.94919679331569
4.37504901007963	8.94969699686038
4.12505240967106	8.95008288101295
3.87505026448279	8.95035994897454
3.62515110329386	8.95126335396835
3.37499391972005	8.94919319151702
3.12516288319728	8.9471733100314
2.87527144626756	8.94691848415502
2.62567185372046	8.94379380223199
2.37927311795652	8.93497060948723
2.12771779258065	8.92100480671728
1.87755555447053	8.90534428975874
1.62723481098806	8.90432501619764
1.3745433804293	8.92463164932953
1.10136532820399	8.89489706790759
1.07622133130333	8.6154423203017
1.0916016210141	8.3768329137833
1.09660598818864	8.12598010221118
1.08309528291826	7.87210165080907
1.07070728582407	7.62242273682866
1.06344378719956	7.3750297885329
1.06344930242909	7.12501043773968
1.06344892697404	6.87500071193295
1.06344946897701	6.62500232714509
1.06345447988582	6.37500193511397
1.06345470491147	6.12499976999164
1.06345470687215	5.87500023251563
1.06345484641718	5.62499999994083
1.06345470832848	5.37499969968285
1.06345457034003	5.12500000001214
1.06345470937096	4.87500023247991
1.06345470974915	4.62499976754332
1.06345457024982	4.37499999994137
1.06345470859277	4.12500023251523
1.0634547077014	3.87499976513928
1.06345420103623	3.62499805154054
1.06345007540034	3.37499825942213
1.06344980801199	3.12499927606686
1.06344988573509	2.87498887255577
1.06344399503763	2.624969641131
1.0706070377209	2.37951258130584
1.08414083588197	2.12824623781388
1.09538167622947	1.87743403829779
1.0922217698928	1.62482688453007
1.07608038815488	1.38442285720388
1.10103050678989	1.10484704707197
1.37505196366115	1.07516453800246
1.63287661077021	1.09476638825462
1.87765177482653	1.09327648774241
2.13346558508164	1.07697601517339
2.3829775414417	1.0643317798328
2.62574138341668	1.05619548521536
2.87527320491602	1.05305567484036
3.12509170930335	1.05280034010143
3.37490192527388	1.05014573394292
3.6250222818228	1.05064073580492
3.87510198882227	1.05008453245243
4.12508023498745	1.05015455431238
4.37500388657353	1.0506668046492
4.62491035084509	1.05057449032122
4.87490540649715	1.05106919796946
5.12478673784261	1.05215478370104
5.37491630939023	1.05321880561387
5.62476437564716	1.05422421110871
5.87472744886276	1.0564615374548
6.1248580018767	1.05654919368515
6.37385576296449	1.05671945675453
6.61656724775363	1.06751594636855
6.86175827653646	1.07564708951039
7.11538343786763	1.08362700171941
7.37625019688986	1.08402395251186
7.625	1.08253175473055
7.87969701761883	1.08900595932933
8.13580980050095	1.09823192285084
8.38336352707868	1.09454891096468
8.625	1.08253175473055
8.90015462288558	1.10259264215894
8.93967120083858	1.37551931274807
8.91085042872519	1.62119456361046
8.90375441232759	1.86570778508999
8.91242373069857	2.1207790905964
8.91746824526945	2.375
8.91746824526945	2.625
8.91746824526945	2.875
8.91746824526945	3.125
8.91746824526945	3.375
8.91746824526945	3.625
8.91746824526945	3.875
8.91746824526945	4.125
8.91746824526945	4.375
8.91746824526945	4.625
8.91746824526945	4.875
8.91746824526945	5.125
8.91746824526945	5.375
8.91746824526945	5.625
8.91746824526945	5.875
8.91746824526945	6.125
8.91746824526945	6.375
8.91746824526945	6.625
8.91746824526945	6.875
8.91746824526945	7.125
8.91746824526945	7.375
8.91746824526945	7.625
8.91173474300586	7.87892446948426
8.90316355915046	8.13493018569361
8.90931161692384	8.38038860836014
8.93714413803996	8.62741274815374
8.90006490187026	8.90240666782526
4.17908617479229	7.03625117155283
4.17842698683295	2.96314837388137
3.82254210388136	6.96353987338334
4.17108343539589	5.44123359894488
4.17185682067408	4.64014369329314
4.17178686875523	3.84042498811291
4.17062614278251	6.23847534514662
3.82364996236042	3.0369185193233
3.82119502408516	6.1607346859859
3.82247605403462	4.56046147374265
3.8241622784243	5.35961878633764
3.82361930443675	3.76027397771794
4.17009824874095	5.36061883778229
4.17003008020385	4.56064584230262
4.16982064877519	6.16056604917631
4.17120762859472	3.75860816830494
3.96102799422614	7.16446218500359
4.03897200577381	2.83553781499644
3.82468729047037	3.84005352664698
3.8241298344833	4.63990924907447
3.82495843223702	5.44048929549669
3.82398100059106	6.24026821484276
3.96055961269483	2.83583443649495
4.03944038730516	7.16416556350513
4.1633095807287	3.03939108513765
4.16301919458686	6.9601474129429
3.83246579526707	7.04051538636382
4.0311516475359	3.63926572246924
4.03137936292402	5.2396574288876
4.03489753104154	6.03915642708981
4.03614301281976	6.83855009877743
4.03112164525854	4.439420927949
3.96387154824279	3.96144830927491
3.96647928457698	3.16028018505463
3.96387154824277	6.36144830927496
3.96387154824277	5.56144830927496
3.96387154824277	4.76144830927496
3.83457414503902	2.96048769267833
4.03480316132817	3.1597188181842
4.03487487975671	3.96008881842658
4.03659631062963	5.56118946292274
4.03659631062963	6.36118946292274
4.03443038673341	4.75990639346212
3.96342009074062	6.83881251810432
3.96534068612343	6.03997390057143
1.04512301485559	0.856405925906604
8.95681320613021	0.855800164322314
8.95161340116989	9.14425894793194
1.04186148216184	9.14038389342478
4.17690381669354	6.81544336702926
4.1849878191841	7.18977741747033
3.81465589059107	7.18632236945681
3.825262289313	6.81159884984685
3.82582360268188	6.3884472422642
4.17375901248447	6.38656319129788
4.17525643915194	6.01046490452343
3.82504019095094	6.01136095499242
3.82500191200924	5.58852932053888
4.17363104234685	5.58772626817134
4.1742419161691	5.2134172699427
3.82540434579197	5.21129613904881
4.17364175494322	4.7881908905904
3.8249183237682	4.78906760604751
3.82613907724725	4.41187097102143
4.17401749705647	4.41021813319629
3.82625902516729	3.9890844045782
4.17358463398713	3.9877009113808
4.17395484372171	3.61318979384717
3.82558080168779	3.61201850887381
3.82448022761931	3.1893576728126
4.17554405755309	3.18479062850488
4.18277726445774	2.80823203079901
3.81423406662724	2.8163602538738
8.51924890405357	8.68624098303032
8.27521251581807	8.66987943144811
8.01294795991014	8.6762321272235
7.75137780855079	8.69265674233587
7.49523180657811	8.69576381531511
7.24020336545885	8.69511595073207
6.98023099142389	8.70034189702948
6.73473010633502	8.71079939647445
6.49122399680421	8.72165105173113
6.24921364165692	8.73273659431395
5.99972052626504	8.73630260384192
5.74920572457579	8.73713020358393
5.49902238326862	8.73848905741978
5.24908959367592	8.74020182577043
4.99982458396724	8.74163471150156
4.75009368103133	8.74474005123742
4.50005472738406	8.74440384542952
4.2499850535423	8.74509514995038
4.00004819457982	8.74574619748714
3.74989149367378	8.74600604187838
3.50003232380744	8.74545492363773
3.2507281641233	8.74205323957021
3.00151188160808	8.74027873145023
2.75306254080567	8.73839578471345
2.50853988473062	8.730124714223
2.25863185817226	8.71191462857
2.00127315086401	8.68742272004147
1.75543158174045	8.6672515789221
1.49926900898443	8.68699123735562
1.33186030768699	8.27629982104779
1.31772028964123	8.00628882536359
1.29526616398115	7.74463029059965
1.27756228419982	7.49508673907386
1.27565635007034	7.25002479431708
1.27544441003481	7.00000525646989
1.27564775428162	6.75000197959099
1.27565111472272	6.50000638436502
1.27544908894461	6.25000104336795
1.2756532117632	6.00000000291785
1.27565391699484	5.75000023467346
1.2754490878789	5.49999973271591
1.27544877650926	5.24999973283639
1.27565317062145	5.00000023425477
1.27544903762986	4.75000000033231
1.27544878443619	4.49999976545007
1.27565317013265	4.2500002336531
1.27565387383346	3.99999999807066
1.27544879499469	3.74999847870226
1.27565065759142	3.49999465366312
1.27564913967321	3.2499985407852
1.2754450762774	2.99999414021628
1.27565608050242	2.74997425698863
1.28211609643497	2.50715775739811
1.29652086678662	2.25762978220415
1.31439044152903	2.00204820460316
1.33420222077977	1.72715235154715
1.49924418947018	1.31296633518834
1.75593526854614	1.3292897662935
2.01217471116481	1.30580771386886
2.26554660410611	1.28552026505162
2.5111003385965	1.27182550054736
2.75311153639806	1.2615939093517
3.00128764375084	1.25969082732774
3.2504935037092	1.25740899996858
3.49993890574574	1.25521692441792
3.75034245355622	1.25429162892769
4.0002194284169	1.2546654146423
4.25000940265692	1.25529778794671
4.49979225208651	1.25559236749176
4.74989738508276	1.25496659771721
4.99936923298733	1.25799046492432
5.24912929089595	1.25977268305635
5.49905121655698	1.26147865578157
5.74914057938729	1.26244913212505
5.99972011840688	1.26369223291241
6.24921285879037	1.26725875248407
6.49193961698841	1.28286430469822
6.73404579697426	1.28951054331013
6.98255461425127	1.30045944222614
7.24286692812892	1.30451533447652
7.49685980316587	1.30487548590763
7.75240714510181	1.30581710674017
8.00950185434406	1.31445624499187
8.27818728991415	1.33209674531246
8.52082062824543	1.31589249419538
8.6737936048411	1.7314433117186
8.69213747045379	1.99265456835908
8.6978119872673	2.24596532496065
8.696605651939	2.49284720411486
8.70096189432334	2.75
8.70096189432334	3
8.70096189432335	3.25
8.70096189432335	3.5
8.70096189432334	3.75
8.70096189432334	4
8.70096189432334	4.25
8.70096189432334	4.5
8.70096189432334	4.75
8.70096189432334	5
8.70096189432334	5.25
8.70096189432334	5.5
8.70096189432334	5.75
8.70096189432335	6
8.70096189432334	6.24999999999999
8.70096189432334	6.5
8.70096189432334	6.75
8.70096189432334	7
8.70096189432334	7.25000000000001
8.69392301225151	7.5035456194907
8.69544755353169	7.75264275235114
8.69131174773967	8.00678594767128
8.67293535399493	8.26804146495228
1.31213729599594	1.49835895294822
1.31044812942841	8.50525088401289
8.70096189432334	1.5
8.70096189432335	8.5
4.2116868360088	7.08514642669725
4.20719050926489	2.91342507574468
3.79961785652272	7.074967741388
3.93084179331898	7.2000018956814
3.9296504036294	2.79975990662142
3.79906854393107	2.92613037235356
4.06891563364869	2.79859130865417
4.06977069192426	7.19996166991133
3.7929347781912	6.91430475151976
3.79710059498958	3.08557978758254
3.79777773299703	5.31232484419695
3.79591199519459	4.51477958879932
3.79342023659249	3.71459233374634
3.79691137185823	4.68823455672754
3.79650308701703	5.48906971625663
3.79015628827799	6.11187751542459
3.79576567891562	6.28877886451953
4.19402542654445	3.88540531819969
4.19636873522716	4.68752762601593
4.19392902282396	5.48565350580985
3.79683728946678	3.88693805625483
4.19950480309922	6.28692548627975
4.19327705049903	6.11388417629595
4.19440483002114	5.31297993672664
4.19322059801869	4.51404560623298
4.19302086906613	3.71313467255941
4.06270521322825	6.80417144580016
4.06124638015604	3.60436060929658
4.06131012661504	5.20453838252341
4.06890614773171	6.00256549555532
4.0587868478967	4.40182435105
4.06209664732636	6.3946063261201
4.06237024965112	3.19422552199374
4.06343500500113	4.79450466709724
4.06348686492752	5.59438553343311
4.06348720417048	3.99438535778475
3.93658782940429	6.39542638410725
3.93305994933079	4.79806549225646
3.93398027957695	3.99840022275343
3.9333331008653	5.59703128665072
3.93829572821967	3.19636021832327
3.93879958010594	5.21193130476337
3.9405468192846	4.41089438408489
3.93560684385586	6.0054486193763
3.93558171849572	6.80522723980153
3.9405575111832	3.61189487580518
3.99955047013	6.00104344768315
3.99961039890262	6.79718766082568
4.00007067382085	5.19968893221459
3.99892489668971	4.39858693453975
3.99928216469504	3.59904606829932
4.00040051436392	6.40281228007058
4.00063113941597	4.7987001185037
3.99865323409855	5.59916353976437
4.00106885233897	3.19962288907304
4.000853368738	3.99922450458232
4.19395917149109	3.07787201045813
4.19516379503934	6.92677747202105
4.20328551957155	6.19969250554335
4.20359010348236	3.79938197016408
3.79077047298322	7.01225762669824
4.20259809633886	5.39963018943718
4.20461411656716	4.59973191607712
3.99975040581225	2.78621566775304
3.99981371361706	7.21305875844668
4.20960845824617	6.9873970651055
4.20987584828078	3.01478780607057
3.79095562195496	2.9892599159675
8.73708939228361	8.72725895698007
8.73770393270942	1.2761129364795
1.27207166748341	8.72608043685471
1.27239808839813	1.27461282622287
3.79122859805641	4.60142375667859
3.79100921758902	5.40007898629554
3.7915553630321	3.79987628526554
3.7862788378796	6.2008253765414
8.13954728079195	8.44295838727938
7.87452127077044	8.47323565894732
7.61878573435626	8.47523894584016
7.36075688392834	8.47317748325754
7.10619662713054	8.47108603487601
6.85728016245442	8.4803795043771
6.60714090540643	8.49771770406658
6.36402888598461	8.51177197702487
6.12144045247484	8.52276365375715
5.87190915675185	8.52786835357977
5.62239355954855	8.53029165822238
5.37288198924133	8.53221797379316
5.1219394607722	8.53755155355019
4.87361455090049	8.53895671210809
4.62468015281619	8.54042382865119
4.37498546866819	8.5411775178441
4.1249687736355	8.54201119621921
3.8748143833045	8.54353231021276
3.62498356245411	8.54173811548516
3.3758541168871	8.53676750888525
3.12727068468279	8.53868221305384
2.87821110925283	8.53304206584683
2.63789118806506	8.52465502447217
2.39842180712217	8.5080611959772
2.13564364117111	8.48361456309669
1.87645412240095	8.44235043415791
1.56056466246947	8.11924139032111
1.52424364993387	7.86200483928649
1.50291393992531	7.6110643346783
1.49406781364141	7.36750590715513
1.48730547808071	7.12483552188994
1.48729946847433	6.87517585110429
1.48743847992103	6.62500702884661
1.48730711744872	6.37483259601885
1.48730755571886	6.12517341968061
1.48744204889311	5.87500071623597
1.48730808552865	5.6248264883882
1.48720537040353	5.37499946903805
1.48730753040268	5.12517311106656
1.48730773666172	4.87482721139577
1.48720537411638	4.62499966842981
1.48730745941363	4.37517311986012
1.48744205245159	4.12500071200436
1.48730778847559	3.87482553237136
1.48730658314508	3.62516754672266
1.48743847249793	3.37499531129323
1.4873009822947	3.12482349868447
1.48730608549711	2.87516290961573
1.49388386064636	2.63345760409888
1.50526728599789	2.39316255473659
1.52374646155722	2.139468274271
1.56056335918811	1.88076088966688
1.88992211357508	1.54413381250616
2.1452999733876	1.51044869762998
2.39838216852124	1.49165921554723
2.63895501010623	1.47805448686846
2.87822522384885	1.46695418441921
3.12760049597867	1.46446554872038
3.3764390980211	1.46094622223118
3.62709884417363	1.4567389782147
3.87555154329838	1.45700040098877
4.12518187118321	1.45782004890017
4.37471491677109	1.45861429455404
4.62428736750011	1.45757025448128
4.87410556167896	1.46268065847093
5.12300111470132	1.46420807236987
5.37306218888955	1.46767198522564
5.62327128866137	1.46873482378835
5.87428945983836	1.46990594649766
6.12143944211425	1.47722986765152
6.36217509037003	1.49034168998936
6.60356133026047	1.50380154478867
6.85301597353843	1.51915252047554
7.10731565251945	1.52837229671219
7.36267252056099	1.52674401657126
7.62086831539695	1.52426173600165
7.87418301233927	1.53375699337445
8.13616729408249	1.54886585323953
8.47037132444137	1.86765973134152
8.48445554337723	2.125
8.47286973015467	2.36268720549895
8.48593825923493	2.61641629471271
8.48445554337724	2.875
8.48445554337723	3.125
8.48445554337724	3.375
8.48445554337723	3.62499999999999
8.48445554337722	3.875
8.48445554337723	4.12500000000001
8.48445554337723	4.37500000000001
8.48445554337724	4.625
8.48445554337724	4.875
8.48445554337724	5.125
8.48445554337723	5.375
8.48445554337724	5.625
8.48445554337724	5.875
8.48445554337724	6.12499999999999
8.48445554337723	6.37499999999999
8.48445554337723	6.625
8.48445554337723	6.875
8.48445554337723	7.12500000000001
8.48445554337724	7.37500000000001
8.46787931672065	7.63213878715781
8.48053607564246	7.87566027716529
8.46954141302456	8.13495039462608
3.73649100799078	7.06264461359027
3.93781104624445	7.2633118890141
3.93735902284363	2.73647634948242
3.73694111631587	2.93885778019217
4.06127643913332	2.73547573978806
4.06066759066446	7.26262178643766
4.03822988867015	6.73535527152006
4.03905513719069	3.53922479174018
4.03943288467206	5.14044807082234
4.04178594184029	5.9397519990596
4.03820475192488	4.33827125386583
4.04635825147406	6.45130144998163
4.0462207816296	3.25066906804703
4.04404196273117	4.85105081715314
4.0443717208255	5.65077611203833
4.04477994335993	4.05074769301716
3.96041548327365	6.46204542177069
3.9580089366059	4.85986856656335
3.95801581258591	4.05989435706719
3.95725641501733	5.65984290048575
3.96062266214725	3.2613179530531
3.95585690591489	5.15384423307979
3.95481466644526	4.35028705644726
3.95460490180082	5.94929379925004
3.95315208118107	6.74828445072952
3.95717477809645	3.55166539801021
4.25597600685078	3.06879976383836
4.2592591591876	6.93527969357657
4.11541626538007	5.16891708880399
4.11640595832382	5.96528766527254
4.1131870310446	4.36462550600969
4.1152677144255	3.56827411701549
4.11401850096129	4.83119540932591
4.11369119907999	5.63077876593429
4.11377325521853	4.03082680249674
4.11585299693525	6.42851613897843
4.11966924690311	6.76622186009949
4.11614129387713	3.22832433856068
4.22483917442416	6.3398008531893
4.22063865414005	3.65857514964192
3.88270502749763	3.23330093395454
3.8840684297171	6.77051321332106
3.88210611839149	6.43448709322119
3.88325624789752	4.03177390165244
3.88211027532232	4.83127545457025
3.88157023860023	5.63334144516269
3.88575239005841	3.57266168281121
3.88459537966985	4.37183636342398
3.88493398475629	5.1732502978055
3.88522714476295	5.96885972040586
4.22240282709872	3.93914543815851
4.22353271967528	4.74166365157472
4.22265097756174	5.53944994452764
4.2240567168389	6.05914331030213
4.22461149139514	5.26008073957023
4.22359589827982	4.45908115351553
4.22371788496549	3.13209066347499
4.22505227222142	6.87066153137579
3.77435268472322	6.85870906524357
3.7762001636902	3.1404704540933
3.87079224615624	2.76926276873497
3.87202983241732	7.23220629626457
3.77458680517225	5.25865410321307
3.77514884881583	4.74158691785428
3.77475549386693	4.46210626651531
3.77265603789493	6.05958575193136
3.77556517082045	5.54226289687141
3.77606075347103	3.9421518192321
3.77475985900652	3.65984454482747
3.77516053285738	6.34135184348494
3.76765535777108	7.12995018015534
3.76662536626006	2.87080589301312
4.12797533634931	7.23190096025394
4.12692962759835	2.76562866593155
4.23086268084224	2.8604247819619
4.23402817850913	7.14076208689636
1.58819820482556	1.58354260230876
1.58585369528216	8.41513566053821
4.23555809226421	7.03887629040585
4.23212008245971	2.96107128234923
3.76936276289246	6.96054966551549
4.21919244856424	3.84186282641077
4.2191920118487	4.64185791715136
4.21919125990103	5.44185371076073
8.42879841010387	1.58372269249129
8.42683362639029	8.41887996082973
4.21880581818049	6.15749493778752
4.21880537773939	5.3574998426918
4.21880461960883	4.55750405171726
4.21930603071365	6.24218160738466
3.77152700577441	3.04080196510919
3.76779003516557	5.356833100939
3.76766056116875	4.56029701226409
3.76906281020365	3.75834110315969
3.76465352257256	6.1567915387699
4.21891004609082	3.75717605292801
3.76899406603439	4.64284679420234
3.76999872886705	5.44427130788437
3.76905370422916	6.24256689947024
3.77047876007948	3.84157266851194
4.1917490329877	6.73920390214227
4.25321241875312	6.79829547479544
4.25910344637387	7.21359465636573
4.20067203687348	7.26834334467999
3.73721074395526	7.20020852657445
3.79859941208511	7.26406814455417
3.75430583427484	6.78858284280076
3.81662637807405	6.73507491741015
3.75851901017362	6.41157822550599
3.81303567661011	6.46385708799079
4.18381077851014	6.46402447692343
4.24517150687427	6.40813065599571
4.25073740025863	5.98692293412854
4.1876188040783	5.93614292076461
3.81543099553965	5.93373109630086
3.75393348562254	5.98736502867417
3.75738126761211	5.6128164833303
3.81145944530949	5.66340333069262
4.18162449063663	5.66531388586298
4.24647177773397	5.609942308866
4.24899881369331	5.19086715202896
4.18709601661724	5.13802459684786
3.81525889007499	5.13511096613055
3.75456207139871	5.18702084633991
4.24669942441147	4.81123399896981
4.18132592003427	4.86563543668625
3.75436336586869	4.81222729031177
3.81241792393694	4.86350222216235
3.76045517566535	4.38818199443459
3.81638563912426	4.33499491739089
4.24759526498017	4.3885451607925
4.18551588505309	4.33583578695826
3.75545745685674	4.01249754266017
3.81377989878972	4.06391428395821
4.24636554914183	4.0098475373476
4.18232017215711	4.06519057691886
4.24495585760317	3.59435368893528
4.18565910015287	3.53744711260228
3.75367862621857	3.58767330987233
3.81636117359734	3.53586319040525
3.81068652853436	3.26562425457376
3.75152382159126	3.21253423418158
4.18599503822063	3.2619597110914
4.25045670105971	3.20284405908799
4.2516871630653	2.7854071130767
4.19881123740993	2.73032932792892
3.73709982488482	2.8008943592491
3.79862919133485	2.73919681676441
7.97848855233364	8.24049613069364
7.73612127162927	8.25098463186399
7.48928258666219	8.24831220285945
7.23419645906222	8.23628778812152
6.97176225701191	8.24308778980479
6.71942812701523	8.26737927217904
6.47775099641026	8.28640418005063
6.23573583268176	8.30631202589163
5.99166926971864	8.31719586604878
5.74456180678535	8.32118259608767
5.49623942680832	8.32428970366705
5.2468639949294	8.32613571442937
4.99753413250004	8.33404862343674
4.74837270353879	8.33531397502118
4.49962106774515	8.33783392414338
4.25022054867352	8.34092381191622
4.00001584143178	8.34181627808384
3.74945485052268	8.34049370445982
3.50110075581435	8.33778429579867
3.25119935239446	8.33539525354017
3.00661300252714	8.3284471673667
2.7665342074658	8.31714669790709
2.53156346289077	8.30302812003156
2.29675096651027	8.28933324568522
2.04754583401843	8.26017527599457
1.7450620378403	7.95649752861276
1.71987171757238	7.71351053620351
1.7166570368858	7.47853009764182
1.70729893131914	7.24232087929969
1.69883416977236	7.0000005946766
1.69895454806862	6.75020901184736
1.698994361034	6.49980869343743
1.69859479993354	6.25000337875933
1.69899594258924	6.0002008357615
1.69899658525461	5.7498002831633
1.69884159416344	5.49982598665733
1.69884105856443	5.2501728120813
1.69894696910101	5.00000033560002
1.69884141419981	4.74982674665053
1.69884110755005	4.50017285287474
1.6989959566519	4.25020076837722
1.69899645037037	3.99979954917852
1.698594563922	3.74999551946698
1.69899373524347	3.50019299448222
1.69895688123885	3.24979312026245
1.69883659428862	2.99999752800445
1.70689290514972	2.75775923490917
1.71491671377685	2.52139835444051
1.71982923111768	2.28688293230001
1.74485165098062	2.04386977690496
2.04977284163458	1.73687716667365
2.29701057347494	1.71051157164338
2.53220701266853	1.69771844887182
2.76605488872614	1.68396418959922
3.00712971699718	1.67397598857075
3.25361931419134	1.6678139738593
3.50275372080382	1.66221609586103
3.75296114728303	1.65501942583736
4.00072695263583	1.65669219416911
4.24963184154825	1.65863645967979
4.49864057543346	1.65885749891563
4.747758521931	1.66521451848796
4.99766280935427	1.66799959900799
5.24704994015311	1.67100490903023
5.4967063936852	1.6754678929443
5.74473729919743	1.67868235280071
5.99166433420493	1.68279445634524
6.23517634895765	1.69436551005632
6.47528866495432	1.71788101650792
6.71736119948966	1.73514889211351
6.97315583034913	1.75681692787663
7.23311805956172	1.76134229684755
7.49483282720739	1.74680515001662
7.73949041933761	1.75095784762386
7.98007915277922	1.76396986226707
8.29348368326615	2.00472801960885
8.22768786140959	2.22612927356982
8.27884711347932	2.49355788588694
8.26988819772641	2.74733462337626
8.26794919243112	3
8.26794919243113	3.25
8.26794919243113	3.49999999999999
8.26794919243111	3.74999999999999
8.26794919243111	4.00000000000001
8.26794919243112	4.25000000000001
8.26794919243113	4.50000000000001
8.26794919243113	4.75
8.26794919243113	5
8.26794919243113	5.25
8.26794919243113	5.5
8.26794919243113	5.75
8.26794919243113	6
8.26794919243112	6.24999999999998
8.26794919243111	6.5
8.26794919243112	6.75
8.26319957775994	6.99999369960669
8.26497678729877	7.24615221557879
8.27095513465976	7.49450726524892
8.22732566512516	7.76880383564882
8.28843434079677	7.99635399923054
3.69046075657161	7.12703346756655
3.87217443874347	7.31301769176955
3.87093896149002	2.68777670633029
3.68987667655928	2.87448774660818
4.12541208498771	2.68640385251213
4.1265708096894	7.31132590371759
4.11852034658634	6.69262839587262
4.11633808842548	3.49236217615925
4.11621012468956	5.0946924994219
4.11549450629748	5.89016333112691
4.11486479869286	4.29176399629393
4.10727518665127	6.51141721260578
4.10659289811011	3.31156137868079
4.10495981617385	4.91171301579373
4.10517920997128	5.71153588595375
4.10505659105382	4.11171277111026
3.88321760492857	6.50731635416758
3.88307783047959	4.90503539980197
3.88335985244499	4.10611078445427
3.8833207943937	5.70649199723758
3.88210604866878	3.31003150821682
3.8919230508658	5.09101811218805
3.89359083729808	4.288069786208
3.89388083646379	5.88727579209221
3.89609824709884	6.68600872032008
3.89644298324312	3.48836431776867
3.72237401271308	6.91590053000774
3.72358244551378	3.08530511429686
3.72056391707671	5.31658682554572
3.7232996893507	4.68384181161187
3.71903326956559	4.51812526435288
3.71747870399942	6.11677601356422
3.7257400581851	5.48434457244108
3.72509307892361	3.88413265941487
3.7217258585969	3.71688712424858
3.72330750892584	6.28415610761965
4.28363861023635	2.91672541551379
4.28303063623574	7.08158253899415
4.27304550976796	3.79856639810672
4.27523141785328	4.59826286982389
4.27283242328022	5.39855837729792
4.27399811836166	6.19792679779358
3.7190060334648	5.40037382032905
3.72082652562247	4.60092926065566
3.71959767942619	3.80022545074152
3.71905673396357	6.20098302877624
8.22397017091281	8.21468391387304
8.22511053562753	1.78425968368017
4.28333424799018	2.99645431438787
4.28232898593844	7.00342409301816
3.72037809179716	3.00916882969468
3.71940674715096	6.99329688434636
4.26193630947003	5.47812997972227
4.26220430684764	4.51632691587477
4.26570274389624	4.68059249039391
4.26212441833525	3.87811778058929
4.26333100997661	5.31664566829365
4.26207527337919	6.11605916119976
4.26177927011577	6.27845727025936
4.26134787871969	3.72033187147224
1.79257645420456	8.21018712468823
1.79473551799528	1.7864601345075
4.00007410437974	2.71671768943882
3.99943373790372	7.28382744204831
4.33771914737011	3.05166534383967
4.33664251374398	6.94890352957103
4.28057737756076	6.71039515760985
4.20353019141286	6.6530690886446
4.29158139784733	7.30186320839597
4.21130596391404	7.36055511698457
3.64524659726944	7.20699649296356
3.70918159782625	7.28809468640572
3.78903184810563	7.36005882469231
3.73119216342933	6.71034482021884
3.80404695900429	6.6481955481875
3.72795623334681	6.49186139866493
3.80298943608824	6.54975939515494
4.2658115225765	6.49346745512336
4.19846978726954	6.55603466858727
4.27037691526279	5.9020850801852
4.19655656968539	5.84905070562106
3.72664715066413	5.90587351896608
3.80191749764339	5.84436583298852
3.72643459066443	5.69022306286179
3.79741882526401	5.7472127698491
4.26567313883667	5.69393739541649
4.19259312957426	5.74962727002989
4.2695703578363	5.10507179447393
4.1959054536329	5.0511847826477
3.80130943203888	5.04460559864674
3.72589061565539	5.10212454498518
4.26465588824818	4.89607318095079
4.19065356519598	4.95336818727727
3.72736891088991	4.89209234031291
3.79907290203223	4.9497016512258
3.72910181389888	4.30569843427322
3.80178401221272	4.24479580399022
4.26987743996642	4.3020822981309
4.19506900334724	4.24874598149776
3.72747631780236	4.09251870143438
3.79925514401871	4.15000422368984
4.26555644788699	4.09722938524009
4.19074780022971	4.15321951243104
4.26390440425457	3.50602617745482
4.19884646833427	3.44852008248821
3.72831621492588	3.50857083022687
3.80177294908268	3.45118995440631
3.72502228170268	3.29195385257083
3.79894647048303	3.35138568356912
4.19887074027126	3.35291885801079
4.27661352608045	3.2927133728984
4.28699228824169	2.70222081562659
4.20931645733675	2.638653612127
3.64718452724544	2.79396850478883
3.70944982342956	2.71383729522118
3.78773904206343	2.64303416629205
7.60717026505817	8.02343903139233
7.36830353146525	8.01218982656752
7.09891128709292	7.97859849361258
6.81995379484083	8.02711703623999
6.57893582996826	8.0596752191111
6.34335210535368	8.08519652464523
6.10839503877746	8.10008498843397
5.86300297020565	8.10730103601881
5.61708602402114	8.11552256495247
5.36939035545557	8.11903818980381
5.11987736388481	8.12920910938799
4.87135266908304	8.13052175941716
4.62274504055954	8.13351408690375
4.37557865110457	8.14117460856098
4.12596830441211	8.14572987708828
3.87551563641015	8.14440426852272
3.62713288962637	8.13791502003447
3.3787581585327	8.13452558377152
3.13307281015943	8.13104078559621
2.88837175667138	8.1158168441329
2.65902019928234	8.09430459414587
2.43384603603436	8.08306485594825
2.20331900566916	8.08217635355214
1.93301717744062	7.79837287694805
1.94564277293628	7.57768307339845
1.93661139433444	7.35761344360606
1.91647469277279	7.11947395305361
1.90995128556562	6.87520651474863
1.91009485067859	6.62504242020763
1.90984958997329	6.37456845572321
1.90985056116731	6.12544102790695
1.90682443185564	5.87513455658551
1.90685298223122	5.62487854968196
1.90988087188937	5.37499894661092
1.90998783664723	5.1251759404263
1.90998743740539	4.87482447526187
1.90988019014921	4.62499954054361
1.90520167592442	4.37522014103962
1.90682685913295	4.12491505715371
1.90985015595683	3.87455798814601
1.90984956572013	3.62543151245017
1.90557776363024	3.37629287362777
1.90829386336323	3.12864877182257
1.91500075066468	2.8817821350937
1.93661206215695	2.64238611092904
1.9354005637138	2.41735479377101
1.93301263375111	2.2016261368955
2.2033222768318	1.91784404540672
2.43142559575628	1.91900248702981
2.6617629276685	1.90710984400096
2.89431426663286	1.89070995280119
3.13313007401862	1.87112525881634
3.37939125252148	1.86847989645505
3.62792960926104	1.86127637225572
3.87528648270211	1.84921711092209
4.12443836397891	1.85327620918373
4.37219045304159	1.85590808612574
4.62023970875022	1.86464085250497
4.87066511637005	1.86977060678457
5.12130412237341	1.87215063210427
5.36919598721508	1.87954690643318
5.61748100339761	1.88418151665879
5.86299888709659	1.8926853316801
6.10838835943423	1.89990608221414
6.34240826423432	1.91624494946013
6.57701080937132	1.94890595123775
6.82578358869647	1.97356662069631
7.09706792396124	2.01728211601895
7.36909629912372	1.98633741623146
7.61544320361217	1.975341046338
8.07218691329003	2.40133943986171
8.05144284148501	2.625
8.04905487368144	2.8671062981531
8.05144284148501	3.12500000000001
8.05144284148503	3.375
8.05144284148501	3.62499999999997
8.05144284148499	3.875
8.05144284148501	4.12500000000002
8.05144284148501	4.37500000000001
8.05144284148502	4.625
8.05144284148501	4.875
8.05144284148501	5.125
8.05144284148501	5.375
8.05144284148501	5.625
8.05144284148502	5.875
8.05144284148502	6.12499999999998
8.051442841485	6.37499999999999
8.05144284148501	6.625
8.051442841485	6.875
8.04167926627397	7.12775430881028
8.040016590708	7.36630099977289
8.0676329480088	7.59567165894604
3.64268960455059	6.95740041683016
3.64236866853456	3.04337383432514
3.63028398821098	5.35654830208328
3.63519915101368	4.64473733693182
3.63401221754638	4.55745307037345
3.63432044134338	6.15760373073099
3.63553901472416	5.44591781935278
3.63235515764826	3.84818876004289
3.6325177556023	3.75753163177166
3.63549189025435	6.24669680198771
4.36151195892818	2.96306069144325
4.3592930373801	7.03493775145482
4.33789685531204	3.8695717944442
4.33699002381393	3.72851957937915
4.33791730717865	4.66999413773657
4.33870876643656	4.52506423348039
4.33806200146286	5.46875909170399
4.33824500917604	5.32616612111502
4.33959480158679	6.12583584007692
4.33819466307535	6.26792902669461
3.95559156387502	3.3453400034794
3.95680926766404	4.94283553105123
3.95754560976339	5.74736044260008
3.95682102365475	4.1428423110136
3.95649049167286	6.54325843763874
4.04323059307555	3.45855835696009
4.04200498239809	4.25779796044984
4.04288004928098	5.05742033695137
4.04400536872843	5.85549554672386
4.04356271483123	6.6523713794764
7.83554682998644	8.02186371393124
7.84472259670949	1.98715520359964
4.04382523309429	7.34276355317536
4.04221698060406	2.65682400468081
3.95110178245611	2.65588637866737
3.95533535760156	7.34201691888374
4.29971789218947	5.5453501667096
4.30142111394876	4.44991059020527
4.29943703565806	3.94526983919229
4.3021480921525	4.74766361998749
4.2966642783344	6.34339785589771
4.30224135191018	6.05003431362853
4.30303148984276	5.25090190744649
4.2970029994763	3.65480351034742
3.65866602202011	7.0451429189644
3.65799620479079	2.95645409795149
3.71198068751902	6.35643798805048
3.71316818512958	5.55843233474178
4.30252540966008	6.86867651858129
3.7126880810412	4.75681802967997
3.71258424202489	3.64429434544353
3.71321689767862	3.95842191510838
3.71229029846031	4.4462932326204
4.30073533533485	3.13237890203011
3.71177562801742	5.24292590038221
3.71260281787958	6.04666690163903
3.70973144270623	3.15594598107488
3.71157370250233	6.84390094411982
1.96863726985587	1.96401671756307
1.96863857890851	8.03598629726027
4.29649900734982	2.84452475099862
4.3014874766167	7.15449764566151
8.05142778427317	7.99261350377817
8.05142778427319	2.00738649622183
4.39513239568961	3.12699484853555
4.43463848202145	3.02607186642815
4.43338202631168	6.97333810959525
4.39582047648142	6.87433352717087
4.32306852810904	7.40335360263733
3.60240230389892	7.30439546401488
3.68310867155131	7.39071961732009
4.32000359641148	2.59639819327355
3.60189092927154	2.69626131935789
3.68255284491857	2.60996429376662
7.51146907234358	7.80656094771026
7.29703863995304	7.76327845133354
6.88003115031166	7.79489914390045
6.6584210809575	7.82298661782168
6.43335413214935	7.84998900900219
6.20580821466653	7.87360656853793
5.97218450608729	7.89092271833533
5.73346600498003	7.90208891241029
5.48985979716279	7.91101873819556
5.2408237337275	7.91815640089117
4.99366035487805	7.92957370443711
4.74483634228602	7.93173390758147
4.49748905976382	7.92966008986403
4.25225007003761	7.95356891131591
4.00301545942228	7.95473326819644
3.75474317893521	7.93932070939531
3.50234975923047	7.93721913322751
3.25684973109213	7.93320817879957
3.01344133568459	7.91550764491824
2.78045868316964	7.88371067420465
2.55392021712438	7.86296924225049
2.32973782531133	7.86319015605774
2.17434609995582	7.4758685867121
2.13975344091051	7.23832884829944
2.12031790276206	6.99806267203879
2.1175653909127	6.74890924917566
2.11699972656175	6.49937158574276
2.1175349783173	6.24949052680686
2.11315042569847	6.00037384899261
2.1127685622322	5.75032108067774
2.11494756577367	5.49969113783365
2.11569159579665	5.24983527567862
2.11630783976245	4.99996226954946
2.11628626332223	4.75022166957792
2.11629069478784	4.50064635276644
2.11344333709063	4.250145482705
2.11509276204643	4.00012400582125
2.11761885511899	3.75041563342968
2.11649756259483	3.49988087046947
2.11549248105744	3.25412058197982
2.11883427559538	3.01119978940119
2.13443695632723	2.76938262869637
2.17434700432684	2.52413303608002
2.32882547964627	2.13517933848925
2.56474311203757	2.13496069800472
2.79012157331992	2.12016087601421
3.01823547029014	2.08769468243037
3.25680791575481	2.06923105839432
3.50640316658821	2.06674822273804
3.75233074126301	2.05918697429993
3.99775370349206	2.04065801533689
4.24677324169088	2.04402013700383
4.49749943511401	2.07032212484699
4.74074510933381	2.06735960765857
4.99369956034678	2.07181069036606
5.24088839066799	2.08280188696755
5.48991223596994	2.08769648614799
5.73358938099312	2.0976467016428
5.97949762523508	2.10686006311771
6.2064196581348	2.12541207274959
6.4337307777445	2.15059266541218
6.65984783751371	2.1790765037356
6.88813673703663	2.21350185736095
7.30052158139579	2.21967848492444
7.50847976566517	2.20270035354191
7.84246725763365	2.45056668705456
7.83242143728432	2.72611811670533
7.83138666585612	2.98880580810976
7.83493649053891	3.25000000000001
7.83493649053892	3.49999999999997
7.83493649053888	3.74999999999997
7.83493649053888	4.00000000000002
7.83493649053891	4.25000000000002
7.83493649053891	4.50000000000001
7.83493649053891	4.75
7.8349364905389	5
7.8349364905389	5.25
7.8349364905389	5.5
7.83493649053891	5.75000000000001
7.83493649053892	5.99999999999999
7.8349364905389	6.24999999999996
7.83493649053888	6.5
7.83522763924559	6.75557926597
7.83134792212323	7.00978399592263
7.82839031845085	7.27508567978155
7.84401276579268	7.55397277347869
3.5663231566384	7.01594228602904
3.56360068338064	2.98437403901422
3.5392986607899	5.40084647595279
3.54028439140836	4.59897518724195
3.5427895625466	6.2005052891356
3.54060561726399	3.80287296040598
4.389853771589	3.94716682587297
4.39336688817367	3.64933571084797
4.38988150708782	4.74741686096379
4.4002894417955	4.44323400147213
4.39035927679407	5.54805546267279
4.39553619158043	5.24546216886359
4.40121459413882	6.04427269510364
4.39206064323688	6.34857884310904
3.99517435545886	7.42799365508489
3.99377125073678	2.5690071842564
7.74071949962213	7.81585293322851
7.73893697574635	2.19936129221737
2.1592586628327	7.6783796336911
2.15559268135776	2.30199874481864
3.63734161041894	6.87275601402387
3.63843008121799	3.12612416018617
4.34670183301057	6.78628550628784
4.34215624109282	3.21598270223105
4.36924389359445	7.12177680051838
4.11221458778551	7.40744090149522
3.63872100925896	3.67280006454705
4.10987223652529	2.59321958075945
3.637814516894	6.07169140539524
4.37010932268456	2.87661192845717
3.63780549900237	4.47172378638702
3.63720186148458	5.27044520457993
3.63792271238282	6.33029842898168
3.6412965261731	3.93232601580732
3.64111481767391	5.53286575364046
3.63850631125059	4.72906623722667
3.88386629865445	2.5867132638624
3.88505087852611	7.41316357946587
3.59826931713603	7.11552749821309
3.59809001318529	2.88494584348901
4.32523617380774	6.41948861227172
4.32478323408634	3.57989344762297
4.33344105135951	5.62829749905077
4.33640132501344	4.36806086403057
4.33342123154029	4.82868453930114
4.33267620794121	4.0280346495564
4.33942561893939	5.16459437915786
4.34199671270333	5.96484334577692
3.87979784054204	6.59401666764521
3.8752181681807	3.39501208130416
3.87712564921653	5.79206358685224
3.87724390091782	4.1918475987511
3.87720624618441	4.99184064826425
4.12116332237557	6.6062722786116
4.12157331933268	3.40744306841002
4.12054808027649	4.20707864917421
4.12102052434056	5.00782336239596
4.12159787479706	5.80678899384841
4.34389273402855	2.78075667898805
4.34648244977403	7.22245409861278
4.36381967335186	6.19677277325756
4.36365722061108	3.79744612452081
4.36366971423777	4.59797767429742
4.36432336516608	5.39897904375103
3.6628847826291	3.2163383386212
2.11919491898352	2.10890797358531
2.12603263946409	7.88590444218868
3.66556955155018	6.78341835046001
3.66924217485102	4.81937173932123
3.6700452857578	4.01857676866482
3.66943403409792	5.61908432501625
3.66768467325375	6.41765453606198
3.66824735594137	5.17829969023365
3.66741116322224	5.98618450034857
3.66959901125539	4.3774748884863
3.66735124937087	3.58472669759723
3.69873970715903	4.1983443794955
3.69777590964247	5.79766016620339
3.69902263321231	4.99786181165495
3.70681172678647	3.40005541278357
3.70681392822073	6.60045342144301
7.96115405106418	2.211305373994
7.95860577364395	7.79228515808643
4.27790579630969	5.79645911930197
4.27427618157615	4.19776328582053
4.27436257162242	4.99710341128774
4.30202366810199	3.40211756958337
4.30498499014903	6.60171004277168
3.97703525207462	5.0935508160615
3.97803887889036	5.89086592754461
3.97702961404467	4.29116190335538
3.97713226475899	3.49213492078221
3.97821586077633	6.68924168372386
4.02262276023057	3.30927512188055
4.02320311613127	6.50892670000258
4.02218451610899	4.10865131444751
4.02218094337552	4.90865807300232
4.02189647128144	5.70928226013042
4.45459877155377	3.22168135471436
4.51090705763801	3.11010088913155
4.50807372499819	6.8888326008341
4.45737542220766	6.78059693884886
3.55711021679615	7.42756955495188
3.55659572525998	2.5731385116622
6.72353959897783	7.58153235444334
6.51467937348929	7.61033612133302
6.29304496492561	7.64145298635235
6.07198468176576	7.66747887405455
5.83800763629432	7.68434621106484
5.60225251166137	7.69790764685379
5.35514861304656	7.70502759560665
5.11025206341351	7.71688453530408
4.86513547530014	7.73688929025489
4.62060101257134	7.75134746737942
4.3754381387989	7.73853271427812
4.12538866922158	7.77681769335076
3.88563110628691	7.74609269153212
3.6316282719781	7.73198940806296
3.38087967604326	7.74396805095151
3.14297066905615	7.72198072008119
2.91014482278977	7.68956049504467
2.68225023020522	7.64863390698872
2.37025541583057	7.36099028930657
2.3204885179336	7.10817392370814
2.3244110743272	6.87153370310811
2.32459368243756	6.62394473963983
2.32298081789492	6.37411198933031
2.3150648237351	6.1269107954845
2.31504475323448	5.87534394077959
2.31501374938016	5.624758431284
2.3189413759856	5.37483936718445
2.32145887395373	5.1251296107374
2.32174955943123	4.87542183959382
2.32340181427643	4.62588421619876
2.31971308934805	4.37650650674837
2.31843765705107	4.1262812148392
2.32129483073124	3.87507942467992
2.32327656272037	3.6252776011721
2.32520290707348	3.37547410514154
2.3215385201594	3.13533099473136
2.32390752878545	2.9028459505219
2.35315464897822	2.65519499833064
2.67811304711146	2.33834022225816
2.90954355356753	2.31955798951436
3.1406394879204	2.28848599405873
3.36993112465572	2.25796153848645
3.62890088304738	2.26780580966729
3.87728006318635	2.25677414466275
4.11892288216712	2.22080270334757
4.37223529838827	2.26170874768976
4.62007434133941	2.25052592868905
4.86497014397741	2.26429277268498
5.11138668207361	2.28609471095276
5.35601487243256	2.29681419880786
5.60273919509142	2.30183629256444
5.84726107059648	2.3123968796648
6.07382469979674	2.329690806385
6.29731904830552	2.35395874252538
6.51829764380924	2.3858227433591
6.73665679041284	2.42679251692898
7.62335338716123	2.60907177496664
7.61619612235676	2.8701269831214
7.6164130563237	3.13398203859752
7.61843013959283	3.375
7.61843013959279	3.62499999999993
7.61843013959274	3.875
7.61843013959279	4.12500000000004
7.6184301395928	4.37500000000002
7.61843013959281	4.625
7.6184301395928	4.87499999999999
7.6184301395928	5.125
7.6184301395928	5.375
7.61843013959279	5.62500000000001
7.61843013959282	5.87500000000002
7.61843013959282	6.12499999999995
7.61843013959276	6.37499999999997
7.6195566987479	6.6274003962878
7.62247687984284	6.88079962415566
7.61310424469061	7.1488577246174
7.61856162773103	7.40154460844278
3.48784102509602	7.09543000562391
3.48568396309884	2.90622150377228
4.44465083311163	4.05130929837545
4.42971410787693	3.53891881266349
4.44080178239168	4.85139262283603
4.44548735542045	4.33387634069021
4.44971826594158	5.65162729838729
4.44316122933077	5.13480019129164
4.44919718647906	5.93467886057186
4.43345332215159	6.45547590603239
3.916438359071	7.54598863464406
4.07774925041195	7.51330471661972
4.07117741209104	2.48669066463948
3.91137374017599	2.45563589298737
3.55139058288171	6.79767765357718
3.55130679363726	3.2095386477532
4.44574880281578	7.19579486864557
3.56799317387909	3.58937558337498
3.56988934469571	5.99493418062978
4.4426704657801	2.80624799357727
3.57085431144251	4.39384643688988
3.5711724365322	5.19243433496887
3.56829077993045	6.41127531654604
3.57260982133588	4.0054260199606
3.57214893571339	5.60628351863896
3.57220074836424	4.80555472197713
7.62842302096437	7.62509984353899
7.62642062713016	2.38265652997433
4.43269574554822	4.64933955693098
4.43342532203888	5.44955023897997
4.43590647388972	6.25077485735412
4.43510892316538	3.84819128340153
4.39072290901597	6.68897796304524
4.38427702818664	3.31564033301633
4.36014416922089	4.13157012862883
4.36007220015107	5.73122996229648
4.35979795167574	4.92884898799169
4.43367984849187	5.34385361097771
4.43538148795988	4.5420343843346
4.37054884539238	5.85443495784788
4.36315412990145	4.25486653871781
4.36326089733045	5.05363849732034
4.35338406481921	6.51223122270273
4.43472809203885	3.74239185158109
4.34888540342193	3.49032050035924
4.43337829178142	6.14310619420847
4.4028961077859	7.30706503476043
4.39825163341815	2.6919937605486
3.78123685014809	7.47305735311702
3.7776458132463	2.53146672180009
3.53554521967944	2.79585515636341
3.53605632239119	7.20505829600621
4.20821408795017	2.52676591223962
4.21194204072201	7.47886461425967
3.62481783189611	6.69799323107416
3.62423625419046	3.30761305691328
3.62109164245972	5.8958327193671
3.62215783336855	4.29549027011839
3.62142441320714	5.09586252429318
3.62435478366258	3.49800448207012
3.62288470007886	4.10378123787847
3.62174883291683	5.70369717772471
3.62285925008919	4.90387347181745
3.62517202231611	6.50223264144234
3.54889081511507	3.70161831089327
3.54808099412199	6.09920623806283
3.54545145564291	5.29934701964152
3.54588493921049	4.49997883597866
3.54959071353651	3.08729801841064
3.54902822832881	3.90233837969253
3.54950788005237	6.3001563514695
3.55003500031613	4.6975611983795
3.54860217415053	5.50160054397222
4.45251081996311	7.08049971101665
3.5485408355383	6.91432388010046
4.45428116971526	2.91789624169883
2.41647454183771	2.37204218795486
2.41704974328102	7.61490686601827
4.04179213339748	5.77932261668323
4.04179213301199	4.9793226164678
4.04179213194795	4.1793226159544
4.04178714217453	6.57932609496745
4.04179394354947	3.37930711769227
3.95853837955035	6.62070230204406
3.95853846278785	5.02072794739069
3.95853861804338	4.22072801286752
3.95853864690904	5.82072802474082
3.95854097115859	3.42073920623384
7.09165844170566	2.28292467779802
7.08268257200697	7.7104935349351
3.44212264518911	5.45667560830937
3.43742484584891	5.34215293105284
3.4434825184166	4.65380310135217
3.43553647046885	4.53969295965823
3.44046665505574	6.26180228238849
3.45005339001377	6.14356042576275
3.44552824549111	3.86111575032007
3.44466613408139	3.7392993663649
4.58353631806651	3.21757579302368
4.5877488198311	6.78328158935023
6.60206819494351	7.37393643391287
6.38270259544662	7.411761803207
6.16503431761036	7.43871700963412
5.93796160725406	7.46276358210881
5.70682852792388	7.48137798874017
5.47043582095825	7.49316905061285
5.21717176848829	7.49592421604362
4.97714793361238	7.52128317607495
4.74119832067427	7.55803548932875
3.46862874185521	7.5782401020143
3.25920654685368	7.53046472823391
3.03790126814423	7.50927061052144
2.8235049108363	7.4284332725867
2.51902937409039	7.21012616601935
2.53329613083687	7.00012688820495
2.52532935336255	6.76073352917678
2.53575213852332	6.50363512837052
2.53005832811277	6.25729056287251
2.51515433607636	6.00174692218039
2.51235525833834	5.74792696191374
2.51746723195613	5.49907902770909
2.52194554954881	5.25025027042211
2.52364714050494	5.00048586174527
2.52498943200524	4.75091332413005
2.52810683924941	4.50382964685641
2.51880012576838	4.25397156700603
2.51895365652026	4.00173493102602
2.52876085525099	3.74517890112181
2.53497859033495	3.4947257887052
2.53343986850229	3.24419065682366
2.54310653541697	2.99873916551136
2.51101146023809	2.79183432197751
2.80897641071555	2.55305828037747
3.02726138083288	2.51755373217592
3.2678045703227	2.47923143562015
3.47365049526996	2.42328287697649
4.74017791543157	2.44315929236771
4.97739067325168	2.48047857817068
5.21730121411725	2.50927925061205
5.46547160073262	2.51097324511691
5.7104299099643	2.51687693966387
5.93910924557334	2.53496279866891
6.16399870230982	2.55648279529062
6.38133208207298	2.58969360515443
6.59426941376286	2.62878343280648
7.38515043514118	2.74220546457695
7.40365020409653	3.02454270339222
7.38906913140887	3.26092829209279
7.39153046005828	3.50195487471677
7.40192378864662	3.74999999999992
7.40192378864663	4.00000000000006
7.4019237886467	4.25000000000005
7.4019237886467	4.50000000000001
7.4019237886467	4.74999999999999
7.40192378864668	5
7.40192378864669	5.25
7.40192378864668	5.5
7.40192378864669	5.75000000000003
7.40192378864674	5.99999999999998
7.40192378864667	6.24999999999991
7.40192378864664	6.50000000000002
7.40457508879164	6.7532623600138
7.4124526326001	7.00396934641036
7.37367771922105	7.2818085315069
3.4123921423403	7.19281188097766
3.405930704151	2.80740663502398
3.43626207350462	6.86536163188379
3.51391328698771	6.66655475215217
3.5097221936695	3.34034174401127
3.43255132315784	3.14500719032661
4.53358631296541	7.28936296590943
4.55869996280238	7.14851342975966
3.49184837906888	3.47896257280682
3.45444660444028	3.61392295050634
3.46031997066114	6.02273039595591
3.49677966391354	5.90627780662331
4.52805241936667	2.71082720270899
4.55577731142445	2.85178785201586
3.49710478950697	4.30953885769641
3.44593644749008	4.42305073569927
3.49716997304761	5.10785318941917
3.44937929166777	5.22468375790085
3.45044220711709	6.38360566211641
3.49331421885171	6.52351822367297
3.45892377068245	3.97802205793251
3.49903811546301	4.09392856967589
3.45475987515661	5.57357339078855
3.49720261803682	5.69117256854561
3.4507155966037	4.7735255469933
3.5001469576505	4.89318813452898
4.5509064217825	4.59311354541859
4.54948439407645	5.39417690743671
4.55657540464288	6.20375595422083
4.55538658735078	3.78996559788924
4.48168530317779	4.19230336457127
4.47803040970974	4.99280548746575
4.49118129548728	5.79400510141489
4.34990177062412	2.45871189076455
4.35534953054094	7.54077975994846
4.51975601127129	6.66620295502775
4.51140146778883	3.33962143544182
7.22077109380205	2.49882494710781
7.20239079266191	7.51907056081064
3.4754102092829	2.69222952144111
3.47661703418642	7.30866036863433
6.93367495832334	7.54470794548363
6.95097700914488	2.46596050994653
4.50494447103706	4.73379266586944
4.50489626195047	5.53382701553189
4.50984228143991	6.35177675958893
4.5059577044875	3.93400179961243
4.50534873530302	5.25395213531961
4.51375954798717	4.44833306080334
3.45254311490049	6.98198166815936
3.448256540754	3.02683737525923
4.50348230195522	3.64485831144374
4.51287863847378	6.05389198488485
3.63713918796439	7.53663487782331
3.6352739686841	2.46136211292162
2.61693756457041	7.4042520179397
2.58873036210357	2.58426014503528
4.54807777772451	7.01362924813037
4.5494838613306	2.98454670233696
4.20533783921583	7.61186256336514
7.42838790683377	7.57709349008993
7.43724775755481	2.4453051610843
3.77587855114524	2.40841977506769
4.19143745083393	2.38866286989149
3.77662420948668	7.59201308483315
4.0217061574852	7.62526985353301
4.0149860054193	2.37652344246145
3.59719193867452	6.59661386430443
3.59503414893078	3.40569133775752
3.56279230186021	5.00018316389681
3.56473016422542	5.80069693005036
3.56288024471447	4.20049510401786
4.45877725932762	2.57423404701605
4.46127573048462	7.42454589608903
4.41941673145728	3.4228916354838
4.4326321804593	6.58381017379107
4.57029562678946	4.32326284344521
4.55978071719955	5.12350000232853
4.57301651350625	5.92720116288412
3.33489773432085	5.40066214892608
3.32271056928394	5.51884596919867
3.30877007761039	5.2785169471
3.31498976688411	4.72104086992435
3.33335715916987	4.59703110448794
3.30233984083034	4.47233854089224
3.3126738563313	6.31500062282612
3.35010884877822	6.19945507338893
3.3410544881429	6.06486333698048
3.34793551135416	3.80240308933632
3.33202651768779	3.92791679020092
3.32105988498718	3.67629109587161
4.65308082813934	3.35326613820571
4.6605088563294	6.65089154882222
6.46424768083844	7.17470100768575
6.24969723963619	7.21250345134549
6.03171502880732	7.23959011155373
5.80526194253551	7.26155746584869
5.57733337201272	7.27776632860987
5.3258247130566	7.27960829345108
5.0652381048259	7.27294169897776
4.83025440447199	7.35790805284462
3.14882394083932	7.31672159889026
2.95770772499909	7.25843611676683
2.71381629382307	6.89161684899716
2.74062620007225	6.63283809391625
2.7586394714388	6.3819098934636
2.72167047479684	6.1299108657294
2.70248042148935	5.87398036791631
2.71199527564227	5.62252072957844
2.72026238126101	5.37514790716346
2.72050626655373	5.12845789631119
2.72281406891341	4.87382104948425
2.7484268721723	4.62852178636791
2.72887643737478	4.38319806469806
2.71225779541387	4.12663848032129
2.72483105847843	3.87454300991226
2.75603767439445	3.60481815939518
2.74225720397252	3.36430272387962
2.73107317927313	3.09498161945501
2.94307150445411	2.74251898790958
3.14040932407388	2.68352354132044
4.82985644535799	2.64273181061163
5.06693437746092	2.72968087064553
5.32694317805436	2.7209511926664
5.57357685866081	2.72616338891306
5.80794892232154	2.73883990109513
6.03122458417371	2.75866292457157
6.24498763650814	2.78963415533043
6.45917339942799	2.82472677706528
7.15547836671232	3.13579834921286
7.16788336412649	3.37074201499395
7.18004569717807	3.62283503281947
7.18541743770044	3.875
7.18541743770056	4.12500000000011
7.18541743770061	4.37500000000004
7.1854174377006	4.62499999999999
7.18541743770058	4.87499999999998
7.18541743770057	5.125
7.18541743770057	5.37499999999999
7.18541743770056	5.62500000000002
7.18541743770063	5.87500000000005
7.18541743770063	6.12499999999989
7.18822591776689	6.38062234638312
7.18949237108757	6.63367639777827
7.18394183808784	6.87735482804299
3.3168598863567	7.31876520353302
3.31498386042618	2.68174689794393
3.32820111696147	6.92611100408521
3.38578005848765	6.61929691542861
3.38026652443919	3.37902567076535
3.31338470600564	3.07841272349356
4.68258368957949	7.2409089162419
4.68419859457396	7.07071088693148
3.33157082125706	3.53169324636115
3.35538193446926	5.92349335699463
3.41771256345538	5.79583241758267
4.68021790740153	2.76280733076191
4.68256719934152	2.92900886434081
3.42250111404312	4.20027749705404
3.33922420273246	4.32299264535623
3.34982233617701	5.13410310734228
3.42136011325836	5.00050785013995
3.33724929641682	6.47037585418226
3.36220374589521	4.06833492624058
3.35856600772659	5.65914354482972
3.35404709716946	4.86764759626994
4.64575651350521	3.07996399839165
3.36307072244209	7.06559015450071
3.36052998218027	2.93788998998414
4.64461712606859	6.91917837298997
6.8044408286903	2.68703725143801
6.82518596197662	7.32923273086351
4.569810651069	4.86079163068808
4.57621945824319	5.66071454316629
4.56190513657665	4.06026675629679
3.44500794153424	6.75749989702916
3.43584558178597	3.26056645797142
4.55408731172776	3.49345577845957
4.55617950941023	6.51057685106802
2.75006553392318	7.16875424769939
2.73442144627172	2.82110915317503
7.17307781338396	2.75763152591226
4.64022236971531	4.192764544392
4.63513392565831	4.99075871809621
4.64556933893254	5.79439791579969
3.22253475491835	5.60260765801433
3.17665509923641	5.20581619564758
3.18402029089744	4.79834714347338
3.1369072001214	4.36303482490586
3.16587433471877	6.38793333777039
3.21525237204353	5.99373402835644
3.21628939007951	4.00607310463722
3.16168480321405	3.61474396355465
4.70321286013639	3.50168784535957
4.7043882712242	6.49989092480742
6.31911599252418	6.97375368981496
6.11137873677799	7.00539211193595
5.89589369243204	7.03991039838203
5.67569502908677	7.05968378998632
5.45069746838455	7.07148342021233
5.22195747943932	7.0665145109168
5.00514703754803	7.02629362761843
2.9290667710227	6.77146906362566
2.98446684407902	6.5141894764144
2.96703584504206	6.24425315048283
2.89665821906094	5.9938120875607
2.8925684864816	5.7448749451218
2.91320331674401	5.49992167728614
2.95240855278944	5.24891907872699
2.90288931703105	5.00246241465386
2.96898581039877	4.75669888636385
2.94942119308374	4.49920372892822
2.91756332081318	4.2532968977603
2.9033053698698	4.00664665772102
2.95991600064503	3.76203108536926
2.99011620248354	3.46886675365058
2.9222345892317	3.22733628479769
5.00301876345252	2.97685510633541
5.22418290767379	2.93771040228905
5.45306910701905	2.933493754646
5.67952569918654	2.94444288038347
5.89578280064495	2.96759332446452
6.10818698982805	2.99304873035844
6.31167862735498	3.02526274443019
6.95269892375832	3.22200858016732
6.96495708022173	3.48745886264515
6.96883899581644	3.7461533219534
6.96891108675433	4.00000000000016
6.96891108675452	4.25000000000012
6.96891108675452	4.50000000000001
6.96891108675449	4.74999999999996
6.96891108675446	4.99999999999999
6.96891108675447	5.25
6.96891108675444	5.5
6.96891108675447	5.7500000000001
6.96891108675461	5.99999999999997
6.97253823473597	6.26132687839039
6.97932949470887	6.51763081260485
6.97163488926254	6.77292087023232
3.21731533883518	6.5801891199784
3.21541710713525	3.42366078010216
4.8464845104695	7.15600742123193
4.81088978825959	6.96299801490067
4.84738612635999	2.84549743783022
4.80635247704512	3.03929506107038
3.23492437801266	2.97402962005824
3.23715937529445	7.02914657439321
4.74418459533295	6.79568995264499
4.74109727905249	3.20612546879547
6.70112972505956	7.12382001671886
6.67861487498557	2.87284928611836
4.63950126454494	3.92437690710483
4.63072653718125	4.72683066491675
4.63218271141485	5.52660884501326
3.23003208829316	5.78272458829917
4.64423088946714	6.06892718682823
3.25316793367574	5.00171987446246
3.25501562528389	4.18708062370819
4.63450124124209	5.26047223501929
4.64162706710093	4.45927237147257
4.62802224663774	2.59075101875331
4.63105102680688	7.41042052383793
3.2999620158462	3.23454053085051
4.64021807918948	3.6442053771784
3.31341853461711	6.77678866787145
4.64022857244957	6.35239114521522
3.08566923247368	2.90611417547902
3.10271069047328	7.09341668851162
3.1745263898886	4.60056131166553
3.19895584522656	6.19051159443185
3.16509960479513	5.41360721397899
3.19773288474657	3.80871454806799
4.81123845602314	3.65500219360816
4.80384730370672	6.34488038286062
6.17896724901275	6.77202612642761
5.97699095451293	6.81291397969511
5.76302013666759	6.84731414786529
5.55416680265076	6.85544031981225
5.34305849732965	6.86917058550614
5.34382194370725	3.13988940677818
5.55508930405456	3.15417975619995
5.76018773098947	3.17479119996137
5.9811919515936	3.20342811981411
6.17807587499583	3.22964901483899
6.76645761440744	3.37437334412001
6.7536061830796	3.62008990114674
6.75913944390103	3.87413550778613
6.75240473580833	4.1250000000003
6.75240473580847	4.37500000000007
6.75240473580842	4.62499999999996
6.75240473580835	4.87499999999995
6.75240473580835	5.125
6.75240473580835	5.37499999999997
6.75240473580829	5.62500000000007
6.75036019597814	5.87895765963665
6.75345990681261	6.1310261245689
6.75904617414096	6.3897289443607
6.77659643481923	6.63155256555918
4.92481737678946	3.19357350869735
4.9263297056836	6.80612415739113
4.71955676971142	5.93472974569024
4.72340887812501	4.32435435155571
4.69802364520251	5.12307512826799
4.69928736718848	4.59331821002551
6.51690949884129	3.0519412953667
6.52479652412161	6.94259457466886
4.83040883236271	3.35391463658854
4.69235200430311	5.39642836134532
4.71620695949705	3.78764090170281
4.8298033343685	6.64658462515092
4.69744545619633	4.05757760620753
4.73209017811747	5.65939492084482
4.72600148678345	4.86303319150297
4.72111527738716	6.21059349085422
3.13350296452039	6.89426581867286
3.13353765938707	3.1148742131298
6.94917913419518	2.93545400173477
6.96716791119704	7.05474288137928
3.08199678038169	4.13539257641254
3.06762288720499	5.85982900797586
3.07823931017466	6.05846879990312
3.0733178291988	3.92927136806476
3.05478911335223	5.62715375545852
4.90387051547569	3.78541281625391
4.90779862002393	6.21597954896956
6.02460835672626	6.57593830646605
5.84649465056007	6.66153358103412
5.65413684763018	6.63317293600817
5.42755717598726	6.64609621370257
5.43293771219629	3.36014085297201
5.64560957813428	3.3912675104057
5.85133660305945	3.3564840156813
6.04964524146112	3.43588664686926
6.5223439611029	3.48295772758156
6.55371245612047	3.75257169262932
6.53330413074313	3.99593667167181
6.5286190747773	4.24143333919374
6.53879630456413	4.49999999999997
6.53589838486228	4.74999999999989
6.53589838486221	4.99999999999998
6.53589838486225	5.24999999999999
6.53589838486216	5.49999999999998
6.53203461544384	5.75737761988958
6.52899228514636	6.0105869437496
6.53589838486213	6.24999999999951
6.52741206896668	6.51976101996495
5.03390510702347	3.39501448013846
5.03762558032214	6.60738817118807
4.80872052940315	3.9178515465559
4.80400094124194	5.52369432744491
6.37008606832282	3.26931168120739
6.38726414080638	6.72846824687733
4.79579282322461	4.73213187854308
4.8061612916666	6.08163807417515
4.78750550133171	5.26178533857306
4.79800127330965	4.45880112931351
4.80783584441716	4.99431619935253
4.81178766391715	5.79984963062418
4.81117573117245	4.18921595501931
4.87889028943394	3.50747842743773
4.87587632500186	6.49687431884416
5.12569854341628	3.15327891459511
5.12171523509004	6.84842629367077
6.74850445611391	3.11187839310366
6.76264388509236	6.87828139660361
3.11240921268315	6.70677766288067
3.10539045675094	3.29591262538919
5.0062847803495	6.05921720829332
5.52353788155571	6.42523970060557
5.5331226769371	3.59024524856785
6.34724429088566	3.64883996944026
6.30664186107026	3.86231490260773
6.30620652137041	4.1060301807783
6.31612585437694	4.36818459368141
6.3208468114434	4.62249039535663
6.31939203391609	4.87499999999988
6.31939203391611	5.12500000000002
6.3193920339161	5.3749999999999
6.31449327065527	5.63713047507083
6.31063234668937	5.89825583259002
6.30761482201157	6.13750580959091
6.34313361095684	6.35471337139145
4.99081047075355	3.94134233425596
6.25293823710969	6.54406853713096
6.25784691485453	3.46037553815957
4.90456859889153	4.32710816444569
4.90836392236071	4.86091288611418
4.8444871914739	5.13362890970588
4.91581059779298	5.65551493512715
4.87689738651409	5.95079242882461
4.86337430381354	4.04852563352188
4.84725195233648	5.38658066094375
5.23426214794612	6.6838424364217
5.23803588562346	3.32058243036625
4.85006370481056	4.59469658877698
5.00687213354307	6.38353047889788
5.01255734983769	3.62253690679085
5.80931305445162	6.43042596605592
5.81318605389204	3.59424922314312
5.61931274313639	6.19832695005425
5.61696384807253	3.80562426344471
6.08576972514133	3.96359316981475
6.09791668661659	4.2370042943881
6.10353356900395	4.5031338374919
6.10232406772606	4.75626641479433
6.10288568296992	4.99999999999997
6.09810946798986	5.24516962905151
6.09437005461179	5.49183564312205
6.10827398584851	5.76945888816866
6.08681801997365	6.03759641815389
4.98149930158799	4.6876852573495
4.97168828604987	4.49728660354352
4.98444030081467	5.26197624781076
4.98103157908101	5.47523484333933
5.0230835098767	4.15132679333727
5.02774597215608	5.83758214573816
5.00004400147841	5.03096542328462
5.12671888926017	3.78212263066175
5.13187343511671	6.2272061373834
6.08813669612325	3.67790136300398
6.08822977754514	6.32208333344012
5.25491812439441	3.54770313402285
5.24973087339206	6.45203531815843
5.88402555372176	4.13583607178292
5.88799900066128	4.40321424307073
5.88492820043194	4.64103610246567
5.88639559583458	4.87150102034096
5.8864328792842	5.11666785345797
5.86382536073493	5.35368969127225
5.88832907231775	5.60429367913605
5.89891973311072	5.8642798323963
5.16345873003981	4.58682654337442
5.16559466032799	4.84766838535044
5.20044668971636	5.12092589320814
5.18332459740934	5.37725361609107
5.21145832256319	6.01353494882746
5.19542719312121	3.97805340290512
5.86618978428075	3.86135412973718
5.86310333986865	6.13812934872226
5.36418618609368	6.21841857029696
5.35481258462021	3.78283136918802
5.12750027880705	5.61963366242943
5.10991243939763	4.36259116603936
5.68612170658905	4.29477520175515
5.66562912644883	4.54547180300767
5.65693593058299	4.77742281771325
5.69896461172948	4.98576732664075
5.63367975837323	5.1856849096018
5.62825856763981	5.48837399792245
5.71949978666194	5.72720538659537
5.42186317262168	4.65833739437674
5.44139158051996	4.97429949062574
5.41272139493543	5.27811488139683
5.31251231861623	4.42018161423461
5.36220506817532	5.54602086748475
5.44530014363729	5.98694412099044
5.42836964668456	4.00446183437349
5.6702641436043	5.94769036270455
5.66108990750704	4.05331675169194
5.28158483271707	5.79064068040168
3.25803107502483	2.82999784268709
3.26492412227698	7.17263992383904
5.25691796068105	4.18779352443994
4.53256103692141	7.58278209153869
4.52973365478665	2.42329615738011
5.50826966720569	4.43031086646943
6.58531418094733	3.25718353686634
6.59735111088738	6.7439856114835
2.91389504351188	6.99574016690502
3.08837917247693	4.92097206564576
2.92078706458845	2.99019751882992
3.07303452956434	5.08225617662442
7.00132413767798	2.68223826305763
5.51314739351128	5.74049405468317
7.20818749560541	7.10362730321033
7.22253198840201	2.93559130173353
3.41767932571007	2.57138222695663
3.41990404247096	7.42713859109655
5.46772501559174	4.23649219253116
7.0882832491578	7.30494530591098
3.98410599093992	4.45024688022052
3.9842927467671	5.2503378637718
3.98378095882385	3.65008785575385
