669	453	670
254	87	9
439	438	85
305	106	107
249	477	11
399	169	170
444	191	433
253	86	87
640	424	423
426	139	140
343	203	344
351	210	211
279	57	58
307	109	308
237	238	95
286	285	64
239	468	5
245	138	12
848	472	243
309	308	110
469	241	240
835	477	249
256	138	245
690	498	499
233	462	7
391	161	162
879	857	475
630	413	414
251	32	10
242	6	80
406	176	177
459	3	35
263	42	264
268	47	269
271	49	50
234	75	7
270	49	271
248	11	477
269	47	48
272	50	51
848	243	471
275	54	276
696	505	697
277	55	56
693	501	502
506	279	280
507	281	508
281	60	282
283	62	284
282	60	61
286	65	287
238	94	95
510	509	283
286	64	65
287	65	66
520	296	297
524	301	525
288	287	66
460	73	2
294	72	73
295	96	97
293	72	294
296	97	98
302	103	104
518	292	519
293	71	72
302	104	303
525	301	302
289	288	67
284	62	63
515	288	289
305	304	106
303	104	105
699	698	507
308	109	110
309	110	111
961	702	703
251	250	32
530	306	307
310	309	111
636	420	625
311	112	113
310	111	112
253	87	254
419	13	182
1503	929	1282
445	232	28
547	546	323
735	544	545
908	643	906
323	125	324
746	556	557
328	129	130
458	1	192
329	328	130
676	331	332
335	194	195
334	193	194
556	335	336
329	130	131
340	339	199
324	125	126
325	324	126
335	334	194
338	197	198
344	204	345
339	198	199
343	342	202
325	126	127
456	232	445
346	205	206
344	203	204
355	215	356
570	569	349
356	216	357
352	212	353
378	377	148
449	665	27
322	123	124
383	153	154
360	219	220
585	365	586
359	219	360
364	224	365
457	230	4
673	370	371
370	229	230
673	369	370
370	369	229
374	145	375
379	149	150
367	226	227
1037	787	788
366	225	226
375	145	146
365	224	225
377	147	148
364	363	223
378	148	149
787	599	788
382	153	383
365	225	366
574	353	354
378	149	379
380	379	150
357	216	217
449	90	450
793	604	605
385	155	156
605	388	606
433	191	24
419	635	13
862	416	633
389	159	160
389	388	159
390	161	391
425	17	641
234	7	462
395	166	396
496	270	497
398	169	399
829	248	477
397	167	168
610	392	393
268	46	47
614	396	397
267	45	46
265	43	44
432	89	431
264	43	265
401	171	172
1056	1055	806
402	401	172
403	173	174
618	401	619
622	404	405
678	486	487
260	38	39
263	41	42
258	36	37
407	177	178
408	178	179
487	261	488
313	114	115
823	254	483
638	421	432
250	31	32
790	602	791
472	244	243
609	391	392
794	606	795
417	92	93
1245	1049	1246
422	189	20
315	314	116
983	727	728
537	536	313
538	314	315
317	316	118
543	320	544
423	189	422
537	313	314
424	17	188
650	444	433
424	641	17
415	414	34
388	158	159
430	78	429
447	446	180
837	448	665
445	28	662
413	629	15
431	89	19
861	427	643
434	24	135
435	434	135
429	78	79
436	136	23
430	19	78
316	117	118
544	320	321
643	427	426
539	315	316
320	121	122
455	25	231
441	185	442
446	28	180
381	380	151
343	202	203
433	24	649
448	181	27
356	215	216
655	438	439
353	212	213
450	90	91
349	208	209
452	668	26
345	204	205
452	26	186
342	201	202
562	342	563
443	659	21
259	38	260
257	36	258
599	381	382
376	375	146
247	76	77
244	29	30
369	228	229
367	366	226
516	515	289
299	100	101
331	132	133
330	132	331
310	112	311
312	311	113
337	196	197
333	193	334
251	10	480
411	82	83
437	23	84
664	447	448
416	632	14
414	33	34
457	370	230
457	4	141
459	179	3
459	408	179
675	295	296
295	97	296
460	96	295
460	2	96
443	21	190
849	428	644
617	399	400
400	171	401
300	101	102
521	520	297
561	340	341
350	210	351
340	200	341
553	329	330
521	298	522
300	299	101
694	693	502
237	95	8
473	256	245
243	6	471
404	174	175
681	489	490
264	42	43
263	262	41
398	397	168
266	265	44
502	276	503
699	507	508
873	469	817
318	119	120
1483	877	1292
1152	955	956
423	188	189
423	424	188
415	14	632
826	641	424
259	37	38
259	258	37
274	52	53
278	277	56
292	70	71
292	71	293
519	292	293
297	296	98
346	345	205
568	348	569
374	144	145
373	144	374
298	99	100
298	100	299
415	34	14
633	416	417
613	612	395
396	166	167
409	16	626
796	607	608
751	562	752
666	449	450
240	81	5
307	108	109
245	12	474
242	471	6
442	185	21
442	21	659
1046	797	1047
652	435	436
291	69	70
291	70	292
314	115	116
314	313	115
405	175	176
405	176	406
249	11	31
249	31	250
385	156	386
362	221	222
358	217	218
358	357	217
359	218	219
359	358	218
552	551	328
554	330	331
368	227	228
368	228	369
246	12	76
246	76	247
384	383	154
386	156	157
341	200	201
341	201	342
361	220	221
361	360	220
288	66	67
517	290	291
398	168	169
796	795	607
330	131	132
330	329	131
453	187	454
548	324	325
430	647	19
390	160	161
844	468	239
254	9	483
449	27	90
576	356	577
479	250	251
1520	1078	1278
380	150	151
601	383	384
368	367	227
373	372	143
266	44	45
266	45	267
432	88	89
901	638	648
451	91	26
569	348	349
692	501	693
268	267	46
381	151	152
382	152	153
236	74	235
499	272	273
420	183	409
410	626	16
404	403	174
404	175	405
402	172	173
402	173	403
409	183	16
831	628	412
235	74	75
235	75	234
261	39	40
261	260	39
547	323	324
543	319	320
416	14	92
416	92	417
427	18	139
2033	1820	2034
376	146	147
376	147	377
262	40	41
262	261	40
1461	1278	900
852	409	626
283	61	62
283	282	61
458	134	1
332	458	333
392	162	163
392	391	162
855	446	663
446	662	28
437	653	23
795	606	607
407	178	408
407	406	177
447	180	181
447	181	448
592	374	375
588	367	368
554	553	330
332	331	133
257	408	459
488	262	489
312	113	114
312	114	313
418	93	13
418	417	93
233	7	29
233	29	244
381	152	382
361	221	362
290	68	69
290	69	291
543	542	319
319	121	320
548	325	549
321	320	122
529	305	306
306	108	307
577	356	357
597	380	598
451	450	91
755	566	756
410	16	82
410	82	411
427	644	18
427	139	426
333	192	193
333	458	192
673	371	372
372	142	143
289	67	68
289	68	290
255	9	137
255	483	9
340	199	200
336	195	196
317	118	119
317	119	318
272	271	50
236	465	8
565	344	345
841	668	452
241	242	80
962	704	963
412	83	15
412	411	83
420	182	183
420	419	182
239	5	94
239	94	238
412	15	629
390	389	160
466	467	238
509	282	283
348	207	208
348	208	349
276	54	55
276	55	277
1075	637	858
422	20	637
321	122	123
321	123	322
526	525	302
467	239	238
352	211	212
352	351	211
603	385	386
387	158	388
257	35	36
257	459	35
421	20	88
421	88	432
236	8	74
464	235	463
843	670	454
671	454	455
400	170	171
400	399	170
441	184	185
439	22	656
354	213	214
354	353	213
393	163	164
393	392	163
454	187	25
454	25	455
336	196	337
336	335	195
327	128	129
327	129	328
906	643	642
428	18	644
1608	1423	1424
768	767	578
304	105	106
304	303	105
567	346	347
347	207	348
491	264	265
490	489	263
397	396	167
616	399	617
387	157	158
387	386	157
280	58	59
280	279	58
453	186	187
453	452	186
394	164	165
394	393	164
1084	647	836
607	389	390
285	63	64
285	284	63
619	401	402
612	394	395
371	370	457
371	142	372
315	116	117
315	117	316
435	135	136
435	136	436
270	48	49
270	269	48
590	373	591
373	143	144
495	494	268
942	683	684
338	198	339
338	337	197
297	98	99
297	99	298
580	359	360
581	360	361
241	80	81
241	81	240
667	450	451
666	450	667
439	85	22
855	662	446
493	267	494
494	267	268
371	141	142
371	457	141
425	140	17
425	426	140
363	222	223
363	362	222
355	214	215
355	354	214
456	231	232
456	455	231
301	103	302
526	302	303
496	269	270
273	52	274
730	729	539
672	455	456
674	407	408
623	405	406
428	79	18
428	429	79
568	567	347
670	453	454
281	59	60
281	280	59
273	51	52
273	272	51
438	84	85
438	437	84
624	623	406
489	262	263
326	127	128
326	128	327
580	360	581
598	380	381
243	30	6
243	244	30
820	658	442
440	656	22
275	53	54
275	274	53
325	127	326
755	565	566
395	165	166
395	394	165
347	206	207
347	346	206
861	644	427
541	318	542
721	531	722
827	419	636
440	22	184
440	184	441
278	56	57
278	57	279
248	77	11
248	247	77
716	525	526
817	469	240
240	5	468
528	527	304
444	190	191
444	443	190
1007	754	755
568	347	348
582	581	361
364	223	224
533	310	534
530	529	306
579	358	359
448	27	665
431	19	647
605	387	388
819	463	234
463	235	234
332	133	134
332	134	458
256	137	138
256	255	137
764	763	574
575	354	355
323	124	125
323	322	124
486	259	260
485	258	259
582	361	362
582	362	583
721	720	530
721	530	531
745	556	746
658	441	442
927	663	664
1031	781	782
513	286	287
517	516	290
319	120	121
319	318	120
962	703	704
524	300	301
559	338	339
549	325	326
691	690	499
464	236	235
555	334	335
557	336	337
590	673	372
587	366	367
252	10	86
252	86	253
384	154	155
384	155	385
350	209	210
350	349	209
460	294	73
460	295	294
306	107	108
306	305	107
413	15	33
413	33	414
595	377	378
767	577	578
301	102	103
301	300	102
889	625	852
628	411	412
620	619	402
620	402	403
461	233	244
475	246	247
536	312	313
541	317	318
513	287	514
675	294	295
824	449	666
760	570	571
791	602	603
645	429	428
618	400	401
618	617	400
952	693	694
503	276	277
610	609	392
615	397	398
624	406	407
674	408	257
518	291	292
712	521	522
675	296	520
815	675	520
563	342	343
564	344	565
510	283	284
704	512	513
597	379	380
591	374	592
532	308	309
533	309	310
975	719	720
853	245	474
1007	755	1008
761	571	572
540	317	541
542	318	319
570	349	350
573	352	353
545	321	322
545	544	321
591	373	374
590	372	373
639	640	423
858	421	638
486	485	259
680	679	488
807	618	619
495	269	496
625	420	409
481	252	253
882	883	478
864	480	252
803	614	615
495	268	269
831	412	629
859	626	410
639	423	422
897	633	634
687	496	688
1241	1240	1044
587	367	588
774	584	585
252	480	10
864	252	481
753	564	754
566	346	567
556	336	557
752	562	563
535	311	312
1078	635	827
636	419	420
1461	900	1103
776	775	586
589	369	673
892	627	628
859	410	627
1085	831	629
608	607	390
536	535	312
826	424	640
531	307	308
531	308	532
862	632	416
858	637	421
514	287	288
514	288	515
547	324	548
735	734	544
421	637	20
1300	1075	858
533	532	309
418	13	635
570	350	571
571	350	351
584	363	364
585	364	365
1464	1121	917
917	652	830
839	451	668
574	573	353
990	989	734
845	655	439
829	476	248
461	244	472
603	602	385
654	437	438
599	598	381
824	665	449
703	511	512
960	702	961
551	327	328
996	995	740
1458	907	1267
1278	827	900
733	543	734
537	314	538
720	529	530
701	509	510
521	297	298
517	291	518
818	455	672
1067	671	818
585	584	364
776	586	587
602	384	385
602	601	384
558	338	559
558	557	337
755	754	565
451	26	668
1064	744	745
558	337	338
675	293	294
675	519	293
564	343	344
564	563	343
560	559	339
1813	1563	1814
740	549	550
750	560	561
684	492	493
488	261	262
550	549	326
748	559	749
500	273	274
500	499	273
501	274	275
501	500	274
651	434	435
651	435	652
1168	972	1169
717	526	527
1376	1183	1377
985	984	729
828	255	484
1070	468	844
593	375	376
593	592	375
907	642	821
907	906	642
865	866	461
853	473	245
498	271	272
498	272	499
466	238	237
700	509	701
522	298	299
711	815	520
660	443	444
660	444	650
497	270	271
497	271	498
663	446	447
663	447	664
614	397	615
840	233	461
484	255	256
484	256	473
554	331	676
555	676	334
1019	766	767
1036	1035	786
530	307	531
870	467	466
654	438	655
1069	837	665
516	289	290
523	300	524
1470	1270	895
834	629	413
562	341	342
562	561	341
642	426	425
642	643	426
1240	1239	1043
1338	1141	1142
527	303	304
527	526	303
775	585	586
783	594	595
550	326	327
550	327	551
566	345	346
566	565	345
560	339	340
560	340	561
606	388	389
606	389	607
894	630	631
846	415	632
772	582	583
600	383	601
685	494	686
941	682	683
476	247	248
476	475	247
482	253	254
482	481	253
523	299	300
523	522	299
528	304	305
528	305	529
552	328	329
552	329	553
611	394	612
1047	797	798
939	680	681
808	619	620
505	504	278
691	499	500
579	578	358
832	648	431
546	322	323
546	545	322
534	310	311
534	311	535
926	661	851
851	445	662
729	538	539
539	538	315
737	546	547
754	564	565
669	452	453
841	452	669
622	405	623
811	810	622
985	729	730
1078	822	635
492	265	266
492	491	265
734	543	544
1720	1459	1269
844	239	467
718	527	528
676	333	334
676	332	333
815	519	675
711	521	712
490	263	264
490	264	491
608	390	391
608	391	609
814	554	676
555	335	556
743	553	744
747	746	557
574	354	575
930	931	666
504	277	278
504	503	277
781	592	593
774	585	775
512	285	286
512	286	513
978	722	723
817	240	468
604	387	605
830	652	436
674	624	407
816	624	674
579	359	580
765	575	576
604	386	387
604	603	386
762	761	572
572	571	351
792	603	604
794	605	606
750	561	751
843	454	671
508	281	282
508	282	509
502	275	276
502	501	275
507	280	281
507	506	280
1249	1053	1250
881	476	829
823	482	254
828	483	255
586	365	366
586	366	587
753	563	564
753	752	563
745	555	556
744	553	554
832	431	647
834	413	630
798	609	610
797	609	798
631	414	415
631	630	414
819	234	462
688	496	497
708	707	516
714	713	523
925	936	672
860	656	440
1328	1129	1128
922	657	658
470	242	241
470	241	469
839	667	451
760	759	570
871	466	838
838	237	465
1082	830	653
1041	1040	791
807	619	808
840	462	233
511	285	512
702	701	510
725	535	726
730	539	540
611	393	394
611	610	393
576	355	356
576	575	355
1220	1023	1024
596	595	378
1022	769	770
436	23	653
764	574	575
763	573	574
583	362	363
583	363	584
589	368	369
589	588	368
779	813	590
778	589	813
540	316	317
540	539	316
621	404	622
810	621	622
849	645	428
850	650	433
687	495	496
800	611	612
572	351	352
572	352	573
616	398	399
616	615	398
246	474	12
857	474	246
1134	937	938
677	812	816
621	403	404
621	620	403
493	266	267
493	492	266
578	357	358
578	577	357
478	249	250
478	250	479
1460	905	1112
731	540	541
1178	981	982
981	980	725
646	430	429
646	429	645
764	575	765
770	580	581
434	649	24
856	434	651
983	728	984
727	536	537
680	488	489
679	487	488
487	260	261
487	486	260
698	506	507
953	695	954
594	593	376
779	590	591
674	257	258
674	258	485
511	284	285
511	510	284
237	8	465
842	465	236
648	432	431
648	638	432
661	456	445
661	672	456
594	376	377
594	377	595
634	417	418
634	633	417
505	278	279
505	279	506
948	690	949
802	801	613
613	395	396
613	396	614
771	582	772
789	601	790
627	410	411
627	411	628
596	378	379
596	379	597
1261	893	831
830	436	653
657	440	441
657	441	658
714	523	524
708	516	517
600	382	383
600	599	382
812	623	624
811	622	623
739	548	549
738	548	739
805	616	617
947	689	948
1203	1007	1204
987	732	988
827	635	419
982	726	727
723	532	533
962	961	703
1123	919	918
860	440	657
695	504	696
694	502	503
751	561	562
993	737	738
799	798	610
1052	802	803
854	639	422
854	422	637
1015	1014	762
1020	767	768
768	578	579
767	766	577
756	566	567
1010	757	758
799	610	611
1272	835	883
1408	1407	1217
1405	1404	1214
742	551	552
740	739	549
800	799	611
809	621	810
697	505	506
697	506	698
801	612	613
1933	1468	1716
714	524	715
711	520	521
863	471	242
863	242	470
682	490	491
682	681	490
730	540	731
1079	641	826
683	682	491
800	612	801
778	588	589
780	592	781
933	841	669
1008	755	756
1233	1036	1037
1215	1214	1018
1143	946	947
1619	1435	1620
707	515	516
1173	976	977
1468	1097	881
1287	847	1072
749	559	560
1303	745	746
836	647	430
836	430	646
689	688	497
947	688	689
686	494	495
686	495	687
738	547	548
738	737	547
1083	477	835
835	249	478
825	659	443
825	443	660
1457	899	1268
728	538	729
679	678	487
680	489	681
713	522	523
713	712	522
813	589	673
813	673	590
812	811	623
677	816	485
822	418	635
822	634	418
957	956	698
704	703	512
769	580	770
788	599	600
806	618	807
802	614	803
1521	1081	1276
820	442	659
766	576	577
766	765	576
1000	999	747
747	557	558
1040	790	791
773	583	584
856	649	434
909	911	646
710	518	519
710	519	815
931	824	666
1033	784	1034
838	466	237
959	700	701
804	615	616
1053	1052	803
1025	1024	772
782	593	594
1278	1078	827
1462	1101	887
771	581	582
771	770	581
833	437	654
833	653	437
792	604	793
792	791	603
717	716	526
717	527	718
1046	796	797
1085	629	834
782	781	593
782	594	783
1154	957	958
974	719	975
821	642	425
821	425	641
934	669	670
750	749	560
1038	788	789
1245	1244	1048
814	555	745
814	676	555
773	584	774
773	772	583
805	804	616
1247	1050	1051
1261	831	1085
1433	1245	1246
995	739	740
741	740	550
1554	1366	1555
719	718	528
851	661	445
845	439	656
938	680	939
1135	939	1136
760	571	761
1510	1280	1451
685	493	494
685	684	493
1694	1467	1119
1377	1184	1378
715	524	525
715	525	716
797	608	609
797	796	608
695	503	504
696	504	505
741	550	551
743	552	553
777	776	587
778	813	779
818	671	455
1081	820	659
1048	798	799
1084	832	647
1034	785	1035
1031	1030	781
778	777	588
777	587	588
732	541	542
732	731	541
1016	763	764
1018	1017	765
726	535	536
726	536	727
710	709	518
706	705	514
757	567	568
757	756	567
842	236	464
955	697	956
903	640	639
1112	905	903
784	595	596
784	783	595
949	690	691
1065	465	842
809	620	621
809	808	620
794	793	605
1043	793	794
1120	916	915
910	645	849
876	472	848
857	246	475
1002	749	750
1066	668	841
705	513	514
705	704	513
748	558	559
748	747	558
785	596	597
785	784	596
758	568	569
758	757	568
980	724	725
986	730	731
850	433	649
1115	908	906
709	517	518
710	815	711
733	542	543
733	732	542
948	689	690
1140	943	944
944	943	685
803	615	804
847	479	251
847	251	480
759	569	570
759	758	569
816	812	624
816	674	485
692	500	501
692	691	500
1705	1258	1512
1149	952	953
963	704	705
972	971	716
741	551	742
742	552	743
786	597	598
1219	1022	1023
694	503	695
954	695	696
769	579	580
769	768	579
1077	851	662
918	919	654
919	833	654
837	664	448
984	728	729
1373	1179	1180
1048	1047	798
802	613	614
677	485	486
677	486	678
1568	1379	1380
935	670	843
1020	1019	767
932	667	839
972	716	717
979	724	980
1083	829	477
1048	799	1049
1065	838	465
1068	462	840
916	651	915
1757	1682	1322
1122	1123	918
1077	662	855
1246	1049	1050
1106	894	1107
1179	982	983
1190	994	1191
700	508	509
700	699	508
958	699	700
1350	1153	1154
1450	1090	871
1353	1156	1157
1306	967	709
709	708	517
940	939	681
1138	941	942
689	497	498
689	498	690
1080	483	828
1557	1369	1558
846	631	415
1286	846	3068
1193	1192	996
1000	747	748
966	707	708
967	708	709
724	533	534
724	723	533
852	625	409
1072	480	864
891	627	892
1072	847	480
806	617	618
806	805	617
725	534	535
725	724	534
1163	967	1164
1063	710	711
780	591	592
780	779	591
945	686	687
1714	1270	1470
1234	1037	1038
1082	653	833
736	546	737
991	735	736
722	531	532
722	532	723
1029	776	777
1032	1031	782
1151	955	1152
1699	1089	1308
976	975	720
1175	1174	978
790	601	602
789	788	600
1101	886	887
886	481	482
1063	711	712
1306	709	710
706	514	515
706	515	707
736	545	546
736	735	545
1071	848	471
1073	853	474
912	648	832
912	901	648
898	633	897
1075	854	637
719	528	529
719	529	720
1042	793	1043
789	600	601
702	510	511
702	511	703
1205	1008	1009
1187	1186	990
1004	751	752
994	739	995
683	491	492
683	492	684
786	785	597
1023	1022	770
997	741	742
1064	743	744
1035	785	786
1024	771	772
762	572	573
762	573	763
1225	1028	1029
1032	782	783
1038	789	1039
1039	789	790
787	598	599
787	786	598
1034	784	785
1025	772	773
728	537	538
728	727	537
1305	677	678
1254	1253	1057
814	744	554
814	745	744
1206	1205	1009
1003	750	751
1013	1012	760
1011	1010	758
1073	474	857
1071	471	863
1188	1187	991
1459	923	1269
1054	804	805
1057	807	808
1027	774	775
1230	1034	1231
998	997	742
994	738	739
1243	1242	1046
1465	912	1262
1419	1231	1232
929	927	664
1003	1002	750
992	991	736
951	693	952
1068	819	462
1296	1077	855
1406	1216	1407
1747	1317	1748
1239	1042	1043
1497	3069	1492
1126	936	925
1106	895	894
1107	894	896
911	836	646
1240	1043	1044
1080	823	483
1180	984	1181
1074	852	626
2164	2163	1998
1701	1911	1448
1013	760	761
1307	1087	1086
1337	1336	1140
1452	1133	935
1007	1006	754
1087	866	865
1310	1093	1092
998	742	743
998	743	1064
1081	659	825
898	862	633
920	655	845
1128	927	929
1009	757	1010
1395	1204	1205
1092	874	873
1522	1080	1279
971	715	716
973	717	718
891	859	627
1314	1100	1101
1040	1039	790
1250	1053	1054
1217	1021	1218
1021	769	1022
1714	1508	1270
3068	632	862
1014	761	762
1213	1016	1017
1291	851	1077
3069	860	921
1294	854	1075
1108	897	899
1089	867	1088
953	694	695
1251	1250	1054
1054	805	1055
970	715	971
965	964	706
1375	1374	1181
1522	1266	1080
993	992	737
1183	987	1184
1255	1058	1059
1059	810	1060
963	705	964
1161	964	965
1017	764	765
1017	1016	764
935	934	670
992	736	737
1176	1175	979
1260	817	1070
1061	811	812
1061	812	677
1294	904	854
1499	1294	1075
1303	1064	745
1001	748	749
877	473	853
1094	878	877
1033	783	784
1062	779	780
1865	1864	1616
1288	848	1071
1351	1154	1155
1093	875	874
941	683	942
1139	943	1140
1400	1209	1210
1130	931	930
1005	752	753
1005	1004	752
1498	1483	1292
1096	879	880
950	691	692
950	949	691
1459	1125	923
936	818	672
1055	805	806
1340	1143	1144
914	660	650
1290	913	850
1021	768	769
1513	1282	1069
3069	656	860
1474	1122	920
884	479	847
1316	1104	1105
1282	837	1069
929	664	837
1319	1111	1110
1465	1110	912
1070	817	468
1363	1169	1170
1076	850	649
908	861	643
1060	810	811
1060	811	1061
1006	753	754
1006	1005	753
1158	1157	961
967	966	708
1058	808	809
1057	808	1058
1012	759	760
1275	932	839
1117	911	909
916	856	651
1374	1373	1180
985	730	986
928	855	663
928	663	927
983	982	727
1460	1277	905
953	952	694
1150	953	954
1038	1037	788
1020	768	1021
1272	1083	835
1620	1436	1621
883	835	478
1099	883	882
1204	1007	1008
934	933	669
937	678	679
1305	678	937
3068	862	898
1488	3068	898
1279	1080	828
1095	888	878
1415	1414	1224
1028	776	1029
866	840	461
1450	871	1274
900	827	636
890	900	636
1437	1250	1438
1684	1087	1307
882	478	479
882	479	884
1218	1021	1022
1282	929	837
976	720	721
977	722	978
869	842	464
1149	953	1150
921	860	657
921	657	922
1001	749	1002
1000	748	1001
979	723	724
979	978	723
1500	1293	1074
1100	885	886
1237	1236	1040
2120	1682	1757
1079	821	641
1458	1114	907
940	681	682
940	682	941
989	733	734
1186	989	990
888	828	484
878	888	484
1486	1293	1500
1481	891	1104
1172	975	976
1284	1070	844
1191	994	995
1003	751	1004
964	705	706
1552	1364	1553
1041	791	792
1224	1223	1027
1088	867	868
1512	1068	1283
1051	801	802
1051	802	1052
1142	945	946
1247	1246	1050
1216	1020	1217
1069	665	824
1163	966	967
969	713	714
1359	1358	1162
968	1063	712
923	658	820
923	922	658
1050	800	801
1050	801	1051
1348	1151	1152
1158	962	1159
865	461	472
865	472	876
915	651	652
915	652	917
1451	1280	933
1209	1012	1013
1030	780	781
1032	783	1033
1449	872	1091
1906	1692	1462
930	666	667
930	667	932
943	684	685
943	942	684
1044	794	795
1044	1043	794
1426	1239	1427
1471	1271	911
990	734	735
990	735	991
1203	1006	1007
1132	933	934
1472	919	1123
1506	1082	1273
1049	799	800
1049	800	1050
1133	1132	934
1205	1204	1008
1013	761	1014
1408	1217	1218
1217	1020	1021
1216	1019	1020
874	470	469
874	469	873
977	721	722
977	976	721
981	725	726
981	726	982
1015	762	763
1015	763	1016
1188	991	992
1125	922	923
972	717	973
1156	959	960
1228	1032	1229
1026	774	1027
1153	956	957
959	958	700
988	732	733
988	733	989
1332	1135	1136
1256	1059	1060
867	464	463
867	869	464
1192	995	996
1202	1006	1203
1550	1361	1362
872	844	467
1137	1136	940
1253	1056	1057
904	639	854
904	903	639
902	858	638
902	638	901
1994	1780	1995
1927	1679	1466
999	746	747
1303	746	999
1378	1184	1185
1119	924	914
946	687	688
946	945	687
870	466	871
1368	1174	1175
1026	773	774
1026	1025	773
1056	806	807
1056	807	1057
938	679	680
938	937	679
885	864	481
885	481	886
956	697	698
1153	957	1154
1066	839	668
1275	839	1066
1242	1045	1046
1045	1044	795
1492	3069	921
1062	778	779
1062	780	1030
996	740	741
996	741	997
875	863	470
875	470	874
1427	1239	1240
2425	2288	2249
1036	786	787
1036	787	1037
880	476	881
1097	880	881
872	467	870
1507	1260	1070
944	685	686
944	686	945
1076	649	856
1502	1076	1297
1155	958	959
1090	870	871
1248	1051	1052
1428	1427	1240
1018	765	766
1018	766	1019
1322	1117	1116
3067	861	908
893	628	831
893	892	628
899	634	822
899	897	634
1145	948	949
947	946	688
965	706	707
965	707	966
987	731	732
987	986	731
1074	626	859
1298	859	891
890	636	625
890	625	889
868	463	819
868	867	463
905	826	640
905	640	903
913	650	850
913	914	650
1489	908	1115
1323	1119	1118
1045	795	796
1045	796	1046
1400	1399	1209
1399	1208	1209
974	718	719
974	973	718
1304	777	778
1304	1029	777
951	692	693
951	950	692
1023	770	771
1023	771	1024
955	696	697
955	954	696
896	631	846
896	894	631
960	701	702
960	959	701
1182	985	986
1907	1461	1693
1379	1378	1185
1067	843	671
924	825	660
924	660	914
1053	803	804
1053	804	1054
957	698	699
957	699	958
1231	1034	1035
1232	1035	1036
925	672	661
925	661	926
993	738	994
1198	1001	1002
895	834	630
895	630	894
1237	1040	1041
1232	1036	1233
1143	1142	946
1144	948	1145
1232	1231	1035
1228	1031	1032
1194	998	1195
1518	1194	1195
918	654	655
918	655	920
1694	1119	1323
1456	1265	936
968	712	713
968	713	969
1011	758	759
1011	759	1012
1028	775	776
1028	1027	775
1723	1519	1277
1189	993	1190
1185	1184	988
1692	1314	1101
1059	809	810
1059	1058	809
1449	1284	872
1158	961	962
887	482	823
887	886	482
970	714	715
970	969	714
909	646	645
909	645	910
1224	1028	1225
1226	1225	1029
1685	1310	1092
1171	1170	974
3067	644	861
1477	1116	910
1200	1003	1004
1190	993	994
878	484	473
878	473	877
1009	756	757
1009	1008	756
880	475	476
880	879	475
1042	792	793
1042	1041	792
1168	971	972
1159	962	963
1136	939	940
1256	1255	1059
1141	944	945
1141	1140	944
1195	1303	999
1193	996	997
1372	1178	1179
1168	1167	971
1198	1002	1199
1197	1000	1001
1705	1447	1258
1142	1141	945
1290	850	1076
1485	913	1290
1859	1610	1611
1929	1709	1914
1236	1039	1040
1610	1425	1426
1202	1005	1006
1391	1390	1200
1291	926	851
1327	1126	1127
1147	950	951
1148	952	1149
1300	858	902
1475	1107	896
1235	1234	1038
1235	1038	1039
1116	1117	909
1683	1128	1503
1122	918	920
1532	1531	1341
1288	876	848
1167	970	971
1169	972	973
1098	882	884
1104	891	892
1578	1392	1579
1238	1041	1042
1238	1042	1239
1496	3067	1489
1489	3067	908
1252	1251	1055
1439	1251	1252
1454	1281	869
1512	1258	1068
1248	1247	1051
1434	1246	1247
1274	838	1065
1274	871	838
1723	1918	1519
1435	1247	1248
1473	1086	876
1811	1810	1560
1179	1178	982
1215	1018	1019
1605	1420	1421
1187	990	991
1189	992	993
1166	970	1167
1162	1161	965
1214	1017	1018
1513	1069	1259
1495	3068	1488
1318	1109	1108
1213	1017	1214
1212	1016	1213
1110	901	912
2097	1929	1914
1320	1112	1113
1484	904	1294
1510	1066	1280
1207	1010	1011
1224	1027	1028
1229	1032	1033
1391	1200	1201
1577	1391	1578
1102	890	889
2296	1881	2112
1283	840	866
1283	1068	840
1326	1124	1125
1487	926	1291
3068	846	632
1286	896	846
1201	1004	1005
1201	1200	1004
1181	984	985
1181	985	1182
1504	1512	1283
1340	1339	1143
1626	1441	1442
1333	1332	1136
1304	778	1062
1226	1062	1030
1673	1124	1326
1296	855	928
1116	909	910
1324	1120	1121
1199	1002	1003
1199	1003	1200
1153	1152	956
1347	1150	1151
1208	1207	1011
1836	1586	1587
1329	1130	1131
1398	1207	1208
1482	1502	1297
1482	916	1120
1273	1082	833
1273	833	919
1276	1081	825
1276	825	924
1160	963	964
1160	964	1161
1451	933	1132
1397	1207	1398
1163	1162	966
1162	965	966
1262	912	832
1262	832	1084
1137	940	941
1137	941	1138
1144	947	948
1144	1143	947
1271	836	911
1271	1084	836
1244	1047	1048
1464	917	1263
1146	949	950
1146	1145	949
1270	1085	834
1270	834	895
1101	1100	886
1173	1172	976
1237	1041	1238
1234	1233	1037
1208	1011	1012
1208	1012	1209
1095	878	1094
1175	978	979
1411	1220	1221
1471	911	1117
1315	1103	1102
1693	1103	1315
1298	1074	859
1500	1074	1298
1121	915	917
1121	1120	915
1284	844	872
1707	1901	1455
1492	921	1124
1285	845	3069
1260	873	817
1092	1093	874
1488	898	1109
1257	1061	1305
1305	1061	677
1915	1508	1714
1245	1048	1049
1192	1191	995
1385	1192	1386
1358	1161	1162
1160	1159	963
1086	865	876
1086	1087	865
1475	1286	1495
1480	1499	1300
1335	1138	1139
1251	1054	1055
1293	889	852
1293	852	1074
1222	1025	1026
1412	1221	1222
1366	1365	1172
1444	1166	1360
2040	2039	1827
1133	934	935
1223	1222	1026
1220	1219	1023
1306	710	1063
1164	1063	968
1195	998	1064
1195	1064	1303
1098	1099	882
1476	1098	884
1394	1203	1204
1189	1188	992
1155	1154	958
1356	1160	1357
1491	875	1093
1491	1301	875
1265	818	936
1265	1067	818
1285	920	845
3069	845	656
1374	1180	1181
1690	1112	1320
1089	869	867
1454	869	1089
1091	872	870
1091	870	1090
1254	1058	1255
1254	1057	1058
1384	1190	1191
1392	1201	1202
1219	1218	1022
1423	1235	1236
1468	881	1264
1341	1144	1145
1292	853	1073
1292	877	853
1194	997	998
1193	997	1194
1215	1019	1216
1503	1282	1513
1263	830	1082
1263	917	830
1794	1793	1542
1360	1166	1167
1753	1690	1320
1484	1294	1499
1279	828	888
1949	1899	1734
1302	1072	864
1302	864	885
1338	1142	1339
1438	1250	1251
1686	1902	1456
1667	1127	1487
1505	1264	1083
1339	1142	1143
1269	820	1081
1269	923	820
1103	900	890
1103	890	1102
1483	1094	877
1494	1301	1491
1223	1026	1027
1227	1226	1030
1725	1522	1279
1697	1449	1091
1113	903	904
1113	1112	903
1501	1291	1077
1487	1127	926
1258	819	1068
1258	868	819
1257	937	1134
1442	1441	1254
1230	1033	1034
1230	1229	1033
1264	829	1083
1264	881	829
1243	1046	1047
1243	1047	1244
1155	959	1156
1309	1091	1090
1174	977	978
1174	1173	977
1157	960	961
1157	1156	960
1227	1030	1031
1227	1031	1228
1683	1328	1128
1701	1448	1130
1184	987	988
1321	1115	1114
1386	1192	1193
1197	1001	1198
1135	938	939
1135	1134	938
1202	1201	1005
1330	1132	1133
1131	930	932
1131	1130	930
1127	925	926
1127	1126	925
1380	1186	1187
1456	936	1126
1304	1062	1226
1304	1226	1029
1289	910	849
3067	849	644
1177	980	981
1177	981	1178
1185	988	989
1185	989	1186
1196	999	1000
1196	1195	999
1418	1417	1230
1407	1216	1217
1221	1024	1025
1221	1025	1222
1176	979	980
1176	980	1177
1148	951	952
1147	951	1148
1696	1463	1095
1685	1092	1455
1420	1232	1233
1220	1024	1221
1210	1013	1014
1210	1209	1013
1306	1063	1164
1306	1164	967
1257	1305	937
1515	1256	1257
1147	1146	950
1308	1089	1088
1166	969	970
1165	969	1166
1241	1044	1045
1241	1045	1242
1165	968	969
1165	1164	968
1490	1493	1302
1476	1287	1493
1876	1688	1628
1792	1540	1541
1393	1202	1203
1393	1203	1394
1180	983	984
1180	1179	983
1698	1452	1630
1381	1187	1188
1170	973	974
1170	1169	973
1493	1287	1072
1287	884	847
1439	1438	1251
1618	1433	1434
1359	1162	1163
1548	1547	1357
1096	880	1097
1478	1498	1299
1431	1243	1244
1434	1433	1246
1359	1163	1517
1361	1360	1167
1183	986	987
1183	1182	986
2071	1861	1862
1437	1249	1250
1235	1039	1236
1422	1234	1235
1206	1009	1010
1206	1010	1207
1502	1290	1076
1482	1297	916
1266	823	1080
1266	887	823
1650	1493	1490
1493	1072	1302
1891	1669	1643
1473	876	1288
1842	1592	1593
1687	1132	1330
1268	822	1078
1268	899	822
1421	1233	1234
1421	1234	1422
1479	1501	1296
1118	914	913
1118	1119	914
1518	1195	1196
1579	1392	1393
1129	928	927
1129	927	1128
1114	906	907
1114	1115	906
1139	942	943
1139	1138	942
1105	892	893
1105	1104	892
1197	1196	1000
1443	1386	1193
1280	841	933
1280	1066	841
1267	907	821
1267	821	1079
1346	1149	1150
1349	1152	1153
1111	902	901
1111	901	1110
1341	1340	1144
1533	1342	1343
1249	1052	1053
1249	1248	1052
1365	1171	1172
1355	1354	1158
1211	1014	1015
1211	1210	1014
1299	1073	857
1299	857	879
1601	1416	1417
1420	1233	1421
1212	1015	1016
1212	1211	1015
1171	974	975
1171	975	1172
1301	1071	863
1301	863	875
1277	1079	826
1277	826	905
1297	856	916
1297	1076	856
1295	935	843
1295	843	1067
1367	1174	1368
1910	1463	1696
1257	1060	1061
1257	1256	1060
1524	1523	1333
2234	2073	2074
1109	898	897
1109	897	1108
1333	1137	1334
1334	1137	1138
1424	1236	1237
1425	1237	1238
1252	1055	1056
1252	1056	1253
1281	842	869
1281	1065	842
1405	1214	1215
1404	1213	1214
1412	1411	1221
1420	1419	1232
1511	1065	1281
1349	1153	1350
1124	921	922
1124	922	1125
1151	954	955
1151	1150	954
1259	824	931
1259	1069	824
1518	1443	1194
1443	1193	1194
1416	1229	1417
1414	1413	1223
1406	1215	1216
1598	1411	1412
2125	2100	1931
1470	895	1106
1484	1113	904
1499	1075	1300
1679	1105	1466
1424	1423	1236
1403	1213	1404
1403	1212	1213
1370	1177	1371
1371	1178	1372
1432	1245	1433
1424	1237	1425
2294	1893	2106
1616	1431	1432
1441	1253	1254
1335	1334	1138
1317	1106	1107
1475	896	1286
1552	1363	1364
1697	1091	1309
1597	1410	1411
1606	1421	1422
1455	873	1260
1455	1092	873
1517	1163	1164
1517	1164	1165
1399	1398	1208
1589	1402	1403
1672	1486	1646
1481	1500	1298
1861	1612	1613
1428	1240	1241
1669	1311	1094
1311	1095	1094
1313	1099	1098
1476	884	1287
1397	1396	1206
1392	1202	1393
1367	1173	1174
1363	1170	1364
1413	1222	1223
1600	1414	1711
1444	1165	1166
1444	1517	1165
1355	1158	1159
1362	1168	1169
1638	1498	1478
1494	1473	1288
1501	1487	1291
1474	1285	1497
1528	1337	1338
1515	1134	1331
1693	1461	1103
1462	887	1266
1485	1118	913
1477	1289	1496
1700	1453	1631
1833	1583	1584
1359	1517	1444
1704	1444	1360
1485	1290	1502
1691	1114	1458
1364	1170	1171
1363	1362	1169
1948	1949	1734
1668	1491	1093
1390	1199	1200
1572	1383	1384
1356	1159	1160
1356	1355	1159
1369	1175	1176
1369	1368	1175
1446	1255	1256
1921	1626	1712
1557	1368	1369
1809	1808	1558
1389	1388	1198
1573	1572	1384
1396	1205	1206
1397	1206	1207
1703	1387	1388
1703	1386	1443
1503	1128	929
1423	1422	1235
1564	1375	1376
1377	1183	1184
1486	1102	889
1486	889	1293
1381	1188	1382
1395	1205	1396
1966	1752	1751
1846	1596	1597
1342	1145	1146
1702	1088	1447
1509	1262	1084
1509	1084	1271
1684	1504	1087
1679	1316	1105
1325	1123	1122
1501	1077	1296
1383	1190	1384
1382	1188	1189
1537	1536	1346
1351	1350	1154
1354	1157	1158
1354	1353	1157
1417	1229	1230
1606	1605	1421
1909	1459	1720
1575	1388	1389
1413	1412	1222
1602	1417	1418
1402	1211	1212
1401	1211	1402
1344	1147	1148
1532	1341	1342
1365	1364	1171
1555	1366	1367
1352	1155	1156
1352	1156	1353
1496	1289	3067
1289	849	3067
1452	935	1295
1514	1067	1265
1341	1145	1342
1348	1347	1151
1546	1545	1355
1551	1362	1363
1508	1261	1085
1508	1085	1270
1656	1098	1476
1740	1313	1656
1376	1182	1183
1519	1079	1277
1430	1243	1431
1914	1715	1928
1346	1345	1149
1346	1150	1347
1902	1717	1456
1827	1578	1828
1514	1295	1067
1514	1452	1295
1516	1225	1226
1516	1226	1227
1657	1322	1116
2121	1930	2095
1511	1281	1454
1349	1348	1152
1490	885	1100
1490	1302	885
1653	1503	1513
1715	1914	1509
1620	1435	1436
1623	1622	1438
1701	1130	1329
1588	1402	1589
1691	1321	1114
1375	1181	1182
1803	1552	1553
1556	1555	1367
2019	1805	1806
1633	1473	1494
1409	1218	1219
1408	1218	1409
1333	1136	1137
1523	1332	1333
1915	1710	1508
1713	1916	1505
1568	1380	1569
1673	1492	1124
1603	1418	1419
1590	1589	1403
1908	1467	1694
1726	1521	1276
1654	1512	1504
1343	1342	1146
1504	866	1087
1504	1283	866
1469	1272	883
1469	883	1099
1440	1253	1441
1872	1623	1624
1657	1116	1477
2109	1885	1637
1862	1861	1613
1915	1714	1931
1366	1172	1173
1366	1173	1367
1663	1473	1633
1312	1096	1097
1371	1177	1178
1811	1561	1812
1534	1343	1344
1702	1308	1088
2414	2234	2415
1495	1286	3068
1544	1353	1354
1545	1354	1355
1593	1406	1407
1595	1409	1596
1481	1298	891
1867	1619	1868
1507	1070	1284
1507	1284	1449
1613	1612	1428
1614	1429	1430
1447	1088	868
1447	868	1258
1432	1244	1245
1432	1431	1244
1436	1248	1249
1436	1249	1437
1561	1373	1562
1372	1179	1373
1515	1257	1134
1993	1779	1994
1336	1139	1140
1335	1139	1336
1611	1426	1427
1506	1263	1082
1668	1093	1310
1727	1307	1663
1696	1095	1311
1543	1353	1544
1621	1436	1437
1530	1339	1340
1466	893	1261
1466	1105	893
1361	1167	1168
1361	1168	1362
1661	1642	1482
2054	1841	1842
2089	1917	1907
2312	1759	1974
1440	1252	1253
1440	1439	1252
1660	1104	1316
2310	1733	2140
1626	1442	1712
1624	1623	1439
1630	1452	1514
1381	1380	1187
1699	1454	1089
1535	1345	1536
1383	1189	1190
1383	1382	1189
1387	1196	1197
1388	1197	1198
1687	1451	1132
1395	1394	1204
1580	1579	1393
1392	1391	1201
1609	1425	1610
1862	1613	1614
1405	1215	1406
1472	1273	919
1345	1148	1149
1345	1344	1148
1877	1629	1687
1584	1397	1398
1414	1223	1224
1415	1516	1445
1331	1134	1135
1331	1135	1332
1723	1277	1460
1562	1373	1374
1498	1292	1073
1498	1073	1299
1337	1140	1141
1337	1141	1338
1357	1160	1161
1357	1161	1358
1664	1129	1328
2401	2218	2402
1463	1279	888
1463	888	1095
1445	1227	1228
1445	1516	1227
1429	1241	1242
1429	1428	1241
1826	1576	1577
1577	1390	1391
1448	931	1130
1448	1259	931
1531	1340	1341
1532	1342	1533
1578	1391	1392
1575	1703	1388
1343	1146	1147
1343	1147	1344
1457	1108	899
1561	1372	1373
1560	1371	1372
1559	1558	1370
1903	1457	1718
1690	1460	1112
1435	1434	1247
1435	1248	1436
1591	1590	1404
1592	1591	1405
1370	1176	1177
1370	1369	1176
1387	1518	1196
1387	1197	1388
1526	1336	1527
1525	1334	1335
1379	1185	1186
1379	1186	1380
1442	1254	1255
1442	1255	1446
1402	1212	1403
1586	1399	1400
1479	1296	928
1479	928	1129
1667	1327	1127
1474	920	1285
1410	1409	1219
1854	1853	1605
1559	1370	1371
1558	1369	1370
1898	1650	1676
1646	1486	1500
1478	879	1096
1478	1299	879
1674	1649	1489
1670	1485	1645
2064	1854	1855
1711	1414	1415
1497	1285	3069
1984	1769	1985
1351	1155	1352
2644	2594	2496
1840	1591	1841
1763	1666	1325
1521	1269	1081
1720	1269	1521
1375	1182	1376
1904	1460	1690
1584	1583	1397
1587	1400	1401
2070	1861	2071
1477	910	1289
1653	1683	1503
2215	2214	2053
1505	1083	1272
1932	1916	1713
2340	1641	1889
2075	1865	1866
1749	1675	1318
1892	1671	1644
1416	1228	1229
1416	1445	1228
1655	1475	1635
1997	1996	1782
1520	1268	1078
1718	1268	1520
1410	1219	1220
1410	1220	1411
1519	1267	1079
1719	1905	1458
1480	1300	902
1480	902	1111
1791	1540	1792
1705	1912	1447
1569	1380	1381
1570	1381	1382
1664	1479	1129
1887	1639	1664
1565	1377	1566
1563	1374	1375
1430	1242	1243
1430	1429	1242
1635	1475	1495
1640	1499	1480
1494	1288	1071
1494	1071	1301
1418	1230	1231
1418	1231	1419
1980	1766	1765
2655	2478	2322
1401	1210	1211
1401	1400	1210
1676	1650	1490
1956	1741	1742
1675	1488	1109
2137	1750	1689
1747	1681	1317
1644	1499	1640
1453	932	1275
1453	1131	932
1890	1642	1661
1642	1645	1502
1767	1327	1667
1639	1479	1664
1415	1224	1225
1415	1225	1516
1886	1662	1737
1662	1638	1478
1387	1443	1518
1703	1443	1387
1659	1640	1480
1752	1659	1319
1426	1238	1239
1426	1425	1238
1869	1620	1621
1870	1622	1871
2122	1929	2097
1913	1506	1722
1542	1541	1351
1541	1350	1351
1511	1274	1065
1511	1450	1274
1936	1703	1575
1580	1393	1394
1551	1363	1552
1791	1539	1540
1467	924	1119
1467	1276	924
1389	1198	1199
1389	1199	1390
1796	1544	1545
1554	1365	1366
1581	1395	1582
1833	1832	1583
1649	1496	1489
1645	1485	1502
1510	1275	1066
1510	1453	1275
1385	1191	1192
1385	1384	1191
1515	1446	1256
1515	1331	1446
1718	1457	1268
1560	1559	1371
1581	1394	1395
2155	1989	1988
1904	1918	1723
1563	1562	1374
1963	1748	1883
1888	1640	1659
1535	1344	1345
1535	1534	1344
1623	1438	1439
1780	1529	1781
1591	1404	1405
1590	1403	1404
1536	1345	1346
1537	1346	1347
1820	1569	1570
1567	1379	1568
1643	1498	1638
1651	1633	1494
1588	1401	1402
1588	1587	1401
1665	1097	1468
1665	1312	1097
1721	1906	1462
1692	1101	1462
2492	2248	2090
1566	1377	1378
1641	1481	1660
1660	1481	1104
1719	1458	1267
1719	1267	1519
1632	1454	1699
2118	1876	1628
1545	1544	1354
1945	1875	1731
1897	1674	1756
1642	1502	1482
1610	1426	1611
1603	1602	1418
1641	1500	1481
1646	1500	1641
1917	1520	1724
2088	1920	2092
1676	1490	1100
1676	1100	1314
1743	1315	1744
2488	2441	2271
1530	1340	1531
1533	1343	1534
1827	1826	1577
1570	1569	1381
1724	1278	1461
1724	1520	1278
1675	1109	1318
1644	1484	1499
1656	1313	1098
2887	2842	2665
1648	1635	1495
2299	1883	2110
1600	1413	1414
1598	1412	1599
1982	1768	1767
2128	1878	1630
1560	1372	1561
1811	1560	1561
2276	2134	2312
1726	1919	1521
1737	1662	1312
1728	1307	1727
1583	1396	1397
1631	1453	1510
1636	1493	1650
1889	1641	1660
1663	1086	1473
1663	1307	1086
1647	1501	1639
1639	1501	1479
1540	1350	1541
1789	1537	1538
1546	1356	1547
1553	1364	1365
1900	1652	1673
2103	1895	1647
1543	1352	1353
1542	1351	1352
1594	1407	1408
1843	1842	1593
1529	1338	1339
1529	1528	1338
1586	1585	1399
1586	1400	1587
1652	1492	1673
1652	1497	1492
1539	1348	1349
1632	1511	1454
1712	1446	1331
1712	1442	1446
1582	1395	1396
1582	1396	1583
1599	1412	1413
1603	1419	1604
1655	1317	1107
1655	1107	1475
2096	1934	2126
1858	1857	1609
1547	1356	1357
1546	1355	1356
2248	2091	2090
1908	1726	1467
1542	1352	1543
1732	1309	1688
1601	1417	1602
2060	2059	1847
2008	1793	1794
1790	1538	1539
1612	1427	1428
1612	1611	1427
1784	1533	1785
1952	1737	1738
1666	1123	1325
1666	1472	1123
1563	1375	1564
1814	1563	1564
1725	1279	1463
1804	1803	1553
1780	1779	1528
2578	2413	2414
1669	1094	1483
1899	1651	1668
1935	1548	1704
1549	1704	1360
2102	2123	1933
2168	2167	2002
1604	1419	1420
1604	1420	1605
1837	1588	1838
1595	1408	1409
1622	1437	1438
1622	1621	1437
1573	1384	1385
1576	1390	1577
2022	1808	1809
1920	1522	1725
1863	1615	1864
1615	1431	1616
1613	1428	1429
1613	1429	1614
1915	1927	1710
1617	1616	1432
1682	1471	1117
1682	1117	1322
1844	1594	1595
1607	1423	1608
1857	1608	1609
2342	2341	2147
1537	1347	1538
1880	1632	1699
1759	1694	1323
1970	1756	1755
1717	1265	1456
1717	1514	1265
1527	1336	1337
1527	1337	1528
1832	1582	1583
2040	1828	2041
1619	1434	1435
1619	1618	1434
2298	1973	1885
1637	1496	1649
1571	1382	1383
1571	1383	1572
1571	1570	1382
1819	1818	1568
1596	1409	1410
1596	1410	1597
1897	1649	1674
1885	1657	1637
1594	1593	1407
1845	1595	1596
1674	1489	1115
1674	1115	1321
1548	1357	1358
1799	1547	1548
1838	1588	1589
1837	1587	1588
1678	1110	1465
1678	1319	1110
1637	1477	1496
1637	1657	1477
1609	1424	1425
1609	1608	1424
1538	1347	1348
1538	1348	1539
1585	1398	1399
1585	1584	1398
1680	1099	1313
1680	1469	1099
2304	2095	1913
2068	1858	1859
1634	1474	1497
1939	1653	1923
1530	1529	1339
1654	1504	1684
1776	1524	1525
1624	1440	1625
1566	1378	1567
1726	1276	1467
2021	1808	2022
2695	2542	2543
1688	1450	1628
2012	1798	2013
2456	2266	2341
1763	1325	1764
1704	1359	1444
1935	1799	1548
1627	1449	1697
1804	1553	1554
1704	1358	1359
1704	1548	1358
1567	1378	1379
1816	1815	1565
1634	1497	1652
1658	1474	1634
1556	1367	1368
2092	1920	1910
1617	1432	1433
1617	1433	1618
1829	1828	1579
1581	1580	1394
1839	1838	1589
1837	1836	1587
1670	1323	1118
1670	1118	1485
1629	1510	1451
1629	1451	1687
1709	1262	1509
1709	1465	1262
1881	1727	1663
1886	1638	1662
1636	1476	1493
1636	1656	1476
1661	1120	1324
1661	1482	1120
1647	1487	1501
1647	1667	1487
1600	1599	1413
1711	1415	1445
1643	1483	1498
1643	1669	1483
1671	1484	1644
1754	1671	1892
1867	1618	1619
1868	1619	1620
1598	1597	1411
1847	1597	1598
1526	1335	1336
1526	1525	1335
1782	1530	1531
2081	2080	1871
1615	1430	1431
1615	1614	1430
1770	1328	1683
1764	1325	1658
1715	1271	1471
1715	1509	1271
1556	1368	1557
1910	1725	1463
1628	1450	1511
2006	1791	1792
1607	1422	1423
1607	1606	1422
1964	1896	1749
1883	1748	1655
1746	1316	1679
1864	1615	1616
1710	1261	1508
1710	1466	1261
2118	1628	1938
2477	2310	2437
2131	1654	1684
2283	2123	2256
1841	1591	1592
1594	1408	1595
1695	1125	1459
1695	1326	1125
1840	1590	1591
2143	1701	1771
1651	1494	1491
1651	1491	1668
1688	1090	1450
1688	1309	1090
1802	1552	1803
1551	1550	1362
1866	1617	1618
1927	1466	1710
1648	1495	1488
1648	1488	1675
1592	1405	1406
1592	1406	1593
1549	1360	1361
1549	1361	1550
1554	1553	1365
2013	1798	1799
1662	1478	1096
1662	1096	1312
1924	1705	1512
1924	1512	1654
2235	2074	2075
1778	1526	1527
1707	1455	1260
1707	1260	1507
1524	1333	1334
1524	1334	1525
2188	2025	2189
1744	1315	1672
2149	2094	1940
2077	2076	1867
1802	1551	1552
1798	1547	1799
1686	1456	1126
1686	1126	1327
1786	1534	1535
1785	1533	1534
1677	1324	1121
1677	1121	1464
1706	1448	1911
1923	1706	1911
1627	1507	1449
1926	1707	1507
1909	1695	1459
2087	1905	1918
1671	1320	1113
1671	1113	1484
1839	1589	1590
1856	1608	1857
1672	1102	1486
1672	1315	1102
1540	1349	1350
1540	1539	1349
1576	1389	1390
1576	1575	1389
1706	1513	1259
1706	1259	1448
1722	1506	1273
1722	1273	1472
1712	1331	1332
1712	1332	1523
1801	1550	1551
1805	1554	1555
2159	1994	2160
1624	1439	1440
1785	1534	1786
1788	1537	1789
1708	1263	1506
1708	1464	1263
1716	1468	1264
1716	1264	1505
1658	1325	1122
1658	1122	1474
1721	1266	1522
1721	1462	1266
1772	1329	1700
1879	1772	1700
1698	1330	1133
1698	1133	1452
1919	1909	1720
2030	1816	1817
1711	1445	1416
1711	1416	1601
1625	1440	1441
1625	1441	1626
2036	2035	1822
1821	1820	1570
1681	1470	1106
1681	1106	1317
1853	1604	1605
1850	1601	1602
1574	1386	1703
2190	2027	2191
1700	1329	1131
1700	1131	1453
1827	1577	1578
1828	1578	1579
1565	1376	1377
1565	1564	1376
1713	1272	1469
1713	1505	1272
1574	1385	1386
1574	1573	1385
1743	1693	1315
1810	1559	1560
1847	1846	1597
1843	1593	1594
2317	1755	2135
2029	1816	2030
1776	1525	1777
1874	1626	1921
1689	1108	1457
1689	1318	1108
2023	2022	1809
1807	1556	1557
1659	1480	1111
1659	1111	1319
1936	1574	1703
1823	1573	1824
2049	1836	1837
1990	1774	1989
1902	1925	1717
1818	1567	1568
2057	1844	1845
1855	1607	1856
1976	1762	1761
1758	1657	1885
1775	1523	1524
1873	1872	1624
2093	1923	1911
1834	1584	1585
2102	1933	1916
1728	1684	1307
2296	1886	1953
1881	1663	1633
1942	1727	1881
1953	1886	1737
1773	1698	1878
1830	1580	1581
1856	1607	1608
1854	1605	1606
1970	1971	1756
1756	1674	1321
1968	1753	1754
2190	2189	2026
1985	1769	1770
1882	1658	1634
1852	1604	1853
1848	1598	1599
2020	2019	1806
1806	1805	1555
1922	1711	1601
1922	1600	1711
1829	1579	1580
2141	1824	1936
2338	1642	1890
1893	1670	1645
1928	1471	1682
1928	1715	1471
1938	1511	1632
1938	1628	1511
1821	1570	1571
2322	1981	1980
1933	1665	1468
1868	1620	1869
1733	1310	1685
1920	1906	1721
1755	1321	1691
1755	1756	1321
1895	1667	1647
2032	2031	1818
1787	1786	1535
1787	1535	1536
1959	1744	1894
1894	1672	1646
2037	1823	1824
1825	1936	1575
2016	1802	1803
1798	1546	1547
1871	1622	1623
1871	1623	1872
1824	1573	1574
1824	1574	1936
1851	1602	1603
1851	1850	1602
1813	1562	1563
1812	1561	1562
1777	1525	1526
1777	1526	1778
1760	1670	1893
2298	1885	2109
2088	1906	1920
2597	2598	2441
2140	1733	1685
1804	1554	1805
1913	1722	1934
1842	1841	1592
2033	1819	1820
1831	1582	1832
2074	1865	2075
2119	1927	2099
1849	1600	1922
1922	1601	1850
2338	1645	1642
2106	1893	1645
1921	1712	1523
1775	1524	1776
1852	1603	1604
1852	1851	1603
1847	1598	1848
2062	1852	1853
1761	1324	1677
2054	2053	1841
1873	1624	1625
1921	1523	1775
1940	1654	2131
1781	1529	1530
1884	1656	1636
1960	1745	1746
2286	2252	2120
1762	1890	1661
1731	1875	1697
1794	1542	1543
1849	1599	1600
1849	1848	1599
1845	1596	1846
2066	1856	1857
2285	2119	2253
2233	2072	2073
1937	1631	1510
1937	1510	1629
2459	2287	2427
1914	1709	1509
1916	1716	1505
1994	1779	1780
1835	1834	1585
1839	1590	1840
1883	1655	1635
1748	1317	1655
2254	2125	2289
2234	2233	2073
1954	1739	1740
1884	1740	1656
1965	1749	1750
1903	1689	1457
1878	1698	1630
2041	1828	1829
1992	1778	1993
2325	1873	2145
1907	1724	1461
2316	1742	2138
1793	1541	1542
1793	1792	1541
1860	1612	1861
2410	2230	2411
2314	1735	1950
1926	1507	1627
2456	2329	1985
2046	2045	1833
1822	1571	1572
2195	2031	2032
1797	1545	1546
1797	1796	1545
1879	1700	1631
1830	1829	1580
2095	1930	1913
2211	2049	2050
2334	1652	1900
1882	1764	1658
1780	1528	1529
2075	1866	2076
1896	1648	1675
2245	2085	2089
1913	1930	1708
1913	1708	1506
1845	1844	1595
2058	1845	1846
1795	1543	1544
1794	1543	1795
2275	2092	1910
1734	1899	1668
2086	2087	1918
1905	1691	1458
2007	1792	1793
1876	1732	1688
2137	1689	1903
1813	1812	1562
1758	1322	1657
1758	1757	1322
1888	1659	1752
1967	1888	1752
1918	1719	1519
1918	1905	1719
1787	1536	1788
1790	1539	1791
1855	1606	1607
1855	1854	1606
2291	1891	2107
1950	1735	1736
2116	1937	2117
2282	1988	1878
1800	1935	1549
1935	1704	1549
1834	1833	1584
2270	1987	1879
1745	1889	1660
2290	1739	1954
1901	1685	1455
1926	1901	1707
2337	1643	1638
2107	1891	1643
1930	1677	1464
1930	1464	1708
1860	1611	1612
1860	1859	1611
2502	2104	2339
2104	1892	1644
1822	1821	1571
2035	1821	1822
1896	1675	1749
2295	1892	2104
2020	1807	2021
1965	1964	1749
2053	1840	1841
2213	2051	2052
2494	2278	2448
2553	2382	2383
1925	1630	1514
1925	1514	1717
2057	1845	2058
2219	2218	2057
1923	1653	1513
1923	1513	1706
1768	1686	1327
1768	1327	1767
2481	1965	2315
1904	1723	1460
1741	1676	1314
1741	1898	1676
2055	1842	1843
1843	1594	1844
2045	1832	1833
2046	1833	1834
2548	2377	2378
2090	1919	1908
1997	1782	1783
1916	1933	1716
1973	1758	1885
2305	2097	1914
1817	1566	1567
1817	1567	1818
2482	2322	1980
1895	1767	1667
2012	1797	1798
1802	1801	1551
2509	1898	2293
1894	1744	1672
2116	1631	1937
2047	1835	2048
1782	1781	1530
2076	1866	1867
1974	1759	1760
1971	1897	1756
2115	2118	1938
2174	2008	2009
1998	1997	1783
1784	1532	1533
2142	1799	1935
2142	1800	2014
1742	1314	1692
1742	1741	1314
2009	1794	1795
2183	2020	2184
1730	1699	1308
1730	1880	1699
1934	1472	1666
1934	1722	1472
2296	1942	1881
1996	1995	1781
2101	1916	1932
1867	1866	1618
1796	1795	1544
1797	1546	1798
2202	2040	2041
1989	1774	1773
1788	1536	1537
1789	1538	1790
2040	1827	1828
2034	1820	1821
1875	1627	1697
2010	1795	1796
2234	2074	2235
2328	1967	1966
1819	1568	1569
1819	1569	1820
1729	1308	1702
1729	1730	1308
1870	1621	1622
1870	1869	1621
1779	1527	1528
1779	1778	1527
2110	1883	1635
2339	1640	1888
2337	1638	1886
2112	1881	1633
1736	1311	1669
1736	1669	1891
1739	1680	1313
1739	1313	1740
1745	1660	1316
1745	1316	1746
2083	1901	1926
2021	1807	1808
2334	1634	1652
2108	1882	1634
1774	1687	1330
1774	1877	1687
1808	1557	1558
1808	1807	1557
1903	1718	1917
2023	1809	1810
2149	1940	2150
1944	1730	1943
1920	1721	1522
1920	1725	1910
1815	1564	1565
1815	1814	1564
2024	1811	2025
2025	1811	1812
1762	1661	1324
1762	1324	1761
1946	1732	1947
2010	1796	2011
1783	1531	1532
1783	1782	1531
1773	1330	1698
1773	1774	1330
1932	1469	1680
1932	1713	1469
1735	1696	1311
1735	1311	1736
1751	1319	1678
1751	1752	1319
1754	1320	1671
1754	1753	1320
1771	1701	1329
1771	1329	1772
1943	1730	1729
2003	1788	1789
2182	2018	2019
2017	2016	1803
1831	1581	1582
1831	1830	1581
1865	1616	1617
1865	1617	1866
2297	1882	2108
2292	1895	2103
1917	1718	1520
1917	1724	1907
1835	1585	1586
1835	1586	1836
1809	1558	1559
1809	1559	1810
2052	1840	2053
2136	1653	1939
1806	1555	1556
1806	1556	1807
1800	1549	1550
1800	1550	1801
2039	1826	1827
2244	2282	2128
1734	1668	1310
1734	1310	1733
1738	1312	1665
1738	1737	1312
2146	1850	1851
2114	1848	1849
1823	1572	1573
1823	1822	1572
2478	2438	2307
2034	1821	2035
1874	1625	1626
1874	1873	1625
1931	1714	1470
1931	1470	1681
2020	1806	1807
2849	2736	2827
2113	1775	1776
2145	1874	1921
2050	1837	1838
2049	1837	2050
1702	1447	1912
1912	1705	1924
1731	1697	1309
1731	1309	1732
2267	2302	2144
2004	2003	1789
1919	1720	1521
1919	1726	1908
1766	1673	1326
1766	1900	1673
2232	2072	2233
2073	1863	1864
1769	1887	1664
2216	2054	2055
1863	1614	1615
1863	1862	1614
2098	1914	1928
2227	2067	2228
2116	1879	1631
2044	1832	2045
2000	1786	2001
1784	1783	1532
1760	1323	1670
1760	1759	1323
1769	1664	1328
1769	1328	1770
1816	1565	1566
1816	1566	1817
1750	1318	1689
1750	1749	1318
2077	1867	1868
1996	1781	1782
2584	2419	2420
2001	1786	1787
1929	1678	1465
1929	1465	1709
2111	1884	1636
2105	1894	1646
1995	1780	1781
2100	1915	1931
2008	1794	2009
2177	2012	2178
2061	1852	2062
2222	2061	2062
1765	1326	1695
1765	1766	1326
2300	1884	2111
2293	1894	2105
2086	1918	1904
2273	2135	1905
1858	1609	1610
1858	1610	1859
1825	1575	1576
1825	1576	1826
2509	2111	2332
2300	1961	1955
2024	1810	1811
2379	2193	2194
2048	1835	1836
2205	2204	2043
2135	1755	1691
2135	1691	1905
2170	2169	2004
2094	1912	1924
2275	2129	2314
1948	1734	1733
1979	1764	1882
2297	1979	1882
2114	2060	1848
2060	1847	1848
1961	1745	1960
2300	1955	1884
1981	1766	1980
2292	1983	1895
2128	1630	1925
2655	2322	2482
2052	1839	1840
2051	2050	1838
1974	1760	1975
1975	1760	1893
2143	1911	1701
2210	2209	2048
2294	1975	1893
2294	1897	1971
2417	2236	2237
2079	1869	1870
2123	1665	1933
2123	1738	1665
2002	1788	2003
2165	1999	2000
1961	1889	1745
2300	1889	1961
2038	2141	1825
2203	2042	2204
2481	2321	1965
2190	2026	2027
2011	1796	1797
2012	2011	1797
2056	1844	2057
2254	2100	2125
2399	2216	2400
2120	1928	1682
2140	1685	1901
1951	1736	1891
2054	1842	2055
2341	2266	2147
2098	1928	2120
2412	2231	2232
2153	1946	1947
2007	1793	2008
2101	1932	2124
2420	2240	2421
2331	1635	1648
2299	1967	1963
2136	1683	1653
2136	1770	1683
2018	1805	2019
2362	2175	2363
2500	2178	2261
2010	2009	1795
1951	1950	1736
2323	1949	1948
2082	1872	1873
2113	2145	1775
2658	2319	2480
2549	2548	2378
2129	1910	1696
2129	1696	1735
2332	1650	1898
2293	1957	1959
2139	1686	1768
2139	1902	1686
2027	1813	1814
2187	2023	2024
2189	2025	2026
2026	2025	1812
2178	2012	2013
2017	1803	1804
2315	1750	2137
2546	2545	2375
2173	2172	2007
1947	1732	1876
2173	2007	2008
2433	2280	2257
1990	1877	1774
2047	1834	1835
1993	1778	1779
1999	1784	1785
2059	1846	1847
2059	2058	1846
2126	1666	1763
2126	1934	1666
2311	2278	2132
1969	1754	1892
2146	1922	1850
2146	1849	1922
2304	1913	2096
2574	2409	2410
2495	2277	2447
2293	1959	1894
2015	1801	1802
2142	1935	1800
2237	2076	2077
2622	2522	2344
1955	1740	1884
1955	1954	1740
2005	1790	1791
2006	1792	2007
2371	2185	2186
2023	1810	2024
2313	2130	1743
2696	2543	2544
2185	2184	2021
2247	2088	2092
2327	1977	1976
1976	1977	1762
2448	2278	2311
1968	1754	1969
2264	1902	2139
2194	2030	2031
2091	1909	1919
2091	1919	2090
1972	1757	1758
1972	1758	1973
2165	2000	2166
2166	2000	2001
2214	2213	2052
2067	1858	2068
2093	1939	1923
2215	2053	2054
2452	2306	2460
2072	2071	1862
2015	1802	2016
2654	2486	2323
1984	1887	1769
2297	1887	1984
2124	1680	1739
2124	1932	1680
2084	1925	1902
2084	2128	1925
2504	2337	1886
2296	1953	1942
2215	2054	2216
2067	1857	1858
1944	1880	1730
2151	1944	1943
2083	1926	2127
2314	2129	1735
2290	2124	1739
2468	2453	2303
2031	1817	1818
2031	2030	1817
2125	1681	1747
2125	1931	1681
2066	1857	2067
2066	2065	1856
2265	2150	2131
2131	1684	1728
2005	1791	2006
2004	1789	1790
1988	1773	1878
1988	1989	1773
2138	1692	1906
2138	1742	1692
2141	1936	1825
2037	1824	2141
2251	2122	2097
1966	1967	1752
2168	2003	2169
2303	2102	1916
2299	1963	1883
2299	1888	1967
2201	2039	2040
2385	2201	2202
2335	1651	1899
2291	1949	1951
2044	1831	1832
2042	2041	1829
2150	1940	2131
1953	1737	1952
2483	2446	2312
2319	1971	1970
2069	1859	1860
2069	2068	1859
2152	1945	1946
2174	2173	2008
2127	1926	1627
2127	1627	1875
2130	1693	1743
2130	1907	1693
1957	1741	1956
2447	2277	2313
2018	1804	1805
2018	2017	1804
2028	1814	1815
2028	2027	1814
2223	2222	2062
2114	1849	2146
2268	1880	1944
2004	1790	2005
1978	1763	1764
1978	1764	1979
2133	1695	1909
2133	1765	1695
2080	1870	1871
2080	2079	1870
2240	2079	2080
2160	1994	1995
2145	1873	1874
2145	1921	1775
2486	2445	2314
2310	1948	1733
2499	2200	2201
2308	2037	2141
2192	2029	2193
2197	2033	2034
2462	2290	1954
2326	1961	1960
2117	1937	1629
2117	1629	1877
2085	1903	1917
2085	1917	2089
1992	1991	1777
1992	1777	1778
2640	2471	2651
2652	2433	2434
2160	1995	2161
2078	1869	2079
2336	1647	1639
2292	1981	1983
2315	1965	1750
2444	2315	2274
2061	1851	1852
2260	2060	2114
2625	2512	2628
2352	2351	2164
2225	2064	2065
2063	2062	1853
2038	1825	1826
2038	1826	2039
2212	2051	2213
2048	1836	2049
1977	1890	1762
2298	1890	1977
2099	1927	1915
2634	2614	2460
2162	2161	1996
2161	1995	1996
2032	1818	1819
2032	1819	2033
2065	1855	1856
2065	2064	1855
2042	1829	1830
2204	2042	2043
2081	1871	1872
2081	1872	2082
1962	1747	1748
1962	1748	1963
1940	1924	1654
1940	2094	1924
1981	1900	1766
2292	1900	1981
2623	2456	2341
2329	1984	1985
2291	1951	1891
2291	1899	1949
2220	2058	2059
2223	2062	2063
2208	2207	2046
2047	2046	1834
2333	1637	1649
2298	1977	1973
2162	1996	1997
2581	2416	2417
2180	2016	2017
2179	2015	2016
2336	1639	1887
2297	1984	1979
2002	1787	1788
2002	2001	1787
1987	1772	1879
2210	2049	2211
2295	1969	1892
2295	1896	1964
2228	2067	2068
2226	2225	2065
1941	1728	1727
1941	1727	1942
2301	2272	2143
2154	1986	1987
2044	2043	1831
2202	2041	2203
2115	1938	1632
2115	1632	1880
2175	2174	2009
2243	2127	2281
2324	2114	2146
3062	2569	2716
2072	1862	1863
2072	1863	2073
2616	2454	2466
2600	2442	2599
2258	2116	2117
2207	2045	2046
2167	2166	2001
2453	2256	2102
2119	1679	1927
2119	1746	1679
2169	2003	2004
2170	2004	2005
2029	1815	1816
2029	2028	1815
2331	1648	1896
2295	1964	1969
1958	1743	1744
1958	1744	1959
2096	1913	1934
2147	2266	2136
2496	2439	2267
2522	2343	2344
2218	2056	2057
2227	2226	2066
2226	2065	2066
2148	1939	2093
2359	2171	2172
2172	2006	2007
2122	1751	1678
2122	1678	1929
2043	1830	1831
2043	2042	1830
1983	1767	1895
1983	1982	1767
2078	1868	1869
2078	2077	1868
1991	1776	1777
2113	1776	1991
2485	2448	2311
2321	1964	1965
2051	1838	1839
2051	1839	2052
2203	2041	2042
2195	2032	2196
2317	2135	2273
2490	2087	2246
2070	1860	1861
2070	2069	1860
2056	1843	1844
2056	2055	1843
2427	2287	2251
2459	2328	1966
2186	2185	2022
2378	2193	2379
2318	2133	2269
2626	2155	2473
1998	1783	1784
1998	1784	1999
2063	1853	1854
2063	1854	2064
2036	1822	1823
2036	1823	2037
1957	1898	1741
2293	1898	1957
2121	1761	1677
2121	1677	1930
2208	2046	2047
2279	2117	1877
2134	1908	1694
2134	1694	1759
2320	1957	1956
2484	2447	2313
2132	1690	1753
2132	1904	1690
2216	2055	2217
2214	2052	2053
2014	1800	1801
2014	1801	2015
2632	2432	2256
2330	1953	1952
2230	2069	2070
2227	2066	2067
2590	2477	2437
2493	2275	2445
2183	2019	2020
2184	2020	2021
2026	1812	1813
2026	1813	2027
1946	1731	1732
1946	1945	1731
1986	1771	1772
1986	1772	1987
2074	1864	1865
2074	2073	1864
2000	1785	1786
2000	1999	1785
2279	2258	2117
2156	1990	1989
2144	1729	1702
2144	1702	1912
2325	2113	2259
2157	1991	1992
2420	2239	2240
2242	2081	2082
2142	2013	1799
2309	2013	2142
2454	2304	2466
2457	2288	2425
2333	1649	1897
2294	1971	1975
2199	2035	2036
2440	2269	2487
2221	2060	2260
2406	2225	2226
2308	2141	2038
2200	2039	2201
2339	1644	1640
2339	2104	1644
2158	1992	1993
2259	2113	1991
2412	2411	2231
2462	1954	2326
2191	2027	2028
2312	2134	1759
2287	1751	2122
2287	1966	1751
2193	2030	2194
2193	2029	2030
2231	2070	2071
2461	2451	2305
2333	2109	1637
2508	1897	2294
2289	2125	1747
2289	1747	1962
2805	2804	2709
2252	2098	2120
2156	1989	2155
2206	2205	2044
2268	2115	1880
2530	2354	2355
2229	2068	2069
2229	2228	2068
2302	1943	1729
2302	1729	2144
2175	2009	2010
2361	2173	2174
2511	2219	2058
2223	2063	2224
2198	2034	2035
2196	2032	2033
2278	2086	1904
2278	1904	2132
2270	2116	2258
2659	2599	2470
2217	2055	2056
2217	2056	2218
2351	2163	2164
2628	2512	2159
2325	2082	1873
2325	2145	2113
2313	1743	1958
2316	1956	1742
2176	2175	2010
2345	2152	2153
2439	2302	2267
2343	2149	2150
2429	2285	2253
2253	2119	2099
2167	2001	2002
2168	2002	2003
2224	2063	2064
2224	2064	2225
2205	2043	2044
2388	2204	2205
2274	2315	2137
2544	2374	2545
2282	1878	2128
2473	1988	2282
2267	1912	2094
2267	2144	1912
2323	1950	1951
2323	1951	1949
2285	1960	1746
2285	1746	2119
2260	2114	2324
2324	2061	2222
2332	1636	1650
2332	2111	1636
2371	2370	2185
2445	2275	2314
2421	2240	2241
2241	2081	2242
2370	2184	2185
2185	2021	2022
2286	2120	1757
2286	1757	1972
2594	2439	2496
2352	2164	2165
2503	1890	2298
2338	2106	1645
2241	2080	2081
2241	2240	2080
2458	2285	2429
2462	2326	2458
2211	2050	2212
2342	2147	2148
2360	2172	2173
2180	2017	2181
2303	1916	2101
2350	2163	2351
2157	2259	1991
2157	1992	2158
2183	2182	2019
2500	2177	2178
2319	1975	1971
2319	1974	1975
2392	2208	2209
2212	2050	2051
2372	2371	2186
2275	1910	2129
2324	2146	1851
2324	1851	2061
2229	2069	2230
2916	2866	2867
2346	2156	2155
2491	2244	2084
2654	2606	2486
2179	2016	2180
2322	1982	1983
2322	1983	1981
2246	2087	2086
2489	2444	2274
2288	1761	2121
2288	1976	1761
2262	2199	2036
2198	2197	2034
2257	2118	2115
2171	2170	2005
2249	2121	2095
2249	2288	2121
2335	1633	1651
2335	2112	1633
2281	1875	1945
2281	2127	1875
2631	2452	2614
2417	2416	2236
2506	2291	2107
2506	2335	1899
2171	2005	2006
2171	2006	2172
2284	2126	1763
2284	1763	1978
2326	1954	1955
2326	1955	1961
2490	2273	2087
2264	2084	1902
2192	2028	2029
2192	2191	2028
2257	2115	2268
2471	2153	1947
2327	1972	1973
2327	1973	1977
2196	2033	2197
2378	2192	2193
2231	2230	2070
2305	1914	2098
2366	2180	2181
2243	2083	2127
2614	2452	2460
2722	2721	2575
2239	2079	2240
2834	2522	2679
2238	2077	2078
2238	2237	2077
2181	2017	2018
2181	2018	2182
2508	2333	1897
2503	2298	2109
2560	2394	2395
2210	2048	2049
2272	1911	2143
2272	2093	1911
2277	2130	2313
2543	2372	2373
2469	2302	2439
2356	2168	2169
2202	2201	2040
2389	2205	2206
2270	1879	2116
2472	2279	1990
2198	2035	2199
2244	2128	2084
2177	2176	2011
2497	2437	2263
2177	2011	2012
2176	2010	2011
2387	2204	2388
2200	2262	2308
2472	1990	2156
2588	2473	2424
2309	2178	2013
2309	2142	2014
2764	2661	2623
2397	2213	2214
2255	2101	2124
2255	2124	2290
2344	2150	2265
2256	2123	2102
2480	2317	2443
2273	1905	2087
2597	2441	2488
2316	2138	2271
2491	2084	2264
2307	2264	2139
2395	2394	2211
2442	2498	2272
2271	1906	2088
2271	2138	1906
2409	2228	2229
2946	2780	2893
2416	2235	2236
2236	2076	2237
2373	2188	2374
2542	2372	2543
2386	2202	2203
2675	2520	2519
2752	2669	2611
2317	1970	1755
2277	2089	1907
2277	1907	2130
2159	1993	1994
2512	2158	1993
2283	1738	2123
2283	1952	1738
2331	2110	1635
2507	1896	2295
2329	1978	1979
2329	1979	1984
2269	1909	2091
2269	2133	1909
2502	2299	2110
2502	2339	1888
2476	1944	2151
2358	2170	2171
2276	2090	1908
2276	1908	2134
2279	1877	1990
2649	2389	2390
2328	1963	1967
2328	1962	1963
2508	2109	2333
2508	2294	2106
2361	2360	2173
2474	2423	2281
2311	1753	1968
2311	2132	1753
2641	2558	2389
2389	2388	2205
2336	2103	1647
2505	1887	2297
2466	2304	2096
2807	2711	2712
2280	2118	2257
2153	2152	1946
2340	1646	1641
2340	2105	1646
2321	1969	1964
2321	1968	1969
2325	2242	2082
2449	2242	2259
2219	2057	2058
2450	2260	2222
2423	2243	2281
2500	2261	2179
2754	2636	2423
2263	2310	2140
2263	2140	1901
2263	1901	2083
2398	2397	2214
2399	2215	2216
2251	2287	2122
2894	2614	2845
2306	1915	2100
2306	2099	1915
2266	1770	2136
2266	1985	1770
2280	1876	2118
2280	1947	1876
2320	1958	1959
2320	1959	1957
2318	1765	2133
2318	1980	1765
2501	2300	2111
2501	2340	1889
2301	2143	1771
2301	1771	1986
2163	1997	1998
2163	2162	1997
2188	2024	2025
2188	2187	2024
2353	2165	2166
2453	2102	2303
2261	2015	2179
2261	2178	2309
2455	1941	2330
2455	2344	2265
2471	1947	2280
2651	2471	2433
2147	2136	1939
2147	1939	2148
2261	2014	2015
2261	2309	2014
2459	2464	2328
2449	2422	2242
2330	1941	1942
2330	1942	1953
2195	2194	2031
2383	2382	2197
2768	3059	2624
2405	2224	2225
2376	2190	2191
2375	2189	2190
2435	2270	2258
2391	2207	2208
2408	2227	2228
2566	2400	2401
2441	2316	2271
2657	2484	2320
2232	2071	2072
2232	2231	2071
2504	1886	2296
2337	2107	1643
2466	2096	2250
2400	2216	2217
2510	1900	2292
2334	2108	1634
2164	1998	1999
2164	1999	2165
2369	2184	2370
2364	2176	2177
2262	2036	2037
2262	2037	2308
2239	2078	2079
2239	2238	2078
2221	2059	2060
2221	2220	2059
2265	2131	1728
2265	1728	1941
2571	2406	2407
2577	2413	2578
2206	2044	2045
2206	2045	2207
2502	1888	2299
2507	2295	2104
2511	2058	2220
2324	2222	2260
2382	2196	2197
2380	2194	2195
2492	2090	2276
2607	2492	2446
2236	2075	2076
2236	2235	2075
2596	2595	2440
2376	2375	2190
2650	2435	2653
2390	2206	2207
2561	2396	2562
2395	2211	2212
2636	2243	2423
2368	2182	2183
2274	2137	1903
2274	1903	2085
2504	2107	2337
2504	2296	2112
2510	2334	1900
2505	2297	2108
2509	2293	2105
2509	2332	1898
2209	2047	2048
2209	2208	2047
2325	2259	2242
2449	2259	2157
2186	2022	2023
2186	2023	2187
2510	2108	2334
2510	2292	2103
2408	2228	2409
2459	1966	2287
2354	2166	2167
3050	2660	2848
2559	2394	2560
2394	2210	2211
2525	2349	2350
2512	1993	2159
2307	1768	1982
2307	2139	1768
2200	2038	2039
2200	2308	2038
2250	2096	2126
2250	2126	2284
2456	1985	2266
2563	2397	2398
2791	2692	2693
2365	2180	2366
2343	2150	2344
2353	2166	2354
2556	2386	2387
2384	2198	2199
2348	2347	2160
2349	2162	2350
2725	2578	2579
2818	2724	2819
2458	1960	2285
2458	2326	1960
2829	2739	2756
2455	2265	1941
2476	2268	1944
2652	2358	2359
2360	2359	2172
2651	2359	2360
2506	1899	2291
2506	2107	2504
2507	2331	1896
2507	2104	2502
2564	2563	2398
2428	2252	2286
2457	1976	2288
2457	2327	1976
2387	2203	2204
2386	2203	2387
2517	2493	2605
2367	2182	2368
2365	2179	2180
2365	2500	2179
2406	2405	2225
2402	2218	2219
2505	2336	1887
2505	2108	2510
2646	2476	2621
2357	2356	2169
2540	2369	2370
2690	2538	2691
2404	2224	2405
2403	2222	2223
2369	2183	2184
2369	2368	2183
2617	2457	2425
2463	1972	2327
2391	2208	2392
2753	2521	2342
2671	2602	2516
2515	2494	2611
2413	2232	2233
2411	2230	2231
2716	2569	2570
2413	2412	2232
2658	2483	2319
2658	2608	2483
2401	2217	2218
2401	2400	2217
2347	2159	2160
2418	2237	2238
2396	2395	2212
2678	2623	2521
2433	2471	2280
2646	2358	2652
2373	2187	2188
2444	2481	2315
2422	2241	2242
2422	2421	2241
2381	2196	2382
2482	1980	2318
2539	2368	2369
2437	2310	2263
2603	2481	2444
2656	2321	2481
2620	2154	2475
2475	2270	2435
2355	2168	2356
2784	2682	2683
2434	2257	2268
2434	2268	2476
2464	2289	1962
2464	1962	2328
2537	2536	2366
2654	2323	2477
2380	2379	2194
2386	2385	2202
2479	2320	1956
2479	1956	2316
2393	2392	2209
3051	2392	2393
2443	2273	2490
2745	2601	2746
2487	2091	2248
2487	2269	2091
2446	2276	2312
2446	2492	2276
2357	2169	2170
2357	2170	2358
2374	2188	2189
2374	2189	2375
2499	2262	2200
2384	2383	2198
2665	2639	2431
2619	2458	2429
2553	2552	2382
2655	2482	2595
2362	2361	2174
2532	2360	2361
2503	2338	1890
2503	2109	2508
2503	2106	2338
2503	2508	2106
2349	2161	2162
2350	2162	2163
2348	2160	2161
2681	2525	2682
2557	2388	2558
2390	2389	2206
2430	2254	2289
2430	2289	2464
2494	2086	2278
2494	2246	2086
2493	2092	2275
2493	2247	2092
2418	2417	2237
2523	2347	2348
2526	2525	2350
2622	2344	2455
2599	2442	2470
2562	2396	2397
2377	2192	2378
2668	2604	2514
2647	2157	2158
2647	2422	2449
2497	2083	2243
2497	2263	2083
2756	2343	2522
2685	2529	2686
2498	2148	2093
2498	2093	2272
2867	2806	2807
2463	2327	2457
2610	2447	2484
2657	2320	2479
2362	2174	2175
2627	2152	2345
2407	2227	2408
2846	2613	2635
2451	2097	2305
2451	2251	2097
2438	2264	2307
2438	2491	2264
2349	2348	2161
2524	2349	2525
2363	2175	2176
2363	2176	2364
2468	2303	2101
2468	2101	2255
2460	2100	2254
2460	2306	2100
2441	2479	2316
2697	2696	2544
2383	2197	2198
3047	2853	2707
2558	2388	2389
2641	2389	2649
3050	2356	2357
3050	2531	2356
2593	2439	2594
2660	2151	2469
2436	2258	2279
2436	2279	2472
2410	2229	2230
2410	2409	2229
2364	2177	2500
2534	2533	2362
2207	2391	2390
2653	2390	2391
2495	2245	2089
2495	2089	2277
2804	2830	2709
3051	2559	2847
2618	2459	2427
2770	2664	2618
2467	2284	1978
2467	1978	2329
2469	1943	2302
2469	2151	1943
2396	2212	2213
2396	2213	2397
2795	2794	2696
2545	2374	2375
2526	2350	2351
2419	2239	2420
2377	2191	2192
2377	2376	2191
2450	2221	2260
2450	2222	2403
2393	2209	2210
2393	2210	2394
2496	2267	2094
2496	2094	2149
2652	2359	2433
2536	2365	2366
2483	1974	2319
2483	2312	1974
2478	1982	2322
2478	2307	1982
2524	2523	2348
2615	2468	2639
2604	2444	2489
2666	2513	2667
2443	2317	2273
2549	2378	2379
2635	2613	2461
2613	2451	2461
2440	2318	2269
2440	2482	2318
2638	2616	2466
2661	2456	2623
2426	2250	2284
2426	2284	2467
2529	2354	2530
2352	2165	2353
2381	2195	2196
2381	2380	2195
2763	2438	2591
2626	2346	2155
2686	2529	2530
2662	2465	2432
2568	2403	2404
2648	2221	2450
2506	2112	2335
2506	2504	2112
2489	2085	2245
2489	2274	2085
2633	2454	2616
2880	2821	2881
2730	2583	2584
2524	2348	2349
2407	2226	2227
2407	2406	2226
2372	2186	2187
2372	2187	2373
2501	1889	2300
2501	2111	2509
2648	2220	2221
2648	2450	2403
2461	2098	2252
2461	2305	2098
2404	2223	2224
2404	2403	2223
2505	2103	2336
2505	2510	2103
2415	2234	2235
2415	2235	2416
2171	2359	2358
2651	2433	2359
2477	2323	1948
2477	1948	2310
2431	2255	2290
2431	2290	2462
2367	2181	2182
2367	2366	2181
2486	1950	2323
2486	2314	1950
2355	2167	2168
2355	2354	2167
2485	2311	1968
2485	1968	2321
2463	2286	1972
2463	2428	2286
2588	2626	2473
2473	2155	1988
2470	1986	2154
2470	2301	1986
2586	2585	2421
2583	2582	2418
2484	2313	1958
2484	1958	2320
2595	2482	2440
2707	2557	2733
2552	2381	2382
2554	2553	2383
2507	2110	2331
2507	2502	2110
2572	2571	2407
2572	2407	2408
2474	1945	2152
2474	2281	1945
2419	2238	2239
2419	2418	2238
2475	2154	1987
2475	1987	2270
2454	2095	2304
2454	2249	2095
2499	2201	2385
2554	2383	2384
2452	2253	2099
2452	2099	2306
2548	2547	2377
2547	2546	2376
2518	2488	2247
2674	2597	2518
2442	2272	2301
2442	2301	2470
2501	2105	2340
2501	2509	2105
2499	2199	2262
2499	2384	2199
2556	2555	2386
2554	2384	2643
2465	1952	2283
2465	2330	1952
2630	2451	2613
2576	2411	2412
2480	2319	1970
2480	1970	2317
2726	2725	2579
3009	2979	2934
2424	2282	2244
2424	2473	2282
2414	2233	2234
2414	2413	2233
2537	2366	2367
2535	2363	2364
2398	2214	2215
2398	2215	2399
2432	2283	2256
2432	2465	2283
2488	2088	2247
2488	2271	2088
2527	2526	2351
2528	2353	2529
2692	2691	2539
2534	2362	2363
2653	2435	2436
2653	2391	2650
2534	2363	2535
2627	2474	2152
3062	2903	2768
2563	2562	2397
2763	2592	2438
2596	2440	2487
2642	2535	2364
2642	2364	2500
2586	2422	2647
2585	2584	2420
2723	2577	2724
2615	2632	2453
2818	2723	2724
2679	2622	2765
2692	2539	2540
2589	2497	2636
2646	2434	2476
2593	2848	2660
2787	2686	2788
2848	2593	2738
2948	2805	2866
2569	2568	2404
2565	2399	2400
2564	2398	2399
2636	2497	2243
2776	2790	2791
2629	2511	2624
2570	2569	2405
2902	2737	2849
2702	2549	2550
2569	2404	2405
2757	2402	2629
2547	2376	2377
2546	2375	2376
2258	2436	2435
2649	2390	2436
2582	2417	2418
2582	2581	2417
2519	2492	2607
2551	2380	2381
2611	2494	2448
2699	2547	2700
2529	2353	2354
2684	2527	2528
2622	2455	2662
2527	2351	2352
2624	2511	2220
2624	2220	2648
2629	2402	2219
2629	2219	2511
2749	2605	2606
2606	2445	2486
2603	2444	2604
2612	2448	2485
2520	2487	2248
2520	2596	2487
2688	2534	2689
2690	2537	2538
2568	2648	2403
2568	2624	2648
2640	2651	2360
2532	2345	2640
2653	2436	2390
2649	2436	2472
2664	2634	2430
2839	2630	2613
2650	2475	2435
2650	2620	2475
2645	2342	2148
2645	2148	2498
2521	2623	2341
2521	2341	2342
2619	2462	2458
2682	2525	2526
2541	2540	2370
2542	2371	2372
2634	2254	2430
2634	2460	2254
2589	2437	2497
2762	2590	2437
2573	2572	2408
2579	2415	2580
2847	2743	2599
2678	2764	2623
2647	2449	2157
2758	2347	2523
2538	2367	2368
2537	2367	2538
2539	2369	2540
2693	2540	2541
2559	2393	2394
3051	2393	2559
2514	2604	2489
2657	2610	2484
2837	2757	2903
2805	2710	2806
2683	2527	2684
2639	2468	2255
2516	2490	2246
2699	2546	2547
2531	2355	2356
2531	2530	2355
2567	2401	2402
2567	2566	2401
2615	2453	2468
2639	2255	2431
2691	2538	2539
2539	2538	2368
2585	2420	2421
2846	2635	2663
2659	2470	2154
2659	2154	2620
2643	2384	2499
2643	2499	2385
2544	2373	2374
2544	2543	2373
2621	2476	2151
2621	2151	2660
2580	2415	2416
2580	2416	2581
2565	2400	2566
2573	2408	2409
2708	2559	2560
3051	2847	2659
2652	2434	2646
2257	2434	2433
2698	2546	2699
2612	2611	2448
2641	2346	2558
2641	2649	2472
2805	2709	2710
2661	2426	2467
2633	2425	2249
2633	2249	2454
2628	2159	2347
3061	2586	3066
2721	2574	2575
2575	2411	2576
2732	2587	2627
2533	2361	2362
2646	2357	2358
2646	2621	2357
2826	2749	2735
2597	2488	2518
2577	2412	2413
2577	2576	2412
2662	2455	2330
2662	2330	2465
2631	2429	2253
2631	2253	2452
2575	2410	2411
2575	2574	2410
2857	2666	2667
2695	2543	2696
2555	2385	2386
2555	2643	2385
2635	2252	2428
2635	2461	2252
2663	2635	2428
2617	2463	2457
2532	2361	2533
2532	2640	2360
2711	2562	2563
2810	2809	2714
2583	2418	2419
2583	2419	2584
2637	2244	2491
2637	2424	2244
2608	2446	2483
2608	2607	2446
2591	2478	2655
2591	2655	2595
2609	2495	2447
2609	2447	2610
2670	2515	2669
2700	2547	2548
2661	2467	2329
2661	2329	2456
2852	2632	2615
2683	2682	2526
2528	2352	2353
2528	2527	2352
2601	2443	2602
2746	2601	2602
2630	2427	2251
2630	2251	2451
2642	2500	2365
2642	2365	2536
2672	2605	2749
2673	2518	2517
2710	2709	2561
2564	2399	2565
2515	2246	2494
2515	2516	2246
2586	2421	2422
2586	2647	2625
2570	2405	2406
2570	2406	2571
3063	2626	2733
3063	2733	2557
2513	2245	2495
2513	2495	2609
2550	2380	2551
2703	2550	2551
2602	2443	2490
2602	2490	2516
2742	2751	2610
2598	2742	2657
2774	2669	2752
2601	2745	2658
2656	2612	2485
2656	2485	2321
2625	2158	2512
2625	2647	2158
2519	2248	2492
2519	2520	2248
2884	2883	2824
2681	2524	2525
2592	2491	2438
2592	2637	2491
2683	2526	2527
2679	2522	2622
2650	2391	2392
2650	2392	2620
2712	2563	2564
2573	2409	2574
2641	2156	2346
2641	2472	2156
2605	2493	2445
2605	2445	2606
2632	2256	2453
2892	2680	2782
2656	2481	2603
2656	2603	2748
2719	2718	2572
2876	2817	2877
2598	2479	2441
2598	2657	2479
2517	2247	2493
2517	2518	2247
2644	2149	2343
2644	2496	2149
2704	2703	2551
2551	2381	2552
2514	2489	2245
2514	2245	2513
2587	2423	2474
2587	2474	2627
2712	2711	2563
2835	2521	2753
2755	2424	2637
2733	2626	2588
2557	2387	2388
2557	2556	2387
2654	2477	2590
2654	2590	2606
2766	2536	2537
3055	2690	2789
2600	2498	2442
2600	2645	2498
2593	2469	2439
2593	2660	2469
2765	2622	2662
2834	2756	2522
2740	2596	2677
2591	2438	2478
2770	2618	2759
2618	2464	2459
2541	2370	2371
2541	2371	2542
2731	2584	2585
3061	2731	2585
2840	2760	2631
2787	2786	2685
2579	2414	2415
2579	2578	2414
2705	2552	2553
2704	2551	2552
2640	2153	2471
2640	2345	2153
2550	2379	2380
2550	2549	2379
2674	2518	2673
2793	2792	2694
3064	2532	2533
3064	2533	2732
3063	2557	2558
2755	2588	2424
2767	2554	2643
2706	2555	2556
2891	2810	2715
2714	2565	2566
2814	2719	2720
2898	2771	2760
2561	2395	2396
2561	2560	2395
2638	2466	2250
2638	2250	2426
2767	2643	2555
2767	2553	2554
2601	2480	2443
2601	2658	2480
2690	2766	2537
2689	2534	2535
2695	2694	2542
2905	2775	2799
2768	2624	2568
2918	2869	2919
2750	2607	2608
2778	2858	2676
2680	2523	2524
2951	2836	2892
3066	2628	2758
2694	2541	2542
2692	2540	2693
2857	2668	2666
2697	2544	2545
2766	2642	2536
3064	2732	2627
2727	2580	2581
2758	2628	2347
2676	2607	2750
2858	2675	2676
2847	2599	2659
2743	2600	2599
2839	2759	2630
2757	2567	2402
2726	2579	2580
2723	2576	2577
2908	2858	2778
2746	2602	2671
2713	2564	2565
2713	2565	2714
2754	2423	2587
2734	2589	2636
2765	2662	2432
2765	2432	2632
2694	2693	2541
2751	2609	2610
2728	2581	2582
2729	2583	2730
2709	2560	2561
2709	2708	2560
2802	2703	2704
2705	2553	2767
2764	2426	2661
2764	2638	2426
2619	2431	2462
2665	2431	2619
2719	2572	2573
2811	2716	2717
2762	2437	2589
2734	2636	2754
2849	2763	2736
2849	2737	2592
2792	2791	2693
2856	2674	2673
2794	2695	2696
2909	2794	2857
2909	2793	2794
2772	2667	2751
2798	2700	2799
2702	2550	2703
2778	2676	2750
2800	2701	2702
2834	2829	2756
2900	2615	2842
2724	2577	2578
2724	2578	2725
2667	2513	2609
2667	2609	2751
2666	2514	2513
2666	2668	2514
2836	2758	2523
3061	2904	2731
2835	2678	2521
2937	2810	2891
2766	2535	2642
2766	2689	2535
2705	2704	2552
2767	2555	2706
2761	2425	2633
2761	2617	2425
2759	2427	2630
2759	2618	2427
2799	2700	2701
2844	2778	2750
2741	2597	2674
2742	2610	2657
2738	2593	2594
2739	2594	2644
2882	2822	2823
2731	2730	2584
2736	2591	2595
2736	2763	2591
2685	2528	2529
2685	2684	2528
2712	2564	2713
2709	2830	2708
2848	2531	3050
2738	2594	2739
2806	2710	2711
2831	2753	2744
2747	2603	2604
2747	2604	2668
2707	2556	2557
2707	2706	2556
2833	2734	2754
2952	2789	2790
2744	2645	2600
2744	2600	2743
2617	2428	2463
2663	2428	2617
2837	2567	2757
2891	2715	2837
2717	2570	2571
2717	2716	2570
2710	2561	2562
2710	2562	2711
2815	2720	2721
2809	2713	2714
2698	2545	2546
2698	2697	2545
2718	2571	2572
2718	2717	2571
3058	2773	2795
2857	2667	2772
2753	2342	2645
2753	2645	2744
2677	2596	2520
2677	2520	2675
2618	2430	2464
2664	2430	2618
2881	2822	2882
3003	2943	2973
2687	2530	2531
2687	2686	2530
2817	2722	2723
2879	2878	2819
2762	2735	2590
2776	2749	2826
2858	2677	2675
2701	2549	2702
2760	2619	2429
2760	2429	2631
2748	2612	2656
2748	2603	2747
3055	2854	2689
2851	2826	2735
2735	2606	2590
2735	2749	2606
3057	2803	2705
3057	2902	2803
2792	2693	2694
2909	2857	2772
2849	2592	2763
2902	2832	2737
2741	2598	2597
2741	2742	2598
2756	2644	2343
2756	2739	2644
2737	2637	2592
2737	2755	2637
2827	2736	2740
2803	2953	2802
2727	2581	2728
2727	2726	2580
2669	2515	2611
3056	2774	2843
2715	2566	2567
2715	2714	2566
2722	2575	2576
2722	2576	2723
2796	2697	2698
2843	2748	2747
2851	2762	2589
2789	2690	2691
2840	2631	2614
2681	2680	2524
2786	2684	2685
2949	2865	2787
3057	2705	2767
2832	2755	2737
2672	2517	2605
2672	2673	2517
3055	2766	2690
2776	2672	2749
2783	2681	2682
2783	2782	2681
2836	2523	2680
2825	2730	2731
2752	2611	2612
2752	2612	2748
2745	2608	2658
2745	2750	2608
2720	2719	2573
2808	2712	2713
2676	2519	2607
2676	2675	2519
2740	2595	2596
2740	2736	2595
2670	2516	2515
2670	2671	2516
2785	2683	2684
2782	2680	2681
2720	2573	2574
2720	2574	2721
2729	2582	2583
2729	2728	2582
2823	2729	2824
2950	2903	2811
2701	2548	2549
2701	2700	2548
3055	2689	2766
3048	2854	2833
2688	2533	2534
2688	2732	2533
2807	2712	2808
2893	2835	2885
2801	2800	2702
2779	2677	2858
2851	2735	2762
2851	2589	2734
2828	2686	2687
2828	2739	2829
2814	2813	2719
2810	2714	2715
2906	2792	2793
2841	2742	2741
2899	2770	2759
2816	2722	2817
2830	2743	2708
2830	2744	2743
2828	2738	2739
2828	2829	2788
2874	2815	2875
2831	2835	2753
2818	2817	2723
2863	2784	2785
2779	2740	2677
2779	2827	2740
3056	2796	2797
2797	2698	2699
2872	2812	2813
2878	2818	2819
2853	3057	2706
2953	2827	2802
3047	2755	2832
3047	2707	2733
2790	2826	2952
2777	2741	2674
2819	2724	2725
2822	2727	2728
2898	2760	2840
2781	2679	2765
2798	2699	2700
2775	2671	2855
2775	2746	2671
2799	2701	2800
2801	2702	2703
2801	2703	2802
2855	2671	2670
2797	2796	2698
2855	2670	2669
2855	2669	2774
2790	2776	2826
2790	2789	2691
2777	2841	2741
2907	2856	2791
2795	2696	2697
2795	2697	2796
2798	2855	2797
2797	2855	2774
2874	2814	2815
2880	2820	2821
2820	2725	2726
2820	2819	2725
2896	2886	2834
2864	2785	2786
2844	2746	2775
2798	2797	2699
3048	2833	2754
3048	2732	2688
2844	2745	2746
2844	2750	2745
2779	2802	2827
2905	2844	2775
2821	2726	2727
2821	2820	2726
2897	2761	2838
2807	2806	2711
2854	2688	2689
3048	2688	2854
2884	2824	2825
3066	2586	2625
2842	2615	2639
2842	2639	2665
2943	2889	2770
2877	2817	2818
2803	2704	2705
2803	2802	2704
2841	2751	2742
2841	2772	2751
2850	2616	2638
2850	2638	2764
2907	2777	2856
2906	2841	2777
2801	2802	2779
2801	2779	2858
2856	2673	2672
2856	2672	2776
2853	2706	2707
3047	2832	2853
2903	2716	2811
2837	2715	2567
2950	2837	2903
3062	2716	2903
2905	2799	2800
2905	2778	2844
2784	2683	2785
2822	2821	2727
2790	2691	2692
2790	2692	2791
2773	2668	2857
3058	2795	2796
2963	2926	2927
2873	2872	2813
2798	2799	2775
2798	2775	2855
2831	2744	2830
2831	2830	2804
2927	2926	2878
2862	2783	2784
2824	2729	2730
2824	2730	2825
2843	2752	2748
2843	2774	2752
2958	2921	2922
2808	2713	2809
2812	2717	2718
2812	2811	2717
2838	2633	2616
2838	2761	2633
2773	2747	2668
2773	2843	2747
2852	2765	2632
2852	2781	2765
2863	2785	2864
2784	2783	2682
2786	2785	2684
2787	2685	2686
2814	2720	2815
2875	2815	2816
2769	2617	2761
2769	2663	2617
2904	2825	2731
2951	2904	2836
2771	2665	2619
2771	2619	2760
2847	2559	2708
2847	2708	2743
2947	2896	2781
2886	2829	2834
2795	2857	2794
2795	2773	2857
2885	2835	2831
2885	2831	2804
2777	2674	2856
2906	2909	2841
2823	2728	2729
2823	2822	2728
3055	2789	2901
3055	2901	2854
2848	2738	2687
2848	2687	2531
2845	2614	2634
2845	2634	2664
2813	2718	2719
2813	2812	2718
2859	2850	2780
2868	2807	2808
2881	2821	2822
2860	2781	2852
2870	2809	2810
2859	2895	2850
2981	2890	2942
2919	2869	2870
2828	2687	2738
2828	2788	2686
2816	2721	2722
2816	2815	2721
2793	2694	2695
2793	2695	2794
2865	2864	2786
2865	2786	2787
2780	2764	2678
2780	2850	2764
2948	2804	2805
2972	2888	2945
2869	2809	2870
2871	2812	2872
2861	2783	2862
3016	3015	2994
2909	2772	2841
2906	2793	2909
2908	2800	2801
2908	2801	2858
2836	2904	2758
3061	3066	2904
2866	2805	2806
2867	2866	2806
2943	2770	2899
2878	2877	2818
2861	2782	2783
2892	2836	2680
2977	2897	2935
2925	2876	2877
2883	2823	2824
2883	2882	2823
2897	2769	2761
2925	2877	2926
2880	2879	2820
2900	2852	2615
2886	2788	2829
2949	2787	2788
2895	2616	2850
2895	2838	2616
2871	2811	2812
2950	2891	2837
2905	2800	2908
2905	2908	2778
2901	2734	2833
2901	2851	2734
2907	2791	2792
2856	2776	2791
2869	2808	2809
2869	2868	2808
2928	2879	2880
3011	2989	2990
2935	2838	2895
2918	2868	2869
2899	2759	2839
2935	2897	2838
2970	2932	2938
2970	2938	2861
3057	2767	2706
3057	2853	2902
3009	2915	2979
2863	2862	2784
2860	2852	2900
2911	2860	2900
2893	2678	2835
2893	2780	2678
2879	2819	2820
2928	2927	2879
2867	2807	2868
2946	2893	2933
2975	2944	2898
2930	2882	2931
2894	2840	2614
2927	2878	2879
2888	2846	2663
2888	2663	2769
2876	2816	2817
2876	2875	2816
2896	2679	2781
2896	2834	2679
2938	2892	2782
3054	2932	2884
2932	2883	2884
2938	2782	2861
3004	2910	2983
2942	2890	2846
2944	2771	2898
2926	2877	2878
3059	2768	2903
3059	2903	2757
2934	2886	2896
2947	2781	2860
2940	2842	2887
3037	3019	3018
2873	2813	2814
2873	2814	2874
2914	2863	2864
2887	2665	2771
3008	2983	2933
3053	2871	2920
2906	2777	2907
2906	2907	2792
2937	2870	2810
2950	2811	2871
2889	2664	2770
2889	2845	2664
2981	2939	2890
2942	2846	2888
2890	2839	2613
2890	2613	2846
2954	2911	2940
2930	2881	2882
2933	2893	2885
2946	2859	2780
2917	2867	2868
2917	2916	2867
2962	2961	2925
2956	2916	2917
2913	2862	2863
2912	2861	2862
2952	2826	2851
2952	2851	2901
2948	2885	2804
2980	2866	2916
2944	2887	2771
2974	2941	2889
2977	2935	2969
2924	2875	2876
2929	2881	2930
2912	2862	2913
2910	2895	2859
2910	2935	2895
3006	2985	2919
2920	2871	2872
2945	2769	2897
2945	2888	2769
2915	2864	2865
2949	2788	2886
2914	2864	2915
2934	2896	2947
2953	2849	2827
2953	2902	2849
2979	2915	2865
3005	2982	2911
2931	2882	2883
2931	2883	2932
2936	2840	2894
2936	2898	2840
3053	2920	2937
3053	2950	2871
2929	2928	2880
2984	2913	2914
2922	2921	2873
2961	2924	2925
2974	2889	2943
2994	2964	2965
2941	2894	2845
2941	2845	2889
2970	2861	2912
2968	2931	2932
2949	2886	2934
2979	2865	2949
2923	2874	2875
2957	2920	2921
2955	2914	2915
2987	2956	2985
2914	2913	2863
2979	2949	2934
3008	2933	2980
2924	2876	2925
2918	2917	2868
2923	2875	2924
2951	2825	2904
2951	2884	2825
2940	2900	2842
2940	2911	2900
2985	2918	2919
2985	2956	2917
2971	2937	2920
2993	2963	2964
2966	2965	2929
2929	2880	2881
2975	3002	2944
3009	2955	2915
2985	2917	2918
2969	2935	2910
2984	2912	2913
3007	2996	2967
3054	2884	2951
3054	2938	2932
2921	2872	2873
2921	2920	2872
2980	2933	2948
2948	2933	2885
2939	2899	2839
2939	2839	2890
2983	2946	2933
2980	2948	2866
2922	2873	2874
2922	2874	2923
2955	2984	2914
2968	2932	2970
2975	2898	2936
3025	3007	2984
2967	2930	2931
2968	2967	2931
3024	2987	2985
2960	2923	2924
2982	2934	2947
3009	2934	2982
2957	2921	2958
2960	2924	2961
2959	2923	2960
3001	2972	2945
2977	2945	2897
2988	2958	2959
2996	2966	2967
2964	2928	2965
2971	2870	2937
2971	2920	2957
2976	2887	2944
2976	2940	2887
2983	2910	2859
2983	2859	2946
3028	3002	2975
2999	3000	2978
3025	2984	2986
2954	2940	2976
2972	2942	2888
3010	2989	3011
2962	2925	2926
2962	2926	2963
2989	2988	2959
2998	2981	2942
3007	2912	2984
2995	2994	2965
2997	2981	2998
2993	2964	2994
3002	2954	2976
3028	3000	3021
2990	2960	2961
3008	2980	2916
2965	2928	2929
3044	2986	3042
3001	2977	2969
2977	3001	2945
3008	2916	2956
3027	2956	2987
2982	2860	2911
2982	2947	2860
2964	2927	2928
2964	2963	2927
2971	2919	2870
3006	2958	2988
2966	2929	2930
2966	2930	2967
2973	2943	2899
2973	2899	2939
2978	2936	2894
2978	2894	2941
2976	2944	3002
3026	2955	3009
2959	2922	2923
2959	2958	2922
2997	3019	2973
3043	3027	2987
3018	2997	2998
3024	3006	2988
3003	2974	2943
3029	2972	3001
3021	3000	2999
3020	2999	3003
2986	2984	2955
3005	2911	2954
2991	2961	2962
2991	2990	2961
3007	2967	2968
3025	2996	3007
3004	2983	3008
3004	2969	2910
3007	2970	2912
3007	2968	2970
3024	2985	3006
3006	2957	2958
3038	3019	3037
3027	3008	2956
2989	2959	2960
2989	2960	2990
3006	2919	2971
3006	2971	2957
2992	2991	2962
3014	2992	2993
3000	2975	2936
3000	2936	2978
2992	2962	2963
2992	2963	2993
2998	2942	2972
3013	2992	3014
3022	3005	2954
3017	2995	2996
2999	2941	2974
2999	2978	2941
3009	2982	3005
3022	2954	3002
3010	2988	2989
3029	3018	2998
2997	2939	2981
2997	2973	2939
3042	2986	3026
3026	2986	2955
2995	2965	2966
2995	2966	2996
3012	3011	2990
3031	3012	3032
3044	3025	2986
3052	3031	3037
3032	3012	3013
3012	2990	2991
3023	2969	3004
3023	3001	2969
3045	3024	3010
3045	3043	2987
3019	2997	3018
3019	3003	2973
3013	2991	2992
3013	3012	2991
3029	2998	2972
3043	3023	3027
3027	3004	3008
3027	3023	3004
3033	3034	3038
3035	3015	3016
3015	2993	2994
3015	3014	2993
3044	3017	3025
3025	3017	2996
3028	2975	3000
3046	3002	3028
3024	2988	3010
3045	2987	3024
3030	3010	3011
3032	3038	3037
3060	3041	3035
3042	3026	3022
3026	3009	3005
3026	3005	3022
3016	2994	2995
3016	2995	3017
3020	3003	3019
3038	3020	3019
2974	3003	2999
3020	3021	2999
3033	3013	3014
3034	3014	3015
3040	3018	3029
3031	3032	3037
3049	3029	3001
3049	3040	3029
3041	3028	3021
3036	3035	3016
3034	3015	3035
3039	3020	3038
3046	3022	3002
3046	3042	3022
3046	3028	3041
3042	3060	3044
3045	3010	3030
3065	3043	3045
3039	3021	3020
3034	3035	3039
3039	3041	3021
3039	3035	3041
3033	3014	3034
3034	3039	3038
3031	3011	3012
3031	3030	3011
3040	3037	3018
3052	3037	3040
3036	3016	3017
3036	3017	3044
3033	3038	3032
3033	3032	3013
3049	3001	3023
3049	3023	3043
3052	3030	3031
3065	3030	3052
3050	2357	2621
3050	2621	2660
3053	2937	2891
3053	2891	2950
3060	3035	3036
3060	3046	3041
3036	3044	3060
3060	3042	3046
3056	2797	2774
3058	2843	2773
3062	2568	2569
3062	2768	2568
3066	2625	2628
3066	2758	2904
2832	2902	2853
2953	2803	2902
3054	2951	2892
3054	2892	2938
3047	2588	2755
3047	2733	2588
3061	2585	2586
2952	2901	2789
2833	2854	2901
3059	2629	2624
3059	2757	2629
3065	3049	3043
3065	3045	3030
3056	2843	3058
3056	3058	2796
3048	2754	2587
3048	2587	2732
3051	2620	2392
3051	2659	2620
3063	2558	2346
3063	2346	2626
3064	2627	2345
3064	2345	2532
3065	3052	3040
3065	3040	3049
