BCnode   BCtype
262      4
outBCNode	outBCNum
1	1
130	1
129	1
128	1
127	1
126	1
125	1
124	1
123	1
122	1
121	1
120	1
119	1
118	1
117	1
116	1
115	1
114	1
113	1
112	1
111	1
110	1
109	1
108	1
2	1
239	3
238	3
237	3
236	3
235	3
234	3
233	3
232	3
231	3
230	3
229	3
228	3
227	3
226	3
225	3
224	3
223	3
222	3
221	3
220	3
219	3
218	3
217	3
216	3
215	3
214	3
213	3
212	3
211	3
210	3
209	3
208	3
207	3
206	3
205	3
204	3
203	3
202	3
201	3
200	3
199	3
198	3
197	3
196	3
195	3
194	3
193	3
192	3
191	3
190	3
189	3
188	3
187	3
186	3
185	3
184	3
183	3
182	3
181	3
180	3
179	3
178	3
177	3
176	3
175	3
174	3
173	3
172	3
171	3
170	3
169	3
168	3
167	3
166	3
3	2
262	2
261	2
260	2
259	2
258	2
257	2
256	2
255	2
254	2
253	2
252	2
251	2
250	2
249	2
248	2
247	2
246	2
245	2
244	2
243	2
242	2
241	2
240	2
4	2
107	3
106	3
105	3
104	3
103	3
102	3
101	3
100	3
99	3
98	3
97	3
96	3
95	3
94	3
93	3
92	3
91	3
90	3
89	3
88	3
87	3
86	3
85	3
84	3
83	3
82	3
81	3
80	3
79	3
78	3
77	3
76	3
75	3
74	3
73	3
72	3
71	3
70	3
69	3
68	3
67	3
66	3
65	3
64	3
63	3
62	3
61	3
60	3
59	3
58	3
57	3
56	3
55	3
54	3
53	3
52	3
51	3
50	3
49	3
48	3
47	3
46	3
45	3
44	3
43	3
42	3
41	3
40	3
39	3
38	3
37	3
36	3
35	3
34	3
5	4
6	4
7	4
8	4
9	4
10	4
11	4
12	4
13	4
14	4
15	4
16	4
17	4
18	4
19	4
20	4
21	4
22	4
23	4
24	4
25	4
26	4
27	4
28	4
29	4
30	4
31	4
32	4
33	4
131	4
132	4
133	4
134	4
135	4
136	4
137	4
138	4
139	4
140	4
141	4
142	4
143	4
144	4
145	4
146	4
147	4
148	4
149	4
150	4
151	4
152	4
153	4
154	4
155	4
156	4
157	4
158	4
159	4
160	4
161	4
162	4
163	4
164	4
165	4
