845	601	600
329	226	227
709	710	462
469	50	468
714	466	713
494	9	20
481	37	38
591	592	338
328	329	227
596	342	595
280	151	7
398	253	254
373	183	372
267	268	30
460	59	459
350	205	206
757	511	758
451	67	68
516	164	165
485	10	131
735	489	736
288	19	8
566	309	565
330	226	329
518	130	1
302	123	301
323	324	232
519	2	108
320	235	236
316	108	109
574	575	321
315	109	110
318	237	238
322	233	234
316	109	315
721	722	474
325	326	230
311	312	113
309	115	116
323	232	233
311	113	114
324	231	232
312	112	113
1043	805	804
325	230	231
325	231	324
326	229	230
560	561	304
328	227	228
578	325	324
330	225	226
333	334	222
964	721	963
835	591	590
749	502	503
340	216	339
507	506	142
506	141	142
345	211	344
341	214	215
510	159	511
348	207	208
281	150	151
451	68	450
692	444	691
924	682	681
355	200	201
436	82	83
379	176	177
520	3	166
381	174	175
388	167	168
520	390	262
426	92	93
388	168	387
387	168	169
390	261	262
385	170	171
394	258	393
386	169	170
386	387	169
645	646	395
394	257	258
385	386	170
396	255	256
383	172	173
650	400	399
634	381	380
384	171	172
424	94	95
630	377	376
376	179	180
914	915	672
414	415	104
517	4	240
414	104	105
410	242	409
409	242	243
413	105	106
414	105	413
418	100	101
407	244	245
406	246	405
905	663	662
403	248	249
405	246	247
401	402	250
419	100	418
419	99	100
401	250	251
422	97	421
648	398	397
424	95	423
380	381	175
422	96	97
918	676	675
399	252	253
375	180	181
651	401	400
372	183	184
655	656	405
425	426	93
427	92	426
427	91	92
373	374	182
429	89	90
433	85	86
369	186	187
430	89	429
370	185	186
431	87	88
365	190	191
367	188	189
865	621	620
682	435	434
362	194	361
672	425	424
1099	864	863
420	421	98
359	196	197
360	361	195
362	363	193
361	194	195
788	789	542
932	933	690
652	401	651
362	193	194
440	79	439
692	693	445
359	197	358
441	77	78
358	197	198
862	618	617
356	199	200
448	71	447
355	201	354
446	447	72
447	71	72
353	202	203
351	204	205
444	74	75
449	69	70
511	159	160
700	701	453
451	452	67
731	486	485
452	66	67
453	454	65
537	279	278
442	76	77
278	279	152
457	61	62
702	455	454
456	62	63
275	155	156
274	156	157
777	530	776
712	464	711
273	158	272
528	529	270
603	349	602
465	54	464
461	57	58
463	55	56
709	462	461
464	54	55
467	52	466
466	52	53
267	30	31
465	53	54
467	51	52
265	32	33
263	33	5
1413	1191	1190
304	120	121
475	43	44
523	522	264
737	736	490
991	748	749
829	585	584
1195	966	965
471	47	48
303	121	122
327	229	326
576	322	575
480	39	479
559	303	302
302	122	123
301	123	124
478	40	41
479	40	478
728	480	727
299	125	126
730	483	482
554	298	297
297	127	128
728	481	480
482	36	37
296	129	295
305	306	119
295	129	130
764	296	295
1189	1190	960
731	485	732
548	290	289
547	548	289
291	292	16
286	287	145
973	733	731
290	17	18
791	545	544
732	485	487
491	135	136
471	472	47
962	719	961
798	770	552
314	110	111
492	491	136
495	20	21
499	24	25
336	219	220
336	220	335
338	217	218
496	22	497
342	214	341
500	26	501
340	215	216
501	26	12
750	503	504
347	348	208
343	212	213
504	139	140
601	347	600
752	505	506
939	697	696
509	11	510
486	10	485
351	205	350
510	11	159
281	151	280
761	514	515
848	603	847
512	161	513
284	147	148
687	440	439
437	82	436
637	384	383
391	261	390
277	153	154
357	358	198
402	249	250
401	251	400
332	223	224
331	225	330
363	192	193
923	680	922
508	143	144
594	341	340
365	366	190
621	368	367
701	454	453
534	275	533
268	29	30
464	55	463
455	456	63
782	536	535
881	882	637
421	97	98
488	132	133
289	19	288
575	322	321
323	233	322
474	45	473
308	116	117
454	64	65
537	278	536
430	88	89
430	431	88
598	345	344
1311	1089	1088
384	172	383
398	399	253
376	180	375
428	90	91
948	706	705
711	464	463
315	110	314
317	238	239
1229	1001	1002
977	735	978
370	186	369
357	198	199
481	482	37
483	36	482
305	120	304
557	300	556
1008	553	764
477	478	41
274	275	156
462	57	461
270	271	27
272	158	6
453	65	66
453	66	452
450	69	449
450	68	69
551	292	550
487	485	131
307	117	118
305	119	120
320	321	235
567	568	311
468	51	467
492	137	493
374	181	182
674	427	426
898	899	655
408	244	407
473	45	46
804	559	558
439	79	80
613	359	612
374	375	181
650	651	400
442	77	441
617	618	364
762	515	516
514	162	163
458	61	457
530	272	271
276	155	275
536	278	277
470	48	49
468	50	51
465	466	53
1175	945	1174
321	234	235
321	322	234
344	211	212
344	212	343
352	203	204
691	444	443
279	7	152
279	280	7
410	241	242
662	663	415
392	259	260
641	388	387
520	262	3
389	167	388
855	856	611
612	359	358
540	282	281
514	163	515
276	154	155
276	277	154
659	660	409
415	103	104
371	184	185
371	372	184
642	392	391
765	388	641
318	238	317
319	236	237
673	426	425
875	630	874
360	195	196
360	196	359
803	804	558
484	34	35
459	59	60
457	62	456
505	141	506
748	502	749
480	38	39
479	39	40
283	148	149
283	284	148
416	102	103
415	416	103
400	251	252
400	252	399
296	128	129
296	297	128
445	73	74
445	74	444
985	742	743
337	338	218
480	481	38
300	301	124
411	240	241
412	106	107
308	117	307
308	309	116
614	361	360
354	201	202
435	436	83
432	87	431
432	86	87
432	433	86
1170	1171	941
282	283	149
347	208	209
349	207	348
515	163	164
515	164	516
696	449	448
695	448	447
446	72	73
446	73	445
708	461	460
707	459	706
406	245	246
406	407	245
502	12	138
502	501	12
440	78	79
440	441	78
564	307	563
313	112	312
509	144	11
509	508	144
669	422	421
380	176	379
474	44	45
719	471	718
476	42	43
476	43	475
438	80	81
438	439	80
477	41	42
477	42	476
404	247	248
404	405	247
492	136	137
733	486	731
489	133	134
489	488	133
340	341	215
838	593	837
448	70	71
448	449	70
1203	1202	974
494	20	495
412	413	106
661	414	413
569	313	312
818	574	573
349	206	207
349	350	206
351	352	204
604	351	350
1295	1073	1072
335	220	221
2263	2072	2250
294	13	14
380	175	176
647	397	396
490	489	134
549	550	291
460	58	59
460	461	58
370	371	185
368	187	188
487	131	132
487	132	488
319	237	318
319	320	236
285	146	147
285	147	284
493	137	9
493	9	494
346	209	210
347	209	346
265	33	263
521	263	522
626	373	372
428	429	90
1219	992	1220
845	600	844
443	444	75
863	864	619
539	281	280
937	695	694
269	28	29
269	29	268
915	673	672
666	419	418
313	111	112
313	314	111
378	177	178
378	379	177
306	118	119
306	307	118
595	342	341
503	502	138
594	595	341
984	742	985
591	338	337
743	496	497
382	173	174
382	174	381
905	662	904
417	418	101
287	8	145
287	288	8
700	453	452
940	697	939
266	267	31
526	527	268
353	354	202
353	203	352
869	625	624
916	674	673
472	46	47
472	473	46
761	515	762
540	281	539
423	95	96
423	96	422
518	34	484
518	1	34
616	363	362
364	192	363
356	357	199
355	356	200
458	60	61
458	459	60
763	411	410
411	241	410
500	25	26
500	499	25
425	94	424
425	93	94
576	323	322
828	584	583
513	161	162
513	162	514
417	101	102
417	102	416
389	390	520
765	389	388
512	160	161
512	511	160
882	638	637
377	378	178
420	98	99
420	99	419
1494	1279	1278
766	316	315
293	14	15
293	294	14
403	249	402
403	404	248
345	210	211
345	346	210
712	465	464
713	466	465
300	124	125
300	125	299
382	383	173
649	399	398
626	372	625
428	91	427
368	369	187
368	188	367
327	228	229
327	328	228
389	166	167
389	520	166
271	6	27
271	272	6
636	383	382
397	255	396
714	467	466
1206	1204	977
373	182	183
677	430	429
895	651	894
652	402	401
455	63	64
455	64	454
393	258	259
393	259	392
639	386	385
885	641	640
486	165	10
486	516	165
331	224	225
331	332	224
581	328	327
726	727	479
522	263	264
981	738	739
289	18	19
289	290	18
582	583	329
583	330	329
674	675	427
675	428	427
310	311	114
310	115	309
303	304	121
303	122	302
469	49	50
470	49	469
434	84	85
434	85	433
692	445	444
610	357	356
517	240	411
517	107	4
273	157	158
273	274	157
470	471	48
828	829	584
826	582	581
474	475	44
679	432	431
870	625	869
625	372	371
624	371	370
498	23	24
498	24	499
755	508	509
600	347	346
342	213	214
342	343	213
264	263	5
718	471	470
579	326	325
561	305	304
278	152	153
278	153	277
518	295	130
518	484	295
552	294	293
1213	986	1214
558	559	302
562	306	305
802	803	557
298	127	297
503	138	139
503	139	504
339	216	217
339	217	338
562	305	561
720	472	719
707	460	459
947	704	946
266	31	32
266	32	265
507	142	143
507	143	508
286	145	146
286	146	285
765	390	389
649	650	399
700	452	699
608	609	355
437	81	82
437	438	81
408	243	244
408	409	243
989	746	747
593	340	339
693	446	445
608	355	354
899	656	655
901	658	657
519	108	316
519	239	2
497	22	23
497	23	498
572	319	318
961	719	718
681	434	433
685	437	684
722	475	474
560	303	559
366	189	190
366	367	189
875	876	631
873	629	628
282	149	150
282	150	281
659	409	408
657	406	656
914	671	913
634	635	381
490	134	135
490	135	491
836	592	591
744	743	497
443	75	76
443	76	442
384	385	171
637	383	636
496	21	22
496	495	21
688	440	687
861	617	616
532	274	273
531	272	530
684	437	436
619	366	365
391	260	261
391	392	260
557	301	300
727	480	479
811	566	565
584	331	330
846	602	601
602	349	348
377	178	179
377	179	376
1228	1000	1001
699	452	451
334	221	222
334	335	221
505	140	141
505	504	140
292	15	16
292	293	15
519	317	239
519	316	317
462	56	57
462	463	56
517	412	107
517	411	412
270	27	28
270	28	269
1157	1158	928
615	362	361
264	5	13
264	13	294
364	191	192
364	365	191
435	83	84
435	84	434
566	310	309
310	114	115
483	35	36
483	484	35
298	126	127
298	299	126
646	396	395
395	396	256
291	16	17
291	17	290
397	254	255
397	398	254
333	222	223
333	223	332
337	218	219
337	219	336
395	256	257
395	257	394
812	567	566
578	579	325
710	463	462
773	527	526
1048	1049	810
1005	766	571
934	691	933
846	601	845
911	668	910
656	406	405
597	344	343
840	596	595
553	297	296
553	296	764
997	754	755
848	604	603
632	379	378
872	873	628
724	477	476
558	301	557
668	669	421
664	417	416
729	730	482
558	302	301
583	584	330
739	493	740
524	266	265
715	467	714
821	822	577
560	304	303
658	408	407
665	666	418
1025	783	782
1253	1027	1026
709	461	708
528	270	269
832	833	588
586	587	333
635	382	381
635	636	382
681	682	434
1125	893	892
529	271	270
529	530	271
659	408	658
1134	1232	902
1187	957	1186
1016	773	1015
766	317	316
570	314	313
918	919	676
624	625	371
844	600	599
599	600	346
623	370	369
926	684	683
609	356	355
609	610	356
754	753	507
598	344	597
694	446	693
696	448	695
670	423	422
670	422	669
640	641	387
891	648	647
587	334	333
588	589	335
750	749	503
996	754	997
757	510	511
851	606	850
966	723	965
564	308	307
1006	765	641
885	1006	641
934	692	691
611	357	610
786	539	785
945	702	944
1002	759	760
785	539	538
936	937	694
936	694	693
704	457	456
702	454	701
809	564	563
823	824	579
654	403	653
654	404	403
705	457	704
704	456	703
711	463	710
951	709	708
676	429	428
676	428	675
570	313	569
571	314	570
1320	1098	1097
628	629	375
833	589	588
839	595	594
855	610	854
614	615	361
808	562	807
580	326	579
739	492	493
960	717	959
525	267	266
525	266	524
1289	1066	1288
523	264	294
677	429	676
871	627	626
734	487	488
734	732	487
995	994	752
998	756	999
585	332	331
585	331	584
624	370	623
620	621	367
769	522	523
959	717	716
606	353	352
605	606	352
546	288	287
547	289	288
1007	661	763
900	656	899
555	299	298
555	298	554
766	318	317
766	572	318
703	456	455
703	455	702
705	458	457
706	459	458
663	416	415
663	664	416
671	424	423
631	632	378
764	295	484
553	554	297
629	376	375
629	630	376
568	312	311
568	569	312
753	506	507
753	752	506
601	348	347
601	602	348
953	711	710
712	713	465
931	689	688
1106	871	870
564	565	308
565	309	308
618	365	364
618	619	365
1004	761	762
792	793	546
620	367	366
620	366	619
686	439	438
686	687	439
616	362	615
852	608	607
573	320	319
573	319	572
563	307	306
563	306	562
740	493	494
831	586	830
1422	1199	1421
971	729	728
729	482	481
729	481	728
577	323	576
811	812	566
742	496	743
2261	1860	2075
717	470	469
717	718	470
741	494	495
741	740	494
917	674	916
1106	1107	871
733	516	486
733	762	516
716	469	468
716	717	469
605	352	351
605	351	604
744	497	498
1072	837	836
607	608	354
849	605	604
521	265	263
521	524	265
542	284	283
757	756	510
912	670	669
913	670	912
649	398	648
633	379	632
667	420	419
667	419	666
582	329	328
582	328	581
689	442	441
688	441	440
886	643	642
888	645	644
763	412	411
904	662	661
954	712	711
773	526	772
857	613	612
688	689	441
590	337	336
986	743	744
756	509	510
756	755	509
966	724	723
723	724	476
994	751	752
751	505	752
653	403	402
653	402	652
897	654	653
1136	906	1135
775	529	528
952	953	710
665	418	417
665	417	664
715	468	467
715	716	468
883	638	882
874	629	873
631	378	377
631	377	630
627	374	373
627	373	626
859	615	614
786	540	539
535	277	276
535	536	277
593	594	340
837	593	592
1201	973	1202
546	547	288
567	311	310
567	310	566
527	269	268
527	528	269
617	364	363
617	363	616
922	680	679
683	436	435
736	489	490
795	549	548
764	484	483
764	483	730
735	488	489
735	734	488
851	607	606
1091	856	855
531	273	272
531	532	273
680	432	679
622	368	621
950	708	707
707	708	460
628	375	374
628	374	627
760	513	514
760	514	761
633	380	379
633	634	380
745	498	499
745	744	498
759	512	513
759	513	760
1034	1035	793
1035	794	793
683	435	682
683	684	436
647	648	397
647	396	646
963	721	720
721	474	473
538	539	280
698	450	697
865	620	864
1377	1378	1155
697	450	449
697	449	696
1410	1188	1187
1238	1011	1012
544	286	285
1000	758	1001
668	421	420
668	420	667
894	651	650
877	633	632
526	268	267
526	267	525
643	393	392
643	392	642
644	394	393
644	393	643
1129	897	896
1555	1340	1339
586	333	332
586	332	585
671	672	424
671	423	670
719	472	471
1187	958	957
640	387	386
640	386	639
556	300	299
556	299	555
538	280	279
538	279	537
591	337	590
993	992	750
946	704	703
705	706	458
763	413	412
763	661	413
890	646	889
638	639	385
825	580	824
1069	834	833
746	499	500
746	745	499
758	511	512
758	512	759
607	354	353
607	353	606
879	635	634
1114	879	878
523	294	552
770	523	552
1191	1192	962
1059	824	823
589	336	335
589	590	336
765	391	390
765	642	391
725	478	477
725	477	724
768	522	769
769	523	770
550	292	291
798	552	551
807	562	561
967	725	724
738	491	492
738	492	739
545	546	287
1003	760	761
933	691	690
690	691	443
660	410	409
660	763	410
611	358	357
611	612	358
726	479	478
726	478	725
543	284	542
790	544	543
622	369	368
622	623	369
588	335	334
588	334	587
592	339	338
592	593	339
551	293	292
551	552	293
596	343	342
596	597	343
980	737	738
956	957	714
723	476	475
723	475	722
810	565	564
1284	1062	1061
783	536	782
779	533	532
638	385	384
638	384	637
1000	757	758
1028	785	1027
533	275	274
533	274	532
534	276	275
534	535	276
742	495	496
742	741	495
545	287	286
545	286	544
541	542	283
1002	760	1003
754	507	508
754	508	755
580	327	326
580	581	327
655	405	404
655	404	654
549	291	290
549	290	548
645	395	394
645	394	644
928	686	685
864	620	619
603	350	349
603	604	350
678	679	431
921	679	678
571	315	314
571	766	315
720	473	472
720	721	473
662	415	414
662	414	661
690	443	442
690	442	689
1183	953	1182
949	707	706
787	541	540
1228	1001	1229
574	321	320
574	320	573
737	490	491
737	491	738
747	500	501
747	746	500
876	632	631
913	671	670
748	501	502
748	747	501
543	285	284
543	544	285
694	447	446
694	695	447
685	438	437
685	686	438
657	407	406
657	658	407
541	283	282
541	282	540
599	346	345
599	345	598
680	433	432
680	681	433
698	451	450
698	699	451
808	563	562
824	580	579
673	674	426
673	425	672
942	943	700
786	787	540
967	724	966
981	980	738
577	324	323
577	578	324
1438	1218	1219
1075	1076	840
751	504	505
751	750	504
999	756	757
854	610	609
678	431	430
678	430	677
1447	1227	1228
784	538	537
613	360	359
613	614	360
860	616	615
932	690	689
1144	914	1143
872	627	871
814	568	813
1054	819	818
906	907	664
1135	906	905
972	729	971
799	554	553
805	560	559
965	723	722
1088	1089	853
937	938	695
1427	1207	1208
1033	792	791
916	673	915
914	672	671
767	524	521
1189	959	1188
931	688	930
922	679	921
830	586	585
2426	2441	2259
967	968	725
803	558	557
1883	1481	1870
1408	1186	1185
886	642	1006
1006	642	765
1013	770	798
1037	796	795
1022	1023	780
949	706	948
920	678	677
920	921	678
896	652	895
910	668	667
819	575	574
822	578	577
1004	1003	761
1206	977	978
1139	910	909
908	666	665
943	701	700
941	699	698
938	696	695
938	939	696
790	791	544
1849	1649	1650
887	644	643
887	888	644
826	827	582
982	739	740
1126	894	893
1007	763	660
1669	1445	1226
996	753	754
835	590	834
986	985	743
1001	758	759
1001	759	1002
1098	863	862
1150	920	1149
1170	940	1169
1176	1177	947
958	716	715
958	959	716
2004	1802	1801
784	785	538
1064	829	828
1046	808	807
847	603	602
841	597	596
1030	788	787
1692	1479	1478
911	669	668
911	912	669
1499	1284	1283
981	739	982
877	878	633
868	869	624
1182	953	952
1247	1248	1021
975	732	734
1204	975	977
831	587	586
832	588	587
1090	855	854
855	611	610
1011	769	1012
1180	951	950
969	727	726
1268	1046	1045
843	844	599
1079	844	843
801	556	555
800	801	555
932	689	931
1094	859	858
1220	992	993
1443	1223	1224
927	684	926
1324	1101	1323
1131	898	1130
1137	908	907
772	526	525
954	711	953
909	667	666
909	910	667
816	571	570
818	819	574
878	634	633
1126	893	1125
919	677	676
919	920	677
842	598	597
1600	1391	1390
879	634	878
891	892	648
868	624	623
867	622	866
886	887	643
884	639	883
1330	1108	1107
874	630	629
964	722	721
964	965	722
834	590	589
834	589	833
1113	878	877
881	637	636
1052	1053	814
1005	572	766
974	973	731
1885	1632	1869
947	705	704
947	948	705
1390	1168	1167
935	692	934
856	612	611
856	857	612
815	570	569
1056	1057	821
1067	831	1066
1068	833	832
817	573	572
817	818	573
1165	935	1164
1000	999	757
771	524	767
1014	772	771
906	663	905
1126	1127	894
1176	947	946
1026	1027	784
960	718	717
960	961	718
789	543	542
789	790	543
917	675	674
1329	1106	1328
979	736	737
979	737	980
830	585	829
1068	832	1067
796	550	549
796	549	795
998	755	756
998	997	755
813	568	567
813	567	812
1017	775	774
950	707	949
1083	847	1082
1087	852	851
884	640	639
884	885	640
942	700	699
941	942	699
774	775	528
1403	1404	1181
992	749	750
992	991	749
889	646	645
889	645	888
1284	1061	1283
1288	1066	1065
847	602	846
1085	1086	850
820	576	575
820	575	819
929	687	686
929	686	928
893	650	649
893	894	650
957	715	714
957	958	715
993	750	751
993	751	994
797	550	796
1502	1287	1286
836	837	592
838	594	593
886	1006	885
883	639	638
896	897	653
1554	1555	1339
858	614	613
858	613	857
1264	1041	1263
970	727	969
797	551	550
797	798	551
865	866	621
866	622	621
859	860	615
859	614	858
930	688	687
930	687	929
1155	926	925
925	926	683
995	752	753
995	753	996
1119	883	1118
1234	886	885
974	731	732
974	732	975
850	606	605
850	605	849
976	733	973
1426	1230	1205
821	577	576
821	576	820
1105	869	1104
1148	918	1147
950	951	708
1018	776	775
1294	1072	1071
836	591	835
848	849	604
1082	847	846
1172	1173	943
1028	786	785
1007	904	661
903	660	659
895	652	651
896	653	652
908	909	666
1354	1132	1131
1110	875	874
877	632	876
823	579	578
823	578	822
817	572	1005
816	570	815
1067	832	831
831	832	587
861	862	617
861	616	860
851	852	607
1168	939	938
972	730	729
1008	764	730
968	726	725
968	969	726
780	534	533
780	533	779
778	532	531
778	779	532
1057	822	821
1044	806	805
1147	918	917
917	918	675
827	583	582
828	583	827
1190	961	960
1412	1190	1189
1073	838	837
988	746	989
816	1005	571
816	817	1005
1113	1114	878
1345	1123	1122
1120	888	887
1341	1119	1118
841	596	840
1078	843	842
1010	1014	771
1009	767	768
808	809	563
1065	829	1064
853	609	608
853	608	852
788	542	541
788	541	787
825	581	580
825	826	581
794	548	547
794	795	548
923	681	680
923	924	681
1252	1025	1251
1021	779	778
1214	986	987
1216	988	989
906	664	663
1134	902	901
776	530	529
776	529	775
925	683	682
925	682	924
1371	1148	1370
1327	1105	1104
983	740	741
983	982	740
972	1008	730
799	553	1008
907	665	664
907	908	665
1020	778	777
1181	1182	952
839	594	838
839	840	595
774	528	527
774	527	773
800	555	554
799	800	554
793	547	546
793	794	547
1027	785	784
1171	942	941
867	623	622
867	868	623
1115	879	1114
875	631	630
1086	851	850
1399	1177	1176
777	531	530
777	778	531
984	741	742
984	983	741
962	720	719
962	963	720
944	702	701
944	701	943
1198	968	1197
799	1008	972
987	744	745
987	986	744
902	658	901
1232	904	903
1173	944	943
781	534	780
890	891	647
890	647	646
792	546	545
792	545	791
940	698	697
940	941	698
990	748	991
1077	1078	842
1076	1077	841
841	842	597
1162	932	1161
1087	851	1086
1149	920	919
1103	868	867
802	557	556
802	556	801
978	735	736
978	736	979
1012	769	770
1188	959	958
900	657	656
900	901	657
952	710	709
952	709	951
1359	1137	1136
1136	907	906
1328	1106	1105
1141	912	911
880	635	879
880	881	636
1456	885	884
1234	887	886
1231	800	799
1231	1039	800
872	628	627
1373	1151	1150
806	807	561
805	559	804
771	525	524
771	772	525
1049	811	810
1196	966	1195
1177	948	947
1024	781	1023
927	685	684
927	928	685
1657	1037	1260
1065	830	829
1196	967	966
1197	967	1196
853	854	609
1089	1090	854
1198	969	968
1043	804	1042
781	535	534
781	782	535
1007	660	903
1007	903	904
892	649	648
892	893	649
1158	929	928
1312	1090	1089
1197	968	967
1041	803	802
880	636	635
1115	1116	880
945	703	702
945	946	703
768	521	522
768	767	521
955	713	712
955	712	954
1066	831	830
1666	1262	1422
1193	964	963
1065	1066	830
1056	820	1055
1056	821	820
783	537	536
783	784	537
1121	888	1120
1117	882	881
976	762	733
976	1004	762
988	745	746
988	987	745
1091	1092	856
1159	930	929
814	569	568
814	815	569
1163	934	933
1092	857	856
870	626	625
870	871	626
1219	991	992
1075	840	839
977	734	735
977	975	734
1079	843	1078
1084	849	848
1053	815	814
1233	816	815
902	659	658
902	903	659
810	811	565
810	564	809
806	561	560
806	560	805
1391	1392	1169
1313	1091	1090
863	619	618
863	618	862
1384	1162	1161
1389	1166	1388
1115	880	879
1140	1141	911
898	655	654
898	654	897
1152	923	922
1334	1112	1111
1127	895	894
1120	887	1234
1142	912	1141
1146	1147	917
970	728	727
970	971	728
1222	995	1223
1077	842	841
990	747	748
990	989	747
1153	1154	924
1102	1103	867
843	599	598
843	598	842
1633	1424	1425
1083	848	847
935	693	692
935	936	693
1485	1486	1267
1713	1504	1712
956	714	713
956	713	955
1143	914	913
1329	1330	1107
1018	775	1017
1181	952	951
1325	1103	1102
1101	866	865
1180	950	1179
1687	1473	1472
1608	1399	1398
1251	1025	1024
1669	1226	1446
1224	997	1225
1129	1130	897
1360	1137	1359
1421	1199	1198
1039	801	800
1401	1402	1179
1248	1022	1021
1205	1004	976
1032	791	790
1042	804	803
1042	803	1041
1356	1134	1133
1232	903	902
1455	972	971
1231	799	972
1434	1214	1215
1914	1710	1709
1178	949	948
1178	948	1177
2078	1880	2067
1505	1290	1289
1074	839	838
1298	1076	1075
1076	841	840
1075	839	1074
1349	1350	1127
1331	1109	1108
1130	898	897
1140	911	910
1668	1277	1276
1233	817	816
1081	846	845
1081	1082	846
1226	998	999
1595	1385	1594
1296	1074	1073
1215	1214	987
1032	1033	791
1449	1003	1230
1485	1267	1266
1833	1629	1628
1997	1998	1795
1159	929	1158
1479	1256	1255
1258	1033	1032
1324	1325	1102
1382	1160	1159
1136	1137	907
1133	901	900
1425	1204	1206
1451	796	1037
1315	1093	1092
1161	932	931
1051	813	812
1278	1056	1055
1822	1617	1821
1012	770	1013
1023	781	780
3266	1898	1690
1061	826	825
1282	1283	1060
1138	908	1137
1766	1560	1559
1333	1334	1111
1561	1562	1349
1058	822	1057
1063	827	1062
1272	1050	1049
1048	810	809
1118	882	1117
1118	883	882
1240	1013	1038
1918	1714	1713
1310	1087	1309
1089	854	853
1233	815	1053
1273	1274	1051
1179	950	949
1179	949	1178
1164	935	934
1164	934	1163
1104	869	868
1104	868	1103
1047	1048	809
1280	1057	1279
1045	1046	807
1194	964	1193
1537	1322	1321
1098	1099	863
1272	1273	1050
1050	811	1049
1427	1208	1428
1424	1203	1204
1151	922	921
1151	1152	922
1052	814	813
1052	813	1051
1140	910	1139
1363	1140	1362
1142	1143	913
1144	915	914
1397	1174	1396
1396	1174	1173
1157	928	927
1531	1532	1316
1358	1359	1136
1131	899	898
1224	996	997
1299	1077	1076
2282	2082	2283
1236	1010	1009
1349	1127	1126
1146	917	916
1185	956	955
1187	1188	958
1044	805	1043
1486	1268	1267
2276	1914	1709
1199	969	1198
1172	943	942
1084	848	1083
1167	938	937
1167	1168	938
1073	1074	838
1716	1508	1507
1055	820	819
1055	819	1054
1153	924	923
1153	923	1152
1362	1140	1139
1128	1129	896
1150	921	920
1150	1151	921
1217	990	1218
1511	1296	1295
1289	1290	1067
1289	1067	1066
1581	1372	1371
1782	1578	1577
1264	1042	1041
1455	1231	972
1482	1483	1264
1503	1504	1288
1162	933	932
1162	1163	933
1112	877	876
1112	1113	877
1169	940	939
1169	939	1168
1225	997	998
1225	998	1226
1080	1081	845
1676	1460	1229
1091	855	1090
1093	1094	858
1071	1072	836
1435	1215	1216
1452	1031	789
1475	1251	1250
1585	1376	1375
1100	864	1099
3291	1466	1241
1184	1185	955
1020	1021	778
1180	1181	951
2240	2064	2051
1072	1073	837
1095	860	859
1095	859	1094
1241	1242	1015
1183	954	953
1470	1245	1469
1613	1403	1612
1516	1517	1301
1807	1603	1602
1107	872	871
1108	872	1107
1516	1301	1300
1867	1258	1480
1316	1317	1094
1310	1088	1087
1166	937	936
1166	1167	937
1038	798	797
1038	1013	798
1337	1338	1115
1329	1107	1106
1142	913	912
1542	1543	1327
1406	1184	1183
1854	1856	1672
1124	892	891
1124	1125	892
1518	1302	1517
1858	1669	1851
1047	808	1046
1060	1061	825
1221	993	994
1221	1220	993
1200	971	970
1455	971	1200
1022	780	779
1022	779	1021
1218	990	991
1218	991	1219
1454	818	817
1454	1054	818
1403	1181	1180
1405	1183	1182
1210	1209	982
1481	1260	1259
1737	1738	1529
1383	1161	1160
1192	963	962
1192	1193	963
1223	995	996
1223	996	1224
1266	1044	1043
1418	1196	1195
1189	960	959
1208	980	981
1400	1178	1177
1684	1470	1469
1128	896	895
1128	895	1127
1186	957	956
1186	956	1185
2761	2608	2310
1820	1821	1616
1199	970	969
1199	1200	970
1268	1269	1046
1274	1052	1051
1109	874	873
1109	1110	874
1019	776	1018
1249	1250	1023
1382	1159	1381
1096	860	1095
1202	973	974
2591	2450	2427
1097	862	861
1097	1098	862
1069	833	1068
1211	983	984
1060	825	824
1060	824	1059
1255	1029	1028
1172	942	1171
1592	1382	1591
1160	1161	931
1453	905	904
1453	1135	905
1010	771	767
1010	767	1009
1230	1003	1004
1230	1004	1205
1011	768	769
1011	1009	768
1138	909	908
1138	1139	909
1070	834	1069
1071	836	835
1040	1041	802
1263	1041	1040
1368	1146	1145
1367	1368	1145
1576	1366	1575
1111	1112	876
1412	1413	1190
1410	1411	1188
1354	1131	1353
1133	1134	901
1040	802	801
1040	801	1039
1353	1131	1130
1563	1564	1351
1194	965	964
1194	1195	965
1156	926	1155
1379	1156	1378
1336	1114	1113
1335	1336	1113
1428	1208	1209
1409	1186	1408
1123	891	890
1123	1124	891
1437	1218	1438
1301	1302	1079
1122	890	889
1122	1123	890
1434	1215	1435
1670	1429	1210
1217	989	990
1217	1216	989
1062	827	826
1062	826	1061
1509	1293	1508
1294	1295	1072
1517	1302	1301
1227	1226	999
1036	794	1035
1260	1037	1036
1297	1075	1074
3285	2042	2624
1145	1146	916
1332	1110	1109
1102	867	866
1102	866	1101
1227	999	1000
1227	1000	1228
1154	925	924
1154	1155	925
1309	1087	1086
1389	1167	1166
1371	1149	1148
1370	1148	1147
1318	1096	1095
1372	1149	1371
1212	984	985
1212	1211	984
1070	835	834
1070	1071	835
1384	1161	1383
1314	1092	1091
1165	936	935
1165	1166	936
1100	865	864
1100	1101	865
1047	809	808
1283	1061	1060
1015	773	772
1015	772	1014
1096	861	860
1096	1097	861
1050	812	811
1050	1051	812
1394	1171	1393
1478	1255	1254
1174	945	944
1174	944	1173
1121	889	888
1121	1122	889
1119	884	883
1456	884	1119
1213	985	986
1213	1212	985
1160	931	930
1160	930	1159
1450	1206	978
1461	1236	1235
1402	1180	1179
1245	1019	1018
1045	807	806
1045	806	1044
1019	777	776
1019	1020	777
1323	1101	1100
1535	1320	1319
1111	876	875
1111	875	1110
1184	955	954
1184	954	1183
1191	962	961
1191	961	1190
1116	881	880
1116	1117	881
1148	919	918
1148	1149	919
1108	873	872
1108	1109	873
1395	1396	1173
1395	1173	1172
1024	782	781
1024	1025	782
1080	845	844
1080	844	1079
1036	795	794
1036	1037	795
1346	1123	1345
1338	1116	1115
1209	981	982
1209	1208	981
1145	916	915
1145	915	1144
1308	1085	1307
1170	941	940
1016	774	773
1016	1017	774
1029	786	1028
1605	1395	1604
1058	823	822
1058	1059	823
1029	787	786
1029	1030	787
1085	850	849
1085	849	1084
1175	946	945
1175	1176	946
1548	1333	1332
1365	1143	1142
1358	1136	1135
1132	899	1131
1207	979	980
1207	980	1208
1156	927	926
1156	1157	927
1222	994	995
1222	1221	994
1215	987	988
1215	988	1216
1393	1171	1170
1524	1309	1308
1201	976	973
1201	1205	976
1132	900	899
1132	1133	900
1088	853	852
1088	852	1087
1034	793	792
1034	792	1033
1105	870	869
1105	1106	870
1414	1191	1413
1622	1413	1412
1026	784	783
1026	783	1025
1093	858	857
1093	857	1092
1343	1121	1120
1340	1118	1117
1063	828	827
1063	1064	828
1210	982	983
1210	983	1211
1031	790	789
1031	1032	790
1203	974	975
1203	975	1204
1337	1114	1336
1973	1974	1770
1282	1060	1059
1694	1484	1483
1488	1489	1270
1490	1271	1489
1836	1636	1637
1513	1298	1297
1730	1731	1522
1303	1081	1080
1327	1328	1105
1321	1322	1099
1613	1404	1403
1614	1405	1404
1344	1345	1122
1554	1339	1338
1690	1476	1475
1463	1241	1237
1381	1159	1158
1378	1156	1155
1264	1265	1042
1483	1265	1264
1558	1345	1557
1339	1116	1338
1262	1039	1231
1420	1197	1419
1566	1353	1565
1347	1125	1124
1599	1390	1389
1397	1175	1174
2250	2072	2076
1881	1867	1480
1322	1100	1099
1322	1323	1100
1580	1371	1370
1369	1146	1368
1535	1319	1534
1384	1385	1162
1412	1189	1411
1239	1013	1240
1710	1502	1501
1627	1418	1417
1361	1362	1139
1364	1142	1141
1607	1398	1397
1305	1083	1082
1382	1383	1160
1381	1158	1380
1296	1297	1074
1512	1296	1511
1291	1069	1068
1822	1823	1618
1346	1124	1123
1346	1347	1124
1748	1540	1539
1794	1590	1589
1361	1139	1138
1774	1570	1569
1268	1045	1267
1270	1048	1047
1298	1299	1076
1719	1720	1511
1673	1030	1457
2092	1886	1885
1436	1216	1217
1436	1435	1216
1518	1303	1302
1394	1172	1171
1385	1163	1162
1380	1158	1157
1454	817	1233
1276	1233	1053
1632	1426	1423
1480	1258	1257
1267	1045	1044
1267	1044	1266
1467	1243	1242
1615	1616	1406
1261	1263	1040
1666	1261	1262
1453	904	1232
1355	1133	1132
1342	1120	1234
1340	1341	1118
1506	1290	1505
1432	1213	1433
1376	1154	1153
1544	1329	1328
1348	1125	1347
1337	1115	1114
1376	1153	1375
1324	1102	1101
1605	1396	1395
1304	1081	1303
2267	2246	2057
2013	2014	1811
1290	1068	1067
1290	1291	1068
1354	1355	1132
1562	1350	1349
1333	1111	1110
1366	1144	1143
1388	1166	1165
1387	1165	1164
1250	1024	1023
1250	1251	1024
1306	1084	1083
1306	1083	1305
1244	1018	1017
1244	1245	1018
1296	1073	1295
1641	1435	1436
1419	1197	1196
1419	1196	1418
1529	1530	1314
1311	1312	1089
1352	1130	1129
1352	1353	1130
1422	1200	1199
1422	1262	1200
1654	1275	1274
1277	1054	1276
1439	1220	1440
1298	1075	1297
1462	1463	1237
1411	1189	1188
1519	1304	1303
1807	1808	1603
1252	1026	1025
1252	1253	1026
1372	1150	1149
1372	1373	1150
1395	1172	1394
1397	1398	1175
1259	1036	1035
1259	1260	1036
1404	1182	1181
1404	1405	1182
1573	1364	1363
1574	1575	1365
1261	1040	1039
1261	1039	1262
1351	1129	1128
1351	1352	1129
1374	1152	1151
1374	1151	1373
1406	1183	1405
1620	1411	1410
1444	1224	1225
1444	1443	1224
1452	789	788
1673	788	1030
1526	1311	1310
1386	1387	1164
1333	1110	1332
1564	1352	1351
1331	1108	1330
1331	1332	1109
1356	1133	1355
1357	1453	1232
1243	1017	1016
1243	1244	1017
1335	1113	1112
1563	1350	1562
1451	797	796
1451	1674	797
1429	1209	1210
1429	1428	1209
1400	1401	1178
1402	1403	1180
1401	1179	1178
1611	1401	1610
1321	1099	1098
1321	1098	1320
1302	1080	1079
1302	1303	1080
1635	1428	1429
1505	1289	1504
1292	1069	1291
2059	2051	1857
1350	1128	1127
1350	1351	1128
1254	1028	1027
1671	1027	1253
1508	1293	1292
1431	1211	1212
1612	1403	1402
1611	1402	1401
1454	1233	1276
1454	1276	1054
1796	1592	1591
1319	1320	1097
1375	1153	1152
1375	1152	1374
1317	1095	1094
1317	1318	1095
1239	1012	1013
1239	1238	1012
1392	1170	1169
1392	1393	1170
1398	1176	1175
1398	1399	1176
1386	1164	1163
1386	1163	1385
1551	1336	1335
1769	1770	1563
1455	1200	1262
1455	1262	1231
1642	1436	1437
1643	1642	1437
1365	1366	1143
1365	1142	1364
1265	1043	1042
1265	1266	1043
1445	1225	1226
1445	1444	1225
1363	1141	1140
1363	1364	1141
1369	1147	1146
1369	1370	1147
1465	1239	1240
1628	1419	1418
1824	1825	1620
1712	1504	1503
1720	1512	1511
1440	1220	1221
1342	1343	1120
1665	1343	1342
2131	1931	1930
1479	1255	1478
1630	1420	1629
1655	1263	1261
1604	1395	1394
2627	2416	2246
1313	1090	1312
1313	1314	1091
1246	1020	1019
1246	1019	1245
1367	1145	1144
1367	1144	1366
1279	1057	1056
1279	1056	1278
1456	1234	885
1342	1119	1341
1821	1617	1616
1400	1177	1399
1304	1082	1081
1304	1305	1082
1490	1272	1271
1275	1276	1053
1593	1384	1383
1315	1092	1314
1668	1275	1654
1273	1051	1050
1277	1055	1054
1277	1278	1055
1589	1380	1379
1746	1538	1537
1532	1317	1316
1790	1586	1585
1425	1424	1204
2057	2054	1872
1520	1305	1304
1311	1088	1310
1968	1765	1764
1556	1341	1340
1876	1656	1567
1357	1358	1135
1449	1002	1003
1449	1676	1002
2120	1920	1919
1459	1207	1427
1287	1065	1064
1287	1288	1065
1417	1195	1194
1417	1418	1195
1568	1569	1359
1357	1135	1453
1407	1408	1185
1617	1407	1616
1293	1071	1070
1293	1294	1071
1606	1397	1396
1255	1028	1254
2201	2202	2009
1521	1305	1520
1237	1014	1010
1237	1010	1236
1437	1217	1218
1437	1436	1217
1242	1016	1015
1242	1243	1016
1271	1048	1270
1490	1491	1272
1784	1580	1579
1576	1367	1366
1764	1557	1873
1575	1366	1365
1609	1610	1400
1610	1401	1400
1420	1198	1197
1420	1421	1198
1348	1126	1125
1348	1349	1126
1509	1294	1293
1639	1433	1434
1741	1742	1533
1539	1324	1323
1281	1282	1059
1280	1058	1057
1286	1064	1063
1286	1287	1064
1631	1422	1421
1489	1271	1270
1628	1629	1419
1482	1264	1263
1391	1169	1168
1391	1168	1390
1281	1059	1058
1281	1058	1280
1316	1094	1093
1316	1093	1315
1597	1387	1596
1534	1319	1318
1269	1047	1046
1269	1270	1047
1388	1165	1387
1527	1528	1312
1654	1274	1492
1495	1280	1279
1456	1119	1342
1456	1342	1234
1441	1222	1442
1515	1300	1299
1560	1348	1347
1770	1564	1563
1623	1413	1622
1285	1286	1063
1357	1232	1134
1357	1134	1356
1657	1451	1037
1500	1501	1285
1634	1428	1635
1488	1270	1269
1319	1097	1096
1319	1096	1318
1416	1194	1193
1416	1417	1194
1433	1213	1214
1433	1214	1434
1300	1078	1077
1300	1077	1299
1326	1104	1103
1754	1546	1545
1344	1122	1121
1344	1121	1343
1446	1226	1227
1446	1227	1447
1578	1369	1368
1545	1330	1329
1326	1327	1104
1326	1103	1325
1561	1349	1348
1335	1112	1334
1389	1390	1167
1734	1525	1733
1415	1193	1192
1415	1416	1193
1442	1222	1223
1442	1223	1443
1301	1079	1078
1301	1078	1300
1594	1385	1384
1595	1596	1386
1257	1032	1031
1257	1258	1032
1430	1210	1211
1430	1211	1431
1606	1607	1397
1519	1303	1518
1432	1212	1213
1432	1431	1212
1423	1205	1201
1423	1426	1205
1450	978	979
1675	979	1207
1596	1387	1386
1528	1313	1312
1545	1329	1544
1789	1585	1584
1275	1053	1052
1275	1052	1274
1414	1192	1191
1414	1415	1192
1307	1085	1084
1307	1084	1306
1377	1155	1154
1377	1154	1376
1256	1030	1029
1256	1029	1255
1360	1138	1137
1360	1361	1138
1773	1567	1566
1570	1361	1360
1379	1157	1156
1379	1380	1157
1441	1221	1222
1441	1440	1221
1407	1185	1184
1407	1184	1406
1582	1373	1372
1542	1327	1326
1619	1409	1618
1713	1505	1504
1241	1015	1014
1241	1014	1237
1533	1534	1318
1591	1382	1381
1292	1070	1069
1292	1293	1070
1285	1063	1062
1285	1062	1284
1409	1187	1186
1409	1410	1187
1514	1515	1299
1513	1297	1512
1439	1219	1220
1439	1438	1219
1339	1117	1116
1339	1340	1117
1565	1353	1352
1551	1552	1336
1541	1325	1540
1587	1378	1377
1247	1021	1020
1247	1020	1246
1249	1023	1022
1249	1022	1248
1448	1228	1229
1448	1447	1228
1235	1009	1011
1235	1236	1009
1271	1049	1048
1271	1272	1049
1308	1086	1085
1308	1309	1086
1959	1754	1958
1775	1571	1570
1644	1438	1439
1512	1297	1296
1765	1559	1558
1559	1560	1347
1558	1346	1345
1559	1346	1558
1548	1332	1547
1547	1332	1331
1719	1510	1718
1727	1519	1518
3278	1805	2007
1522	1307	1306
1792	1588	1587
1579	1369	1578
1818	1614	1613
1817	1613	1612
1720	1721	1512
1637	1431	1432
2187	1994	1993
1583	1373	1582
1543	1328	1327
1543	1544	1328
1608	1398	1607
1730	1521	1729
1768	1562	1561
1566	1354	1353
1572	1573	1363
1976	1773	1772
1504	1289	1288
1506	1291	1290
1867	1663	1258
1626	1417	1416
1786	1582	1581
1752	1543	1751
1636	1430	1431
1717	1509	1508
2072	1877	2076
1880	1660	1450
2359	2178	2358
1745	1537	1536
1959	1755	1754
1747	1539	1538
1530	1315	1314
1598	1389	1388
1473	1249	1248
1815	1611	1610
1727	1728	1519
1929	1725	1724
1522	1523	1307
1525	1309	1524
1725	1516	1724
1516	1300	1515
1510	1294	1509
1670	1210	1430
1667	1358	1357
1667	1357	1356
1653	1557	1344
1557	1345	1344
1609	1400	1399
1814	1609	1813
1586	1587	1377
1538	1539	1323
1498	1283	1282
1495	1279	1494
1822	1618	1617
1618	1409	1408
1593	1594	1384
1590	1381	1380
1602	1393	1392
1726	1517	1725
1507	1292	1291
1507	1508	1292
1588	1589	1379
1536	1537	1321
1469	1245	1244
1612	1402	1611
1731	1523	1522
1798	1799	1594
1709	1500	1708
1623	1414	1413
1744	1536	1535
1951	1747	1746
1762	1554	1553
1561	1348	1560
1698	1488	1487
1498	1499	1283
1817	1612	1816
1816	1611	1815
1577	1578	1368
1779	1780	1575
1601	1391	1600
2007	1805	1804
1571	1362	1361
1571	1361	1570
1646	1440	1441
3246	3283	1846
1655	1482	1263
1626	1416	1625
1628	1418	1627
1484	1485	1266
1581	1371	1580
1581	1582	1372
1629	1420	1419
1666	1422	1631
1887	1868	1633
1634	1427	1428
1550	1335	1334
1758	1550	1549
1919	1715	1714
1620	1621	1411
1493	1278	1277
1668	1276	1275
1624	1414	1623
1625	1416	1415
1540	1325	1324
1540	1324	1539
1674	1038	797
1458	1240	1038
1812	1608	1607
2014	1812	1811
1630	1421	1420
1631	1421	1630
1556	1340	1555
1665	1342	1341
1643	1437	1438
1643	1438	1644
1752	1753	1544
1546	1547	1331
1672	1011	1238
1672	1235	1011
1894	1687	1686
1855	1853	1671
1536	1321	1320
1536	1320	1535
1569	1360	1359
1569	1570	1360
1599	1600	1390
1603	1604	1394
1704	1496	1495
1492	1274	1273
1870	1259	1662
2246	2054	2057
1813	1608	1812
3247	1474	1688
1700	1489	1699
1494	1278	1493
1939	1735	1734
1671	1254	1027
1468	1469	1244
3312	1683	1892
1514	1299	1298
1850	1651	1652
1506	1507	1291
2063	1854	1464
1510	1295	1294
1510	1511	1295
1637	1636	1431
2222	2030	2029
1472	1248	1247
1472	1473	1248
1572	1363	1362
1572	1362	1571
1501	1286	1285
1501	1502	1286
1500	1285	1284
1500	1284	1499
1497	1282	1281
1705	1496	1704
1755	1756	1547
1747	1748	1539
1538	1323	1322
1538	1322	1537
1577	1368	1367
1577	1367	1576
1564	1565	1352
1563	1351	1350
1621	1412	1411
1621	1622	1412
1523	1308	1307
1523	1524	1308
1665	1653	1343
1653	1344	1343
1763	1873	1555
1552	1337	1336
1703	1495	1494
1875	1654	1492
1641	1436	1642
1718	1509	1717
1901	1902	1696
1697	1487	1486
1529	1314	1313
1529	1313	1528
1525	1310	1309
1525	1526	1310
1491	1273	1272
1491	1492	1273
1834	1630	1629
1697	1698	1487
1656	1355	1567
1656	1568	1667
1595	1386	1385
1945	1741	1740
1462	1237	1236
1462	1236	1461
1519	1520	1304
2864	2738	2741
1497	1498	1282
1832	1833	1628
1468	1244	1243
1468	1243	1467
1598	1388	1597
1735	1527	1526
2028	1826	1825
3291	1241	1463
1897	2103	3213
1613	1614	1404
1584	1375	1374
1584	1585	1375
1640	1639	1434
1923	1924	1719
1744	1535	1743
1955	1956	1751
1828	1624	1623
1829	1625	1624
1730	1522	1521
1806	1602	1601
1693	1694	1483
1874	1631	1630
1616	1407	1406
2030	1828	1827
1484	1266	1265
1484	1265	1483
1590	1591	1381
1590	1380	1589
1531	1316	1315
1531	1315	1530
1598	1599	1389
1597	1388	1387
1546	1331	1330
1546	1330	1545
2433	2261	2075
1823	1619	1618
1980	1778	1777
2274	2070	1976
1802	1598	1597
1737	1528	1736
1645	1644	1439
2764	2574	2732
1873	1557	1653
1873	1556	1555
1791	1792	1587
2182	1988	2181
1767	1560	1766
1756	1548	1547
1551	1335	1550
1553	1337	1552
1666	1655	1261
1666	1631	1655
1732	1733	1524
1606	1396	1605
1721	1513	1512
1513	1514	1298
2215	2023	2022
1824	1620	1619
1574	1365	1364
1574	1364	1573
1810	1606	1605
1811	1607	1606
1627	1417	1626
1711	1502	1710
1527	1312	1311
1527	1311	1526
1845	1844	1645
1722	1513	1721
1707	1499	1498
1826	1622	1621
1700	1490	1489
1496	1281	1280
1662	1035	1034
1662	1259	1035
1645	1439	1440
1645	1440	1646
1665	1341	1556
1665	1556	1653
2077	1878	2073
2262	2251	2073
1852	1670	1857
2731	2569	2765
1533	1318	1317
1533	1317	1532
1801	1802	1597
1736	1528	1527
1695	1484	1694
2224	2033	2032
1553	1338	1337
1553	1554	1338
1579	1370	1369
1579	1580	1370
1549	1333	1548
1779	1574	1778
1476	1252	1251
1476	1251	1475
1549	1334	1333
1549	1550	1334
1650	1444	1445
2065	2050	1851
1660	1425	1206
1660	1206	1450
1496	1497	1281
1496	1280	1495
1487	1268	1486
1708	1500	1499
1918	1713	1917
1714	1715	1506
1521	1306	1305
1521	1522	1306
1608	1609	1399
3272	1690	1475
3289	1638	1433
1714	1506	1505
1811	1812	1607
2760	2313	2607
1759	1550	1758
2158	1958	2157
1658	1031	1452
1658	1257	1031
1601	1392	1391
1601	1602	1392
1668	1493	1277
1668	1654	1493
1638	1432	1433
1638	1637	1432
1659	1230	1426
1659	1449	1230
1471	1247	1246
1471	1472	1247
1676	1229	1002
1460	1448	1229
1733	1525	1524
1936	1732	1731
1615	1406	1405
1615	1405	1614
1647	1441	1442
1647	1646	1441
1652	1447	1448
2066	1879	2079
1807	1602	1806
2058	1858	2050
1583	1374	1373
1583	1584	1374
1640	1434	1435
1640	1435	1641
1624	1415	1414
1624	1625	1415
1541	1326	1325
1541	1542	1326
1474	1250	1249
1474	1249	1473
1619	1410	1409
1619	1620	1410
1723	1515	1514
1724	1516	1515
1477	1253	1252
1477	1252	1476
1769	1563	1562
1783	1579	1578
1586	1377	1376
1586	1376	1585
1649	1443	1444
1649	1444	1650
1663	1034	1033
1663	1033	1258
2245	2063	2082
2442	2258	1884
1742	1534	1533
1797	1592	1796
1487	1269	1268
1487	1488	1269
1588	1379	1378
1588	1378	1587
1592	1383	1382
1592	1593	1383
2082	2063	1680
2618	2422	2249
1567	1355	1354
1567	1354	1566
1705	1706	1497
1699	1489	1488
1661	1201	1202
1661	1423	1201
1568	1359	1358
1568	1358	1667
1651	1446	1447
1651	1447	1652
1813	1609	1608
2211	2212	2019
1464	1238	1239
1464	1239	1465
2277	1732	1936
1803	1599	1598
1664	1202	1203
1664	1203	1424
1559	1347	1346
2164	2165	1965
1695	1696	1485
1832	1628	1627
1466	1242	1241
1466	1467	1242
1839	1639	1640
1719	1511	1510
1648	1442	1443
1648	1443	1649
1760	1552	1551
1759	1551	1550
1603	1394	1393
1603	1393	1602
1673	1452	788
1457	1030	1256
1656	1356	1355
1656	1667	1356
2063	1464	1680
3262	1685	1470
1617	1408	1407
1617	1618	1408
1749	1540	1748
1753	1754	1545
1470	1246	1245
1470	1471	1246
1503	1288	1287
1503	1287	1502
2157	1957	2156
1784	1785	1580
1799	1595	1594
1948	1744	1743
2186	1993	1992
1781	1577	1576
2320	2321	2138
1805	1806	1601
1693	1483	1482
1831	1832	1627
1908	1703	2068
1705	1497	1496
1715	1507	1506
1716	1507	1715
1979	1777	1776
1757	1758	1549
3262	1470	1684
1816	1612	1611
1820	1616	1615
1819	1820	1615
2170	1974	1973
1777	1778	1573
1902	1697	1696
1830	1626	1625
1873	1653	1556
1765	1766	1559
1864	1657	1260
1864	1260	1481
1711	1503	1502
1711	1712	1503
2019	1816	2018
2018	1816	1815
1809	1605	1604
2242	2062	2052
1738	1530	1529
1940	1736	1735
1846	1646	1647
1848	1648	1649
1778	1574	1573
2156	1957	1956
1776	1572	1571
1876	1568	1656
1746	1747	1538
1955	1751	1750
3247	3282	1896
1895	1688	1687
1856	1461	1235
1856	1235	1672
1743	1535	1534
1743	1534	1742
2017	1815	1814
2209	2017	2016
1877	1451	1657
1674	1458	1038
3289	1639	3248
1718	1510	1509
1772	1773	1566
2070	1773	1976
1795	1591	1590
1736	1527	1735
1683	1469	1468
1683	1684	1469
1827	1623	1622
1827	1828	1623
1763	1555	1554
1970	1767	1766
1785	1581	1580
1785	1786	1581
2181	1988	1987
2191	1997	2190
3272	1689	1897
2060	1855	1477
1991	1789	1788
1750	1542	1541
1926	1722	1721
2046	1845	1846
2061	1461	1856
2023	1821	1820
1693	1482	1874
1834	1874	1630
1999	1797	1796
2145	2146	1946
1787	1583	1582
1787	1582	1786
1848	1649	1849
1723	1724	1515
1857	1430	1636
1857	1670	1430
1761	1553	1552
1761	1552	1760
1734	1526	1525
1734	1735	1526
1741	1533	1532
1798	1593	1797
1751	1543	1542
1753	1545	1544
2126	1925	2125
2040	1839	1840
1879	1460	1676
2257	2248	2079
2019	1817	1816
1889	1678	1677
1707	1498	1706
1699	1488	1698
1739	1531	1530
1739	1530	1738
1797	1593	1592
1798	1594	1593
1878	1673	1457
2085	2080	1692
1929	1724	1928
2734	2418	2582
1945	1740	1944
1793	1794	1589
2558	2380	2379
1803	1598	1802
1928	1724	1723
2888	3232	3276
1866	1426	1632
1866	1659	1426
1682	1683	1468
3307	1679	1890
1800	1596	1595
1800	1595	1799
1876	1567	1773
1965	1966	1761
1793	1589	1588
1793	1588	1792
2014	2015	1812
1728	1520	1519
1788	1584	1583
1788	1583	1787
1709	1501	1500
1709	1710	1501
1906	1701	1700
1706	1498	1497
1827	1622	1826
1916	1712	1711
1932	1727	1931
2248	2066	2079
1686	1472	1471
1686	1687	1472
1702	1492	1491
1703	1704	1495
1922	1717	1921
2268	2059	1836
1872	1661	1202
1872	1202	1664
2029	2030	1827
1915	1710	1914
1937	1733	1732
1939	1734	1938
1775	1776	1571
1775	1570	1774
1762	1553	1761
1763	1554	1762
1780	1576	1575
1779	1575	1574
1811	1606	1810
1810	1605	1809
1783	1784	1579
1783	1578	1782
2261	2067	1860
1716	1717	1508
1868	1424	1633
1868	1664	1424
1879	1449	1659
1879	1676	1449
1771	1565	1564
1771	1564	1770
1875	1493	1654
1908	1704	1703
1749	1541	1540
1749	1750	1541
1695	1485	1484
2032	1830	1829
1755	1547	1546
1755	1546	1754
1863	1480	1257
1863	1257	1658
3286	2045	2233
2044	1843	1844
1768	1769	1562
1981	1778	1980
2176	1982	2175
1751	1542	1750
1701	1702	1491
1913	1709	1708
2024	1822	1821
1818	1613	1817
1829	1624	1828
1903	1697	1902
1795	1796	1591
1795	1590	1794
1874	1482	1655
1874	1655	1631
1824	1619	1823
2220	2028	2027
1681	1467	1466
3291	3271	1679
1707	1708	1499
1904	1699	1698
1678	1463	1462
3271	1890	1679
1853	1478	1254
1853	1254	1671
1855	1671	1253
1855	1253	1477
2204	2012	2011
1725	1517	1516
1927	1723	1722
3286	2233	2044
1840	1640	1641
1840	1839	1640
1804	1600	1599
1804	1599	1803
1930	1726	1725
2130	1929	2129
1789	1790	1585
1789	1584	1788
2013	1811	1810
1930	1931	1726
3269	1838	2038
1714	1505	1713
1674	1451	1877
1674	1877	1458
2031	1829	1828
1829	1830	1625
1740	1531	1739
1945	1946	1741
1675	1450	979
1675	1880	1450
1851	1669	1446
1851	1446	1651
1677	1462	1461
1677	1678	1462
1921	1717	1716
2042	1841	1842
1781	1576	1780
1781	1782	1577
1859	1448	1460
1859	1652	1448
1869	1632	1423
1869	1423	1661
1943	1739	1738
1944	1740	1739
1854	1672	1238
1854	1238	1464
1841	1641	1642
1841	1840	1641
1870	1481	1259
2081	1680	1465
1801	1597	1596
1801	1596	1800
1729	1521	1520
1729	1520	1728
1862	1240	1458
1862	1465	1240
2024	1821	2023
1835	1634	1635
1852	1635	1429
1852	1429	1670
2151	1952	1951
1752	1544	1543
1805	1601	1600
1805	1600	1804
1876	1569	1568
1876	1774	1569
1732	1524	1523
1732	1523	1731
1688	1474	1473
1688	1473	1687
1878	1658	1452
1878	1452	1673
2020	1818	1817
1757	1549	1548
1757	1548	1756
1791	1587	1586
1791	1586	1790
1675	1207	1459
1675	1459	1880
1825	1621	1620
1825	1826	1621
2027	1824	2026
1911	1707	1706
1682	1468	1467
1682	1467	1681
1737	1529	1528
1942	1738	1737
1865	1425	1660
1865	1633	1425
1701	1491	1490
1701	1490	1700
1808	1604	1603
1808	1809	1604
2069	1874	1834
1834	1629	1833
1777	1573	1572
1777	1572	1776
2286	2086	2087
2026	1824	1823
1982	1983	1780
2164	1965	1964
1905	1699	1904
1910	1706	1705
1875	1492	1702
2224	2225	2033
1680	1464	1465
2032	2033	1830
1814	1610	1609
1814	1815	1610
1944	1739	1943
2001	2002	1799
1837	1637	1638
1837	1836	1637
1831	1627	1626
1831	1626	1830
1722	1514	1513
1722	1723	1514
1971	1768	1767
1979	1980	1777
1740	1532	1531
1740	1741	1532
2445	2415	2267
2081	1465	1862
1842	1642	1643
1842	1841	1642
2047	1847	3225
3246	1846	1647
1767	1561	1560
1767	1768	1561
1843	1643	1644
3261	1643	1843
2528	2350	2349
1970	1971	1767
1935	1936	1731
2201	2009	2008
1764	1558	1557
1764	1765	1558
1952	1748	1747
1952	1747	1951
2034	2035	1832
2035	1833	1832
1685	1471	1470
1685	1686	1471
1875	1494	1493
1875	1703	1494
2161	1962	1961
1967	1763	1762
1972	1768	1971
1759	1760	1551
1772	1566	1565
1772	1565	1771
2015	1813	1812
2060	1477	1691
1819	1615	1614
1819	1614	1818
1946	1742	1741
2183	1989	2182
2080	1861	1479
2579	2415	2445
3289	1433	1639
3267	2227	2037
3270	1847	3290
3270	1648	1848
1934	1730	1729
2009	1807	1806
1977	1774	2070
1974	1771	1770
2442	1884	2091
1920	1716	1715
3206	3307	2095
2465	2278	2413
1844	1644	1645
1844	1843	1644
2266	2056	2247
2055	2056	1871
1962	1758	1757
1956	1752	1751
1861	1256	1479
1861	1457	1256
1860	1459	1427
1860	1427	1634
1696	1486	1485
1696	1697	1486
1845	1645	1646
1845	1646	1846
1947	1742	1946
1953	1748	1952
1964	1760	1759
2275	2071	1967
1858	1445	1669
1858	1650	1445
2034	1832	1831
1901	1695	1900
1691	1477	1476
1691	1476	1690
2010	1807	2009
2011	1808	2010
1726	1518	1517
1726	1727	1518
1745	1746	1537
1745	1536	1744
1911	1706	1910
1900	1695	1694
1958	1754	1753
1986	1784	1783
1871	1662	1034
1871	1034	1663
1924	1925	1720
3210	2038	2228
1950	1951	1746
1950	1746	1745
2209	2210	2017
2017	2018	1815
1917	1713	1712
2029	1827	1826
1925	1721	1720
1926	1721	1925
2075	1634	1835
2075	1860	1634
2071	1763	1967
2071	1873	1763
1912	1708	1707
2112	1911	1910
2157	1958	1957
2334	2152	2151
2045	1844	1845
2045	1845	2046
2068	1703	1875
2068	1875	1702
2070	1774	1876
2070	1876	1773
2193	2000	1999
2147	1948	1947
2234	2045	2046
1924	1720	1719
2041	1840	1841
2041	2040	1840
1899	1900	1694
2036	1834	1833
1996	1794	1793
1941	1942	1737
2133	1933	1932
2010	1808	1807
2167	1971	1970
1973	1769	1972
2056	1870	1662
2056	1662	1871
1932	1728	1727
1931	1727	1726
2027	1825	1824
2025	1823	1822
2265	2247	2055
2459	2093	2439
2002	1800	1799
2196	2197	2003
2154	1955	1954
2182	1989	1988
2719	2589	2599
2270	1691	1898
2079	1659	1866
2079	1879	1659
2695	2545	2694
2194	2195	2001
1909	1910	1705
2272	2253	1908
2134	1934	1933
2197	2004	2003
1942	1943	1738
2198	2005	2004
1939	1940	1735
2194	2001	2000
1973	1770	1769
1972	1769	1768
1929	1930	1725
2050	1858	1851
1909	1705	1704
1908	1909	1704
2024	2025	1822
2025	2026	1823
1920	1921	1716
1920	1715	1919
1933	1934	1729
2134	1933	2133
1998	1796	1795
1998	1999	1796
1938	1734	1733
1938	1733	1937
2394	2220	2219
3279	1828	2030
1966	1762	1761
1966	1967	1762
1995	1996	1793
1949	1950	1745
3279	2450	2031
1912	1707	1911
2233	2045	2234
3285	2231	2041
1969	1970	1766
2254	1968	2275
1987	1784	1986
1957	1958	1753
2188	1995	1994
2149	1950	1949
1969	1766	1765
1969	1765	1968
2370	2190	2189
1992	1789	1991
2199	2006	2005
2004	2005	1802
2016	1813	2015
2210	2018	2017
3246	1847	2047
3283	2235	2046
1915	1711	1710
1916	1917	1712
2096	3281	3206
2021	1819	1818
2171	1975	1974
1975	1976	1772
2872	2638	2590
2440	2257	1886
2022	2023	1820
2605	2214	2389
2069	1834	2036
2036	1833	2035
2132	1932	1931
2049	1848	1849
1918	1919	1714
2119	1919	1918
1978	1776	1775
1978	1979	1776
2006	1804	1803
2006	2007	1804
2012	1810	1809
2384	2204	2383
1886	1866	1632
1886	1632	1885
2159	2160	1960
1963	1759	1758
2152	1953	1952
2180	1986	2179
1901	1696	1695
1903	1904	1698
2850	2712	2713
2264	2054	2246
2165	1966	1965
3260	2430	2254
2054	1661	1872
2054	1869	1661
1993	1791	1790
2191	2192	1998
1947	1743	1742
1947	1948	1743
2168	1971	2167
1961	1756	1960
2207	2015	2014
2080	1479	1692
2389	2214	2213
2020	1817	2019
2671	2514	2513
2542	2364	2363
2344	2162	2161
1963	1758	1962
2073	1878	1457
2073	1457	1861
2118	1917	2117
2117	1917	1916
1899	1694	1693
2273	2252	1899
2244	2271	2061
2061	1677	1461
1985	1783	1782
1985	1986	1783
2203	2011	2010
1935	1731	1730
2057	1872	1664
2057	1664	1868
2058	1849	1650
2058	1650	1858
2062	1478	1853
2062	1692	1478
2076	1657	1864
2076	1877	1657
2591	2610	2450
1916	1711	1915
1990	1788	1787
1990	1991	1788
2005	1803	1802
2005	2006	1803
2091	1884	1883
2093	1887	1888
2001	1799	1798
2428	2201	2008
1989	1787	1786
1989	1990	1787
2033	1831	1830
2033	2034	1831
1907	1702	1701
1907	2068	1702
2168	1972	1971
2177	2178	1984
2186	1992	2185
2185	1992	1991
2028	1825	2027
2276	1709	1913
3265	1889	2094
1891	1682	1681
1927	1928	1723
1927	1722	1926
1903	1698	1697
2032	1829	2031
1913	1708	1912
2114	1913	1912
2055	1663	1867
2055	1871	1663
1994	1792	1791
1994	1791	1993
1984	1782	1781
1984	1985	1782
2226	2034	2225
2105	2106	1901
1954	1750	1749
1954	1955	1750
2064	1635	1852
2064	1835	1635
1906	1907	1701
1905	1700	1699
2051	1852	1857
2051	2064	1852
1965	1761	1760
1965	1760	1964
2132	2133	1932
2013	1810	2012
2434	2074	2260
2200	2007	2006
2119	2120	1919
2087	2064	2240
2399	2429	2226
2303	2114	2113
2067	1880	1459
2067	1459	1860
2029	1826	2028
2221	2029	2028
2279	2270	1898
2052	2062	1853
3207	2235	2047
3256	2237	2464
1884	1864	1481
1884	1481	1883
2565	2395	2394
2121	1921	1920
2101	1894	2100
2426	2259	2251
2099	2617	1893
2020	2021	1818
2138	1938	2137
2141	1942	1941
2011	1809	1808
2011	2012	1809
1941	1737	1736
1941	1736	1940
2301	2112	2111
1905	1906	1700
2022	1820	1819
2022	1819	2021
2053	1854	2063
2087	1835	2064
1895	1687	1894
3282	1895	2102
1898	1691	1690
3266	2104	1898
2212	2020	2019
2097	1892	1891
3245	1681	1466
2244	2061	2053
2135	1935	1934
2260	2066	2248
2065	1651	1850
2065	1851	1651
2131	2132	1931
2419	2260	2248
1983	1781	1780
1983	1984	1781
2059	1857	1636
2059	1636	1836
3251	2099	1893
3312	1684	1683
1949	1745	1744
1949	1744	1948
2208	2016	2015
3266	1897	2104
1960	1756	1755
1960	1755	1959
1992	1790	1789
1992	1993	1790
2074	1850	1652
2074	1652	1859
2052	1853	1855
2052	1855	2060
2742	2586	2422
1923	1719	1718
2124	1924	1923
3248	1839	3284
2003	1800	2002
2142	2143	1943
2582	2418	2443
2090	1881	1882
1922	1718	1717
1922	1923	1718
2078	1660	1880
2078	1865	1660
2123	1923	1922
2268	1836	2037
2253	2111	1909
2253	1909	1908
2162	1963	1962
1963	1964	1759
1997	1795	1794
1997	1794	1996
2042	3250	2624
3197	2571	2451
2066	1460	1879
2066	1859	1460
3226	1896	3208
3273	2775	3222
2358	2178	2177
1981	1779	1778
2053	1856	1854
2053	2061	1856
2199	2005	2198
2139	1940	1939
2239	2065	2089
2607	2128	2312
3226	2103	1897
3282	2102	1896
2141	2142	1942
2000	1797	1999
2195	2002	2001
2326	2327	2144
1988	1786	1785
1988	1989	1786
2164	1964	2163
2169	2170	1973
1935	1730	1934
2202	2010	2009
3249	3310	2043
3250	2043	2232
2383	2204	2203
2785	2642	2644
3265	1678	1889
3265	2094	1890
2016	1814	1813
2016	2017	1814
2008	1806	1805
2008	2009	1806
2407	2239	2289
2129	1929	1928
1953	1749	1748
1953	1954	1749
1975	1772	1771
1975	1771	1974
1977	1775	1774
1977	1978	1775
1957	1753	1752
1957	1752	1956
3257	2432	2255
2255	1978	1977
1882	1480	1863
1882	1881	1480
2072	1458	1877
2072	1862	1458
3313	3252	2623
3313	1894	1686
2327	2145	2144
2143	1944	1943
2113	1912	1911
2111	2112	1910
2115	1915	1914
2306	2118	2117
2107	1903	1902
2223	2032	2031
2003	1801	1800
2003	2004	1801
1961	1757	1756
1961	1962	1757
1892	1683	1682
1892	1682	1891
2037	1836	1837
3267	2037	1837
1995	1793	1792
1995	1792	1994
2000	1798	1797
2000	2001	1798
3261	1842	1643
2232	2624	3250
2111	1910	1909
2110	1906	1905
1888	1633	1865
1888	1887	1633
1982	1780	1779
1982	1779	1981
2077	1863	1658
2077	1658	1878
2069	1693	1874
2069	1899	1693
3248	1639	1839
3284	1839	2040
2071	1764	1873
2071	1968	1764
2114	1912	2113
2108	1904	1903
2083	1680	2081
2120	2121	1920
3270	2048	1847
2237	3211	3268
1987	1785	1784
1987	1988	1785
1933	1729	1728
1933	1728	1932
2179	1986	1985
2160	1961	1960
2088	1850	2074
2434	2088	2074
2211	2018	2210
2583	2434	2419
2620	2251	2425
2172	1978	2255
3257	1975	2171
2203	2010	2202
2206	2014	2013
2213	2021	2020
2213	2020	2212
2342	2160	2159
2162	2163	1963
2199	2200	2006
2137	1938	1937
2275	1968	2071
3260	1966	2165
2425	2262	2435
2084	2062	2242
2122	2123	1922
2608	2311	2123
2144	2145	1945
2194	2000	2193
2407	2238	2239
3268	2049	2237
2258	2076	1864
2258	1864	1884
2271	1889	1677
2271	1677	2061
2163	1964	1963
2166	1969	2254
2367	2187	2186
2187	1993	2186
2409	2287	2240
2306	2307	2118
2269	1849	2058
2269	2049	1849
2136	1936	1935
2135	2136	1935
2159	1959	2158
2160	2161	1961
2708	2560	2559
2446	2092	1885
2286	2087	2287
2469	2282	2283
2247	2056	2055
2862	2735	2885
2191	1998	1997
2190	1997	1996
2430	2348	2166
2169	1973	1972
2625	3310	3249
2192	1999	1998
2192	2193	1999
2892	2822	2683
2254	1969	1968
2175	1981	2174
2177	1984	1983
2125	1924	2124
2401	3192	3209
2106	1902	1901
2299	2300	2109
3180	2101	2452
3200	2097	3309
3178	2235	2405
2756	2572	2126
2421	2249	2261
2618	2249	2421
2390	2216	2215
2415	2246	2267
2420	2248	2257
2440	1886	2092
2155	1955	2154
2155	2156	1956
3309	3238	2478
3253	2094	2461
2255	1977	2274
2162	1962	2161
2126	1926	1925
3198	2404	2625
2230	2040	2041
2230	2229	2040
2208	2209	2016
2435	2080	2085
2225	2034	2033
2397	2224	2223
2335	2153	2152
2146	1947	1946
2178	1985	1984
2178	2179	1985
2328	2145	2327
2150	1951	1950
2099	3251	2622
2616	2211	2210
2175	1982	1981
2169	1972	2168
2319	2135	2318
2198	2004	2197
2256	1865	2078
2256	1888	1865
2752	2604	2303
2113	1911	2112
2141	1941	2140
2142	1943	1942
2083	2082	1680
2250	2076	2258
2124	1923	2123
2575	3276	3232
2188	1994	2187
2189	2190	1996
2140	1941	1940
2140	1940	2139
2330	2148	2147
2146	2147	1947
2231	2230	2041
2624	2402	2231
2241	2240	2051
2423	2250	2258
3283	2047	2235
2235	2234	2046
2369	2189	2188
2331	2149	2148
2184	1991	1990
2184	2185	1991
2249	2067	2261
2587	2442	2456
2257	2079	1866
2257	1866	1886
3209	2039	2229
2228	2038	3224
2629	2563	2392
2578	2413	2414
2215	2022	2214
2629	2392	2391
2214	2022	2021
2214	2021	2213
2180	1987	1986
2180	2181	1987
2411	2242	2243
2628	2386	2385
3277	2474	2576
2410	2241	2268
2252	1900	1899
2107	1902	2106
2351	2170	2169
2346	2164	2163
2125	1925	1924
2624	2231	3285
2098	1892	2097
2505	2327	2326
2149	2150	1950
2298	2108	2107
2116	1915	2115
2241	2051	2059
2241	2059	2268
2153	2154	1954
2333	2151	2150
2176	2177	1983
2174	1981	1980
2189	1996	1995
2189	1995	2188
2173	2174	1980
2274	1977	2070
2108	1903	2107
2109	2110	1905
2301	2111	2431
2300	2110	2109
2122	1922	1921
2122	1921	2121
2562	2385	2384
3259	2429	2252
2296	2297	2106
2623	2100	3313
3199	2480	2452
3257	2171	2432
2173	1980	1979
2243	2052	2060
2243	2242	2052
2504	2326	2325
2145	1946	1945
2355	2175	2174
2349	2350	2168
2203	2204	2011
2207	2208	2015
2500	2322	2321
2555	2556	2377
2259	1882	1863
2259	1863	2077
3258	2431	2253
3258	1906	2110
2305	2306	2117
2221	2222	2029
2387	2208	2207
2207	2014	2206
2378	2198	2197
2322	2140	2139
2474	2473	2287
2621	2250	2423
3281	1891	1681
2096	2097	1891
2267	1868	1887
2267	2057	1868
3210	2228	3192
2596	2125	2571
2138	1939	1938
2138	2139	1939
2105	1901	1900
2105	1900	2252
2205	2206	2013
2434	2260	2419
2506	2327	2505
2148	1948	2147
2555	2377	2376
2323	2140	2322
3251	1684	3312
3312	2622	3251
2211	2019	2018
3313	2100	1894
2196	2003	2002
2196	2002	2195
2270	2060	1691
2270	2243	2060
2238	2058	2050
2238	2269	2058
2226	2035	2034
3259	2035	2226
2251	2077	2073
2251	2259	2077
2363	2183	2182
2155	1956	1955
2260	2074	1859
2260	1859	2066
2151	2152	1952
2151	1951	2150
2449	2007	2200
2577	3242	3273
2218	2026	2025
2217	2025	2024
2153	1954	1953
2153	1953	2152
2127	1926	2126
2127	1927	1926
2216	2024	2023
2217	2218	2025
2118	1918	1917
2118	2119	1918
2609	2592	2449
2320	2138	2137
3207	2405	2235
3193	2574	2405
2376	2196	2195
2557	2558	2379
2249	2078	2067
2249	2256	2078
2307	2119	2118
2219	2220	2027
3267	2038	2227
3210	2227	2038
2604	2437	2114
2221	2028	2220
2086	2075	1835
2086	1835	2087
2436	2081	2263
2436	2083	2081
2313	2314	2130
2711	2628	2562
2084	1692	2062
2084	2085	1692
2351	2169	2350
2350	2169	2168
2171	1974	2170
2533	2355	2354
2606	2388	2209
2386	2207	2206
2438	2277	2448
2277	1937	1732
2101	1895	1894
2101	2102	1895
3249	2044	2625
2625	2044	2233
3229	2769	3232
2128	2129	1928
2591	2427	2602
2297	2107	2106
2183	1990	1989
2183	2184	1990
2366	2186	2185
2334	2151	2333
2296	2105	2429
2224	2032	2223
2796	2656	2655
2562	2628	2385
2130	1930	1929
2130	2131	1930
3206	2291	2096
3194	2477	2291
2456	2442	2091
2423	2258	2442
2612	2115	2447
2298	2107	2297
2517	2518	2339
2367	2186	2366
2266	1870	2056
2266	1883	1870
2337	2155	2154
2362	2182	2181
3208	2102	3308
3222	2897	2472
2166	1970	1969
2166	2167	1970
2263	2081	1862
2263	1862	2072
2264	1885	1869
2264	1869	2054
2395	2221	2220
2304	2116	2115
2116	1916	1915
2116	2117	1916
2374	2194	2193
2376	2377	2196
2543	2544	2365
2365	2185	2184
2172	1979	1978
2172	2173	1979
2265	2055	1867
2265	1867	1881
2518	2340	2339
2158	1959	1958
2437	2447	2276
2753	2396	2566
2216	2217	2024
2216	2023	2215
2438	2137	1937
2603	2137	2438
2272	2068	1907
2272	1908	2068
2528	2529	2350
2159	1960	1959
2219	2027	2026
2219	2026	2218
2595	2294	2293
2480	2481	2452
2450	2223	2031
2299	2109	2108
2372	2192	2191
2328	2146	2145
2392	2218	2217
2391	2217	2216
3226	1897	1689
3213	2104	1897
2144	1945	1944
2144	1944	2143
2535	2536	2357
2353	2173	2172
2262	2073	1861
2262	1861	2080
2347	2164	2346
2345	2162	2344
2134	2135	1934
2319	2136	2135
2245	2053	2063
2245	2244	2053
2148	1949	1948
2148	2149	1949
2089	2065	1850
2089	1850	2088
2317	2134	2133
2601	2428	2592
2109	1905	1904
2109	1904	2108
2239	2050	2065
2239	2238	2050
2176	1983	1982
2356	2176	2175
2128	1928	1927
2128	1927	2127
2205	2013	2012
2205	2012	2204
2522	2344	2343
2359	2179	2178
2273	1899	2069
2273	2069	2036
2653	2496	2495
2384	2205	2204
2396	2222	2221
2305	2117	2116
2597	2433	2086
2587	2423	2442
2521	2522	2343
2521	2343	2342
2279	1898	2104
2766	2466	2462
2314	2131	2130
2741	2738	2619
2596	2402	2403
3198	2234	3305
2431	2111	2253
2431	2110	2300
2443	1881	2090
2443	2265	1881
2438	1937	2277
2557	2379	2378
2535	2356	2534
2355	2356	2175
2324	2325	2142
2325	2143	2142
2283	2082	2083
2390	2391	2216
2497	2317	2496
2654	2495	2631
2508	2329	2507
2334	2335	2152
2365	2366	2185
2540	2362	2361
2538	2539	2360
2336	2153	2335
2623	2294	2100
2763	2729	2482
2412	2411	2243
2370	2189	2369
2668	2511	2510
2453	2443	2090
2446	1885	2264
2292	3200	2755
2595	2212	2211
2629	2391	2390
2605	2390	2215
2445	1887	2093
2445	2267	1887
2360	2180	2179
2362	2363	2182
2439	2093	1888
2439	1888	2256
2278	1889	2271
2278	2094	1889
2509	2331	2330
2505	2326	2504
2348	2167	2166
2531	2353	2432
2284	2084	2242
2284	2242	2411
2444	2091	1883
2444	1883	2266
2347	2165	2164
2430	2165	2347
2280	2037	2227
2632	2311	2608
2388	2210	2209
3195	3308	2482
2354	2355	2174
2531	2432	2352
2316	2317	2133
2496	2317	2316
2605	2215	2214
2758	2605	2635
2349	2167	2348
2349	2168	2167
2287	2087	2240
2576	2409	2410
2596	2126	2125
2403	2402	2232
2296	2106	2105
2429	2105	2252
2301	2302	2112
2771	2610	2591
2377	2197	2196
2377	2378	2197
2323	2141	2140
2324	2142	2141
2941	2777	2711
2435	2262	2080
2309	2121	2120
3008	3302	2779
2302	2113	2112
2302	2303	2113
2336	2154	2153
2673	2515	2672
2409	2240	2241
2409	2241	2410
2748	2469	2283
2938	2717	2854
2321	2139	2138
2321	2322	2139
2756	2404	2572
2596	2571	2402
2627	2246	2415
2582	2443	2453
2553	2375	2374
2324	2141	2323
2625	2404	3310
3310	2403	2232
2343	2344	2161
2357	2358	2177
2313	2130	2129
2289	2239	2089
2552	2374	2373
2373	2192	2372
2352	2170	2351
3257	2255	2274
2430	2166	2254
2526	2348	2430
2336	2337	2154
2338	2156	2155
2610	2223	2450
2485	2297	2484
2315	2132	2131
2315	2131	2314
2280	2268	2037
2280	2410	2268
2433	2421	2261
2433	2075	2086
2422	2256	2249
2422	2439	2256
2427	2030	2222
3279	2031	1828
2395	2220	2394
2305	2116	2304
2310	2121	2309
2632	2608	2761
3259	2252	2273
3259	2226	2429
2299	2108	2298
2489	2488	2301
2447	2115	1914
2447	1914	2276
2493	2307	2306
2491	2305	2304
2398	2225	2224
2399	2225	2398
2609	2449	2200
2499	2321	2320
2516	2337	2515
2818	2679	2678
2616	2210	2388
2480	2616	2481
2331	2148	2330
2547	2369	2368
2412	2243	2270
2412	2270	2279
2311	2124	2123
3209	2229	2401
2360	2179	2359
2689	2540	2539
2628	2387	2386
2385	2205	2384
2332	2333	2150
2368	2369	2188
2379	2199	2198
2379	2198	2378
2502	2323	2501
2553	2374	2552
2441	2090	1882
2441	1882	2259
2614	2125	2124
3197	2402	2571
2310	2122	2121
2308	2119	2307
3180	3308	2102
3195	2482	2295
2486	2299	2298
3196	2568	2567
2621	2424	2250
2778	2713	2629
2393	2219	2218
2392	2393	2218
2546	2368	2367
2510	2332	2331
2631	2314	2313
2475	2289	2288
3260	2165	2430
3260	2254	2275
2432	2172	2255
2432	2353	2172
2512	2334	2333
2513	2335	2334
2712	2564	2563
2630	2308	2494
2655	2497	2496
2611	2448	2136
2399	2226	2225
2398	2224	2397
2345	2163	2162
2345	2346	2163
2308	2120	2119
2308	2309	2120
2416	2264	2246
2416	2446	2264
2420	2257	2440
2454	2453	2090
2437	1913	2114
2437	2276	1913
2534	2356	2355
2523	2345	2344
2354	2174	2173
2354	2173	2353
2394	2219	2393
2604	2114	2303
2593	2437	2604
2492	2493	2306
2340	2158	2157
2341	2158	2340
2338	2155	2337
2517	2338	2516
3299	3190	2913
2464	2237	2281
2368	2188	2187
2368	2187	2367
2424	2263	2250
2424	2436	2263
2373	2193	2192
2373	2374	2193
2352	2171	2170
2352	2432	2171
2364	2183	2363
2515	2337	2336
2371	2372	2191
2329	2330	2147
3179	2451	3275
3275	2571	2570
2547	2368	2546
2953	2810	2809
2414	2244	2245
2413	2244	2414
2418	2247	2265
2418	2265	2443
3278	2007	2449
3278	2008	1805
2448	1936	2136
2448	2277	1936
2382	2203	2202
2382	2383	2203
3258	2253	2272
3258	2110	2431
2471	2472	2284
2589	2425	2435
2381	2202	2201
2381	2382	2202
3238	2477	2478
2762	2389	2615
2332	2150	2149
2332	2149	2331
2566	2396	2395
2395	2396	2221
2316	2133	2132
2316	2132	2315
2329	2147	2146
2329	2146	2328
2343	2161	2160
2343	2160	2342
2637	2636	2453
2457	2440	2092
2598	2434	2583
2747	2285	2472
2483	2296	2429
2567	2398	2397
2425	2251	2262
2620	2426	2251
2609	2200	2380
2611	2136	2319
2606	2209	2208
2387	2207	2386
2357	2177	2176
2357	2176	2356
2318	2135	2134
2318	2134	2317
2622	2098	2292
3204	2730	2767
2681	2727	2524
2529	2351	2350
2339	2340	2157
2361	2362	2181
2614	2571	2125
3237	2569	2401
2326	2144	2143
2326	2143	2325
2281	2049	2269
2281	2237	2049
2371	2191	2190
2371	2190	2370
2539	2361	2360
2513	2514	2335
2613	2127	2126
3236	2573	3305
2612	2304	2115
2483	2429	2399
2728	2485	2484
2752	2303	2490
2907	2854	2894
2392	2217	2391
2597	2086	2286
2630	2309	2308
3194	2290	2477
2615	2213	2212
2780	2654	2631
2476	2289	2475
2364	2184	2183
2364	2365	2184
2361	2181	2180
2361	2180	2360
2375	2195	2194
2751	2320	2603
2380	2200	2199
2380	2199	2379
2285	2085	2084
2285	2084	2284
2339	2157	2156
2339	2156	2338
2375	2376	2195
2375	2194	2374
2524	2525	2346
2526	2430	2347
2385	2206	2205
2385	2386	2206
2312	2128	2127
3236	2574	2573
2413	2271	2244
2413	2278	2271
2408	2281	2269
2575	2408	2407
2592	2428	2449
2603	2320	2137
2417	2266	2247
2417	2444	2266
2617	2293	2294
2293	2099	2292
2288	2089	2088
2288	2289	2089
2492	2306	2305
2565	2566	2395
2282	2245	2082
2282	2414	2245
3206	2095	2291
3194	2291	2095
2503	2504	2325
2554	2376	2375
2408	2269	2238
2408	2238	2407
2341	2159	2158
2341	2342	2159
2236	3193	3207
2405	3207	3193
2630	2310	2309
2563	2393	2392
3063	3024	3304
2737	2742	2618
2758	2629	2390
2564	2393	2563
2984	2715	2852
2651	2494	2493
2544	2366	2365
2509	2510	2331
2787	2646	2645
2586	2459	2439
2461	2094	2278
3253	2730	2290
3205	2763	2978
3300	2911	3191
3232	2888	3229
3256	2732	2406
2614	2124	2311
2228	3209	3192
2765	2569	2614
3255	2731	2463
2590	2441	2426
2643	2457	2642
3238	2291	2477
2755	2212	2595
2513	2334	2512
2511	2512	2333
2498	2319	2318
2760	2631	2313
3223	2469	2896
2718	2600	2588
2533	2534	2355
2892	2533	2532
2705	2706	2556
2508	2330	2329
2526	2527	2348
2527	2349	2348
2743	2424	2621
2739	2743	2621
2519	2520	2341
2540	2541	2362
2694	2545	2544
2672	2514	2671
3254	2729	2462
2462	2279	2104
2523	2344	2522
2528	2349	2527
2594	2603	2438
2611	2594	2448
2550	2372	2371
2549	2371	2370
2699	2550	2549
2507	2329	2328
2540	2361	2539
2672	2515	2514
2601	2201	2428
2601	2381	2201
2920	2881	2864
2735	2415	2579
2615	2389	2213
3308	3195	3208
2481	2616	2482
2769	2464	2468
3232	2468	2575
2538	2360	2359
2537	2358	2536
3198	2572	2404
2756	2126	2596
2551	2373	2372
2551	2552	2373
2550	2371	2549
2550	2551	2372
2610	2397	2223
2753	2720	2602
2467	2410	2280
3233	2576	2467
2463	2280	2227
2463	2467	2280
2625	2233	3198
2404	2403	3310
2742	2422	2618
3243	3001	2919
2607	2129	2128
2607	2313	2129
3241	2465	2578
2469	2470	2282
2762	2615	2477
2615	2478	2477
2734	2626	2418
2870	2864	2741
2684	2535	2534
2681	2524	2523
2658	2500	2657
2770	2592	2609
2740	2620	2744
2638	2454	2590
2541	2363	2362
2541	2542	2363
2594	2438	2448
2899	2725	2860
2536	2358	2357
2535	2357	2356
2644	2458	2580
2861	2883	2733
2520	2342	2341
2520	2521	2342
2755	2479	2212
2479	2755	3200
2891	2721	2592
2500	2501	2322
2537	2359	2358
2538	2359	2537
2484	2297	2296
2483	2484	2296
2670	2513	2512
2545	2546	2367
2658	2659	2501
2665	2508	2507
2466	2412	2279
2466	2279	2462
2525	2527	2526
2683	2534	2533
2458	2092	2446
2458	2457	2092
2525	2347	2346
2525	2526	2347
2501	2323	2322
2502	2503	2324
2502	2324	2323
2503	2325	2324
2882	2582	2636
2749	2288	2598
2488	2302	2301
2487	2488	2489
2678	2521	2520
2686	2537	2536
2556	2378	2377
2557	2378	2556
2480	2211	2616
2480	2595	2211
2492	2305	2491
2898	2723	2593
2626	2247	2418
2626	2417	2247
2465	2461	2278
2635	2389	2762
2617	2099	2293
2617	2294	2623
2524	2346	2345
2524	2345	2523
2553	2554	2375
2704	2555	2554
2568	2398	2567
2648	2486	2485
2771	2397	2610
2771	2567	2397
2599	2085	2285
2606	2208	2387
2943	2779	2652
2715	2566	2565
2662	2663	2505
2703	2554	2553
2473	2286	2287
3231	2894	2473
3085	3010	3059
2786	2642	2785
2577	2411	2412
3242	2577	2466
2474	2287	2409
2474	2409	2576
2580	2446	2416
2580	2458	2446
2489	2431	2300
2489	2301	2431
2487	2299	2486
2757	2488	2487
2645	2459	2586
2460	2579	2445
2545	2367	2366
2545	2366	2544
2470	2414	2282
2470	2578	2414
2602	2222	2396
2602	2427	2222
2624	2232	2402
3197	2231	2402
2666	2508	2665
2548	2549	2370
2586	2439	2422
3084	3058	3009
3236	3178	2405
2613	2312	2127
2514	2336	2335
2514	2515	2336
2479	2478	2615
2479	2615	2212
2532	2533	2354
2726	2530	2529
2584	2420	2440
2584	2440	2457
2600	2283	2083
2600	2083	2436
2710	2562	2561
2653	2495	2654
2709	2561	2560
2754	2381	2601
2497	2318	2317
2497	2498	2318
2506	2328	2327
2506	2507	2328
2613	2573	2574
3276	2773	2888
2494	2308	2307
2494	2307	2493
2455	2091	2444
2455	2456	2091
3199	2294	2480
2480	2294	2595
2757	2490	2488
2757	2487	2486
2568	2399	2398
2568	2483	2399
2619	2419	2248
2619	2248	2420
2530	2532	2531
2530	2351	2529
3200	2292	2098
2622	2292	2099
2454	2090	2441
2454	2441	2590
2599	2435	2085
2599	2589	2435
2561	2384	2383
2561	2562	2384
2731	2400	2569
2765	2614	2311
2598	2088	2434
2598	2288	2088
2495	2316	2315
2495	2496	2316
2519	2340	2518
2676	2519	2518
3310	2232	2043
2717	2585	2597
2743	2588	2424
2564	2394	2393
2564	2565	2394
3275	2451	2571
2570	2571	2614
2631	2315	2314
2631	2495	2315
2749	2475	2288
2853	2749	2716
3274	2774	2886
2578	3274	3241
2543	2365	2364
2543	2364	2542
2516	2338	2337
2691	2542	2541
2608	2123	2122
2608	2122	2310
2754	2559	2381
2709	2710	2561
2485	2298	2297
2485	2486	2298
2640	2455	2581
2935	2884	2917
2593	2447	2437
2722	2593	2604
2828	2689	2688
2517	2339	2338
2721	2754	2601
2873	2860	2745
2472	2285	2284
3273	2471	2577
2659	2502	2501
2555	2376	2554
2817	2818	2678
2683	2684	2534
2701	2552	2551
2663	2506	2505
2948	2829	2828
2519	2341	2340
2858	2754	2721
2899	2724	2594
2468	2281	2408
2468	2464	2281
2693	2544	2543
2670	2671	2513
2872	2590	2740
2879	2589	2719
2588	2436	2424
2588	2600	2436
3193	2406	2574
3236	2405	2574
2593	2612	2447
2898	2593	2722
2797	2658	2657
2707	2557	2706
2490	2303	2302
2490	2302	2488
3237	2570	2569
2569	2570	2614
2511	2333	2332
2511	2332	2510
2791	2650	2649
2720	2591	2602
2713	2563	2629
2761	2310	2630
2487	2300	2299
2487	2489	2300
2532	2354	2353
2532	2353	2531
2530	2352	2351
2530	2531	2352
2688	2538	2687
2960	2814	2813
2560	2383	2382
2560	2561	2383
2471	2284	2411
2471	2411	2577
2508	2509	2330
2697	2548	2547
2568	2484	2483
3196	2789	2728
2813	2814	2674
2677	2519	2676
3199	2100	2294
2613	2126	2572
2613	2572	2573
2559	2382	2381
2559	2560	2382
2548	2370	2369
2548	2369	2547
2657	2500	2499
2500	2321	2499
2460	2445	2093
2460	2093	2459
2476	2407	2289
2476	2575	2407
2807	2668	2667
2664	2506	2663
2700	2701	2551
2801	2662	2661
2779	2761	2630
2712	2563	2713
2585	2421	2433
2585	2433	2597
2727	2525	2524
2892	2683	2533
2658	2501	2500
2706	2557	2556
2581	2444	2417
2581	2455	2444
2767	2461	2465
3241	2886	3218
2759	2387	2628
3242	2766	3219
2653	2655	2496
2656	2498	2497
2968	2922	2871
2659	2660	2502
2704	2554	2703
2928	2873	2656
2709	2560	2708
3255	2400	2731
2765	2311	2632
2849	2711	2710
3303	3222	2775
2821	2682	2893
2893	2528	2527
2949	2962	2832
2685	2535	2684
3304	2774	3223
2878	2743	2865
2753	2602	2396
2648	2485	2728
2634	2606	2759
3263	2925	2999
2746	2491	2304
2746	2304	2612
2641	2587	2456
2922	2865	2871
2700	2551	2550
2667	2668	2510
2748	2283	2600
2748	2600	2718
2712	2714	2564
2792	2793	2651
2695	2546	2545
2695	2696	2546
3253	2461	2730
3204	2767	3218
2673	2516	2515
2693	2694	2544
2700	2550	2699
2954	2802	2952
2721	2601	2592
2724	2603	2594
2711	2562	2710
3067	3117	2904
2732	2574	2406
3203	2769	3229
3021	3296	2635
3063	3304	2908
3256	2464	2732
3203	2732	2769
2891	2592	2770
2877	2770	2558
2856	2719	2747
2909	2856	2897
2756	2403	2404
2756	2596	2403
2764	2312	2613
2764	2613	2574
2850	2851	2712
2791	2792	2650
2682	2529	2528
2893	2682	2528
2714	2565	2564
2714	2715	2565
2886	3241	3274
2778	2629	2758
2984	2875	2715
2971	2890	2720
2822	2726	2682
2964	2819	2818
2890	2771	2591
3196	2567	2776
2660	2503	2502
2801	2802	2662
2973	2657	2499
2656	2497	2655
2738	2419	2619
2738	2583	2419
2839	2840	2700
2702	2703	2553
3016	2927	2850
2871	2865	2739
2692	2693	2543
2947	2826	2825
2826	2687	2686
2955	2820	2819
2679	2680	2522
2817	2678	2677
2739	2621	2423
2739	2423	2587
2757	2486	2648
2890	2591	2720
3277	2772	3231
3233	2467	2768
2982	2822	2821
2682	2726	2529
3035	2905	2981
2722	2604	2752
2860	2725	2745
2899	2594	2725
2650	2493	2492
2650	2651	2493
2410	2467	2576
2635	2605	2389
3084	3009	2988
2707	2558	2557
2846	2707	2706
2884	2644	2580
2884	2580	2736
2861	2733	2734
2925	2866	2924
2677	2520	2519
2677	2678	2520
2729	2295	2482
3219	2766	3205
2812	2673	2672
2690	2691	2541
2643	2584	2457
2864	2881	2738
2736	2416	2627
2736	2580	2416
2810	2671	2670
2832	2693	2692
3028	2851	2927
2857	2753	2875
2759	2606	2387
2777	2759	2628
2705	2556	2555
2705	2555	2704
2784	2639	2640
2639	2455	2640
2805	2665	2804
2698	2699	2549
2666	2509	2508
2838	2699	2698
2680	2523	2522
2680	2681	2523
2816	2677	2676
2815	2676	2675
2747	2599	2285
2747	2719	2599
2942	2850	2713
2733	2581	2417
2869	2742	2863
3009	2942	2778
2927	2851	2850
2793	2652	2651
2744	2425	2589
2744	2620	2425
2636	2582	2453
2967	2872	2925
2779	2630	2652
2758	2390	2605
2831	2832	2692
2833	2694	2693
2750	2286	2473
3020	2976	2632
2646	2460	2459
2646	2459	2645
2692	2543	2542
2692	2542	2691
2809	2810	2670
2808	2668	2807
2804	2665	2664
2839	2700	2699
2892	2726	2822
2822	2682	2821
2652	2630	2494
2652	2494	2651
2770	2609	2380
2770	2380	2558
2633	2760	2607
3019	2633	2975
2730	2477	2290
2730	2762	2477
3254	2295	2729
2729	3205	2462
2908	2896	2855
2854	2717	2750
2741	2420	2584
2741	2619	2420
2733	2417	2626
2733	2626	2734
2867	2722	2752
2905	2789	2776
2763	2616	2388
2763	2482	2616
2949	2812	2811
2949	2811	2962
2685	2536	2535
2685	2686	2536
2847	2709	2708
2794	2653	2654
2745	2319	2498
2745	2611	2319
2751	2603	2724
2751	2499	2320
2973	2499	2751
2900	2797	2657
2725	2594	2611
2725	2611	2745
2642	2457	2458
2642	2458	2644
2974	2757	2790
2931	2722	2867
2750	2597	2286
2750	2717	2597
2735	2627	2415
2735	2736	2627
2664	2507	2506
2664	2665	2507
2702	2553	2552
2702	2552	2701
2863	2742	2737
2880	2863	2737
2740	2590	2426
2740	2426	2620
2755	2293	2292
2755	2595	2293
2777	2628	2711
2780	2631	2760
2698	2549	2548
2698	2548	2697
2814	2675	2674
2675	2676	2518
2768	2467	2463
3306	2765	2976
2687	2538	2537
2687	2537	2686
2842	2703	2702
2802	2663	2662
2633	2607	2312
2633	2312	2764
2939	2718	2878
2896	2469	2748
2877	2558	2707
3221	3018	3015
2723	2612	2593
2723	2746	2612
2674	2517	2516
2674	2516	2673
2944	2654	2780
2937	2716	2881
2737	2618	2421
2737	2421	2585
2844	2705	2704
2946	2798	2979
2837	2698	2697
2838	2839	2699
2639	2456	2455
2639	2641	2456
2690	2541	2540
2690	2540	2689
2679	2522	2521
2679	2521	2678
2696	2547	2546
2696	2697	2547
2840	2701	2700
2800	2661	2660
2661	2504	2503
2661	2503	2660
2634	2388	2606
2634	2763	2388
2669	2511	2668
2834	2835	2695
2669	2512	2511
2669	2670	2512
2716	2598	2583
2716	2749	2598
2688	2539	2538
2688	2689	2539
2848	2710	2709
2941	2711	2849
2662	2505	2504
2662	2504	2661
2637	2453	2454
2637	2454	2638
2675	2518	2517
2675	2517	2674
2667	2510	2509
2667	2509	2666
2845	2846	2706
3018	2868	2930
2647	2579	2460
2647	2460	2646
2649	2492	2491
2649	2650	2492
3080	3302	2985
3067	2904	2787
2940	2879	2719
2786	2643	2642
2873	2498	2656
2873	2745	2498
2841	2701	2840
2838	2698	2837
2817	2677	2816
2825	2686	2685
2852	2715	2714
2792	2651	2650
3062	3303	3025
2879	2744	2589
3219	3205	2978
2978	2763	2634
2820	2681	2680
2947	2957	2826
2841	2702	2701
2841	2842	2702
2930	2899	2913
2913	2899	2860
2885	2735	2579
2885	2579	2647
2866	2872	2740
3066	2969	2786
2951	2838	2837
2951	2806	2805
2959	2801	2800
2952	2842	2841
2861	2734	2882
2933	2914	2882
2876	2559	2754
2876	2708	2559
2893	2527	2525
2893	2525	2727
3215	3052	3077
3017	2926	2794
2972	2858	2721
2972	2721	2891
2809	2670	2669
2833	2693	2832
2979	2846	2845
2952	2802	2801
2944	2794	2654
2983	2847	2708
2815	2675	2814
2815	2816	2676
2835	2696	2695
2965	2836	2835
2821	2727	2681
2821	2893	2727
2803	2663	2802
2958	2805	2804
2881	2583	2738
2881	2716	2583
2956	2835	2834
2965	2808	2807
2800	2801	2661
2798	2658	2797
3060	3295	3034
2874	2491	2746
2874	2649	2491
2962	2833	2832
2811	2671	2810
2938	2880	2717
2974	2790	2867
2974	2490	2757
2981	2776	2771
2776	2567	2771
2928	2656	2796
2876	2754	2858
2982	2823	2822
2947	2818	2817
2875	2566	2715
2875	2753	2566
2824	2684	2823
2820	2821	2681
2929	2649	2874
2984	2857	2875
2798	2659	2658
2932	2707	2846
2883	2640	2581
2883	2581	2733
2940	2719	2856
3059	3010	2941
2790	2757	2648
3196	2776	2789
2823	2684	2683
2823	2683	2822
2831	2692	2691
2949	2832	2831
2781	2636	2637
3022	2978	2634
2836	2696	2835
2953	2834	2833
2976	2765	2632
3034	2889	2976
3058	2942	3009
2970	3067	2787
2808	2669	2668
2808	2809	2669
2937	2853	2716
3230	2475	2895
2795	2796	2655
2848	2849	2710
2866	2740	2744
2866	2744	2879
2826	2686	2825
2957	2817	2816
2862	2884	2736
3014	2993	2936
2902	2783	2784
3065	2783	2902
2834	2695	2694
2834	2694	2833
2851	2714	2712
2851	2852	2714
2960	2830	2829
2961	2831	2830
2868	2751	2724
2973	2751	2868
2803	2664	2663
2803	2804	2664
3058	2943	3016
2927	2793	2792
2931	2911	2898
2981	2771	2890
2830	2691	2690
2830	2831	2691
2843	2703	2842
2945	2844	2843
2914	2861	2882
2882	2734	2582
2956	2809	2808
2953	2962	2810
2795	2653	2794
3299	2860	2912
2795	2655	2653
3027	2847	3006
2788	2647	2646
2788	2646	2787
3065	2968	2783
2865	2743	2739
2845	2706	2705
2845	2705	2844
2963	2840	2839
2954	2841	2840
2915	2934	2883
2917	2862	2916
2824	2685	2684
2824	2825	2685
2857	2720	2753
2859	2723	2898
2895	2475	2749
2895	2749	2853
3301	2760	2633
2969	2921	2870
2843	2704	2703
2843	2844	2704
2878	2588	2743
2878	2718	2588
3016	2850	2942
3293	2863	2918
2836	2697	2696
2836	2837	2697
2870	2741	2584
2870	2584	2643
2805	2666	2665
2958	2839	2838
2942	2713	2778
2943	2652	2793
3218	2886	2977
2977	2635	2762
2912	2860	2873
3006	2928	2796
2811	2672	2671
2811	2812	2672
2932	2877	2707
2900	2657	2973
2862	2736	2735
3113	3043	3060
2892	2532	2530
2892	2530	2726
2859	2746	2723
2859	2874	2746
2782	2637	2638
2782	2781	2637
2925	2872	2866
3017	2849	2926
2871	2739	2587
2871	2587	2641
2894	2750	2473
2894	2854	2750
2813	2674	2673
2813	2673	2812
2960	2829	2948
2829	2830	2690
2829	2690	2689
2829	2689	2828
2848	2709	2847
2926	2795	2794
2950	2807	2806
2806	2666	2805
2799	2800	2660
2945	2800	2799
2819	2679	2818
2982	2821	2820
2799	2660	2659
2799	2659	2798
2869	2645	2586
2869	2586	2742
2897	2747	2472
2897	2856	2747
2783	2641	2639
2783	2639	2784
3017	2941	2849
2926	2849	2848
3220	2797	2900
2979	2798	2797
2954	2952	2841
2954	2803	2802
2819	2680	2679
2819	2820	2680
2806	2667	2666
2806	2807	2667
2903	2786	2785
3240	3145	3166
3035	2981	2890
2931	2898	2722
2827	2828	2688
2947	2817	2957
2880	2585	2717
2880	2737	2585
2827	2688	2687
2827	2687	2826
2929	2874	2910
3028	2852	2851
2789	2648	2728
2789	2790	2648
2966	2828	2827
2948	2815	2814
2855	2748	2718
2855	2896	2748
3229	2888	2975
2975	2633	2764
3087	2985	3008
3068	3001	3050
2939	2855	2718
3030	2908	2855
2930	2724	2899
2930	2868	2724
2901	2781	2782
2937	2881	2920
3027	3006	2796
3027	2796	2795
2911	2859	2898
2910	2874	2859
3028	2792	2791
3005	2984	2852
2983	2876	2858
2912	2873	2928
2940	2924	2879
2924	2866	2879
2917	2884	2862
2992	2934	2915
2929	2791	2649
2971	2720	2857
2963	2804	2803
2951	2805	2958
2990	2933	3012
3012	2781	2901
2958	2804	2963
2958	2963	2839
2945	2946	2844
2959	2843	2842
2889	3034	2772
3302	2761	2779
2985	3302	3008
3064	2901	2782
2967	3064	2782
3062	3025	3022
3004	2967	2925
3023	2931	2867
2905	2790	2789
2950	2837	2836
2951	2958	2838
2904	2788	2787
3009	2778	3296
2905	2776	2981
3023	2867	2790
3187	2999	2924
3038	3012	2901
2957	2827	2826
2966	2816	2815
3191	2971	3036
3235	3005	2929
3018	3221	2868
2900	2973	2868
3066	2786	2903
3083	3297	2987
2921	2864	2870
3294	2997	2920
3235	2910	3036
3036	2971	2857
2955	2824	2823
2964	2825	2824
2918	2863	2880
2938	2918	2880
2948	2828	2966
2948	2966	2815
2960	2948	2814
2961	2813	2812
3306	2889	3233
3233	2768	3306
2983	2708	2876
3234	3037	2912
3218	2767	3241
3063	3021	3024
3006	2847	2983
3027	2795	2926
2923	2865	2922
2998	2923	2922
2964	2824	2955
2964	2955	2819
2936	2885	2647
2936	2647	2788
2951	2837	2950
2951	2950	2806
2974	2752	2490
2974	2867	2752
2965	2807	2950
2965	2950	2836
2906	2895	2853
3066	3002	2969
3017	2794	2944
3059	2944	3007
3015	2877	2932
3026	2980	3015
3296	2758	2635
2992	3011	2934
2945	2799	2946
2946	2799	2798
2980	2891	2770
2980	2770	2877
2916	2862	2885
2916	2885	2936
3033	3019	2975
3007	2780	3301
3300	2859	2911
3035	2890	2971
3010	3297	2777
3297	2759	2777
2952	2801	2959
2952	2959	2842
3028	2927	2792
3235	2929	2910
2946	2845	2844
2946	2979	2845
2956	2808	2965
2956	2965	2835
2991	2914	2990
2994	2917	2916
2982	2820	2955
2982	2955	2823
3080	3020	3302
3295	2907	2894
2970	2787	2645
2970	2645	2869
3154	3104	3133
2990	2914	2933
2967	2638	2872
2967	2782	2638
2960	2813	2961
2960	2961	2830
2945	2843	2959
2945	2959	2800
3012	2933	2781
3013	2903	2785
3234	2983	2858
3037	2858	2972
2923	2878	2865
2923	2939	2878
3007	2944	2780
3185	3215	3053
3032	2938	2854
3293	2918	2996
2969	2643	2786
2969	2870	2643
2934	2784	2640
2934	2640	2883
3019	3301	2633
2919	2869	2863
2919	2970	2869
3058	3016	2942
3008	2779	2943
3190	2989	2913
3015	2980	2877
2954	2840	2963
2954	2963	2803
2957	2816	2966
2957	2966	2827
3303	2897	3222
3300	3191	3036
3221	3015	2932
3220	2932	2846
3215	3077	3217
3301	2780	2760
2953	2833	2962
2962	2811	2810
2949	2831	2961
2949	2961	2812
3082	3296	3021
2968	2871	2641
2968	2641	2783
2947	2825	2964
2947	2964	2818
3033	2975	2888
3081	3301	3019
2935	2785	2644
2935	2644	2884
2953	2809	2956
2953	2956	2834
2915	2883	2861
2915	2861	2914
2933	2636	2781
2933	2882	2636
3299	3037	3190
3061	3033	3298
3002	2921	2969
3040	3116	2903
3132	3088	3105
3013	2785	2935
3005	2852	3028
3235	2984	3005
3042	3031	3053
3061	3298	2906
3184	3032	3051
3032	2854	2907
3184	2996	2918
3214	3050	2996
3298	2895	2906
3298	2773	3230
3185	2920	2997
3185	3053	3031
3234	2858	3037
3234	3006	2983
3296	2778	2758
3228	2998	3264
2993	2916	2936
2993	2994	2916
3016	2793	2927
3016	2943	2793
3021	2977	3024
3030	2855	2939
3295	3231	2772
3295	2894	3231
3000	2931	3023
3023	2790	2905
3186	3228	3055
3186	2923	2998
3059	3017	2944
3059	2941	3017
2995	2935	2917
2995	2917	2994
3011	2902	2784
3011	2784	2934
3029	2856	2909
3029	2940	2856
3024	2977	2886
3021	2635	2977
3024	2886	2774
3304	3024	2774
3264	2922	3003
3039	3115	2902
3227	3056	3263
3083	3022	3297
3000	2911	2931
3191	2911	3000
3014	2936	2788
3014	2788	2904
2995	3013	2935
3049	3013	2995
3065	3003	2968
3043	3051	3032
3003	2922	2968
3264	2998	2922
3001	2970	2919
3293	2919	2863
3299	2913	2860
3299	2912	3037
3300	3036	2910
3300	2910	2859
3221	2900	2868
2989	3026	3018
3040	3013	3049
3047	3011	2992
3025	2775	2887
3025	2887	2978
3227	3079	3056
3040	2903	3013
2999	2925	2924
3263	3004	2925
3026	2891	2980
3026	2972	2891
3303	2909	2897
3062	2909	3303
3022	3025	2978
3022	2634	3297
3031	2853	2937
3031	2906	2853
3081	2986	3301
2986	3007	3301
3000	2905	3035
3000	3023	2905
3058	3008	2943
3082	2988	3296
3010	2777	2941
3010	2987	3297
3020	3034	2976
3020	2632	3302
3190	3037	2972
3015	3018	3026
2989	2930	2913
2989	3018	2930
3214	3051	3216
3039	2902	3011
3244	3052	2997
3244	2921	3002
3214	3076	3050
3302	2632	2761
3187	3029	3057
3297	2634	2759
3005	2791	2929
3005	3028	2791
3027	2848	2847
3027	2926	2848
2991	2915	2914
2991	2992	2915
3168	3097	2988
3044	3030	3055
3139	3079	3057
3244	3002	3052
3085	2987	3010
3083	3062	3022
3100	3078	3054
3067	2970	3001
3110	3045	3062
3045	2909	3062
3088	2990	3046
3143	3101	3125
3064	3114	2901
3064	2967	3004
3048	2993	3014
3041	2904	3117
3104	3047	3089
3102	3084	3097
3046	2990	3012
3046	3012	3038
3042	3061	2906
3042	2906	3031
3061	3019	3033
3298	3033	2773
3087	3008	3058
3087	3058	3084
3186	3055	3030
3186	2998	3228
3156	3131	3107
3047	3039	3011
3043	3032	2907
3043	2907	3060
3065	2902	3115
3070	3054	3003
3044	2908	3030
3074	3040	3049
3103	3096	3085
3071	3064	3004
3071	3004	3056
3063	2908	3044
3140	3138	3078
3086	3007	2986
3085	3059	3086
3060	2907	3295
3060	3034	3020
2988	3009	3296
3082	3021	3063
3106	3074	3049
3075	3048	3041
3041	3014	2904
3041	3048	3014
3217	3042	3053
3072	3046	3038
3112	3061	3042
3081	3019	3061
3069	3002	3066
3069	3052	3002
3092	3080	2985
3080	3060	3020
3045	3029	2909
3045	3057	3029
3090	2995	2994
3090	3049	2995
3089	2992	2991
3089	3047	2992
3228	3078	3055
3117	3075	3041
3105	3088	3046
3086	3059	3007
3094	2986	3081
3094	3202	2986
3154	3119	3104
3111	3044	3138
3113	3216	3043
3122	3098	3076
3093	3201	2985
3068	3067	3001
3088	2991	2990
3104	3073	3047
3038	2901	3114
3114	3072	3038
3091	2994	2993
3091	2993	3048
3110	3062	3083
3057	3045	3139
3106	3049	3090
3105	3046	3072
3107	3048	3075
3117	3067	3068
3172	3157	3159
3116	3040	3074
3115	3039	3073
3070	3003	3065
3073	3039	3047
3107	3091	3048
3115	3070	3065
3097	3084	2988
3095	3086	2986
3123	3077	3099
3124	3078	3100
3093	2985	3087
3131	3108	3091
3125	3101	3079
3099	3069	3116
3135	3116	3074
3114	3064	3071
3103	3085	3086
3102	3087	3084
3100	3054	3070
3156	3107	3121
3123	3094	3077
3111	3063	3044
3111	3082	3063
3098	3117	3068
3183	3098	3122
3101	3071	3056
3101	3056	3079
3129	3102	3097
3093	3087	3102
3096	2987	3085
3167	2987	3096
3098	3050	3076
3098	3068	3050
3066	2903	3116
3116	3069	3066
3136	3114	3101
3095	3103	3086
3113	3060	3080
3113	3080	3092
3112	3081	3061
3112	3094	3081
3216	3076	3214
3216	3051	3043
3133	3104	3089
3131	3091	3107
3108	3090	2994
3108	2994	3091
3168	3152	3097
3201	3122	3092
3133	3089	3109
3240	3166	3152
3114	3071	3101
3136	3072	3114
3120	3135	3074
3118	3105	3072
3155	3105	3118
3118	3072	3136
3141	3125	3079
3139	3141	3079
3142	3100	3137
3115	3100	3070
3177	3132	3155
3129	3126	3102
3109	3089	2991
3109	2991	3088
3217	3053	3215
3217	3112	3042
3099	3052	3069
3099	3077	3052
3182	3099	3135
3132	3109	3088
3120	3074	3106
3159	3130	3108
3055	3138	3044
3140	3078	3124
3146	3135	3120
3288	3311	3150
3137	3100	3115
3137	3115	3073
3151	3093	3126
3161	3121	3147
3121	3107	3075
3126	3093	3102
3202	3094	3123
3127	3128	3103
3141	3083	2987
3239	3144	3143
3130	3106	3090
3130	3090	3108
3183	3134	3098
3161	3156	3121
3128	3096	3103
3153	3096	3128
3134	3075	3117
3134	3121	3075
3127	3103	3095
3149	3128	3127
3182	3169	3123
3160	3146	3120
3143	3136	3101
3239	3165	3144
3083	3141	3110
3139	3110	3141
3147	3121	3134
3160	3120	3157
3189	3175	3311
3148	3126	3129
3157	3130	3159
3159	3108	3131
3227	3057	3079
3110	3139	3045
3140	2988	3082
3140	3168	2988
3119	3073	3104
3119	3137	3073
3166	3129	3152
3142	3124	3100
3138	3140	3111
3082	3111	3140
3201	3093	3151
3092	2985	3201
3240	3142	3145
3152	3129	3097
3280	3148	3175
3155	3132	3105
3164	3151	3126
3156	3159	3131
3176	3133	3158
3177	3173	3171
3144	3118	3136
3177	3155	3163
3157	3120	3106
3157	3106	3130
3287	3151	3164
3092	3122	3076
3176	3171	3174
3144	3136	3143
3158	3133	3109
3158	3109	3132
3162	3119	3154
3166	3148	3129
3288	3160	3311
3150	3127	3095
3202	3150	3095
3095	2986	3202
3163	3118	3144
3174	3148	3166
3165	3128	3149
3163	3155	3118
3167	3096	3153
3167	3141	2987
3145	3137	3119
3145	3142	3137
3189	3160	3157
3164	3126	3148
3182	3135	3146
3169	3182	3146
3162	3145	3119
3162	3166	3145
3165	3153	3128
3173	3163	3165
3173	3165	3149
3177	3163	3173
3172	3159	3156
3188	3175	3172
3168	3140	3124
3168	3124	3152
3311	3127	3150
3311	3149	3127
3167	3125	3141
3167	3153	3125
3189	3311	3160
3288	3146	3160
3239	3153	3165
3165	3163	3144
3175	3148	3149
3117	3098	3134
3183	3147	3134
3176	3174	3162
3176	3162	3154
3287	3164	3161
3287	3161	3147
3173	3149	3148
3174	3166	3162
3174	3171	3173
3174	3173	3148
3280	3161	3164
3280	3164	3148
3313	1686	1685
3252	3313	1685
3252	1893	2617
3252	2617	2623
3222	2472	2471
3222	2471	3273
3268	1848	2049
3270	3290	1648
3202	3123	3169
3202	3169	3150
2048	3268	3211
3225	1847	2048
3179	2401	2229
3275	2570	3237
3306	2976	2889
3245	3307	3281
3281	2096	1891
3287	3147	3170
3287	3170	3151
3197	2230	2231
3197	2451	2230
2464	2769	2732
3203	2764	2732
3180	2102	2101
2481	3308	3180
2887	3273	3242
3273	2887	2775
3192	2401	2569
3192	2569	2400
3312	1892	2098
3312	2098	2622
3258	1907	1906
3258	2272	1907
3189	3157	3172
3311	3175	3149
3179	3237	2401
3179	3275	3237
2236	2048	3211
3225	2048	2236
3294	2920	2864
3294	2864	2921
3204	2762	2730
2461	2767	2730
3203	2975	2764
3203	3229	2975
3204	2977	2762
3204	3218	2977
3230	2476	2475
3230	2773	3276
3224	2038	1838
3248	3284	2039
3178	2234	2235
3236	3305	3178
3207	2047	3225
3207	3225	2236
3269	1837	1638
3289	3248	1838
3298	3230	2895
2888	2773	3033
3212	1890	2094
3307	1890	2095
3283	2046	1846
3246	2047	3283
3189	3172	3175
1679	3307	3245
3245	3281	1681
3306	2768	2731
2889	3277	3233
3185	2997	3215
3215	2997	3052
3179	2229	2230
3179	2230	2451
2463	2731	2768
3306	2731	2765
3278	2428	2008
3278	2449	2428
3190	2972	3026
3190	3026	2989
3249	1843	2044
3261	1843	3249
3187	2924	2940
3187	2940	3029
3220	2846	2979
3220	2979	2797
3282	1688	1895
3247	1688	3282
3303	2775	3025
3176	3154	3133
3176	3158	3171
3209	2228	3224
3209	3224	2039
3256	2406	3211
3256	3211	2237
3292	1475	1250
3292	1250	1474
3290	1647	1442
3290	1442	1648
3262	1893	3252
3262	3252	1685
3198	3305	2572
2413	2578	2465
3241	2767	2465
2095	1890	3212
3257	1976	1975
3257	2274	1976
3254	2462	2104
2103	3208	3195
3253	2290	3212
3253	3212	2094
3263	2999	3227
3263	3056	3004
3272	1475	3292
3272	3292	1689
3217	3077	3094
3217	3094	3112
3251	1893	3262
3251	3262	1684
2481	3180	2452
3116	3135	3099
3182	3123	3099
3208	1896	2102
3226	3208	2103
3250	2042	1842
3261	3249	2043
3184	2918	2938
3184	2938	3032
3191	3035	2971
3191	3000	3035
3214	2996	3184
3214	3184	3051
3308	2481	2482
3223	2470	2469
3223	2774	3274
3243	2996	3050
3243	3050	3001
3284	2040	2229
3284	2229	2039
3293	2996	3243
3293	3243	2919
3227	2999	3187
3227	3187	3057
3264	3003	3054
3264	3054	3228
3185	2937	2920
3185	3031	2937
3183	3122	3170
3183	3170	3147
3205	2766	2462
3205	2729	2763
3188	3156	3161
3188	3172	3156
3276	2575	2476
3276	2476	3230
3198	2233	2234
3178	3305	2234
3291	1463	3271
3271	1463	1678
3234	2912	2928
3234	2928	3006
3280	3175	3188
3280	3188	3161
3307	3206	3281
3200	3309	2479
3181	2096	2291
3246	1647	3290
3246	3290	1847
3270	1848	3268
3270	3268	2048
3219	2887	3242
3219	2978	2887
3181	2291	3238
3309	2478	2479
3259	2036	2035
3259	2273	2036
3239	3143	3125
3239	3125	3153
3304	3223	2896
3304	2896	2908
3177	3158	3132
3177	3171	3158
3244	2997	3294
3244	3294	2921
3288	3150	3169
3288	3169	3146
3279	2030	2427
3279	2427	2450
3228	3054	3078
3138	3055	3078
3247	1689	3292
3247	3292	1474
3285	2041	1841
3285	1841	2042
3231	2473	2474
3231	2474	3277
2408	2575	2468
3232	2769	2468
3213	2103	3195
3213	3195	2295
3210	3192	2400
3255	2463	2227
3291	1679	3245
3291	3245	1466
1896	1689	3247
3226	1689	1896
3235	2857	2984
3235	3036	2857
3295	2772	3034
2412	2466	2577
3242	2466	2766
3201	3151	3170
3201	3170	3122
3286	1844	2045
3286	2044	1844
3254	2104	3213
3254	3213	2295
3194	2095	3212
3194	3212	2290
3196	2484	2568
3196	2728	2484
3221	2932	3220
3221	3220	2900
1838	2039	3224
3248	2039	1838
3267	1837	3269
3267	3269	2038
3266	1690	3272
3266	3272	1897
3199	2101	2100
3199	2452	2101
3210	2400	3255
3210	3255	2227
3181	2097	2096
3181	3238	3309
2576	3233	3277
3277	2889	2772
3200	2098	2097
3181	3309	2097
3261	2043	3250
3261	3250	1842
3274	2578	2470
3274	2470	3223
3216	3092	3076
3216	3113	3092
3305	2573	2572
3193	2236	3211
3193	3211	2406
3240	3124	3142
3240	3152	3124
3186	2939	2923
3186	3030	2939
3289	1838	3269
3289	3269	1638
3265	1890	3271
3265	3271	1678
3260	1967	1966
3260	2275	1967
